fold_no,mfcc0,mfcc1,mfcc2,mfcc3,mfcc4,mfcc5,mfcc6,mfcc7,mfcc8,mfcc9,mfcc10,mfcc11,mfcc12,mfcc13,mfcc14,mfcc15,mfcc16,mfcc17,mfcc18,mfcc19,mfcc20,mfcc21,mfcc22,mfcc23,mfcc24,mfcc25,mfcc26,mfcc27,mfcc28,mfcc29,mfcc30,mfcc31,mfcc32,mfcc33,mfcc34,mfcc35,mfcc36,mfcc37,mfcc38,mfcc39
5,-209.93577575683597,63.422630310058594,-123.69024658203124,-60.01920700073242,-14.45738410949707,-29.09064102172852,-4.251177787780762,12.41974925994873,12.739301681518556,9.053964614868164,-6.808077812194824,-2.136559247970581,-13.349953651428224,6.678025722503662,-3.14479398727417,-3.695392370223999,-15.768193244934082,-0.3871857821941376,-3.250793933868408,6.490811824798584,-11.35261344909668,-7.688302516937256,5.416354656219482,-2.702993154525757,-6.279980659484863,0.4525757431983948,-3.879338502883911,5.369689464569092,-6.664165019989014,-4.454918384552002,0.3972544074058532,8.100587844848633,-1.0730541944503784,2.720709085464477,-6.7139763832092285,-1.8797906637191768,2.012207508087158,-0.6625425219535828,-1.8982312679290767,1.3549524545669556
5,-417.2910461425781,100.14850616455078,-43.86925506591797,51.9531135559082,9.044405937194824,8.780205726623535,10.375921249389648,2.731388092041016,6.175258159637451,5.065142631530762,-4.37066125869751,14.67556858062744,-3.5299770832061768,8.043686866760254,4.821467876434326,2.6133275032043457,1.0505783557891846,7.758825778961182,-3.138753652572632,4.103150844573975,-0.5638865828514099,6.830624103546143,-0.8079904317855835,7.228636264801025,-0.798979640007019,0.7539622783660889,-4.168339729309082,1.259815335273743,-6.396233081817627,1.322720646858215,-1.6741160154342651,2.705458879470825,-1.9223576784133911,1.1593201160430908,-1.214157223701477,1.2042274475097656,-2.993197202682495,1.9851353168487549,-2.078255653381348,1.985176920890808
5,-452.7745666503906,113.24302673339844,-38.50155258178711,44.06280899047852,7.7608962059021,16.246234893798828,16.06238555908203,2.090137720108032,6.015342712402344,4.747480392456055,-5.9943389892578125,9.115463256835938,1.097269058227539,7.409478187561035,3.022118091583252,3.6219115257263184,-4.341919422149658,1.538958191871643,-0.8131962418556213,10.077043533325195,1.8138079643249512,5.974813461303711,-1.0811216831207275,2.3307695388793945,-3.418844699859619,2.556843042373657,-2.749332904815674,0.7071959376335144,-3.3573668003082275,2.833578586578369,-0.3883863985538482,0.2522506713867187,-5.705590724945068,-0.3713192045688629,-3.307569980621338,0.1831808537244796,-3.3944196701049805,4.142499923706055,-0.3791269659996032,1.0925039052963257
5,-406.8654174804688,92.0699234008789,-25.97456932067871,43.71427536010742,10.644524574279783,5.920062065124512,11.480074882507324,-0.7131367325782776,5.773804187774658,2.349853277206421,-5.478153228759766,15.074419021606444,-0.4084168374538421,7.850391387939453,-0.3150219917297363,0.3487145006656647,2.577377319335937,4.985544681549072,1.527538537979126,4.135988235473633,-4.625779151916504,4.974288940429688,-5.260557651519775,3.2587337493896484,-2.756514310836792,0.7381094098091125,-4.185387134552002,0.7604348659515381,-4.849670886993408,-0.7817232012748718,-5.516335487365723,1.7667020559310913,0.1914981603622436,1.8537957668304443,-3.2673580646514893,2.1645395755767822,-2.5445618629455566,-0.0829468891024589,-3.3694026470184326,0.1356140375137329
5,-440.0514831542969,104.75279998779295,-43.60167694091797,51.62308120727539,11.323634147644045,16.80943489074707,10.851115226745604,2.385326623916626,10.400181770324709,3.419037103652954,-8.127325057983398,11.258431434631348,1.300388216972351,5.52885627746582,5.766482830047607,6.152901649475098,-2.9695913791656494,2.7415337562561035,-5.354141712188721,9.998422622680664,1.4536324739456177,4.882908821105957,-1.0863871574401855,3.879756212234497,-3.0422842502593994,2.294352769851685,-2.1318600177764893,5.175624370574951,-1.5420200824737549,0.6018234491348267,-3.4422121047973637,-0.3636285066604614,-1.42480206489563,2.9614007472991943,-3.3479197025299072,1.4107030630111694,-2.162863254547119,3.606248378753662,-0.4322045743465423,1.6471517086029053
5,-441.5317993164063,109.7187042236328,-26.689870834350582,48.39772033691406,9.72019100189209,18.384361267089844,12.41645336151123,5.378127098083496,4.7019805908203125,4.5596795082092285,-2.889819860458374,9.297890663146973,2.3372669219970703,7.148301124572754,2.350501537322998,1.327245593070984,-3.851311206817627,3.811510801315308,-2.6478376388549805,7.179724216461182,-0.2775282561779022,4.158968925476074,-2.793027400970459,3.4647555351257324,-2.7630503177642822,1.942543864250183,-4.13234806060791,2.0191972255706787,0.1985930502414703,3.4351911544799805,-2.2792794704437256,1.0497236251831057,-3.7942373752594,2.500932216644287,-2.490055561065674,0.5894321203231812,-2.890065908432007,2.070514678955078,-2.0346622467041016,0.3491714894771576
5,-469.7401428222656,110.13754272460938,-19.327608108520508,46.90916061401367,10.94043254852295,18.152013778686523,9.169608116149902,3.917961597442627,6.067500114440918,3.8043248653411865,-1.774950623512268,12.816717147827148,1.9870871305465696,7.071550369262695,0.6849703788757324,1.963377356529236,-3.2727198600769043,2.5140180587768555,-3.344080209732056,4.915328502655029,-2.0489559173583984,7.478391647338867,-0.5903307795524597,5.322689533233643,-1.0604252815246582,0.9429518580436708,-2.417701005935669,1.7230335474014282,-1.7255382537841797,3.2570037841796875,-1.0857932567596436,0.7855744957923889,-4.157451152801514,1.4810941219329834,-2.5093531608581543,3.017118453979492,-2.1922128200531006,2.5378363132476807,-0.1762318760156631,1.1816951036453247
5,-457.5546569824219,107.44754791259766,-20.03106689453125,40.81155014038086,3.9138662815094,22.9272575378418,15.15261936187744,8.500835418701172,5.600753307342529,6.576335430145264,-2.8946921825408936,10.08503532409668,0.731834352016449,3.8064684867858887,1.443817973136902,1.3331735134124756,-0.7127247452735901,6.955715179443359,-0.7268707752227783,4.539153575897217,-1.6321721076965332,3.572653293609619,-1.85890793800354,4.035863876342773,-4.170555591583252,0.8015866279602051,-3.2101778984069824,-0.2475419640541076,-2.3933422565460205,2.1440417766571045,-0.6296218037605286,0.9916372895240784,-2.908006191253662,3.217043399810791,-3.644540786743164,0.8144503235816956,-2.190995216369629,-0.0812074989080429,-4.1233229637146,2.5717649459838867
5,-466.59130859375,118.98792266845705,-30.71551513671875,51.30608749389648,4.394981384277344,22.38299560546875,12.865056991577148,8.00212287902832,7.454607963562012,3.8468902111053462,-3.023728609085083,13.7575044631958,-0.1298763304948806,8.819494247436523,1.0738914012908936,2.82526969909668,-2.2316627502441406,4.053933143615723,-3.977059841156006,3.836456775665283,-0.8923940658569336,4.670803546905518,0.245283618569374,4.446796894073486,-1.2804869413375854,-0.9814576506614684,-2.183763027191162,0.0675679370760917,-1.729193925857544,1.2945311069488523,-0.4811992645263672,2.8000314235687256,-1.5164060592651367,2.1700923442840576,-2.149683713912964,0.4674921631813049,-3.832511425018311,1.4999665021896362,-1.9715678691864011,-0.9728013277053832
10,-187.95913696289065,103.3573989868164,-3.209585428237915,-9.998334884643556,-9.809027671813965,-14.748373985290527,-30.87538146972656,-5.239948749542236,-9.851527214050291,-11.72346305847168,-11.416272163391112,-0.3553627133369446,-14.275556564331056,-10.969599723815918,-13.60232639312744,-1.1448441743850708,-9.266782760620115,-4.071911334991455,-9.46088981628418,4.585424900054932,-2.93582534790039,3.1766488552093506,-1.7604268789291382,-1.962488412857056,-7.469794750213623,-2.192582607269287,-7.095706939697266,-1.9658730030059812,-5.795722484588623,4.208442687988281,-9.447779655456545,-0.6976801753044128,-2.467094659805298,4.288326740264893,-7.397679805755615,-4.434354305267334,-2.122190237045288,4.060938358306885,-6.281406402587891,-0.6570062637329102
10,-194.8610992431641,99.98602294921876,-17.34868812561035,3.6427817344665527,-15.744656562805176,-21.618587493896484,-15.361897468566896,-5.420788764953613,-18.68314743041992,0.5966928601264954,-12.877215385437012,-2.286043405532837,-16.872024536132812,-0.9981850385665894,-7.5254058837890625,-8.74105453491211,-9.097657203674316,-6.03160285949707,-10.213468551635742,-0.7727825045585632,-8.204163551330566,0.9741920828819276,-6.2787766456604,-3.721604347229004,-4.435383796691895,-2.829731702804565,-7.444724082946777,-0.36250039935112,-8.702914237976074,3.0480568408966064,0.7390031218528748,-2.8855419158935547,-3.040631055831909,5.290541648864746,-9.321847915649414,-5.14754581451416,6.058903694152832,2.972533941268921,-14.246150970458984,4.06218957901001
10,-198.26336669921875,80.01020812988281,-14.287248611450195,18.536264419555664,-14.905305862426758,-15.766887664794922,-8.87656307220459,-7.959737777709961,-21.95758438110352,0.1304921060800552,-10.835439682006836,-14.16977882385254,-2.228065490722656,-5.905532360076904,-19.59042739868164,2.805095195770264,-7.876863479614258,-8.682636260986328,-7.16015100479126,2.583090782165528,-12.610879898071287,1.395370364189148,-1.6999640464782717,0.5092518925666809,-8.649502754211426,0.731723427772522,-7.80446720123291,-5.782950401306152,-1.457216739654541,-1.5618562698364258,-8.238245964050293,2.7199947834014893,-6.655079364776611,-0.7346535921096802,-3.0440495014190674,-3.067087173461914,-7.445022583007812,2.353411674499512,-7.376091957092285,-2.1982524394989014
10,-196.122314453125,91.69872283935548,-18.156747817993164,15.81525707244873,-9.956557273864746,-13.663230895996094,-12.518094062805176,-1.617492437362671,-26.426816940307617,1.5230450630187988,-8.750922203063965,-4.652963638305664,-15.183520317077637,-1.2448272705078125,-10.782946586608888,-6.067658424377441,-11.029939651489258,-3.357939481735229,-8.622207641601562,-6.192136764526367,-9.177353858947754,-2.69154691696167,-7.2321977615356445,-3.4654958248138428,-5.4330034255981445,-3.2487664222717285,-6.430700778961182,2.0019006729125977,-3.107447624206543,-1.660764455795288,-5.638738632202148,3.9542453289031982,-2.0498950481414795,-1.7983142137527466,-5.462069034576416,3.237227201461792,-4.624002933502197,-5.711017608642578,-1.8593484163284304,3.731894254684448
10,-113.94144439697266,54.25489044189453,-11.090499877929688,10.762163162231444,1.5948885679244995,-15.542522430419922,-22.572322845458984,5.940920829772949,-23.30464172363281,-3.3714041709899902,-8.327032089233398,1.423413634300232,-10.498767852783203,-3.608300924301148,-8.56292724609375,-3.2243871688842773,-8.448412895202637,-1.2786892652511597,-1.228713870048523,-0.7165564894676208,-8.555567741394043,-3.3462178707122803,-4.542974948883057,-2.8294293880462646,-5.663663864135742,-1.4777911901474,-4.841160297393799,-1.657569408416748,-5.1864166259765625,-2.229402542114258,-9.091104507446287,0.1843583285808563,-0.2337062507867813,0.6120444536209106,-4.901862621307373,2.983185052871704,-1.2731629610061646,-1.4764518737792969,-4.362975120544434,1.622489094734192
10,-323.9309997558594,81.78816986083984,-77.3261489868164,-31.336389541625977,12.877988815307615,7.206631183624268,-0.7630177736282349,7.474079608917236,-3.965641021728516,-3.990535736083984,2.021584987640381,6.148804187774658,8.156397819519043,6.516195297241211,4.327692985534668,0.5361534357070923,-7.083547592163086,-0.0267786458134651,4.373206615447998,0.056137878447771,-2.053006410598755,-0.2328711748123169,3.994087457656861,1.2941584587097168,1.2375683784484863,2.79040265083313,-3.2804229259490967,-1.681187629699707,0.9303696751594543,2.108967065811157,-0.1977288722991943,0.5056322813034058,2.6912145614624023,1.5089799165725708,-1.4331425428390503,-1.197453856468201,0.6073736548423767,0.3857435882091522,3.1310455799102783,-0.1669701188802719
10,-336.01226806640625,111.13166046142578,-69.75755310058594,-43.4378547668457,0.8722143173217773,0.4822273850440979,-11.780518531799316,3.380156278610229,2.311489582061768,15.363255500793455,7.018146991729736,-5.620035171508789,-0.0629081949591636,5.335923671722412,2.716555118560791,8.291275024414062,1.7518997192382812,-1.2864865064620972,-7.214325904846191,0.4387654662132263,4.391013622283936,1.6273376941680908,3.3157589435577397,-0.2330117225646972,-2.715520143508911,1.110015869140625,-1.0646756887435913,0.0209359731525182,1.5407567024230957,4.615062236785889,0.6764311194419861,0.1470272988080978,0.0138313425704836,-0.5943449139595032,-1.5502958297729492,1.5211501121520996,2.1149282455444336,-1.1069258451461792,-1.411099910736084,1.319454789161682
10,-347.8265991210937,104.50223541259766,-70.384521484375,-39.39712905883789,3.041207790374756,2.6043801307678223,-10.82815933227539,6.034295558929443,3.2368078231811523,14.524255752563477,3.83528733253479,-9.830554962158203,-1.8319789171218872,9.310461044311523,6.10240650177002,7.215930938720703,-0.7118845582008362,-3.131499767303467,-10.486204147338867,0.2542445957660675,6.703536510467529,4.389707565307617,4.100541591644287,-1.5677268505096436,-5.818751811981201,0.0577523112297058,-1.0612448453903198,0.5420128703117371,3.079702138900757,5.425959587097168,-2.1041316986083984,-1.3950132131576538,1.5439250469207764,0.1274120360612869,-1.7840784788131714,2.616586208343506,1.258170485496521,-3.018747329711914,-1.821539163589477,2.643232822418213
10,-337.7885437011719,109.8882293701172,-73.40059661865234,-42.67331314086914,4.713572025299072,4.201538562774658,-13.061882972717283,2.691206216812134,-0.257801204919815,11.946553230285645,2.9084060192108154,-9.253402709960938,0.4837660491466522,10.37080192565918,8.29887866973877,8.23608684539795,-1.3601614236831665,-2.669440984725952,-10.09392547607422,-1.120250582695007,4.142583847045898,3.5390751361846924,2.943291187286377,-1.5231915712356567,-3.790377140045166,1.713367581367493,-1.2301582098007202,1.185365915298462,2.968097925186157,5.492232799530029,-2.5313267707824707,-1.172658085823059,1.9898431301116943,1.4322891235351562,-1.1777185201644895,0.7178945541381836,0.2962187528610229,-2.0091824531555176,-0.1227482259273529,2.7314510345458984
5,-49.61698532104492,72.41173553466797,-41.33067321777344,38.379981994628906,6.427413940429688,12.19097900390625,8.226383209228516,5.914445400238037,-3.181061029434204,2.3399288654327397,-5.145237922668457,6.337483406066895,-3.1710453033447266,9.345349311828612,-5.108041286468506,8.447943687438965,-4.577280521392822,5.503947734832764,-3.57578444480896,7.003700256347656,-2.979177474975586,0.6569487452507019,-1.1180198192596436,3.29109263420105,-3.692495346069336,0.9559548497200012,-3.764604806900024,-0.5070857405662537,-2.078289031982422,-2.048114061355591,-6.203182697296143,-1.7947195768356323,-4.142106056213379,0.267244428396225,-2.9028773307800293,2.07522201538086,-1.80279278755188,2.9398133754730225,-4.615090847015381,2.16434097290039
5,-46.56804275512695,73.88008117675781,-41.45579528808594,38.88088607788086,7.096444129943848,12.742513656616213,8.647171974182129,5.517420291900635,-3.891833305358887,2.4854235649108887,-4.581751823425293,6.2072625160217285,-3.467461585998535,9.569273948669434,-4.712751388549805,8.622446060180664,-4.548075199127197,6.089047908782959,-3.4294228553771973,7.218077659606934,-2.457242250442505,1.0585719347000122,-0.9913501143455504,3.793936491012573,-4.131697654724121,0.9247591495513916,-3.449162244796753,-0.5645472407341003,-1.875544786453247,-1.5564931631088257,-6.632250785827637,-2.747838497161865,-4.559381008148193,0.6871247291564941,-2.7880606651306152,2.225698471069336,-1.8253971338272093,2.5872132778167725,-5.14144229888916,1.9283231496810915
5,-38.215476989746094,69.27162170410156,-36.77613067626953,38.01681137084961,8.708149909973145,13.10948657989502,6.409158706665039,6.31427526473999,-3.929378509521485,3.28666615486145,-3.012153387069702,5.703479766845703,-3.2313005924224854,9.80002212524414,-4.726511478424072,8.196043014526367,-3.2070016860961914,5.252121925354004,-3.641945123672485,8.56667709350586,-2.1097095012664795,1.5775668621063232,-1.6931079626083374,4.269363880157471,-3.45999526977539,1.1598477363586426,-3.858668804168701,-0.4128613770008087,-3.266920566558838,-1.8234142065048216,-6.157217979431152,-1.4145820140838623,-3.348209381103516,1.2194278240203855,-1.7374554872512815,1.7322556972503662,-0.2476894557476043,2.766024351119995,-3.4470815658569336,1.2739585638046265
5,-39.13404846191406,68.85871124267578,-36.45016098022461,38.2018928527832,8.332194328308105,13.261345863342283,5.87819766998291,5.90374231338501,-3.6828861236572266,3.0213968753814697,-3.158282518386841,5.928577423095703,-2.463090181350708,9.654385566711426,-4.72884464263916,7.883781909942627,-2.731095314025879,6.16950273513794,-2.9336884021759038,8.695655822753906,-2.90928316116333,1.149192452430725,-2.3280880451202397,4.421232223510742,-3.4217000007629395,0.4235188066959381,-4.694036960601807,-0.644049882888794,-3.686143159866333,-1.1256985664367676,-5.971005916595459,-1.397185206413269,-3.552701234817505,0.6031732559204102,-2.1955366134643555,1.8901042938232424,-0.4885182082653045,2.5325701236724854,-3.3772783279418945,1.786975622177124
5,-45.04331207275391,70.01280212402344,-37.74263381958008,38.52019119262695,6.345186710357666,13.462817192077637,6.83291482925415,5.378416538238525,-3.828678131103516,3.2048826217651367,-2.983063220977783,5.000217914581299,-2.134108781814575,9.125123023986816,-4.89232063293457,7.935173034667969,-2.484203815460205,6.3841962814331055,-3.074060678482056,8.738323211669922,-2.873892307281494,1.710289716720581,-2.361036777496338,4.774556636810303,-3.83866286277771,0.3895848989486694,-4.90962553024292,0.2449327111244201,-3.7444024085998535,-1.149393916130066,-5.979433059692383,-1.5206505060195925,-3.659046411514282,0.6308847665786743,-2.130753517150879,1.5480353832244873,-0.8377658128738403,2.2843313217163086,-3.444086790084839,1.4702279567718506
5,-48.082786560058594,70.31314849853516,-38.255332946777344,38.90819549560547,5.218982219696045,13.150551795959473,7.504903316497803,5.2613205909729,-3.830266237258911,3.1579301357269287,-2.5539119243621826,4.461295127868652,-2.5317299365997314,9.349260330200195,-4.385898113250732,7.846669673919678,-2.1123979091644287,5.941075325012207,-3.6925806999206543,8.69160270690918,-2.8198983669281006,1.7355759143829346,-2.4216854572296143,4.0603508949279785,-3.959735155105591,1.4046775102615356,-4.208313941955566,1.288900375366211,-3.249651432037353,-0.9486827254295348,-5.767541408538818,-0.9548470973968506,-3.032649278640747,0.6602526903152466,-1.6089227199554443,1.4563952684402466,-0.8391273617744446,2.17502760887146,-3.1090030670166016,1.7311314344406128
5,-47.78647232055664,70.14380645751953,-38.22161865234375,39.602325439453125,5.208686828613281,12.43940544128418,6.991854667663574,5.396408557891846,-3.3791306018829346,2.6103734970092773,-2.4883995056152344,4.662359237670898,-2.670837879180908,9.452022552490234,-3.9022583961486816,8.210947036743164,-2.164700746536255,5.477065086364746,-3.795922517776489,8.465597152709961,-3.926629304885864,1.4291768074035645,-2.956084012985229,3.519882917404175,-3.53132700920105,1.5836570262908936,-4.375248908996582,1.6411290168762207,-3.1712896823883057,-0.7625212073326111,-5.797740459442139,-1.2093433141708374,-3.528952121734619,0.505033552646637,-1.692068099975586,1.8284008502960205,-0.624208390712738,1.728619933128357,-3.0436458587646484,1.635305404663086
5,-46.72284698486328,70.6688232421875,-38.19441223144531,40.16087341308594,6.18505859375,12.753955841064451,7.003512382507324,5.193916320800781,-2.9109537601470947,2.3668432235717773,-2.6055796146392822,5.109560012817383,-2.642651081085205,9.522302627563477,-4.127333641052246,8.391993522644043,-2.5427372455596924,5.745942115783691,-3.754964590072632,8.638678550720215,-4.024354934692383,1.8552603721618648,-2.803486585617065,3.8771684169769287,-3.129565954208374,1.2427130937576294,-4.893649101257324,1.2039495706558228,-3.508196353912353,-0.9690447449684144,-5.773593425750732,-1.798111915588379,-3.801835060119629,0.4317274093627929,-2.3516132831573486,2.2088773250579834,-0.931307852268219,1.4949381351470947,-3.249284267425537,1.1309789419174194
5,-46.76993942260742,69.9816665649414,-37.76946258544922,39.76288604736328,6.772871494293213,13.118233680725098,7.471743106842041,4.750998973846436,-2.941253423690796,2.4968879222869877,-3.2441539764404297,5.258479118347168,-2.3660037517547607,10.175198554992676,-4.778401374816895,8.2509765625,-2.4814579486846924,5.873702049255371,-3.936609506607056,9.214350700378418,-3.203721284866333,2.191328525543213,-2.43915057182312,3.8731770515441895,-3.559645175933838,1.1802701950073242,-4.96149492263794,0.9410201907157898,-3.476374387741089,-1.1251310110092163,-5.482445240020752,-1.3403736352920532,-2.9728071689605717,-0.0069159138947725,-2.831728935241699,1.924388766288757,-1.2212709188461304,2.147193193435669,-3.032407283782959,1.300471544265747
5,-46.48048400878906,70.50198364257812,-37.79307556152344,38.53269958496094,5.9173455238342285,12.731922149658203,7.8136091232299805,5.2448577880859375,-2.5617809295654297,3.2513833045959477,-3.3032689094543457,5.5867533683776855,-2.2386908531188965,10.211958885192873,-4.8570942878723145,8.163043975830078,-2.7326834201812744,6.039353847503662,-3.74530029296875,9.59570598602295,-3.030292510986328,2.1231226921081543,-2.7658185958862305,4.090245246887207,-3.968661785125733,1.4538960456848145,-4.695018291473389,0.4367358386516571,-3.729998826980591,-1.3744438886642456,-5.7751569747924805,-1.259108304977417,-3.1785218715667725,-0.1854054480791092,-2.667376041412353,1.21442711353302,-1.3864816427230835,1.993948221206665,-2.8046131134033203,1.4709283113479614
5,-46.29059219360352,71.43598937988281,-38.42361831665039,37.53478240966797,5.56971549987793,12.056093215942385,7.612694263458252,6.1981940269470215,-2.671809673309326,2.626926183700561,-2.975148200988769,5.293879508972168,-2.704765796661377,9.530329704284668,-5.053234100341797,8.560016632080078,-2.473484516143799,5.943149089813232,-3.894865274429321,9.186931610107422,-3.701727151870728,1.7283015251159668,-2.929039239883423,3.971665620803833,-3.928510427474976,1.605796456336975,-3.9264535903930655,0.2768673300743103,-4.406257152557373,-1.7112278938293457,-6.36496114730835,-1.4642510414123535,-3.699297189712525,-0.1218017041683197,-2.154160499572754,1.1086848974227903,-1.4787005186080933,1.986236572265625,-2.777043581008911,1.2509557008743286
5,-46.59762954711914,71.85509490966797,-38.36226272583008,37.53464126586914,5.181391716003418,12.511207580566406,7.734969615936279,6.923669338226318,-2.9503490924835205,2.288811445236206,-3.1462631225585938,4.8276777267456055,-2.6734418869018555,9.458052635192873,-5.104663848876953,8.771944046020508,-2.6314563751220703,5.639810562133789,-4.319403648376465,9.186753273010254,-3.686288356781006,2.036799192428589,-2.5839507579803467,3.6991608142852783,-3.762568950653076,1.6556109189987185,-3.642803192138672,0.3557935953140259,-4.240814208984375,-1.143142580986023,-6.514508247375488,-1.4273033142089844,-3.822004556655884,0.1375455409288406,-1.8715338706970213,1.2087997198104858,-1.3065643310546875,2.430870771408081,-2.6934964656829834,1.2922340631484983
5,-47.25486373901367,74.28944396972656,-41.17412185668945,38.8140983581543,6.936650276184082,12.71291732788086,8.70051097869873,5.564160346984863,-3.722548961639404,1.5429962873458862,-4.637235164642334,6.572732925415039,-3.0230183601379395,9.386701583862305,-4.950532913208008,8.68111801147461,-4.805027484893799,6.177513599395752,-3.3430042266845703,7.770300388336182,-2.119556188583374,1.0641560554504397,-1.0161588191986084,3.95762038230896,-4.4880242347717285,0.8974356055259705,-3.621817111968994,-0.2826603651046753,-2.2398881912231445,-1.8279473781585691,-6.443500518798828,-2.5705132484436035,-4.328277587890625,0.990591526031494,-2.5176148414611816,2.068006992340088,-1.5150587558746338,3.0096852779388428,-4.766669273376465,1.8764969110488887
5,-45.68004989624024,69.3210678100586,-36.62773132324219,38.02567672729492,6.35343599319458,13.49160861968994,8.226612091064453,6.487759113311768,-3.5898475646972656,3.371119260787964,-3.761128902435303,4.796752452850342,-1.9921213388442995,9.706375122070312,-4.48996114730835,8.388701438903809,-2.565812826156616,6.712052345275879,-3.7558860778808594,9.354589462280272,-2.9553942680358887,2.32344388961792,-2.441899538040161,4.402744293212891,-3.064497947692871,1.360371232032776,-4.087217330932617,0.6231492161750793,-4.09019136428833,-1.5530688762664795,-6.5400261878967285,-2.086687564849853,-4.381835460662842,0.0179608408361673,-2.012209415435791,1.3821057081222534,-0.972162127494812,2.336686611175537,-2.775580644607544,1.735413670539856
5,-46.44709777832031,67.98530578613281,-36.28227233886719,39.046653747558594,8.020232200622559,14.103204727172852,7.702251434326172,6.148886203765869,-4.118999004364014,3.248576164245605,-3.624220371246338,4.015830039978027,-1.9484336376190183,9.28103733062744,-4.75819206237793,8.528794288635254,-2.5516815185546875,7.072834491729736,-3.2545223236083984,9.27389144897461,-3.4539194107055664,1.7919275760650637,-2.1204030513763428,4.444809913635254,-3.336681604385376,1.5772106647491455,-4.641540050506592,0.6730819344520569,-4.505744934082031,-2.7043135166168213,-7.697902202606201,-2.9265589714050293,-4.615145683288574,-0.5182733535766602,-2.212306499481201,1.780040621757507,-0.7656989097595215,2.1801860332489014,-2.8908936977386475,1.815345048904419
5,-47.80574798583984,70.05026245117188,-36.85277938842773,39.229225158691406,7.998165607452393,13.97030258178711,6.7766432762146,6.941523551940918,-3.9770102500915527,2.176412343978882,-3.3686325550079346,3.2569682598114014,-2.0565996170043945,9.15929126739502,-5.083524227142334,8.712311744689941,-3.653218746185303,6.314335346221924,-3.8527698516845694,9.265177726745604,-3.685171604156494,2.2093093395233154,-1.4944745302200315,4.131390571594238,-3.8149025440216064,1.7576433420181274,-5.069546699523926,0.5605091452598572,-4.853781223297119,-2.589592218399048,-8.356793403625488,-2.779357671737671,-4.199265003204346,-0.8841657042503357,-2.255165100097656,1.521567940711975,-0.9347625970840454,2.3182621002197266,-2.7099955081939697,1.926639437675476
5,-47.93368911743164,70.21958923339844,-36.74478912353516,38.56663131713867,7.709943771362305,13.240195274353027,6.045736789703369,7.207367897033691,-4.524884223937988,2.113237142562866,-3.6594202518463135,2.868824243545532,-2.6477513313293457,9.272049903869627,-5.065706253051758,8.458791732788086,-3.7430942058563232,6.430375576019287,-4.331057548522949,8.93199634552002,-3.196026563644409,2.57246732711792,-1.669849514961243,4.09549617767334,-3.396058797836304,2.596548557281494,-5.090426445007324,1.0826492309570312,-4.808578014373779,-2.353328227996826,-7.703529834747314,-2.047555685043335,-3.999441146850586,-0.9898501038551332,-2.501746654510498,0.863033652305603,-1.2222392559051514,1.828108072280884,-3.000288486480713,2.4184045791625977
5,-47.24332809448242,69.82796478271484,-37.229373931884766,38.79445266723633,8.192312240600586,12.789756774902344,5.948482036590576,7.43946647644043,-4.515579700469971,1.995128870010376,-3.144277572631836,3.026712656021118,-3.279624938964844,8.465021133422852,-5.337050437927246,8.225269317626953,-4.482028007507324,5.798717498779297,-4.612190246582031,8.7621488571167,-3.069990634918213,2.391911029815674,-1.7275409698486328,3.866421222686768,-3.461181640625,2.757004976272583,-4.891085147857666,1.3297488689422607,-3.976120710372925,-1.6158455610275269,-7.568497657775879,-2.1625118255615234,-3.9000980854034415,-0.8051667809486389,-2.0356032848358154,1.0698503255844116,-0.8549340963363647,1.7794965505599976,-2.9501092433929443,2.292041540145874
5,-46.13751983642578,69.05879974365234,-37.13215637207031,39.00827407836914,8.681066513061523,12.635860443115234,5.982142448425293,7.753574848175049,-3.7514398097991934,1.6200212240219116,-3.211329936981201,3.0789809226989746,-3.272833585739136,7.60470724105835,-5.31112003326416,8.499236106872559,-5.20407247543335,4.668939590454102,-4.894723892211914,8.673901557922363,-3.35380482673645,2.2836358547210693,-1.465078353881836,3.7588281631469727,-3.438982486724853,2.3967247009277344,-5.106649875640869,0.9504553079605104,-4.2449631690979,-1.5354670286178589,-7.295472145080566,-2.196187734603882,-4.210227489471436,-0.904372215270996,-2.193674325942993,1.5545746088027954,-0.7176923751831055,1.6260288953781128,-2.8609015941619877,2.219212770462036
5,-46.32600402832031,69.1076431274414,-36.11264419555664,38.69670867919922,7.761775970458984,12.64599895477295,5.760594367980957,6.782985687255859,-4.588052272796631,1.915343165397644,-3.806339979171753,2.109853029251098,-3.297495126724243,7.551043510437012,-5.652359485626221,8.033202171325684,-4.494993686676025,4.6291117668151855,-5.266993045806885,8.576404571533203,-3.459009885787964,2.071274280548096,-1.5435055494308472,3.6449599266052246,-3.989317178726196,2.0323596000671387,-5.6005859375,0.667690098285675,-5.152729034423828,-2.51077938079834,-6.995663166046143,-2.163184404373169,-4.679985046386719,-1.1804753541946411,-3.333308458328247,0.6292890310287476,-1.638515591621399,1.220760464668274,-2.7968318462371826,2.33624267578125
5,-47.38629531860352,69.46119689941406,-35.422611236572266,38.77025985717773,7.730320453643799,13.158326148986816,5.579699993133545,6.100791931152344,-5.188026428222656,2.176464557647705,-3.534942388534546,1.754659652709961,-3.062697649002075,8.130206108093262,-6.217972278594971,7.335746765136719,-3.749078750610352,5.712838172912598,-5.2397236824035645,9.146392822265623,-2.726073980331421,1.9650979042053225,-1.789602279663086,3.5663275718688965,-4.483827590942383,1.4217222929000854,-5.429345607757568,0.8057243824005127,-5.461109638214111,-2.7871882915496826,-7.238253116607666,-2.461806535720825,-5.2050957679748535,-1.691010355949402,-3.706284046173096,-0.5913251638412476,-2.097001552581787,1.4440065622329712,-2.8241758346557617,2.5237877368927
5,-47.15074157714844,69.29512786865234,-35.44129943847656,37.9619369506836,7.87509298324585,13.53258228302002,5.295899868011475,5.77880859375,-4.984872341156006,2.7567837238311768,-2.7429192066192627,1.840090036392212,-3.0312979221343994,8.193257331848145,-6.195570945739746,7.458423614501953,-3.827844858169556,5.4892096519470215,-5.395669937133789,9.328351020812988,-2.428722858428955,2.3119585514068604,-1.5332006216049194,4.199185371398926,-3.4088754653930664,1.303403615951538,-5.559051990509033,0.8061174750328064,-5.313798427581787,-3.1624813079833984,-7.479272842407227,-2.7677111625671387,-5.350934982299805,-2.1134555339813232,-3.878298759460449,-0.5087045431137085,-1.7808551788330078,1.6812156438827517,-2.8693058490753174,2.835912704467773
5,-45.01036071777344,68.40885925292969,-34.16620635986328,37.114627838134766,7.535476684570312,13.162967681884766,5.369583606719971,5.678566932678223,-5.016759872436523,3.7242043018341056,-2.5909876823425293,1.5160372257232666,-2.934555768966675,8.04239273071289,-6.160397529602051,6.932666778564453,-3.9040584564208975,5.447257041931152,-5.156073570251465,9.089666366577148,-2.8294153213500977,2.4234981536865234,-0.6473585963249207,5.008907794952393,-2.4265737533569336,1.7140636444091797,-5.765016555786133,0.3782730400562286,-5.374311923980713,-3.337736129760742,-7.207947254180908,-2.578416109085083,-5.069058418273926,-1.974613904953003,-3.4292027950286865,-0.312791645526886,-2.144840240478516,1.547840595245361,-2.5559120178222656,2.6589105129241943
5,-46.841064453125,74.38152313232422,-40.54059600830078,38.789588928222656,7.074060916900635,12.808825492858888,7.852489471435547,5.866278171539307,-3.737100124359131,1.3723119497299194,-4.884054183959961,6.679053783416748,-3.2269561290740967,9.54964542388916,-4.777449607849121,9.015145301818848,-4.474499225616455,5.820648670196533,-3.871842861175537,7.579673290252685,-2.6762211322784424,0.8547889590263367,-1.0047402381896973,4.528737545013428,-4.153336048126221,0.6449886560440063,-4.1332621574401855,-0.2783026397228241,-2.8974592685699463,-1.9780151844024656,-6.468526840209961,-2.3772616386413574,-4.465012550354004,0.7676783204078674,-2.727648496627808,1.8636757135391235,-1.084762454032898,2.967860221862793,-4.461183547973633,2.2806222438812256
5,-40.86252212524414,66.01074981689453,-32.252132415771484,37.33724594116211,8.74273681640625,13.05587673187256,6.378932952880859,6.949570178985596,-4.544902801513672,4.2603631019592285,-2.415513515472412,2.7758023738861084,-1.647015929222107,9.140304565429688,-5.434716701507568,7.5395283699035645,-2.9321134090423584,5.602334976196289,-3.7961905002594,9.17604923248291,-2.475138664245605,2.148373603820801,-0.1530186831951141,4.7943434715271,-1.916489839553833,2.143280506134033,-5.21187686920166,0.3236786127090454,-5.020988464355469,-3.0494775772094727,-6.859025955200195,-1.9607064723968504,-4.916562080383301,-1.552593469619751,-3.0626463890075684,0.088882677257061,-1.791828155517578,1.7774348258972168,-2.2932703495025635,2.683534622192383
5,-44.42640686035156,73.27175903320312,-39.9814453125,38.989013671875,7.428039073944092,12.615620613098145,7.015655517578125,5.769050121307373,-4.047936916351318,2.239696264266968,-4.400608062744141,6.349077224731445,-3.452134370803833,10.246758460998535,-4.792086601257324,8.697551727294922,-3.3260836601257324,6.777843952178955,-4.005908966064453,7.574481010437012,-3.187861919403076,0.4063279628753662,-1.2317814826965332,4.172755718231201,-3.531886577606201,1.1503280401229858,-3.967719078063965,-0.102483756840229,-3.485952138900757,-2.0277247428894043,-6.650798320770264,-1.7965006828308103,-4.191085815429688,0.510800302028656,-2.6553571224212646,2.119693756103516,-0.9373356699943542,2.98442816734314,-4.058692455291748,2.470716714859009
5,-43.05147171020508,72.08089447021484,-39.68378448486328,38.92658996582031,7.244394779205322,12.839738845825195,7.379493236541748,6.021109104156494,-3.480628967285156,2.128791570663452,-4.113827228546143,5.891891002655029,-3.3520395755767822,10.38923168182373,-5.469393253326416,8.158767700195312,-2.718672037124634,6.557175636291504,-4.603094577789307,7.928596496582031,-2.782949924468994,0.5798352360725403,-1.6812522411346436,3.765581369400024,-3.6588854789733887,1.924836039543152,-3.394639492034912,-0.0861997753381729,-3.9344756603240967,-1.6262037754058838,-6.242844581604004,-1.9503639936447144,-4.116584300994873,0.3960857093334198,-2.6780829429626465,2.2185354232788086,-0.7251036763191223,3.325681447982788,-3.804527282714844,2.367347002029419
5,-43.37913131713867,70.96566772460938,-39.46780014038086,38.73637008666992,7.4820966720581055,12.936012268066406,6.997095108032227,5.770330429077148,-3.4222373962402344,1.8789161443710327,-4.396228790283203,5.790404796600342,-3.770005702972412,9.955492973327637,-5.881596565246582,7.891170978546143,-3.014315366744995,6.240808963775635,-4.795647621154785,8.202818870544434,-2.114612579345703,1.119098424911499,-1.8445690870285036,4.638805389404297,-3.63780689239502,1.622439742088318,-3.706274747848511,0.054739661514759,-3.786168098449707,-1.7106006145477295,-6.208542823791504,-1.8552820682525637,-3.857532739639282,0.4792892336845398,-2.605543851852417,2.0937063694000244,-0.671897292137146,3.157778739929199,-3.932647228240967,2.06961989402771
5,-40.96338653564453,68.4818344116211,-39.872535705566406,37.44109725952149,8.571656227111816,12.845812797546388,5.740484714508057,4.181695938110352,-3.3623082637786865,2.28008246421814,-5.087926387786865,5.632554531097412,-3.9322502613067623,9.372187614440918,-5.5674729347229,8.05263614654541,-3.171375036239624,7.483742713928223,-3.577653646469116,7.852852821350098,-1.5437740087509155,0.9195421934127808,-1.786368489265442,5.287497043609619,-3.513197422027588,1.4867372512817385,-3.908822536468506,0.60805743932724,-3.117727041244507,-1.6466574668884275,-6.56143045425415,-1.5123509168624878,-3.617250919342041,0.4427215456962585,-1.980525255203247,2.3144190311431885,-0.7223054766654968,2.625911235809326,-4.393144607543945,1.5005773305892944
5,-40.79148864746094,69.04121398925781,-39.828269958496094,37.02328109741211,7.912012100219727,12.690153121948242,5.804381370544434,4.7202982902526855,-3.070681095123291,2.2467947006225586,-4.615990161895752,5.520214080810547,-4.170070171356201,9.515706062316896,-5.644626140594482,7.959706783294678,-3.2794859409332275,7.221951961517334,-3.1611328125,8.190282821655273,-1.7197226285934448,1.5864084959030151,-1.9950082302093504,4.782415390014648,-3.503127336502075,1.0206139087677002,-3.8861243724823,0.6054517030715942,-3.0895416736602783,-1.804095268249512,-6.763429164886475,-1.5549383163452148,-3.351706027984619,0.4386865794658661,-2.186986923217773,2.3687732219696045,-0.5041194558143616,2.511636257171631,-4.298211097717285,1.345845341682434
5,-42.15388488769531,70.60781860351562,-38.47987747192383,38.14544677734375,7.537617206573486,12.876976013183594,6.673885822296143,6.419679641723633,-3.834524154663086,2.326364040374756,-3.5228829383850098,5.494927883148193,-3.9581687450408936,9.862842559814451,-5.721251487731934,8.173981666564941,-3.565601587295532,5.404082298278809,-3.748624086380005,8.64069938659668,-2.171872615814209,2.39997673034668,-1.6296563148498535,4.299744129180908,-3.5457093715667725,0.5511113405227661,-4.087805271148682,0.394057422876358,-3.234126567840576,-2.3011763095855717,-6.711202621459961,-1.4566110372543335,-3.141338348388672,1.1888734102249146,-2.223261594772339,1.866459369659424,-0.0894008800387382,3.214702606201172,-3.602997779846192,1.1791051626205444
10,-332.5384216308594,60.64167404174805,-86.77059173583984,-12.905279159545898,-29.297292709350582,-26.72586250305176,-29.222362518310547,-28.902097702026367,-22.628433227539062,-15.831689834594728,-11.969893455505373,-6.286544799804688,-3.3720483779907227,4.647791862487793,-8.862051963806152,-0.2795391976833343,-3.361336231231689,-3.0664570331573486,-3.7595481872558594,-2.328704357147217,-6.618532180786133,1.2905384302139282,-3.042398691177368,1.612505555152893,-3.593761920928955,2.9163334369659424,-3.3689723014831543,-1.3022035360336304,-2.218881130218506,2.2027082443237305,0.1507381647825241,3.5662777423858643,1.2438169717788696,2.6730194091796875,-0.4630018472671509,3.794494390487671,1.1675537824630735,4.567011833190918,1.291875243186951,2.2241785526275635
10,-311.5225524902344,53.17433547973633,-87.46379852294922,-5.283469200134277,-39.51763916015625,-24.0107536315918,-26.015331268310547,-28.113540649414062,-25.281871795654297,-21.09759330749512,-14.755495071411133,-2.983603477478028,3.6168506145477295,7.034029960632324,-5.816418170928955,-4.717101573944092,-3.7100439071655273,-0.0805629640817642,-3.2560136318206787,-2.1271235942840576,-8.695611000061035,0.4885412156581878,1.7526885271072388,3.4474470615386963,-1.3250465393066406,3.8577091693878174,-3.036965847015381,-0.4413333535194397,1.9476498365402224,6.533674240112305,-2.6644012928009038,-2.218190193176269,1.120919108390808,5.135842323303223,0.1050336882472038,4.435704231262207,1.2371400594711304,1.5252552032470703,0.79790860414505,1.5014060735702517
10,-289.0399780273437,71.521240234375,-84.40926361083984,-21.8499813079834,-31.163368225097656,-25.858375549316406,-19.470685958862305,-21.07612609863281,-15.581757545471191,-23.42732048034668,-15.25985050201416,3.4981372356414795,-9.459661483764648,-1.369299054145813,-4.383112907409668,-1.3123704195022583,-6.293655872344971,0.4392250478267669,-5.488904476165772,-6.177740097045898,-8.263866424560547,0.1135612875223159,-3.406501293182373,0.2910360395908355,-5.136107444763184,0.1439546793699264,-6.598160743713379,-2.132867813110352,1.1976262331008911,0.762110710144043,-1.4268726110458374,5.999214172363281,0.5983380675315857,3.9414196014404297,-0.7236852049827576,5.000744342803955,0.6838812232017517,3.588243007659912,-0.1349821090698242,0.9888665676116944
10,-259.5448303222656,57.63395309448242,-87.3426284790039,-17.24224090576172,-30.564870834350582,-24.84037399291992,-15.808801651000977,-21.957660675048828,-14.22366714477539,-21.24799346923828,-5.4222798347473145,6.751720905303955,-7.340311050415039,-0.9405322670936584,-6.221654891967773,1.0708993673324585,-5.766193866729736,0.7647804021835327,-6.221187114715576,-3.829714059829712,-7.610651969909668,1.5616668462753296,-0.1659881919622421,-0.5994500517845154,-3.9312877655029297,0.5356542468070984,-5.4739298820495605,-2.166828155517578,0.2978998720645904,1.7728954553604126,-2.285122871398926,2.7878870964050293,3.291708469390869,4.890324592590332,1.964877963066101,5.243202209472656,2.716653347015381,3.555708885192871,0.6768866777420044,0.2479822933673858
10,-287.7891845703125,58.60511779785156,-81.75670623779297,-13.680784225463867,-32.39076232910156,-14.174924850463867,-16.011337280273438,-26.44580841064453,-7.420148849487305,-20.246728897094727,-14.249223709106444,-2.237204074859619,-2.166311264038086,-2.269650220870972,-7.912023067474365,-0.330538660287857,-8.950815200805664,-2.8804712295532227,-0.0433037392795085,-5.097982883453369,-10.1976318359375,0.5189672708511353,-1.4267884492874146,2.927841663360596,-2.030522346496582,-4.135615348815918,-2.381261348724365,0.0318507365882396,-4.887640476226807,5.190555095672607,1.129363179206848,4.449254512786865,-0.8628600239753723,1.6457431316375732,3.436680316925049,0.7549980878829956,1.3981536626815796,4.042836666107178,-0.726325511932373,1.574209451675415
10,-326.1934509277344,67.10260009765625,-78.68881225585938,-6.590339183807373,-29.29146194458008,-20.35898208618164,-17.094640731811523,-30.333295822143555,-16.029401779174805,-14.063199996948242,-18.06303977966309,-1.4594377279281616,-6.468333721160889,3.917437791824341,-4.94404935836792,-1.543514847755432,-9.81500244140625,-8.781394004821777,-6.040571689605713,-2.149315357208252,-8.358084678649902,-1.3469756841659546,-6.798722267150879,1.224565505981445,-2.5696871280670166,-0.7440593242645264,-5.273091793060303,-0.0340213887393474,0.1806759685277938,5.01210880279541,-3.5661208629608154,0.6630988121032715,-0.3570708036422729,5.40925407409668,-1.7665876150131226,1.902324676513672,-0.6432621479034424,-0.1755189448595047,-2.074387311935425,2.9351015090942383
10,-339.2611999511719,64.06819152832031,-68.30845642089844,-21.658227920532227,-29.111114501953125,-19.020938873291016,-26.371421813964844,-17.141719818115234,-23.83072662353516,-14.36161994934082,-14.293209075927734,-10.055459022521973,-7.168694019317627,1.7587004899978638,-7.718441486358643,-1.236404538154602,-7.08510684967041,-2.8897719383239746,-3.84145712852478,1.9617453813552856,-6.34632682800293,-1.1386417150497437,-5.422800540924072,2.2870569229125977,-1.3109407424926758,-0.5116617679595947,-5.933563232421875,0.7575023174285889,0.428649365901947,1.2993789911270142,-2.1482839584350586,2.256622552871704,-1.310426950454712,2.5787243843078613,0.0475041382014751,1.8856474161148071,-0.4348387122154236,3.1668848991394043,-3.329132318496704,-1.4693541526794434
10,-380.3346252441406,76.84110260009766,-65.85465240478516,-15.176555633544922,-27.78781509399414,-22.21465110778809,-29.046632766723636,-16.056533813476562,-25.25672912597656,-14.191823959350586,-16.48087501525879,-7.165900707244873,-7.964263916015625,1.4730348587036133,-6.958291530609131,-1.11894428730011,-7.317875862121582,-2.448796033859253,-6.9817376136779785,-0.7483116388320923,-8.789172172546387,-0.735064685344696,-7.602312088012695,1.6911613941192627,-4.887718677520752,1.7227801084518433,-3.953608274459839,2.0488100051879883,-2.6228103637695312,0.7505413889884949,-2.642990827560425,2.758204460144043,-2.086115598678589,3.5838043689727783,0.3487223386764526,4.267718315124512,-0.170694038271904,3.0401201248168945,-3.2116000652313232,0.4067252576351166
9,-173.73301696777344,4.342380046844482,27.03836250305176,27.358917236328125,-4.830615520477295,15.695265769958496,5.933905124664307,6.7905755043029785,15.079330444335938,-1.7082265615463257,9.8827486038208,2.29764723777771,-2.044076442718506,8.96551513671875,-5.979609489440918,8.464431762695312,2.833808422088623,-0.0802699625492096,5.510644912719727,-0.7102553248405457,-0.755530059337616,3.49104905128479,-7.322936058044434,4.188018798828125,-4.58034610748291,2.7213313579559326,0.4796983599662781,0.9399775862693788,0.0003688569704536,1.5079916715621948,-4.55695915222168,3.728972911834717,-5.555312156677246,4.190040111541748,-4.288571357727051,2.6539862155914307,-1.4114477634429932,2.2171404361724854,-2.741631031036377,2.6810693740844727
9,-223.1315460205078,27.75598907470703,36.58777618408203,26.456378936767575,-7.221631526947021,18.304533004760746,4.825502872467041,3.413353443145752,21.9114933013916,-7.805805206298828,13.313920021057127,-0.1719348430633545,-6.691486835479736,11.993264198303224,-8.630901336669922,8.74148941040039,4.982006549835205,-1.830970764160156,7.867358207702637,-2.935014009475708,-1.3113330602645874,3.617531061172485,-9.180459022521973,5.298291206359863,-5.030354022979736,0.8415602445602417,1.009573459625244,1.5704596042633057,0.8153208494186401,2.547104597091675,-4.742565631866455,3.423959255218506,-7.02437162399292,4.485462188720703,-4.591764450073242,2.6447386741638184,-1.8200198411941528,3.539445638656616,-3.2893729209899902,2.5880415439605717
9,-199.77061462402344,13.618404388427734,34.60930633544922,26.270666122436523,-6.0547356605529785,16.604045867919922,4.1903395652771,4.913908004760742,17.83199691772461,-4.79763650894165,11.242419242858888,0.5725114345550537,-4.845807075500488,10.031972885131836,-7.360013008117676,8.74858283996582,4.259531021118164,-0.2603020071983337,7.229087352752685,-2.082000970840454,-0.9831774234771729,3.5158090591430664,-8.105628967285156,4.759744167327881,-5.18985652923584,1.5303782224655151,0.7015591859817505,1.310962796211243,0.1994974613189697,1.501155138015747,-4.765565872192383,3.4786221981048584,-7.1553568840026855,4.745638370513916,-3.900204658508301,1.9939603805541992,-1.4642863273620603,2.616831064224243,-2.474651575088501,2.342892646789551
9,-183.1567230224609,5.3989362716674805,31.047021865844727,27.614334106445312,-4.891172885894775,15.664690017700195,3.7773942947387695,6.845430850982666,14.231301307678224,-1.3254503011703491,9.430426597595217,1.011948823928833,-3.5499274730682373,8.723055839538574,-5.616328239440918,8.264939308166504,3.19425892829895,0.9432801604270936,5.933961391448975,-1.082548975944519,-0.8826227188110352,2.8709187507629395,-7.807533740997314,3.746106386184693,-4.858246803283691,2.038753032684326,0.1600835770368576,1.4162075519561768,0.1639403402805328,1.2181904315948486,-5.083460330963135,3.297037363052368,-6.810736179351807,3.571821689605713,-3.796405076980591,2.417518138885498,-0.9056604504585266,1.9839544296264648,-2.4223220348358154,2.618979454040528
9,-205.2998046875,18.843141555786133,31.50934219360352,28.357072830200195,-5.110870838165283,17.14086151123047,4.36459493637085,6.921261310577393,16.088069915771484,-1.7106988430023191,8.785860061645508,1.5249545574188232,-4.172745227813721,10.165644645690918,-6.075320720672607,7.876954555511475,3.924720764160156,0.4385290443897247,4.798627853393555,-0.7312531471252441,-1.280412673950195,3.119459867477417,-8.792461395263672,3.2909326553344727,-4.751165390014648,1.4454714059829712,0.3463910520076751,1.4404555559158323,0.35660120844841,1.9813698530197144,-5.071783065795898,2.825012445449829,-6.363780975341797,2.572824716567993,-4.639606952667236,2.8897879123687744,-1.0505419969558716,2.565952777862549,-3.0216896533966064,2.461243152618408
9,-241.51661682128903,43.98933792114258,33.720123291015625,26.344467163085938,-7.028077602386475,19.032289505004883,3.981478452682495,5.281256198883057,21.986276626586918,-6.746026039123535,10.850475311279297,2.0066440105438232,-6.660880088806152,11.961725234985352,-8.350679397583008,7.473640441894531,6.602858066558838,-1.8327192068099976,7.231915950775146,-1.4549267292022705,-1.9998129606246948,4.418646812438965,-9.905158996582031,3.195639133453369,-5.702602386474609,-0.4461055099964142,1.416960835456848,1.2096161842346191,-0.0398387759923934,1.687461018562317,-5.382687568664551,3.165074348449707,-6.019222259521484,3.950380086898804,-4.092148303985596,3.5067858695983887,-1.6589065790176392,3.0477449893951416,-3.562621116638184,2.316810607910156
9,-244.5301818847656,45.61847305297852,32.63390350341797,25.692907333374023,-5.3825554847717285,18.21119880676269,3.1906075477600098,6.046139717102051,20.90855026245117,-5.3327317237854,9.889334678649902,2.4042365550994877,-6.798370838165283,11.833934783935549,-7.474262237548828,7.48832368850708,5.357850074768066,-1.0325435400009155,6.124504089355469,-1.3923392295837402,-1.525123953819275,3.648346900939941,-8.866838455200195,3.815849542617798,-5.244175434112549,0.092352882027626,1.2297279834747314,1.845557451248169,-0.0255345851182937,1.9056533575057983,-4.819043159484863,3.246614933013916,-5.518940448760986,3.877620220184326,-4.243770122528076,3.115349769592285,-2.0456526279449463,2.6632609367370605,-2.7904670238494877,1.9386571645736692
9,-247.00965881347656,46.76720428466797,32.16875457763672,25.03252601623535,-5.819389820098877,19.070798873901367,2.96895432472229,3.8041000366210938,23.232192993164062,-5.909162521362305,11.262133598327637,2.531075954437256,-7.596453666687012,12.917366027832031,-8.309605598449707,7.095398426055908,5.732668876647949,-3.0243310928344727,6.505201816558838,-1.6270755529403689,-1.5942364931106567,4.912734031677246,-9.059988021850586,4.720592498779297,-4.385070323944092,-0.4666591584682464,1.6785719394683838,2.0450541973114014,0.0466822534799575,2.659050226211548,-5.071409225463867,3.454723834991455,-5.761814594268799,3.4122934341430664,-4.405152797698975,2.542239189147949,-1.978742003440857,3.130496025085449,-2.565886974334717,2.515833616256714
9,-247.60287475585935,47.764427185058594,31.107646942138672,25.97359275817871,-6.354880809783936,19.47612762451172,3.4758074283599854,2.572585344314575,24.59301376342773,-7.227776050567627,10.994349479675291,2.173532485961914,-7.62615442276001,13.656185150146484,-7.836844444274902,7.12697696685791,6.854552745819092,-4.162455081939697,6.789246082305908,-0.8372301459312439,-2.518996477127075,5.244252681732178,-9.651329040527344,4.577237606048584,-4.194211006164551,-0.9440931081771852,2.233639001846313,2.3319709300994877,-0.0348686575889587,3.72941255569458,-5.605412006378174,3.401756048202514,-5.643679618835449,3.5034515857696533,-3.67655873298645,2.82133412361145,-1.394140362739563,3.90159010887146,-2.87994647026062,3.2327322959899902
9,-252.34207153320312,52.14015197753906,30.446481704711918,24.747621536254883,-6.362385272979736,18.158151626586918,3.9131832122802734,3.496208667755127,22.4040641784668,-7.21628475189209,10.305150032043455,1.7296146154403689,-7.719361782073975,13.202407836914062,-7.02041482925415,7.488729953765869,7.436545372009277,-2.823967218399048,6.416211128234863,-0.2036269009113311,-2.2599661350250244,4.966746807098389,-9.30996322631836,4.605363368988037,-4.561217308044434,-0.5297008156776428,1.8644299507141116,1.955330729484558,0.0456399209797382,3.300046682357788,-5.044270515441895,3.597550392150879,-5.420137405395508,3.4902400970458984,-4.463591575622559,2.5211427211761475,-1.720965027809143,3.828117847442627,-2.406047821044922,3.046352863311768
9,-252.70623779296875,51.34323120117188,30.64689064025879,25.186145782470703,-6.461037635803223,17.82445526123047,4.642202377319336,3.5145654678344727,22.719970703125,-7.341808319091797,9.653355598449709,2.022599697113037,-7.854055404663086,13.641083717346191,-7.557046890258789,6.480185031890869,7.22786808013916,-2.522017002105713,6.689505577087402,-0.9911364316940308,-3.319743156433105,4.617711544036865,-9.464117050170898,4.26735782623291,-4.807021141052246,-0.6577661037445068,1.5403807163238523,1.902809858322144,0.8923563957214355,3.3686044216156006,-4.168004512786865,3.4954795837402344,-5.517991542816162,3.466039657592773,-4.753897666931152,2.6974871158599854,-1.272642970085144,3.8091208934783936,-2.682532787322998,2.844077587127685
9,-247.5341339111328,44.70802307128906,32.9564323425293,25.327112197875977,-7.683883190155029,18.87102508544922,5.392611503601074,3.0730435848236084,24.24081802368164,-8.932347297668457,10.820812225341797,1.9883581399917605,-7.313923835754394,13.922016143798828,-8.22161865234375,7.566821098327637,7.288773059844971,-3.1803674697875977,7.4996161460876465,-2.544370651245117,-2.592550039291382,4.79473876953125,-9.585275650024414,4.7472920417785645,-4.434225082397461,-0.7667170763015747,1.7825803756713867,1.4468423128128052,1.259447693824768,3.07651162147522,-4.550673007965088,3.672021150588989,-5.924488544464111,3.8498246669769287,-5.067972183227539,2.8951504230499268,-1.3799967765808103,3.7080888748168954,-2.931750774383545,3.0264387130737305
9,-244.9972381591797,42.03926086425781,34.65245056152344,25.0738525390625,-8.048528671264648,19.64773750305176,4.625185012817383,2.648707151412964,24.76412582397461,-9.1007719039917,11.960646629333496,1.3201828002929688,-7.326141357421875,13.325446128845217,-8.164240837097168,8.33650016784668,7.521372318267822,-3.842772722244263,7.595641613006592,-2.874190330505371,-1.879404902458191,4.957357406616211,-9.794713973999023,5.147069454193115,-4.451449394226074,-1.1430065631866455,1.9800612926483157,1.811940312385559,0.9759740233421326,2.9633171558380127,-4.977709770202637,3.2347278594970703,-6.3651227951049805,4.463383674621582,-4.551640510559082,2.733738899230957,-1.433549880981445,3.749072551727295,-2.279826164245605,3.766847848892212
9,-243.7806701660156,44.47462463378906,33.76711654663086,25.69601249694824,-8.778449058532715,18.139646530151367,4.230407238006592,3.593226432800293,24.950279235839844,-8.636768341064453,11.67532444000244,1.2845826148986816,-7.460423946380615,12.712529182434082,-7.818441390991211,7.485002517700195,6.484005451202393,-2.622009754180908,7.604702472686768,-2.01488733291626,-1.819829344749451,4.217000961303711,-10.112058639526367,5.222318172454834,-3.7252137660980233,0.5349777340888977,1.58458149433136,2.354970693588257,0.1411336660385131,2.7919933795928955,-5.341945648193359,4.63081693649292,-6.154520034790039,3.791111469268799,-4.951306819915772,1.905811429023743,-1.910295248031616,3.73916244506836,-2.9126596450805664,3.219640016555786
9,-243.21987915039065,42.58934020996094,32.42097091674805,27.964738845825195,-4.963885307312012,17.556215286254883,4.526719093322754,4.818728923797607,21.97585105895996,-5.619261741638184,9.214879035949709,1.2773690223693848,-7.167555332183838,11.89143180847168,-7.976609230041504,6.854198455810547,6.8831467628479,-2.1509768962860107,6.07914400100708,-0.9137277007102966,-2.828017234802246,4.336127281188965,-8.664040565490723,4.702521324157715,-4.540415287017822,-0.2009401321411132,1.3870760202407837,1.219233155250549,-0.5244933366775513,3.205278158187866,-4.637843608856201,3.6084585189819336,-6.001138687133789,2.6678476333618164,-3.8988544940948486,2.5845468044281006,-1.0578020811080933,3.9179954528808594,-3.048051595687866,2.735313892364502
9,-237.2656707763672,36.526763916015625,35.03581237792969,27.127342224121094,-4.947596549987793,17.663503646850586,3.87626314163208,5.358349800109863,21.535484313964844,-4.903957366943359,9.298834800720217,1.0229781866073608,-6.114750862121582,11.775925636291504,-7.66524076461792,7.26262903213501,6.285763263702393,-1.208689570426941,5.475459098815918,-0.7320106625556946,-2.494643449783325,4.186176300048828,-8.961267471313477,4.634365558624268,-4.078385829925537,0.7495496273040771,0.8831899762153625,1.6077749729156494,-0.5289415121078491,3.3892269134521484,-4.877038478851318,3.974941730499268,-5.522507667541504,3.076382875442505,-3.991161584854126,2.709074020385742,-0.8861790299415588,4.03973913192749,-3.1053545475006104,2.5151093006134038
9,-184.7742919921875,6.491640567779541,32.59294128417969,27.656373977661133,-3.2695024013519287,16.75999641418457,4.185398578643799,7.104909896850586,16.33860969543457,-1.5609670877456665,11.478035926818848,2.8531978130340576,-2.2077057361602783,9.680011749267578,-6.0806660652160645,8.510428428649902,3.044527530670166,0.3171582221984863,6.022964000701904,-1.514462113380432,-0.6912180185317993,3.445855140686035,-6.758190631866455,5.240727424621582,-4.694299221038818,2.6349384784698486,0.9625176191329956,0.8511806130409241,0.8889743089675903,1.680973768234253,-4.335172653198242,4.751956462860107,-5.773721218109131,4.3290557861328125,-3.7681283950805664,2.8908634185791016,-1.5535345077514648,1.142404556274414,-2.1106743812561035,2.805693387985229
9,-227.96676635742188,27.697751998901367,37.49246597290039,26.661075592041016,-6.5883893966674805,18.188371658325195,3.489248275756836,4.136867523193359,21.440324783325195,-5.919434070587158,10.604716300964355,2.3536741733551025,-6.805287837982178,12.47016429901123,-7.960213661193848,7.1759352684021,4.644206523895264,-1.8762420415878296,6.692981243133545,-1.085674285888672,-1.7393732070922852,3.601091861724853,-8.71196460723877,5.13214111328125,-3.26814341545105,0.6647816300392151,1.7402386665344238,2.148879289627075,0.3225363194942474,3.0557374954223637,-4.94980525970459,3.576521873474121,-5.321274757385254,3.411872386932373,-4.944249629974365,1.591044306755066,-2.0451931953430176,2.721157550811768,-3.5810694694519043,2.299426794052124
9,-229.7686920166016,28.35128593444824,36.075008392333984,27.590656280517575,-6.512923717498779,17.437129974365234,3.907505989074707,4.39450216293335,22.065128326416016,-5.625176429748535,10.044212341308594,1.8737550973892207,-6.749482154846191,11.669657707214355,-8.605597496032715,8.242308616638184,5.528087139129639,-1.3653037548065186,6.660514831542969,-1.412489891052246,-2.187828540802002,4.110377788543701,-9.021081924438477,4.9324235916137695,-3.47346830368042,0.987345814704895,1.6242588758468628,2.3010804653167725,0.1594049930572509,3.239834308624268,-5.701361656188965,3.666398048400879,-5.769107341766357,3.570270776748657,-5.156073093414307,1.8035454750061035,-1.5565557479858398,3.331002712249756,-3.6179065704345694,2.66481876373291
9,-230.20872497558597,32.87065887451172,35.10631561279297,26.50511360168457,-5.091451168060303,17.628671646118164,4.134487628936768,5.241639137268066,20.594913482666016,-3.4150595664978027,8.866049766540527,2.72660231590271,-6.217695713043213,11.89382266998291,-7.711628913879394,7.960722923278809,4.785285472869873,-0.7248189449310303,5.77504825592041,-0.5575484037399292,-2.15189266204834,3.6082756519317623,-9.58987808227539,3.95731782913208,-3.784225463867188,0.5693358778953552,1.2365083694458008,1.6048632860183716,-0.1929845362901687,3.167701244354248,-5.344486236572266,2.8769683837890625,-5.897330284118652,2.930506467819214,-5.049732208251953,1.916461944580078,-1.6300207376480105,2.706012725830078,-3.2253403663635254,1.8741744756698608
9,-230.0062713623047,33.695465087890625,35.40638732910156,25.775978088378903,-3.9482266902923584,16.734241485595703,4.386589527130127,5.877335071563721,19.11197280883789,-2.2497074604034424,7.624667644500732,2.814688205718994,-6.091150760650635,10.97211742401123,-7.160944938659668,7.898259162902832,4.17571496963501,-0.6851481199264526,4.521106719970703,0.6027659177780151,-2.539378881454468,3.4158413410186768,-9.223755836486816,3.243030071258545,-4.343390941619873,0.7142470479011536,0.8681254982948303,2.6818532943725586,0.3473233878612518,3.104588508605957,-5.055551052093506,3.1314640045166016,-5.513096332550049,2.791976928710937,-4.66704797744751,1.458504557609558,-1.7756319046020508,2.9102563858032227,-3.516268491744995,2.082027673721313
9,-227.8751373291016,30.670068740844727,35.64118194580078,25.97569274902344,-5.943465232849121,16.1497802734375,3.9373390674591056,5.3858962059021,20.01496124267578,-3.454814910888672,8.3954496383667,2.2044546604156494,-5.367672443389893,10.585004806518556,-6.707845687866211,8.7698392868042,4.8141913414001465,-1.2927491664886477,5.215701580047607,-0.3206992149353027,-2.1792008876800537,4.0832366943359375,-8.570517539978027,3.5228147506713867,-5.22427225112915,0.5975331664085388,1.1022552251815796,2.4805850982666016,0.4469093382358551,2.852186679840088,-5.24144172668457,4.007504940032959,-5.54849100112915,3.012661457061768,-4.886135578155518,1.970418095588684,-1.4812556505203247,3.131216764450073,-3.1686623096466064,2.476655960083008
9,-224.02720642089844,25.550291061401367,36.31527328491211,26.031137466430664,-6.35561466217041,17.144912719726562,4.415552616119385,4.623189449310303,19.332857131958008,-4.145684719085693,8.787593841552734,2.18681263923645,-5.397541522979736,10.943217277526855,-6.758914470672607,8.78787612915039,4.775607585906982,-0.4053599536418915,5.509692192077637,-0.9055054783821106,-2.0223820209503174,4.117457866668701,-7.739727020263672,4.061995506286621,-5.160966873168945,1.5566208362579346,1.0284090042114258,1.9741016626358032,0.2457696497440338,2.1311466693878174,-5.246583461761475,3.375030279159546,-5.531825542449951,3.180097818374634,-4.693960189819336,2.744337558746338,-1.2019494771957395,3.076894521713257,-2.343043088912964,2.7564361095428467
9,-188.9530792236328,8.850945472717285,31.50205993652344,26.55889892578125,-4.672358512878418,16.294246673583984,3.4410240650177,7.073339462280273,15.79056167602539,-1.126657485961914,10.023907661437988,3.19216537475586,-2.886393547058105,9.196677207946776,-6.600038528442383,7.674643993377685,2.693190097808838,-0.0497863851487636,5.155419826507568,-1.0428783893585205,-1.2042748928070068,2.829639196395874,-7.383028507232666,4.384618282318115,-5.023063659667969,1.4532471895217896,0.4756523072719574,1.0245052576065063,0.2685445547103882,2.3938913345336914,-4.509312629699707,3.749935150146485,-5.710925102233887,3.981511354446411,-4.115872859954834,2.3299760818481445,-1.5005412101745603,1.7393136024475098,-2.3889174461364746,2.524465084075928
9,-223.52691650390625,24.16362190246582,36.16894912719727,26.08668327331543,-6.043428897857666,17.233226776123047,4.322766780853272,4.700606346130371,17.919456481933594,-3.105844020843506,8.63239860534668,2.185508728027344,-5.4563984870910645,10.286155700683594,-7.237269401550293,7.742309093475342,4.789122581481934,-0.4619968831539154,5.610087871551514,-0.1122090741991996,-2.1252970695495605,4.185171604156494,-7.6093058586120605,4.163897514343262,-4.587942123413086,1.7291922569274902,0.5439847707748413,1.512235403060913,-0.3039939403533935,2.397475481033325,-5.68862771987915,2.7816107273101807,-5.718611717224121,3.370779037475586,-4.05158281326294,3.0168514251708984,-1.2733938694000244,3.202921152114868,-2.6266236305236816,3.0399699211120605
9,-214.40304565429688,24.33792495727539,36.61273193359375,25.638805389404297,-6.293760299682617,17.873165130615234,4.612812042236328,4.964656352996826,19.597156524658203,-4.769426345825195,11.087989807128906,1.7349977493286133,-5.535096168518066,11.015515327453612,-7.872054576873779,6.692436218261719,2.7947375774383545,-1.2250279188156128,5.133472442626953,-1.6024564504623413,-1.7689003944396973,3.202085018157959,-7.483314514160156,4.485236644744873,-4.469555854797363,0.8240312337875366,0.5014834403991699,2.498164176940918,0.7458385229110718,1.7291605472564695,-4.566188335418701,3.397457361221313,-6.040243625640869,3.662344932556152,-4.686886787414551,2.2984793186187744,-1.951075911521912,2.285520076751709,-2.507946491241455,2.865461587905884
9,-221.4374542236328,28.99760055541992,32.844974517822266,28.498607635498047,-7.550426959991455,15.98074436187744,4.437768936157227,4.18507194519043,19.984210968017575,-4.290215969085693,12.066067695617676,0.6591107845306396,-3.628885746002197,11.7495756149292,-7.918998718261719,9.45537281036377,4.16079568862915,-2.466313362121582,7.107356071472168,-2.5847179889678955,-1.226675033569336,3.7299983501434326,-8.67500114440918,4.756372928619385,-5.256744384765625,0.6624863743782043,0.6010510921478271,1.2494173049926758,0.8146952986717224,1.7593826055526731,-5.135805130004883,3.1370270252227783,-6.67165470123291,3.842031478881836,-4.748639106750488,3.6662635803222656,-1.222987413406372,3.546680212020874,-2.4557855129241943,2.236603260040283
7,-219.55148315429688,145.41094970703125,-4.082355976104736,11.276623725891112,11.573169708251951,8.570364952087402,-8.808122634887695,6.105605125427246,7.655448436737059,-0.0546690672636032,-5.940118312835693,2.922116994857788,-4.043073177337647,-2.3879668712615967,-3.8924405574798575,-2.9224681854248047,-9.238264083862305,-1.9049341678619385,-3.5306713581085205,-0.0407171510159969,-6.202671527862549,-1.3523952960968018,-7.281726837158203,-1.3398741483688354,-1.974269270896912,1.6334654092788696,-2.792048931121826,4.23154878616333,1.7349437475204468,2.017134666442871,-7.268994808197021,-1.6630858182907104,-2.3922786712646484,2.9836108684539795,-4.725858211517334,-1.1777523756027222,-6.211183547973633,-3.115755081176758,-3.808511972427368,1.656021237373352
7,-221.39285278320312,145.8954315185547,-5.032841682434082,10.669275283813477,11.177416801452637,10.01469612121582,-8.69848918914795,8.796799659729004,6.1751251220703125,0.2433532476425171,-7.245743751525879,2.34916353225708,-4.495858192443848,-2.572962760925293,-3.989332675933838,-5.028137683868408,-9.135937690734863,1.457181096076965,-4.066359043121338,-2.2327723503112797,-5.634174823760986,-1.483463168144226,-7.087001323699951,-0.4530448615550995,-3.2470223903656006,-0.5313082337379456,-1.8867743015289309,3.933497905731201,0.8549035787582397,2.5354814529418945,-5.8446879386901855,-2.101966142654419,-2.814279317855835,3.087846279144287,-3.7498602867126474,-0.1523512899875641,-5.876455783843994,-1.8879742622375488,-3.6365811824798575,-0.4175465703010559
7,-219.65284729003903,139.0406494140625,-2.583162307739258,11.47286605834961,8.55585765838623,12.793739318847656,-9.418110847473145,10.50700855255127,4.536084175109863,-3.883521318435669,-8.849708557128906,1.3128952980041504,-3.731865167617798,0.3863909840583801,-1.361446499824524,-0.6210652589797974,-7.730337619781494,-2.4182283878326416,-3.2310473918914795,-1.5340189933776855,-4.209902286529541,-2.2072107791900635,-8.60240650177002,0.9248673915863036,-2.415259838104248,2.3563451766967773,-2.9937186241149902,4.2862548828125,1.0745868682861328,0.9278651475906372,-8.156695365905762,-0.4861260652542114,-1.5609917640686035,2.214756727218628,-3.285154104232788,1.8432345390319824,-6.887261390686035,-0.5831848382949829,-0.7367615103721619,0.2938696444034576
7,-224.84864807128903,146.50314331054688,-2.547166347503662,11.860610008239746,9.19382381439209,13.56919765472412,-6.753860950469971,7.090514183044434,1.0364022254943848,-4.712724208831787,-7.347664833068848,-0.0489510223269462,-5.575619220733643,-0.0157241374254226,-1.4183045625686646,-0.4837111234664917,-5.461719512939453,-2.450821876525879,-3.408911943435669,-1.1725536584854126,-6.281787872314453,-2.1707241535186768,-7.231090545654297,-0.8506689071655273,-2.8307738304138184,3.024632453918457,-3.220235586166382,2.3723132610321045,-1.0130071640014648,0.9026546478271484,-6.95316743850708,1.180169939994812,-2.1923627853393555,0.1242806762456893,-4.336357116699219,2.105414867401123,-4.939745903015137,0.4265421628952026,-1.462483286857605,-0.9569658041000366
7,-235.22561645507807,150.389892578125,-2.6995179653167725,11.728572845458984,7.449708938598633,12.059663772583008,-10.558145523071287,1.6163880825042725,4.8592634201049805,-0.1736022382974624,-4.270455360412598,3.5630948543548584,-2.2784552574157715,-1.0098865032196045,-2.51126480102539,-2.319532871246338,-3.747880697250366,3.0797221660614014,-2.843071460723877,0.791144847869873,-4.679405212402344,-0.1075697019696235,-5.586950778961182,0.5077860355377197,-3.010707378387451,0.8557022213935852,-5.309897422790527,0.1653853207826614,-2.2550976276397705,3.1896677017211914,-7.055676937103272,0.3372334539890289,-2.150986909866333,2.02167010307312,-4.367048263549805,0.931169092655182,-3.8361852169036874,3.0080678462982178,-0.8837128281593323,-0.5363878011703491
7,-229.4244079589844,144.03627014160156,-2.180061101913452,12.568551063537598,7.78140115737915,11.76279354095459,-12.43894100189209,4.667715072631836,5.521817207336426,2.0758814811706543,-2.154824733734131,3.7572734355926514,-2.6782989501953125,-4.234095573425293,-2.352588176727295,-1.5284364223480225,-6.480055332183838,0.7238253355026245,-2.616886854171753,0.4601037800312042,-4.556539535522461,0.5872130393981934,-5.9139018058776855,-0.4168696701526642,-3.870986461639404,3.267318725585937,-2.398720026016236,1.3732759952545166,-0.5270861983299255,4.900360584259033,-8.456995964050293,-2.255319595336914,-2.195416212081909,1.7644610404968262,-5.068626880645752,0.5444863438606262,-6.560050964355469,2.3268330097198486,-1.0328596830368042,-1.548377275466919
10,-253.1147003173828,81.53064727783203,-44.592079162597656,-3.304391384124756,-7.2246785163879395,-6.4909772872924805,1.7508140802383425,-8.280069351196289,4.072686672210693,10.892146110534668,5.753293037414551,12.744721412658691,-3.330496072769165,4.6470046043396,-8.618635177612305,-2.427665948867798,-0.5311921238899231,4.550008773803711,-0.2455147504806518,1.58076274394989,-2.136772394180298,4.669439792633057,-8.172978401184082,2.117082118988037,-3.164468288421631,4.505904674530029,-1.725106120109558,5.93165922164917,2.722738742828369,1.831021904945373,-5.719407558441162,-1.4140297174453735,-5.061440944671631,-0.9422062039375304,-5.321662902832031,2.5514891147613525,1.0594017505645752,7.683885097503662,1.6207449436187744,1.4632996320724487
10,-279.1350402832031,81.23149871826172,-40.9531478881836,12.50352382659912,-0.7560508847236633,-10.15477466583252,0.9458871483802797,-3.406925916671753,-3.840282201766968,7.581398487091064,1.383141279220581,11.067922592163086,0.3708822727203369,5.146737575531006,-6.004650592803955,5.244926929473877,0.2350895553827285,-5.7899932861328125,-1.149034857749939,4.417954444885254,-4.432544231414795,3.707374572753906,-4.033965587615967,0.1294103264808654,-2.0132646560668945,7.233102321624756,-0.7122539281845093,2.663939952850342,2.323606491088867,0.4619876742362976,-0.3140379190444946,0.3954707384109497,-6.709129333496094,0.8065369129180908,-0.2296189367771148,3.818513870239258,-2.926664113998413,5.397961139678955,-0.6444132328033447,0.6143412590026855
5,-499.25433349609375,60.65945816040039,12.89749240875244,-0.0347984172403812,-1.8264223337173464,4.762281894683838,-7.48324728012085,-1.9507678747177124,-2.274470567703247,-5.870932102203369,1.0374881029129028,3.046040296554565,0.2527530789375305,2.908501625061035,-2.052513599395752,-2.979109048843384,1.9673951864242556,0.6063370108604431,0.8578987717628479,2.7647736072540283,4.568497657775879,3.895969867706299,1.618210792541504,0.789476752281189,1.4820865392684937,1.7491735219955444,0.2633630037307739,-0.3852462470531463,-1.286631464958191,-1.9307788610458372,-2.829644203186035,-0.6920990943908691,-1.3577065467834473,-2.573352336883545,-2.6603097915649414,-0.5281161069869995,0.2650865316390991,1.2069774866104126,1.302188754081726,0.8667261004447937
5,-475.2896423339844,40.80195999145508,5.396968841552734,-4.352716445922852,-3.023712396621704,-0.2550350129604339,-4.778110504150391,-1.0895087718963623,-1.526097059249878,-3.516824245452881,-0.0802986621856689,1.3595741987228394,1.3795154094696045,2.4134891033172607,-0.931554079055786,-0.4352681934833526,1.9688396453857424,2.3882851600646973,2.2080211639404297,3.1990880966186523,3.6225452423095694,2.083016395568848,0.4710552990436554,0.1852392256259918,-0.2266775518655777,-0.6102016568183899,0.1440694332122802,1.768266677856445,1.2190743684768677,-0.3465659022331238,-0.5808056592941284,0.5509664416313171,0.281127005815506,-0.2099604904651641,-0.1258927434682846,0.4543581008911133,-0.0578314512968063,-0.2350360304117202,0.1634671688079834,0.8840409517288208
5,-444.5362548828125,89.4359359741211,10.254718780517578,-8.499129295349121,-7.935230731964111,-0.1970055252313614,-13.01155948638916,-5.722422122955322,-6.15950345993042,-9.182043075561523,-0.9347715973854064,2.325551986694336,-1.7204211950302124,2.801809787750244,-2.960270643234253,-2.9758763313293457,2.211440324783325,1.6525870561599731,0.1167000979185104,2.363914728164673,2.627980232238769,1.0805834531784058,-0.908900797367096,-0.4546153247356415,-0.4279749989509582,-1.0324959754943848,-2.4253172874450684,1.009423017501831,-1.0581473112106323,-1.6520029306411743,-2.639653205871582,0.3887068331241607,-0.209743782877922,-0.0668805986642837,-0.8053657412528992,0.954363226890564,0.7208866477012634,0.524604856967926,0.701903223991394,1.0629124641418457
7,-210.2603912353516,133.01568603515625,-41.83754348754883,-9.650531768798828,-22.690832138061523,4.830423831939697,12.290860176086426,21.624141693115234,-6.126401424407959,-7.760311126708984,-6.588614463806152,0.055352360010147,-16.524620056152344,-8.788966178894043,-5.519574165344238,-1.7970010042190552,-8.944615364074707,0.8745113611221313,-11.31350040435791,-4.469649791717529,-4.253608703613281,0.6316985487937927,-5.591091632843018,-1.5512797832489014,-4.797512054443359,5.324814796447754,-2.384061098098755,-1.1683626174926758,-5.641180515289307,-0.9415462017059326,-4.748219966888428,0.7053932547569275,-5.407876968383789,0.7378064393997192,-2.025501012802124,1.2438008785247805,-2.534631967544556,1.4411178827285769,-5.598989009857178,1.5626046657562256
7,-206.5645294189453,130.03326416015625,-44.916988372802734,-11.893824577331545,-19.214431762695312,9.088805198669434,11.46127223968506,18.205400466918945,-8.186518669128418,-8.050427436828613,-5.258449077606201,1.3108837604522705,-13.830484390258787,-7.022078514099121,-4.448326587677002,0.4891935884952545,-6.718008518218994,-1.2447997331619265,-11.638860702514648,-2.546975612640381,-2.122490882873535,2.505129337310791,-2.824275016784668,0.4271296560764313,-2.2194080352783203,5.68712043762207,-2.5904290676116943,-1.7170490026474,-5.957250595092773,0.2121697515249252,-2.9125919342041016,2.7990307807922363,-3.4173688888549805,1.8776880502700808,-2.1482222080230717,0.6666116714477539,-2.955178022384644,-0.0762126222252845,-5.631071090698242,1.970426321029663
7,-211.561279296875,129.54312133789062,-37.41130447387695,-14.17788791656494,-17.462514877319336,12.47145938873291,9.744303703308104,18.59071350097656,-6.773606777191162,-6.610304355621338,-5.193347454071045,0.8136253356933594,-11.447221755981444,-4.73481559753418,-4.136081695556641,1.459783673286438,-5.389839172363281,-2.1694631576538086,-10.411794662475586,-0.4801290929317474,-1.2150418758392334,3.655669689178467,-1.3134939670562744,1.890457391738892,-1.2301827669143677,4.832879543304443,-2.45857310295105,-0.7016879320144653,-4.295830726623535,1.715278387069702,-1.2013938426971436,2.935855865478516,-3.546024799346924,1.821272850036621,-1.998334050178528,0.7059726119041443,-3.071394920349121,1.897141695022583,-3.640374183654785,2.4157676696777344
7,-217.8362579345703,119.51936340332033,-30.225421905517575,-14.470394134521484,-13.177483558654783,17.932205200195312,10.910265922546388,17.34979248046875,-9.650973320007324,-5.1384758949279785,-1.7250072956085205,3.368551015853882,-10.01848030090332,-4.461928367614746,-4.270519733428955,1.66472327709198,-4.434803485870361,-1.4653925895690918,-9.819517135620115,0.1559004932641983,0.0506840981543064,6.213736534118652,-1.7808504104614258,1.9165997505187988,-0.8233177661895752,4.917401313781738,-2.349849939346313,-0.1437743604183197,-3.7062442302703857,3.4684722423553467,0.01503745932132,2.4112765789031982,-3.650670766830444,1.029336929321289,-2.324707269668579,1.3472551107406616,-3.377474546432495,1.651288390159607,-2.968871831893921,3.647794246673584
7,-205.42845153808597,104.81560516357422,-19.088478088378903,-17.199588775634766,-7.543786525726318,14.599580764770508,13.076400756835938,15.236316680908203,-5.098247051239014,-5.437347888946533,-1.006950855255127,1.9940340518951416,-9.113182067871094,-3.391984462738037,-1.8798449039459229,2.6342899799346924,-4.258350372314453,-1.3396291732788086,-9.231481552124023,2.010805606842041,0.513587236404419,6.970719337463379,-2.5167524814605717,2.798380136489868,-1.2604871988296509,4.317181587219238,-3.0242552757263184,-0.1112201809883117,-4.698756694793701,3.621713161468506,-0.3441169261932373,3.0225093364715576,-2.905223608016968,2.047032594680786,-1.8785308599472048,1.7626022100448608,-3.294164657592773,1.1404365301132202,-3.1849136352539062,4.351290702819824
7,-194.1748504638672,106.64234924316406,-19.28301048278809,-14.399470329284668,-9.81521987915039,8.6338529586792,8.981966018676758,13.58558464050293,-1.144290804862976,-2.815854787826538,-3.437766790390014,-3.1886403560638428,-10.815374374389648,-0.6310559511184692,-0.2250992059707641,2.912126064300537,-6.398222923278809,-1.3193858861923218,-5.79264497756958,4.449608325958252,-2.267357349395752,4.787784099578857,-2.766111373901367,2.938676118850708,-0.9490858912467957,2.738224029541016,-3.350764513015747,1.736469268798828,-3.859595775604248,2.092846155166626,-2.376734495162964,3.0594496726989746,-1.9232603311538696,2.704845666885376,-2.0874993801116943,2.0620265007019043,-2.9502999782562256,0.9141374826431274,-3.914094924926758,3.524801731109619
7,-189.84446716308597,116.61815643310548,-25.676332473754883,-2.694692373275757,-12.20329761505127,13.415801048278809,2.795135259628296,9.839763641357422,-1.1977311372756958,3.388606309890747,-0.4755768477916717,-1.159354329109192,-10.48745346069336,1.1912177801132202,-2.939781188964844,1.8755342960357664,-8.663897514343262,0.5618115663528442,-3.032623529434204,5.940000534057617,-2.3761954307556152,2.614631414413452,-2.0098907947540283,3.342410087585449,-0.2581480741500854,1.8745309114456177,-2.376500129699707,3.92742919921875,-2.5998380184173584,1.7310034036636353,-2.68425726890564,2.13356351852417,-2.152506828308105,2.856898307800293,-2.7488231658935547,1.7889915704727173,-2.3482043743133545,0.8365342617034912,-3.4459750652313232,2.1958272457122803
7,-202.3663787841797,135.06764221191406,-30.913034439086918,-9.48882007598877,-22.91274642944336,15.453365325927734,-3.241543292999268,13.360766410827637,5.505091667175293,-2.9591453075408936,-17.47300910949707,-1.8227618932724,-9.227588653564451,0.9443278908729552,-2.993739604949951,-4.635181427001953,-5.977871417999268,3.7072291374206543,-0.5614783763885498,4.397580146789551,-4.035916328430176,-0.3640255033969879,-1.436779260635376,4.702793598175049,-6.293107986450195,2.7653865814208984,-1.6055816411972046,-1.102357268333435,-0.224336177110672,2.528923511505127,-4.070053577423096,4.115533351898193,-5.111899375915527,3.529175043106079,-2.839743137359619,1.0023773908615112,-1.273011326789856,-2.925608396530152,0.4178876876831054,-0.4625498652458191
10,-151.73243713378906,108.37474822998048,-15.669730186462402,12.6398286819458,7.062831401824951,19.637605667114254,7.994173049926758,29.060169219970703,12.428483963012695,8.268590927124023,-0.3882692456245422,14.099846839904783,12.00119400024414,6.047276020050049,-3.314350843429565,3.3099186420440674,4.935711860656738,0.8361175060272217,-7.619212627410889,11.394125938415527,10.325722694396973,5.319225788116455,-7.450587749481201,9.29716682434082,3.3809852600097656,5.878541469573975,2.4542951583862305,3.051429033279419,3.863690853118897,4.308721542358398,2.8099403381347656,5.127295970916748,-4.891141891479492,-1.4283136129379272,3.650392770767212,7.98592472076416,1.6887383460998535,5.808448314666748,-4.000973224639893,6.315188407897949
10,-152.62979125976562,108.35342407226562,-14.758941650390623,13.0285005569458,7.462036609649658,20.325519561767575,7.205953598022461,29.03376197814941,12.59927463531494,8.728038787841797,0.3532785177230835,14.371827125549316,11.352521896362305,5.302138328552246,-3.630259513854981,4.205860137939453,5.914223670959473,1.2251359224319458,-7.618627548217773,10.489208221435549,10.280091285705566,5.629427909851074,-7.570017337799072,8.490385055541992,3.045790433883667,5.098940372467041,2.252017021179199,3.7256765365600586,3.763552188873291,4.022989273071289,2.835780620574951,5.485367298126221,-5.180898189544678,-0.937289535999298,3.777261257171631,8.274828910827637,1.6246298551559448,5.6162848472595215,-3.9322502613067623,5.844983100891113
10,-151.4014434814453,105.09615325927734,-14.054301261901855,12.76850128173828,6.297123432159424,19.95984268188477,8.63809585571289,30.52410888671875,12.538063049316406,8.805313110351562,0.5255792737007141,12.774166107177734,11.84916877746582,6.103919982910156,-2.0452349185943604,5.464982986450195,6.268472671508789,1.076834797859192,-8.785237312316895,9.851275444030762,10.386825561523438,4.956526756286621,-6.9134202003479,7.829970359802246,1.905777931213379,4.806412220001221,2.8445935249328613,3.687159538269043,2.652772665023804,3.474353551864624,1.9796009063720703,5.001098155975342,-4.279397010803223,-0.0825195834040641,5.242838382720947,9.894974708557127,1.957101821899414,5.495107173919678,-3.8216731548309326,6.366037368774414
10,-150.49070739746094,107.23870086669922,-12.517617225646973,13.17664623260498,6.577000141143799,19.387619018554688,7.558312892913818,29.64286231994629,11.972577095031738,9.218814849853516,0.5565296411514282,11.417866706848145,11.086175918579102,6.82858943939209,-0.7498717308044434,7.076939582824707,5.558104038238525,1.032305121421814,-7.658344268798828,10.301613807678224,9.169775009155272,3.6546742916107178,-6.930156230926514,7.730579376220703,2.340451717376709,4.8918328285217285,3.643290042877197,3.978574275970459,3.0720977783203125,3.2756989002227783,1.481871485710144,5.67484188079834,-3.823561429977417,0.8809425234794617,5.367924690246582,8.803266525268555,2.3193471431732178,5.160403728485107,-4.446900844573975,5.591892242431641
10,-150.91473388671875,106.83259582519533,-12.80608081817627,13.11173152923584,7.0314459800720215,18.973543167114254,7.206602096557617,29.01468276977539,12.569204330444336,9.873858451843262,0.4605418443679809,11.081311225891112,11.0580472946167,6.188049793243408,-1.2174630165100098,7.007074356079102,5.356250762939453,2.077927589416504,-6.401697635650635,10.815245628356934,8.51154899597168,2.8926799297332764,-7.200625896453857,7.518319129943848,2.2691280841827397,5.42840576171875,3.751927375793457,3.530086040496826,2.6160833835601807,2.826127290725708,2.0039055347442627,6.033152103424072,-3.3249528408050537,1.1218948364257812,4.9717631340026855,8.461716651916504,2.7607650756835938,4.814055919647217,-4.760174751281738,5.328846454620361
10,-152.43881225585938,106.25366973876952,-13.259980201721191,12.740666389465332,7.4661383628845215,18.91273307800293,7.4510178565979,29.22967338562012,12.804546356201172,9.422564506530762,0.4470695555210113,11.885086059570312,11.457414627075195,5.664920806884766,-1.272716760635376,6.373435020446777,5.344415664672852,2.7659523487091064,-5.368402481079102,11.49398136138916,8.089320182800293,2.476048231124878,-7.317947387695312,7.716391086578369,2.426323413848877,5.973658084869385,3.7006568908691406,3.440847396850586,2.278195858001709,3.052161455154419,1.8119577169418333,5.54145097732544,-3.6002132892608643,0.4958904385566711,4.436439514160156,9.113104820251465,2.6292834281921387,4.381444454193115,-4.352447509765625,6.202116012573242
10,-153.09002685546875,108.14850616455078,-12.17160987854004,12.656712532043455,7.172058582305908,18.502620697021484,7.295417308807373,28.705020904541016,11.837430953979492,8.596054077148438,0.5891342759132385,12.058446884155272,11.868743896484377,5.579320430755615,-0.9141805171966552,6.230093479156494,5.76795768737793,2.8716745376586914,-5.034663200378418,12.005410194396973,7.928543090820312,2.3863401412963867,-7.7223076820373535,7.712996482849121,2.8007965087890625,5.45247745513916,3.9488401412963863,2.8945152759552,2.090292930603028,3.3075931072235107,1.5070571899414062,5.1734299659729,-3.635186195373535,0.0053627146407961,4.394556522369385,9.215567588806152,2.240198135375977,4.146751880645752,-4.769180774688721,6.220828056335449
10,-153.5952911376953,107.70296478271484,-12.97547721862793,12.680726051330566,6.424890995025635,18.487274169921875,7.80931282043457,29.009958267211918,12.299066543579102,9.322412490844728,1.0759414434432983,11.525432586669922,10.994027137756348,5.157441139221191,-1.2396564483642578,5.503859519958496,6.128852844238281,2.90753173828125,-4.975494384765625,11.923986434936523,8.23956298828125,3.457602024078369,-7.447562217712402,8.3339262008667,3.3943421840667725,5.621971607208252,4.118078708648682,2.4251787662506104,1.3979079723358154,3.4074149131774902,1.7010821104049685,5.397297859191895,-3.3102617263793945,-0.2850554287433624,4.524831295013428,9.278143882751465,2.1154701709747314,4.7551679611206055,-5.041093826293945,6.45756196975708
10,-153.7268829345703,106.59076690673828,-14.025904655456545,12.680252075195312,5.422845840454102,19.00895500183105,8.301764488220215,29.32097053527832,12.676609992980955,9.588889122009276,1.405855417251587,11.476211547851562,11.202488899230955,5.047091007232666,-1.232330322265625,5.042809009552002,6.005826950073242,3.123615503311157,-5.296536445617676,11.498808860778809,8.171928405761719,3.618839263916016,-6.844097137451172,9.32636260986328,3.23929214477539,6.764221668243408,4.164188861846924,2.503292322158813,1.8575596809387207,3.610785484313965,2.001631021499634,5.133688926696777,-3.336620569229126,-0.3756766319274902,3.954814195632935,9.133644104003906,2.006108045578003,5.443129062652588,-4.823791027069092,6.854763031005859
10,-152.60931396484375,105.63382720947266,-14.045330047607422,12.046095848083496,5.250855922698975,19.37135124206543,7.9031147956848145,29.755006790161133,12.552908897399902,9.202392578125,1.542068362236023,11.673665046691896,11.982315063476562,4.911725044250488,-1.6248313188552856,5.104670524597168,6.191021919250488,2.869340181350708,-5.638279438018799,11.193516731262209,8.3222074508667,3.409055471420288,-7.150792598724365,9.945289611816406,3.633956670761109,6.71348762512207,3.854068756103516,2.8838977813720703,2.4750542640686035,3.788205623626709,2.609094381332397,5.182104587554932,-3.346126079559326,-0.6915306448936462,3.840988159179688,8.938253402709961,1.430617332458496,5.481338024139404,-4.520637512207031,6.695859432220459
10,-150.84942626953125,106.42596435546876,-13.078500747680664,12.113140106201172,5.697012901306152,18.988035202026367,7.247039794921875,29.42059135437012,12.27511501312256,8.5586576461792,0.5784305334091187,11.52943515777588,11.472125053405762,5.175848007202148,-1.3954893350601196,5.556484222412109,6.81343936920166,2.0991370677948,-5.619661331176758,11.325995445251465,8.361702919006348,3.699640035629273,-7.633730411529541,9.2949800491333,3.3030893802642822,5.835272312164307,3.4219095706939697,2.73956561088562,2.8243815898895264,3.943220615386963,2.782897710800171,6.076329708099365,-3.145960807800293,-0.3119246959686279,4.739216327667236,9.1428861618042,0.9508000016212464,4.776440143585205,-4.504343032836914,6.156919002532959
10,-150.53170776367188,107.85124969482422,-12.538056373596191,12.419962882995604,6.009352207183838,18.756736755371094,7.630672931671143,28.96497917175293,11.830092430114746,8.07654857635498,0.0923725664615631,11.148859024047852,11.210094451904297,5.427327156066895,-0.7157057523727417,6.169578075408936,6.832638263702393,1.5153053998947144,-6.100849628448486,10.657111167907717,8.135944366455078,3.4716105461120605,-7.695163726806641,8.502386093139648,2.888067960739136,5.551324844360352,3.811522006988525,3.3853752613067627,2.717832326889038,3.7207436561584473,2.1096229553222656,6.074717044830322,-3.337434768676758,0.295555830001831,5.090919017791748,9.193456649780272,1.3253130912780762,4.660144805908203,-4.012058258056641,6.412689208984375
10,-151.8787384033203,107.18099975585938,-15.508747100830078,12.564915657043455,6.663196563720703,21.76287841796875,7.240903854370117,28.53714942932129,13.075074195861816,9.172649383544922,-0.0195465646684169,13.514577865600586,11.031704902648926,5.542743682861328,-3.432182550430298,4.743507385253906,6.520212650299072,2.167059898376465,-7.577317714691162,9.964112281799316,9.562728881835938,4.4283857345581055,-7.4507527351379395,8.494616508483887,2.523324489593506,5.322851657867432,2.871858835220337,4.159341812133789,3.400233268737793,3.5192313194274902,2.9944169521331787,5.869516849517822,-4.8532586097717285,-1.199234127998352,3.354914426803589,8.408530235290527,1.6009472608566284,5.524180889129639,-3.697884559631348,5.703141212463379
10,-150.72137451171875,106.65644073486328,-13.435441970825195,11.321615219116213,5.637801647186279,19.28585433959961,8.253983497619629,29.93544006347656,11.712488174438477,8.58163070678711,0.5647803544998169,11.01460075378418,11.677062034606934,5.2693867683410645,-1.1638487577438354,5.864256858825684,6.914319515228272,1.22179114818573,-6.6079277992248535,10.535037994384766,9.317306518554688,4.115320682525635,-6.9851250648498535,8.776839256286621,3.1891300678253174,5.675883769989014,4.246962547302246,3.8199079036712646,2.2916362285614014,3.577399730682373,2.2266159057617188,5.913504600524902,-4.170097351074219,0.0553079284727573,4.980159759521484,9.056989669799805,1.450058937072754,5.117901802062988,-4.079440116882324,6.431544780731201
10,-150.9001922607422,106.0164794921875,-13.849535942077637,11.078593254089355,5.164219856262207,19.71556663513184,8.640751838684082,30.44576072692871,12.08743381500244,8.818462371826172,0.0019414382986724,10.636920928955078,11.297731399536133,5.362860202789307,-1.3767907619476318,5.613017559051514,7.720415115356445,1.3480898141860962,-6.675177097320557,11.317659378051758,9.80998420715332,4.291854381561279,-6.6586079597473145,9.281194686889648,2.8652517795562744,5.789223670959473,3.977743625640869,3.7545673847198486,2.898545742034912,3.876047849655152,2.4735329151153564,5.958953380584717,-4.1372904777526855,-0.0357507467269897,4.4493279457092285,8.825560569763184,1.2065867185592651,5.056883335113525,-4.639360904693604,6.018558025360107
10,-151.45457458496094,106.1119613647461,-13.880874633789062,11.265975952148438,5.268435955047607,19.43571281433105,9.067405700683594,30.14116477966309,12.829317092895508,9.508220672607422,0.1594294309616089,10.132280349731444,10.93669319152832,5.412196636199951,-1.7006564140319824,5.310098648071289,7.654282569885254,1.4489941596984863,-6.85905122756958,10.7357816696167,9.420001029968262,4.171163558959961,-6.150027751922607,9.54061794281006,3.164925098419189,6.873192310333252,4.787559509277344,4.002235889434815,3.0311765670776367,3.774909734725952,1.6962908506393433,5.051326751708984,-3.783826112747192,0.014290583319962,3.6031486988067623,8.879342079162598,1.0244704484939575,4.83920955657959,-4.336074352264404,6.32907772064209
10,-150.02316284179688,107.65625,-12.098523139953612,11.794303894042969,5.185645580291748,18.81475830078125,8.302739143371582,28.88907814025879,12.147007942199709,9.142953872680664,0.0578754395246505,10.397881507873535,11.172993659973145,6.02176570892334,-1.854849934577942,5.532884120941162,7.488625526428223,2.196312427520752,-6.258275985717773,10.08317756652832,8.357966423034668,3.8327245712280273,-6.57485818862915,9.1056489944458,2.140641450881958,6.36634635925293,4.271090984344482,3.690364837646485,2.3016748428344727,3.98687744140625,2.578256130218506,5.530116558074951,-3.724454879760742,0.1717401593923568,3.9792516231536874,8.755301475524902,0.6593248844146729,4.375360488891602,-4.165790557861328,6.418417453765869
10,-149.69935607910156,107.75892639160156,-11.274105072021484,11.560680389404297,4.919968605041504,18.811586380004883,8.375120162963867,28.77985000610352,11.879846572875977,8.316818237304688,0.0350811034440994,10.69053554534912,10.808396339416504,6.521135330200195,-1.725126028060913,5.428394794464111,7.027180671691895,2.63162612915039,-5.376349925994873,10.35574722290039,7.929134845733643,3.3944406509399414,-7.13979959487915,9.02303981781006,2.110170841217041,5.533085823059082,3.337120532989502,3.5750865936279297,2.429725170135498,4.500154495239258,3.384882688522339,6.256924629211426,-3.408299684524536,0.2849692404270172,4.677123546600342,8.641798973083496,0.7865152359008789,4.134104251861572,-4.591706275939941,6.151185035705566
10,-151.28907775878906,105.06852722167967,-13.063477516174316,10.77297592163086,4.66673469543457,18.94840431213379,8.81089973449707,30.0152587890625,11.995864868164062,9.0371732711792,1.3871175050735474,11.422479629516602,11.070826530456545,5.349726676940918,-2.3952651023864746,4.838109493255615,6.297562122344971,2.116487979888916,-5.925365447998047,10.731932640075684,8.736950874328613,4.057207107543945,-6.296300411224365,9.925643920898438,3.662125587463379,6.723637580871582,4.1952290534973145,3.98991584777832,2.3706274032592773,4.510904312133789,2.6310555934906006,5.722166061401367,-3.5071632862091064,-0.2202334553003311,4.696582794189453,9.135491371154783,0.8941786289215088,4.207566738128662,-4.555728435516357,6.382394790649414
10,-150.69403076171875,104.2905044555664,-13.251191139221191,11.46607494354248,5.387594699859619,19.186260223388672,8.985819816589355,30.343509674072266,11.359692573547363,9.153764724731444,1.218927979469299,11.662924766540527,11.209734916687012,4.84537410736084,-2.4581453800201416,4.590031147003174,5.861116409301758,2.408910036087036,-6.139355659484863,10.896628379821776,9.18985366821289,4.196106433868408,-6.609403133392334,10.02865505218506,4.340166091918945,6.873096942901611,4.510805606842041,4.170325756072998,2.4618825912475586,4.42453670501709,2.036181926727295,5.575259685516357,-2.992691993713379,-0.0242734253406524,4.519871234893799,8.905926704406738,1.1260594129562378,4.053986072540283,-3.675184965133667,6.483692169189453
10,-149.45115661621094,105.38665008544922,-14.128796577453612,12.803430557250977,6.23997688293457,20.60892105102539,9.697670936584473,29.51171875,10.875638961791992,9.42742919921875,0.9222382307052612,11.714902877807615,10.859381675720217,5.088338375091553,-2.5041160583496094,4.325437545776367,4.543881893157959,3.390873432159424,-5.5038228034973145,10.946645736694336,9.162759780883787,4.738642692565918,-7.364693641662598,9.05305290222168,4.034659385681152,6.500378131866455,4.725438594818115,3.5978341102600098,2.828845739364624,5.641058444976807,1.8829283714294436,6.604350566864014,-2.5694262981414795,0.8275274634361267,3.937819004058838,9.053510665893556,2.3503570556640625,4.918101787567139,-3.671686887741089,6.40044641494751
10,-149.07530212402344,107.0480728149414,-15.715038299560549,12.526649475097656,7.067025661468506,20.885723114013672,9.46113109588623,28.57671356201172,10.2235689163208,9.985895156860352,1.845839500427246,12.790517807006836,11.512154579162598,5.625182628631592,-2.402550220489502,3.6220908164978023,3.285120248794556,4.294551849365234,-5.49310302734375,10.727461814880373,7.879933834075928,5.303125858306885,-7.10579776763916,8.555760383605957,3.321431875228882,6.78859806060791,5.084218502044678,3.162600517272949,2.253570318222046,6.286126613616943,1.631921648979187,6.97318696975708,-3.188730478286743,1.047924518585205,3.378705739974976,9.01060676574707,2.84297251701355,4.908877849578857,-4.103857040405273,6.333432674407959
10,-150.5081024169922,107.41374969482422,-16.0589656829834,11.811647415161133,7.7179131507873535,20.59320831298828,8.951922416687012,28.519020080566406,10.116044044494627,10.49989414215088,2.162647485733032,12.786050796508787,12.283873558044434,6.289224624633789,-1.8662575483322144,3.069240093231201,2.69131088256836,4.371169090270996,-5.796671390533447,10.148921966552734,7.257711410522461,5.3976569175720215,-6.554649353027344,8.804937362670898,3.408822059631348,7.137502193450928,4.594906330108643,3.281705141067505,1.590935468673706,5.7151408195495605,1.5274386405944824,6.307004928588867,-3.9324045181274414,0.7703811526298523,3.764015436172485,9.131126403808594,2.777015447616577,4.570135593414307,-3.8890461921691895,6.253900527954102
10,-151.23146057128906,105.88983154296876,-15.980491638183594,12.765637397766112,6.163792133331299,21.848859786987305,7.236669540405273,28.551706314086918,13.072503089904783,9.279122352600098,-0.5660996437072754,12.54719066619873,10.768548965454102,5.38186502456665,-2.7804079055786133,4.948630332946777,6.402060031890869,2.7466440200805664,-6.986697673797607,10.377452850341797,9.069686889648438,4.099828243255615,-7.090096473693848,8.65656852722168,2.663595676422119,5.806022644042969,2.981534957885742,4.29097318649292,3.0119524002075195,3.5853328704833984,2.9483938217163086,6.614314079284668,-4.608524799346924,-1.294831395149231,3.146874189376831,8.52197551727295,1.712126851081848,5.406117916107178,-3.962003707885742,5.330980777740479
10,-150.6383056640625,107.17776489257812,-16.309736251831055,12.420472145080566,7.288347244262695,20.758007049560547,8.504683494567871,28.19603538513184,10.411367416381836,10.743885040283203,2.1494271755218506,12.759517669677734,13.058788299560549,6.386205196380615,-2.2486140727996826,3.254798173904419,2.624969720840454,3.7864723205566406,-5.96879243850708,9.801307678222656,8.012701988220215,5.324345588684082,-5.921478271484375,9.225112915039062,4.112377166748047,7.09246301651001,4.342197895050049,3.25568962097168,1.6452804803848269,6.140576362609863,1.915973663330078,6.550719261169434,-3.890143156051636,0.236908882856369,4.204779624938965,9.056798934936523,3.0565340518951416,5.624081134796143,-3.4892168045043945,6.7123847007751465
10,-151.38963317871094,106.21849822998048,-15.70309066772461,13.341602325439451,6.498013019561768,20.727718353271484,6.846432685852051,28.313060760498047,12.232210159301758,9.20627498626709,-0.4325708746910095,12.628232955932615,10.501582145690918,5.058917045593262,-2.457324743270874,5.629642963409424,7.011415958404541,2.366589069366455,-7.541301250457764,10.250484466552734,8.916909217834473,4.365384101867676,-7.206524848937988,8.557852745056152,3.1446399688720703,5.959012031555176,3.3264834880828857,4.099289894104004,3.1595847606658936,4.145440101623535,3.063196182250977,6.483339786529541,-4.697324275970459,-0.5962713360786438,3.6171000003814697,8.196415901184082,1.55500590801239,6.002644062042236,-4.054394721984863,5.708446025848389
10,-151.50575256347656,107.00487518310548,-15.834446907043455,12.69834804534912,6.472742557525635,20.15816879272461,7.361385822296143,28.10594940185547,11.979724884033203,8.336701393127441,-0.5924476385116577,12.598876953125,10.91584587097168,5.488621234893799,-2.5889906883239746,5.673747539520264,6.69282865524292,2.1598825454711914,-7.562426567077637,10.52053165435791,8.881573677062988,4.449862480163574,-6.969624996185303,8.69216251373291,3.275028705596924,6.13365650177002,3.6350231170654297,3.9547598361968994,3.41499137878418,4.267147541046143,3.1544783115386963,6.375432014465332,-4.552414894104004,-0.6683659553527832,3.952646970748901,8.222042083740234,2.1549789905548096,6.526985168457031,-4.112766742706299,5.791536331176758
10,-151.31527709960938,106.95569610595705,-15.111486434936523,12.13888454437256,5.844954490661621,20.33108711242676,8.383777618408203,28.707414627075195,12.106727600097656,7.623170375823975,-1.6235227584838867,12.984278678894045,12.106733322143556,5.771489143371582,-3.7597501277923584,5.311923503875732,6.038297653198242,1.912257194519043,-7.430944919586182,10.63747501373291,9.66964626312256,5.154129981994629,-6.268368244171143,8.46969223022461,3.1158721446990967,6.03878116607666,3.114879846572876,3.4665095806121826,3.381227731704712,4.5286478996276855,3.401153326034546,6.55204439163208,-4.478680610656738,-0.6952559947967529,4.12105655670166,8.397372245788574,2.533200263977051,5.83981466293335,-4.935770034790039,5.619054794311523
10,-149.36668395996094,106.5254898071289,-14.849818229675291,11.537429809570312,5.746135711669922,20.332460403442383,8.395033836364746,28.815452575683597,12.21871852874756,7.431346893310547,-2.170444965362549,13.756720542907717,12.884586334228516,6.460048198699951,-4.217720031738281,4.6750593185424805,6.46604061126709,1.570606350898743,-7.559064865112305,10.6489839553833,10.58522605895996,5.349056720733643,-6.301299095153809,8.080872535705566,2.338383197784424,6.268647193908691,2.959266185760498,3.215296030044556,3.1075961589813232,4.712637901306152,4.369794845581055,6.144194602966309,-4.59742546081543,-1.1158982515335083,4.127071857452393,8.55935001373291,2.302456855773926,5.761528015136719,-5.747982025146484,5.070549011230469
10,-148.75926208496094,106.29762268066406,-14.9773588180542,11.380044937133787,5.5009846687316895,19.81842803955078,7.89092206954956,28.78594970703125,12.570555686950684,7.725302219390869,-1.176373839378357,14.475929260253906,13.327874183654783,6.667892456054688,-3.329842567443848,4.236872673034668,6.624241352081299,1.7789835929870603,-8.14261245727539,10.184696197509766,10.579483032226562,5.140903472900391,-6.868118762969971,8.29137134552002,2.5363411903381348,5.9682230949401855,2.9295449256896973,3.43300461769104,2.6870229244232178,3.8923280239105225,3.313781976699829,5.490556240081787,-4.808086395263672,-1.4938583374023438,4.028258800506592,8.149116516113281,1.4869649410247805,5.980686187744141,-4.942949295043945,5.293456554412842
10,-150.44349670410156,105.12664031982422,-14.72867488861084,11.954307556152344,5.665682792663574,19.792680740356445,8.375788688659668,29.587608337402344,12.779979705810549,8.437278747558594,0.1291984766721725,14.426018714904783,13.239283561706545,5.898375511169434,-3.0168471336364746,4.330945491790772,6.640035152435303,1.811478614807129,-8.933358192443848,9.407171249389648,10.648005485534668,5.358581066131592,-7.137939453125,7.8205790519714355,2.2649025917053223,4.833568096160889,2.516751766204834,3.012209892272949,2.583201169967652,3.2500994205474854,2.3323490619659424,4.814381122589111,-4.813512325286865,-0.7845039963722229,4.5520734786987305,8.829900741577148,1.5776959657669067,5.685035228729248,-3.8864710330963135,6.1320672035217285
8,-435.7275695800781,58.06895446777344,-3.227313995361328,-19.79755973815918,-20.758087158203125,-22.430274963378903,-19.743186950683597,-11.364551544189451,-9.984291076660156,0.5325607061386108,3.5230274200439453,1.4291603565216064,1.461750030517578,3.384587287902832,5.22339391708374,1.6884337663650513,-3.608269691467285,-3.598297357559204,-6.446495532989502,-8.58338451385498,-8.42616081237793,-4.630112648010254,-2.1351068019866943,2.470186233520508,1.754844069480896,-0.0640612989664077,-3.188931465148926,-3.4033093452453613,-4.226064682006836,-3.944016695022583,-3.1650290489196777,0.5706930756568909,-0.6495151519775391,1.0947649478912354,1.1045055389404297,2.1218008995056152,1.3480257987976074,0.8012260794639587,0.2001176178455352,-0.728386640548706
8,-383.3326721191406,79.60641479492188,-16.785749435424805,-37.56254196166992,-33.06284713745117,-30.33219146728516,-25.518686294555664,-12.742854118347168,-12.658662796020508,0.7392142415046692,4.641999244689941,1.9065486192703247,2.415477752685547,7.765937328338623,13.969382286071776,6.362013339996338,-6.508561134338379,-11.401219367980955,-11.168329238891602,-9.897035598754885,-5.718517780303955,-2.329709053039551,-2.122535228729248,2.3641293048858643,3.988554000854492,1.7555934190750122,-4.129551410675049,-5.002411365509033,-5.489724159240723,-4.077544212341309,-3.152882575988769,-0.1425536572933197,0.1459877789020538,2.075202703475952,-0.4993723332881927,0.9958165287971495,1.3554325103759766,1.469967484474182,0.940329611301422,0.3590263724327087
8,-388.28521728515625,101.39299774169922,-14.364288330078123,-39.606441497802734,-30.0347957611084,-33.93528747558594,-33.96257400512695,-11.942669868469238,-10.003222465515137,1.5773906707763672,-3.571889162063598,-5.331562519073486,-2.83811616897583,6.9727888107299805,15.089688301086426,8.060422897338867,-5.447844982147217,-7.521006107330322,-9.13609218597412,-14.684489250183104,-10.39943790435791,-3.334945678710937,-0.2652536034584045,2.5750253200531006,0.429907739162445,-7.077823638916016,-9.086986541748049,-3.3016419410705566,-4.440948486328125,-5.557570934295654,-4.598609447479248,-0.5678784251213074,-2.056140422821045,1.5846319198608398,0.559590220451355,1.70297110080719,0.80687415599823,1.815945386886597,0.679534912109375,0.1063008457422256
9,-338.97772216796875,154.96337890625,-25.85585021972656,24.965002059936523,3.244809627532959,20.321653366088867,11.52692985534668,17.10863494873047,14.381609916687012,14.947012901306152,0.6378037333488464,5.233195781707764,-3.699712038040161,1.5348705053329468,-4.814374923706055,0.9532895684242249,-1.911632776260376,2.8060407638549805,-6.496700763702393,-3.4087016582489014,-2.080780267715454,1.2669628858566284,-7.234776973724365,-3.994612693786621,-8.156755447387695,-1.32779061794281,-6.486930847167969,-2.8036060333251958,-5.119741439819336,-0.1747652143239975,-4.913311958312988,-0.5292677283287048,-3.5739200115203857,-0.930018961429596,-3.5836305618286133,0.2478425800800323,-2.083381175994873,2.778930187225342,2.347168207168579,3.4006779193878174
9,-339.1868591308594,154.203369140625,-26.972227096557617,25.07555389404297,3.3811168670654297,19.957399368286133,10.040056228637695,16.537757873535156,13.499364852905272,14.165284156799316,0.4683440625667572,5.053990840911865,-5.330257892608643,0.950285017490387,-4.979791641235352,-0.4926623702049255,-2.2262301445007324,2.2847299575805664,-7.679375648498535,-3.629936456680298,-3.550785541534424,0.4456241726875305,-6.987627983093262,-4.469976425170898,-9.235236167907717,-2.330594301223755,-8.039484024047852,-4.206684112548828,-5.7273268699646,0.6128424406051636,-4.621325492858887,-1.9109715223312376,-4.992063045501709,-1.067286252975464,-3.2522544860839844,0.8887443542480469,-2.190107583999634,3.1619014739990234,1.6231828927993774,2.475502252578736
9,-340.1426696777344,154.45948791503906,-28.33038330078125,25.912073135375977,0.8885579109191895,20.095369338989254,10.940363883972168,16.388708114624023,11.63867473602295,11.918730735778809,1.412923812866211,5.434154510498047,-6.877650737762451,-1.559559345245361,-4.856933116912842,0.7782200574874878,-3.156949996948242,0.9992721676826476,-6.54367733001709,-3.764531373977661,-4.044541358947754,-1.0522295236587524,-8.088576316833496,-3.646119594573975,-8.67821216583252,-3.831252336502075,-7.767663478851318,-2.0442984104156494,-5.197537422180176,-0.9916199445724488,-5.076951026916504,-1.761327862739563,-4.689195156097412,-2.0894696712493896,-4.072501659393311,-1.3906238079071045,-3.887059450149536,1.8726402521133425,0.4168785512447357,3.109677791595459
9,-338.9642333984375,152.8235626220703,-27.94845962524414,25.96562767028809,1.0428816080093384,20.53029060363769,9.849562644958496,15.777453422546388,11.190577507019045,12.00640106201172,0.8289394378662109,5.601590156555176,-7.284014701843262,-2.7718780040740967,-5.802366733551025,0.4910454154014587,-2.770792961120605,0.9734965562820436,-7.491357803344727,-3.887355327606201,-4.73691463470459,-1.7052522897720337,-8.625909805297852,-3.417039394378662,-8.536611557006836,-3.40154242515564,-7.621724605560303,-2.2028751373291016,-5.515507698059082,-0.8790178298950195,-4.827089786529541,-1.5188966989517212,-4.754003047943115,-2.192098617553711,-5.256526947021484,-1.1869986057281494,-4.188785076141357,1.572066068649292,0.4742519855499267,3.1793301105499268
9,-337.3634948730469,153.0543212890625,-29.324113845825195,25.71573829650879,0.896013617515564,20.532302856445312,9.600811958312988,15.923661231994627,11.884960174560549,11.931403160095217,-0.0570287108421325,5.553422927856445,-6.924585819244385,-2.9899916648864746,-5.751218795776367,0.8483618497848511,-2.607186794281006,0.4049329757690429,-7.706027030944824,-4.030614376068115,-5.047867774963379,-2.018230438232422,-8.32927417755127,-3.311133861541748,-8.793865203857422,-3.3168210983276367,-7.915980339050293,-3.207571506500244,-6.263094902038574,-1.5411425828933716,-5.170303821563721,-2.0242373943328857,-5.112940311431885,-2.404879331588745,-5.442030906677246,-0.9922879338264464,-4.172399997711182,1.6548826694488523,0.6918147206306458,2.962270498275757
9,-338.0738220214844,153.45867919921875,-29.26433753967285,24.75045394897461,0.4514249265193939,20.0166072845459,10.483394622802734,15.701010704040527,11.511394500732422,11.28398895263672,-0.3151412010192871,5.760501861572266,-6.443475246429443,-3.096653938293457,-5.6196818351745605,0.5217015147209167,-2.295461654663086,0.7406006455421448,-7.681571960449219,-4.592425346374512,-4.894673824310303,-2.337888717651367,-8.635761260986328,-3.6257050037384033,-9.310731887817385,-4.07252311706543,-8.41311264038086,-4.188177585601807,-6.076061725616455,-1.7180200815200806,-5.7312774658203125,-2.288693428039551,-4.782867431640625,-2.1225874423980717,-4.84284257888794,-1.0910074710845947,-4.152711391448975,1.675951600074768,0.8552284240722656,2.787024736404419
9,-339.2761535644531,153.68995666503906,-28.02203750610352,24.553485870361328,0.3890811204910278,19.91507339477539,10.988936424255373,15.686864852905272,10.427532196044922,11.332743644714355,0.2436818480491638,6.158173561096191,-6.037333965301514,-3.176256895065308,-6.403930187225342,-0.1374571621417999,-1.679032325744629,1.8498343229293823,-7.515354156494141,-4.673196315765381,-5.37606143951416,-2.468146800994873,-8.872106552124023,-3.367464780807495,-9.33880615234375,-4.452117443084717,-8.262085914611816,-4.04421854019165,-6.053661346435547,-1.1754279136657717,-5.686739921569824,-2.410019397735596,-5.203463554382324,-2.679068326950073,-4.555771350860596,-1.5564101934432983,-4.631165504455566,2.1011946201324463,0.7427950501441956,2.6379642486572266
9,-334.8265380859375,151.13658142089844,-24.53209114074707,24.91621971130371,2.6936097145080566,21.15263938903809,11.485313415527344,16.921051025390625,12.472597122192385,12.571548461914062,1.6370328664779663,6.717887878417969,-4.063621044158936,-1.9658862352371216,-5.394460201263428,-0.2414435744285583,0.175614058971405,2.9893362522125244,-6.003267765045166,-4.366025447845459,-4.692698955535889,-1.6886340379714966,-7.028578758239746,-2.437549829483032,-7.805434226989746,-4.508159637451172,-7.555736064910889,-3.169796943664551,-4.361846923828125,-0.4063492715358734,-3.9262328147888175,-2.474809169769287,-4.863386154174805,-2.878629684448242,-3.496057748794556,-1.363543152809143,-3.711940288543701,2.057182788848877,1.0750603675842283,2.7779481410980225
9,-328.4333801269531,147.59190368652344,-21.54421043395996,26.966045379638672,3.210947275161743,23.25736427307129,12.217596054077148,18.11440658569336,13.515913009643556,14.25040054321289,3.529846429824829,8.259110450744629,-3.077722549438477,0.2711198925971985,-3.919903516769409,0.9287936687469482,1.2560813426971436,4.62611198425293,-4.331631660461426,-2.421433210372925,-3.447739839553833,-0.5144432187080383,-5.880587577819824,-1.790272235870361,-6.756322860717773,-3.051941156387329,-7.463958263397217,-1.882715106010437,-2.5607924461364746,0.8764762878417969,-2.687335252761841,-1.6714441776275637,-3.8628084659576416,-1.6293073892593384,-3.333244800567627,-0.8056712746620178,-2.713488340377808,2.525530815124512,1.6709386110305786,3.5032873153686523
9,-327.5220947265625,147.7475128173828,-22.89573097229004,27.174335479736328,1.714712381362915,22.59202003479004,11.960597038269045,18.616504669189453,12.51150131225586,13.931612014770508,3.571213483810425,8.471731185913086,-3.951936721801758,0.4837177991867065,-4.407557010650635,1.4225561618804932,0.2134467959403991,4.571423530578613,-4.044027328491211,-1.338828682899475,-3.763414621353149,-0.5307717323303223,-5.739394187927246,-1.8585171699523928,-8.146819114685059,-2.7719974517822266,-7.205709457397461,-1.0586367845535278,-2.3928544521331787,1.8209559917449951,-3.5784714221954346,-1.798343062400818,-4.487380027770996,-1.241646409034729,-3.826608657836914,-0.0818740278482437,-2.721170663833618,2.1648082733154297,1.5227915048599243,4.389707088470459
9,-327.0700988769531,148.2911834716797,-23.13335418701172,25.591297149658203,1.3083280324935913,20.429197311401367,10.380793571472168,18.50313377380371,12.090679168701172,12.764847755432127,2.369497060775757,6.961294651031494,-5.238114833831787,-0.8431224226951599,-5.85324764251709,0.9145491719245912,-1.2479337453842163,3.5099124908447266,-4.7307868003845215,-1.840155243873596,-4.705855846405029,-1.3613548278808594,-6.371283531188965,-2.4340291023254395,-9.355463027954102,-3.74915075302124,-7.257706642150879,-1.1074259281158447,-2.9172685146331787,1.9543358087539675,-5.081995487213135,-2.206869602203369,-5.271278381347656,-1.161030650138855,-4.1365485191345215,0.3471514880657196,-3.091379165649414,1.3783241510391235,0.7354126572608948,4.54080057144165
9,-325.6106872558594,147.436279296875,-21.525972366333008,25.04542350769043,1.6265928745269775,20.36238670349121,9.976359367370604,18.33358764648437,11.811880111694336,13.114364624023438,2.7200374603271484,6.349885940551758,-5.436400890350342,-0.9263028502464294,-5.975044250488281,1.1770281791687012,-0.9767165780067444,4.67423152923584,-4.402229309082031,-2.963852643966675,-5.097973823547363,-1.1859824657440186,-6.428891658782959,-2.382910251617432,-8.916777610778809,-4.045605659484863,-7.592886447906494,-0.8462993502616882,-3.547648429870605,1.6222708225250244,-4.982308387756348,-1.6704531908035278,-5.523671627044678,-1.0837324857711792,-4.040302753448486,0.8624477386474609,-3.318018674850464,1.6434837579727173,0.3862728178501129,4.143535614013672
9,-345.7575988769531,155.96316528320312,-25.708595275878903,25.75305938720703,1.8401459455490112,19.836355209350582,10.548669815063477,16.33879852294922,13.39753246307373,14.086236953735352,0.6043244004249573,4.849559307098389,-6.355247020721436,-0.1552350521087646,-4.287386417388916,-1.0222454071044922,-4.018038749694824,-0.2130988240242004,-8.201528549194336,-3.767244338989258,-4.416674137115479,-1.050997018814087,-7.438799858093262,-4.877769470214844,-9.435476303100586,-3.266662359237671,-8.101656913757324,-3.928821325302124,-5.906336307525635,-0.4038339853286743,-4.220290184020996,-2.7382822036743164,-4.965081691741943,-1.6591049432754517,-3.3624818325042725,1.1050474643707275,-1.875499248504639,2.559391498565674,1.8889236450195312,2.082283973693848
9,-349.5569152832031,157.97137451171875,-24.63570785522461,26.558977127075195,-0.5450344085693359,19.46725082397461,12.188396453857422,17.36547088623047,13.025017738342283,13.102462768554688,-0.3085346221923828,4.911155223846436,-6.745215892791748,-0.9326017498970032,-5.500540256500244,-1.1460020542144775,-4.786893844604492,-0.4747455716133117,-7.67057466506958,-3.9310898780822754,-5.013011932373047,-1.767651915550232,-8.68545913696289,-5.466467380523682,-9.444086074829102,-2.7589361667633057,-7.680537700653076,-2.357618808746338,-5.931179046630859,-1.2916196584701538,-4.4916157722473145,-2.188580274581909,-4.461536407470703,-1.67409348487854,-3.808788537979126,0.7504971027374268,-1.970814228057861,1.968053221702576,1.0392030477523804,1.339888572692871
9,-344.24639892578125,155.02923583984375,-23.018823623657227,25.18881607055664,-1.2653764486312866,19.133323669433597,13.072335243225098,18.15467643737793,12.942408561706545,11.279744148254396,-0.945675015449524,4.755549430847168,-7.708937168121338,-0.3678253591060638,-5.87381649017334,-1.597536325454712,-4.5709757804870605,-0.078913889825344,-7.81441593170166,-3.909073829650879,-5.2900166511535645,-2.0502378940582275,-9.078109741210938,-5.067106246948242,-8.793014526367188,-2.9596526622772217,-8.522831916809082,-2.135333299636841,-6.080491065979004,-0.2667246162891388,-5.232094764709473,-2.1945390701293945,-4.140503883361816,-1.1719387769699097,-4.277318477630615,0.4785975217819214,-1.924528241157532,2.6788156032562256,0.6277812123298645,1.1795103549957275
9,-341.6941833496094,154.48947143554688,-23.307640075683597,25.16803932189941,0.0067519261501729,18.98344039916992,11.632713317871094,18.06839370727539,13.718047142028809,11.711200714111328,-1.1768014430999756,3.959747791290283,-7.940714836120605,0.0799251869320869,-5.36329460144043,-1.313990592956543,-4.0613694190979,0.3771256804466247,-7.963040351867676,-3.849910736083984,-4.879317760467529,-2.3500397205352783,-9.301822662353516,-4.757281303405762,-8.371866226196289,-3.2217471599578857,-8.509573936462402,-2.269463539123535,-5.999492168426514,0.1031350344419479,-5.355481147766113,-1.9651556015014648,-3.2326674461364746,-1.0160181522369385,-4.866781234741211,-0.0360920429229736,-1.2008990049362185,3.663970708847046,0.6140512228012085,1.6476341485977173
9,-333.8027038574219,155.27442932128906,-24.4471435546875,27.158130645751957,1.4168611764907837,20.282907485961918,10.394485473632812,17.443912506103516,14.324419021606444,13.07741641998291,-0.3987164795398712,4.259117603302002,-8.158390998840332,-0.9563904404640198,-5.407810688018799,-0.9703025817871094,-3.1131160259246826,1.5053809881210327,-6.75253438949585,-3.7989308834075928,-5.081847190856934,-1.854599118232727,-7.701470851898193,-3.631573438644409,-7.257727146148682,-2.055082082748413,-7.510205268859863,-1.497818946838379,-5.861934185028076,-0.0686263740062713,-4.268828392028809,-1.3249496221542358,-3.562380790710449,-1.1561061143875122,-4.428353786468506,0.255837082862854,-0.7243611812591553,3.553473949432373,0.6634933352470398,1.5465396642684937
9,-329.7141418457031,155.21009826660156,-25.300914764404297,28.71656036376953,1.8314528465271,21.030141830444336,10.58631992340088,18.391765594482425,14.345373153686523,13.039192199707031,0.2549185752868652,5.346901893615723,-7.591120719909668,-0.8862837553024292,-5.032904148101807,-0.6967225670814514,-2.6509547233581543,1.545979619026184,-6.392201900482178,-3.54238510131836,-4.658793926239014,-1.0331013202667236,-6.683133602142334,-3.075737953186035,-7.380937099456787,-1.3495742082595823,-6.780435562133789,-0.755619466304779,-5.043468952178955,0.4476795494556427,-2.94980263710022,-0.8753454089164734,-4.131626129150391,-1.2092422246932983,-4.442718505859375,0.4775622189044952,-0.5513928532600403,3.94452714920044,1.0994857549667358,1.94022536277771
9,-335.21063232421875,156.6339874267578,-25.705564498901367,26.88911819458008,1.6414824724197388,21.017202377319336,10.488971710205078,18.41678237915039,13.961044311523438,12.298190116882324,0.5908927917480469,5.308143138885498,-6.322108745574951,-0.8160849213600159,-4.9665207862854,-0.8621934056282043,-2.5722968578338623,1.1689451932907104,-7.010829448699951,-3.32182240486145,-3.8162548542022714,-0.6091288924217224,-6.830459117889404,-3.71714186668396,-8.287699699401855,-1.6953048706054688,-6.805401802062988,-1.571711540222168,-4.893211841583252,0.1191824302077293,-3.243502140045166,-1.1530061960220337,-4.407261371612549,-1.5509077310562134,-4.5545525550842285,-0.2843551933765411,-1.0142213106155396,3.302342653274536,0.9400793313980104,1.932157516479492
9,-338.25048828125,156.80087280273438,-27.20274353027344,25.527482986450195,0.7967440485954285,20.806915283203125,10.96038055419922,17.359909057617188,12.636924743652344,12.018998146057127,1.1600825786590576,4.950889587402344,-6.287144184112549,-0.7246682047843933,-4.79866361618042,0.0233998820185661,-3.1392717361450195,0.903631865978241,-6.528023719787598,-3.192370891571045,-4.092580795288086,-0.650556743144989,-7.088075637817383,-3.635007619857788,-8.32267951965332,-2.4954724311828613,-7.349754810333252,-2.156169176101685,-5.391123294830322,-0.6385193467140198,-4.72679328918457,-1.7691929340362549,-4.832892894744873,-1.913040041923523,-3.822764396667481,-1.1660369634628296,-2.8277721405029297,2.403631687164306,0.6872663497924805,2.3906073570251465
10,-180.1431121826172,106.6029281616211,3.5183868408203125,10.795586585998535,2.6852340698242188,15.1383638381958,3.8782052993774414,14.303483963012695,-1.9512590169906616,8.059948921203613,-1.637706637382507,4.14438533782959,-3.7253265380859375,-2.316534757614136,-4.741623401641846,-0.846833348274231,-3.082679986953736,1.777076005935669,-1.2536243200302124,3.0281307697296143,-5.848400115966797,-0.1138554587960243,-8.262784004211426,-2.9325995445251465,-5.922911643981934,-0.8158532381057739,-7.517299175262451,-3.3265867233276367,-5.644041538238525,-0.979844093322754,-9.233475685119627,-2.0135769844055176,-4.725782871246338,-2.661561965942383,-4.951099395751953,0.6597975492477417,-5.353528499603272,-0.4527052640914917,-2.712026357650757,-0.4577103853225708
10,-184.3289031982422,105.49839782714844,8.611135482788086,7.107585430145264,2.023005962371826,16.390077590942383,3.2714202404022217,12.598882675170898,-1.8162405490875244,7.20405912399292,-1.4319591522216797,3.469719409942627,-3.5232250690460205,-2.6760685443878174,-6.400729179382324,-2.349609136581421,-6.7115349769592285,0.948637306690216,-2.0820350646972656,3.2962820529937744,-6.095557689666748,-0.1578627377748489,-6.597232818603516,-2.729369878768921,-7.0209832191467285,-0.3381954431533813,-7.809834003448486,-3.114523410797119,-6.554774284362793,-1.6795499324798584,-9.094733238220217,-0.9216386079788208,-4.808664321899414,-2.6025702953338623,-5.7989277839660645,0.4807221591472626,-5.748694896697998,-0.9954354763031006,-3.477189064025879,-0.7294245362281799
10,-183.4701995849609,102.11402893066406,14.500682830810549,7.067185878753662,0.3340806663036346,13.65987777709961,1.7907443046569824,14.226607322692873,-0.7405991554260254,6.773655414581299,-1.9608739614486692,3.3957667350769043,-3.679205656051636,-2.783444404602051,-5.672703742980957,-1.9723217487335205,-7.702742576599121,2.377891778945923,-2.165797233581543,2.2890543937683105,-6.131938934326172,-1.193803787231445,-6.608137130737305,-3.004990816116333,-9.18528938293457,-1.8602381944656368,-8.557299613952637,-2.6348657608032227,-6.901000499725342,-1.2439807653427124,-7.078106880187988,-0.9965845942497252,-5.127264499664307,-2.5054211616516118,-6.477768898010254,-2.3599421977996826,-6.689910888671875,-0.7953745126724243,-4.155718803405762,-1.1390995979309082
5,-88.85621643066406,3.971637964248657,-109.21615600585938,6.107436180114746,-11.666699409484863,8.094806671142578,-3.0126049518585205,15.492175102233888,-7.748827934265137,11.396089553833008,-1.6110244989395142,7.553499221801758,1.181441068649292,6.678681373596191,-1.7676151990890503,8.802542686462402,-2.048008680343628,11.836060523986816,-0.0072227432392537,-0.5292313694953918,-4.144948959350586,3.3140759468078613,-2.02431869506836,1.08972430229187,-5.280533313751221,5.998762130737305,-5.833933353424072,4.563992500305176,-3.8276288509368896,1.373064041137695,-5.717778205871582,1.003829002380371,0.2371367514133453,2.164049863815308,-4.0964131355285645,3.485312461853028,-3.441164255142212,4.629463195800781,-1.5688135623931885,0.8816400170326233
5,-118.18360137939452,8.79806900024414,-101.57076263427734,9.020767211914062,-7.389435291290283,6.416515350341797,-0.8904268741607666,14.00564956665039,-7.877423286437988,10.844375610351562,-2.9881694316864014,7.79783821105957,1.84137225151062,4.366589069366455,-0.8400912284851074,10.324922561645508,0.9588954448699952,10.110234260559082,-2.3565151691436768,-2.281012296676636,-3.952593326568604,1.2478835582733154,-3.49946665763855,0.9786580801010132,-5.973666667938232,3.598560571670532,-4.250623226165772,5.9907097816467285,-2.360583066940308,1.7378054857254028,-2.4054176807403564,2.6916799545288086,-0.3507623374462127,1.0380165576934814,-3.945660352706909,2.2365882396698,-3.090644598007202,2.404001235961914,-2.4702398777008057,1.7899014949798584
5,-131.2112274169922,28.26484680175781,-102.6567611694336,10.48928165435791,-9.900185585021973,5.489866256713867,-7.368232727050781,10.424261093139648,-5.8048014640808105,7.815119743347168,-1.7268246412277222,8.773975372314453,3.661128520965576,9.419266700744627,0.5607300400733948,6.054117202758789,-1.0645792484283447,8.561112403869629,-2.845832347869873,-0.642725944519043,-3.080498218536377,-0.7455694675445557,-2.4274556636810303,2.642608880996704,-4.286820888519287,6.554804801940918,-4.312744140625,4.567873001098633,-4.48482084274292,-0.2778798341751098,-2.4139397144317627,1.61012065410614,-1.854178547859192,1.3801743984222412,-2.7754666805267334,3.48345947265625,-0.8551657199859619,3.4209506511688232,-3.097706079483032,2.991926431655884
5,-147.01095581054688,26.20041847229004,-97.61942291259766,15.367754936218262,-10.39361572265625,9.225720405578612,-4.882876396179199,12.88812255859375,-1.9925172328948972,9.984749794006348,1.0240598917007446,5.615501880645752,-1.159626007080078,4.391702651977539,-2.4268782138824463,6.761430263519287,-1.5818142890930176,10.04865550994873,-2.5408823490142822,2.359288215637207,-1.1115113496780396,-0.3691541850566864,-3.1426258087158203,2.284627676010132,-4.416967391967773,3.1438915729522705,-5.0329365730285645,5.765367031097412,-5.217665672302246,-0.5263908505439758,-2.903557777404785,2.6379544734954834,-0.1341692805290222,2.493464231491089,-1.7700361013412476,3.005985736846924,-2.0008976459503174,2.459686517715454,-4.671036243438721,2.131974935531616
5,-123.2406768798828,19.92603302001953,-108.85033416748048,14.449945449829102,-8.69555377960205,7.201014041900635,-3.399676561355591,12.543700218200684,-3.1937813758850098,12.384300231933594,0.1243871822953224,8.46497917175293,-0.8897842764854431,5.676899433135986,-2.6730287075042725,7.007753849029541,0.2188107222318649,11.643342971801758,-1.0381759405136108,0.868251383304596,-2.849325895309448,-0.9285221695899964,-2.888486385345459,1.862096190452576,-6.498669147491455,3.2957394123077397,-4.502042770385742,5.582496166229248,-3.5739848613739014,0.9110523462295532,-2.3055522441864014,1.6829530000686646,-0.8122525811195374,1.62162184715271,-3.616623640060425,3.3269360065460205,-3.0413663387298584,4.180765151977539,-3.585436582565308,2.737904787063598
5,-91.25354766845705,-1.9796113967895508,-104.29203033447266,10.014939308166504,-11.316153526306152,9.655876159667969,-2.83640456199646,14.42719841003418,-8.542229652404785,13.273205757141112,-3.3838441371917725,6.631584644317627,0.6560823917388916,7.473560333251953,-3.324998378753662,7.150155544281006,-2.4263036251068115,12.229935646057127,2.570693254470825,2.202994108200073,-3.4345462322235107,2.176843643188477,-4.454497814178467,-0.6854516863822937,-5.189032077789307,4.432987689971924,-4.136408805847168,5.066314697265625,-5.144440650939941,0.5009129643440247,-5.258481979370117,2.591542959213257,-2.5658202171325684,0.4305670857429504,-3.0573511123657227,4.7710723876953125,-2.8746020793914795,5.565069198608398,-3.663026571273804,2.787166118621826
5,-131.65008544921875,16.784828186035156,-109.11175537109376,12.141077995300291,-8.800619125366211,9.664319038391112,-1.8549301624298096,12.396154403686523,-5.712921142578125,12.426506996154783,2.451085329055786,6.615242958068848,-2.6806626319885254,3.474562168121338,-3.150748014450073,7.593167304992676,2.781672716140747,10.089088439941406,-2.5288610458374023,1.244045615196228,-1.3067022562026978,1.5292824506759644,-1.749430775642395,1.6303306818008425,-6.799910545349121,4.48845911026001,-4.76593542098999,4.896495342254639,-4.041510581970215,-1.4627289772033691,-2.2018489837646484,3.090365171432495,0.4018358588218689,1.543053388595581,-3.203499794006348,2.514005184173584,-2.6822571754455566,3.856597661972046,-3.41658616065979,4.253157615661621
5,-347.76861572265625,17.858205795288086,-80.89163970947266,51.3411750793457,24.332883834838867,-14.742098808288574,-17.390625,14.19442653656006,14.387351036071776,-13.863052368164062,-16.459884643554688,23.92947006225586,16.39695930480957,-5.539383888244629,-4.778445243835449,3.224340438842773,9.910618782043455,7.382650852203369,-28.267507553100582,20.23613929748535,18.677173614501957,-30.220125198364254,-2.473182201385498,14.4020357131958,6.219756126403809,-11.261817932128906,-4.9267096519470215,9.756287574768066,6.454601764678955,-17.549196243286133,-0.1260146647691726,14.456299781799316,-8.98192310333252,-3.0063107013702397,1.728628158569336,-0.5414159893989563,6.558480262756348,-3.5193445682525635,-6.70905351638794,11.154623985290527
7,-91.0009307861328,72.61175537109375,-23.972949981689453,20.339080810546875,-18.163902282714844,2.827113628387451,-0.7137174010276794,7.689086437225342,-5.670018672943115,4.230742454528809,-7.774393081665039,-6.986837387084961,-8.440055847167969,1.8845770359039309,-9.062515258789062,3.320208787918091,-4.482894420623779,-0.2876198887825012,-2.929354190826416,0.580020546913147,-2.6430389881134038,-2.5508265495300293,-2.4678139686584477,3.129194736480713,-0.3844076991081238,0.6505275964736938,-0.9623495936393738,-0.9959371089935304,-6.264106750488281,1.636364221572876,-3.94567346572876,-1.9809857606887815,-7.862733840942383,2.0420422554016118,-4.846760272979736,-1.2898122072219849,-5.939517974853516,0.7640961408615112,-5.066678524017334,-1.404869794845581
7,-97.19241333007812,65.3385009765625,-34.19639587402344,25.41802215576172,-18.030776977539062,1.867388606071472,-6.190426826477051,8.011576652526855,-9.640365600585938,0.0306213907897472,-12.370213508605955,-4.195048809051514,-8.307549476623535,0.4689685702323913,-7.361016273498535,4.522424221038818,-5.08878755569458,0.4234372079372406,-1.341891169548035,3.321514129638672,-4.052910327911377,-1.0101425647735596,-2.483675718307495,5.794321537017822,-0.4385629892349243,1.1853110790252686,-2.6681745052337646,-2.5493342876434326,-4.489873886108398,-0.7748749852180481,-6.982917308807373,-1.74076247215271,-6.377245903015137,3.857781648635864,-4.254267692565918,-1.8132500648498533,-3.271681547164917,-0.6179876327514648,-4.364073276519775,0.778014063835144
7,-105.57561492919922,58.94825744628906,-38.77413558959961,25.672588348388672,-17.867664337158203,4.141824722290039,-8.812889099121094,7.604904174804687,-11.460075378417969,-1.8850659132003784,-6.672943115234375,-3.879823446273804,-6.877198696136475,0.6949431896209717,-6.275517463684082,1.136570692062378,-6.245547771453857,-0.4232129752635956,-2.965636968612671,-0.6957827210426331,-4.465840816497803,2.038072109222412,-6.874726295471191,-2.466459274291992,-1.7651199102401731,3.054325580596924,-1.033390760421753,1.1431804895401,-3.9398889541625977,2.0083248615264893,-5.746700763702393,-0.8220165371894836,-5.073869228363037,0.0023587618488818,-5.282793998718262,-0.7361283302307129,-2.784376621246338,2.046339988708496,-2.725843667984009,0.2736135423183441
7,-85.96098327636719,62.54436492919922,-23.062671661376957,24.83065414428711,-15.000144004821776,2.8375790119171143,-7.551156520843506,3.1252546310424805,-4.1108598709106445,-0.5050958395004272,-6.000417709350586,-6.965646743774414,-8.987969398498535,-3.3889095783233643,-11.07696533203125,-1.4570753574371338,-7.083850860595703,-2.0867576599121094,-3.2540812492370605,-4.024470329284668,-5.59578800201416,0.5397805571556091,-8.631476402282715,-2.871654987335205,-4.504444599151611,0.2840406894683838,-2.963111162185669,0.1909210532903671,-5.144084453582764,-1.6674656867980957,-7.526864051818848,1.040635347366333,-5.560081958770752,1.7571499347686768,-5.500301361083984,0.5728375911712646,-3.378345251083374,2.1461665630340576,-2.449887990951538,-0.8636189699172974
7,-108.09751892089844,63.80421447753906,-34.71908187866211,21.63099479675293,-16.12883758544922,1.06275737285614,-3.2912302017211914,12.665386199951172,-6.963620185852051,5.168575763702393,-3.4341020584106445,-1.2062748670578003,-10.116174697875977,-0.334588348865509,-5.8176374435424805,7.398800373077393,-8.76436996459961,-2.772501230239868,0.1460087895393371,0.186627522110939,-2.318854808807373,1.4330010414123535,-4.026857376098633,-1.5275014638900757,-2.214970350265503,3.216146230697632,-0.0206066202372312,1.7887077331542969,-5.461230754852295,0.5791935324668884,-3.640093326568604,-1.749279260635376,-10.084959030151367,-2.764203786849976,-4.823535442352295,-0.2528843879699707,-2.783655405044556,0.7962486147880554,-2.2993569374084477,0.0749269351363182
7,-83.992919921875,60.47770309448242,-30.58111953735352,26.326736450195312,-9.48477554321289,4.4892578125,-11.382518768310549,7.164390563964844,-2.6397347450256348,0.7366563081741333,-5.44000768661499,-2.537713050842285,-6.56819486618042,-2.9570255279541016,-10.492286682128906,0.2777591943740845,-2.920771837234497,-0.91703063249588,-7.097663402557373,-2.589851856231689,-2.77681040763855,-2.114302158355713,-7.539078235626221,-0.7230619788169861,-0.8729687333106995,-0.5009887218475342,-4.430842399597168,0.7682517766952515,-7.878059387207031,-1.5517559051513672,-5.286566257476807,-0.6998258233070374,-5.30185604095459,-0.211265429854393,-5.4974775314331055,-2.6631999015808105,-5.6627960205078125,1.5875288248062134,-0.9605793952941896,-0.0530735068023204
7,-95.93221282958984,59.050743103027344,-38.6484260559082,22.86117935180664,-20.423927307128903,2.925033569335937,-13.787397384643556,8.069276809692383,-6.759227752685547,0.3339416682720184,-9.403641700744627,-5.700929164886475,-6.211476802825928,-1.239049792289734,-9.74368381500244,1.2480790615081787,-1.8130478858947756,-0.1950441002845764,-5.308721542358398,-1.7646602392196655,-5.231809616088867,1.6914691925048828,-4.099190711975098,0.6772823333740234,0.8436336517333984,5.675275802612305,-0.1260851323604583,-1.171277403831482,-7.084554672241211,-1.948371648788452,-6.268902778625488,-1.5222935676574707,-6.512258052825928,2.262270927429199,-4.015665531158447,0.2965972125530243,-3.9730281829833984,1.9751569032669067,-3.607810258865357,-1.7509597539901731
7,-100.57647705078124,59.81698226928711,-34.11552047729492,28.016984939575195,-12.801745414733888,4.955830097198486,-11.939502716064451,7.931931495666504,-10.182497024536133,0.2785207629203796,-10.111469268798828,-8.043840408325195,-6.570325374603272,-3.9068660736083984,-11.292779922485352,1.6840239763259888,-1.8197293281555176,-1.0914708375930786,-5.977035045623779,-2.3976030349731445,-2.69591760635376,1.2582788467407229,-7.317958354949951,-1.6668299436569214,0.1347662806510925,4.623192310333252,-1.4783543348312378,-2.423748731613159,-6.062234878540039,-1.5180076360702517,-6.871429443359375,-0.4688563644886017,-4.969717502593994,2.0478031635284424,-4.282453536987305,-1.7955992221832275,-6.010624885559082,1.5990148782730105,-3.5450198650360107,-1.8281447887420652
7,-91.71112060546876,63.85849380493164,-25.636520385742188,28.047327041625977,-18.2447452545166,0.8827321529388428,-8.069826126098633,5.390132427215576,-14.91774559020996,-3.1603145599365234,-11.537141799926758,-8.722627639770508,-10.06802749633789,-4.576821804046631,-4.817091941833496,1.291685938835144,-5.08650016784668,3.2287096977233887,-3.3297781944274902,-2.248013973236084,-3.028648376464844,1.598128080368042,-5.742674350738525,-1.3983643054962158,-0.2019769251346588,2.507812738418579,-1.082630634307861,-0.448088526725769,-6.701029300689697,-1.710322618484497,-4.682756423950195,0.2945650517940521,-2.770530462265014,1.937205791473389,-4.536614418029785,-0.410493940114975,-4.798802375793457,2.0281965732574463,-2.019984006881714,-0.7838622331619263
7,-95.2030792236328,69.6045913696289,-29.60636138916016,28.50347137451172,-15.95761013031006,3.545427083969116,-6.847386837005615,6.860386848449707,-7.863186836242676,2.211358070373535,-12.49611759185791,-7.083587169647217,-8.770411491394043,-4.702690124511719,-7.71845006942749,2.747406244277954,-0.894130289554596,2.605018854141236,-3.783430337905884,-2.945820569992065,-5.434410095214844,0.6151427626609802,-5.559567928314209,1.31829833984375,0.4690947830677032,0.628082811832428,-1.8642942905426023,1.5400115251541138,-7.244742393493652,-4.419342517852783,-7.159755229949951,0.6265354752540588,-3.0198254585266118,2.120917797088623,-7.28184700012207,-1.291311264038086,-4.100629806518555,0.8273650407791138,-3.017792224884033,-2.748528480529785
7,-98.27188873291016,63.81203842163086,-33.39662170410156,29.14313125610352,-13.113828659057615,7.706424236297607,-5.877583026885986,1.7523149251937866,-7.426225662231445,1.411190629005432,-6.614580154418945,-6.46642017364502,-11.18994426727295,-4.711645126342773,-6.871426582336426,4.935629844665527,-0.8037554025650024,3.405805349349976,-7.46815299987793,-4.833264827728272,-7.298619270324707,0.2132708132266998,-5.1567487716674805,1.7979412078857422,-0.6385958194732666,0.9384104013442992,-2.4471254348754883,-1.2896567583084106,-8.2516450881958,-0.8344241380691528,-2.068943500518799,-1.084648609161377,-5.818880558013916,2.8878815174102783,-5.886281490325928,-1.974436640739441,-4.462521076202393,1.326501488685608,-2.456551074981689,-1.3667021989822388
7,-94.34432220458984,60.22622299194336,-38.70999526977539,23.8402042388916,-12.228198051452637,8.41718864440918,-11.641374588012695,1.8789912462234497,-6.035830974578857,-1.304764986038208,-9.884520530700684,-4.652435302734375,-8.358489036560059,-2.6780991554260254,-8.370148658752441,3.262627601623535,-1.1825084686279297,1.3287347555160522,-6.0048699378967285,-2.094316244125366,-5.753447532653809,-0.0643434002995491,-5.204596042633057,2.5441856384277344,-1.346821665763855,1.3963710069656372,-2.9658005237579346,-0.2995979189872741,-5.859342575073242,0.0264019388705492,-3.4615631103515625,-0.642776370048523,-6.2320170402526855,2.097542524337769,-5.447702884674072,-1.7883840799331665,-4.796592712402344,0.3708650469779968,-1.7229886054992676,0.0290534067898988
7,-97.95696258544922,62.2004280090332,-38.68037796020508,23.170944213867188,-11.2930269241333,7.619546890258789,-11.651628494262695,7.505242824554443,-3.04215407371521,-2.7299013137817383,-11.46074676513672,-2.9389374256134038,-7.697782039642334,-1.3448867797851562,-8.177619934082031,1.80660080909729,-3.558346748352051,-1.6599992513656616,-4.808781623840332,1.9079138040542605,-5.989091873168945,-1.6203523874282837,-6.7563090324401855,0.9607389569282532,-1.125367283821106,0.9379091858863832,-5.073314666748047,-0.367762953042984,-5.191163063049316,-0.2127505242824554,-4.87110710144043,0.0864211916923523,-6.113741397857666,0.3697631359100342,-5.557559490203857,-2.6923670768737797,-6.5359787940979,0.1482080072164535,-1.4612374305725098,-0.3805273473262787
7,-80.86618041992188,68.59174346923828,-26.840097427368164,21.291215896606445,-10.83824634552002,8.651552200317383,-4.659449100494385,6.980841159820557,0.3334231972694397,-0.7122403979301453,-8.032447814941406,-6.484095096588135,-11.933592796325684,-1.4260032176971436,-6.493587493896484,1.3231441974639893,-7.330865383148193,-3.130553960800171,-3.7336912155151367,-4.716614246368408,-7.636658191680908,-2.1509926319122314,-5.445366859436035,-0.4002151489257812,-2.2534005641937256,-1.970426201820373,-5.59202241897583,-1.4805790185928345,-6.418136596679688,1.262006163597107,-4.883777618408203,-0.8297377824783325,-6.710567951202393,-0.7826054096221924,-6.469655990600586,-2.271541118621826,-5.621546745300293,0.7389495372772217,-0.7409838438034058,0.0207788553088903
7,-94.62468719482422,60.110538482666016,-42.61569595336914,23.564565658569336,-13.481335639953612,7.599247932434082,-13.673798561096191,11.093995094299316,-2.8393900394439697,1.0190987586975098,-7.892804145812988,-4.161001682281494,-7.216665744781494,-0.2426620721817016,-4.481286525726318,3.6993465423583984,-3.069399118423462,3.2756235599517822,-1.122553825378418,-1.770806074142456,-4.26522970199585,3.203214645385742,-5.297620296478272,2.070603847503662,-1.589324116706848,2.7527339458465576,-1.1582634449005127,1.138951301574707,-4.959695339202881,1.499823808670044,-3.15540075302124,-0.0543948486447334,-6.059460163116455,-0.5277995467185974,-7.424484252929687,-3.14455795288086,-5.420095443725586,0.7206137180328369,-2.1933696269989014,-0.0155239384621381
7,-85.9499740600586,65.64460754394531,-35.174983978271484,16.736310958862305,-25.76370620727539,0.439148485660553,-8.131791114807129,10.63900089263916,-3.0626590251922607,3.6715962886810303,-5.203251361846924,1.2530678510665894,-2.9127938747406006,-1.812159895896912,-8.983942985534668,2.6543703079223637,-5.200178146362305,-1.7723023891448977,-4.375457763671875,-0.5437837243080139,-5.212103366851807,2.539113044738769,-2.0586071014404297,4.329776287078857,2.154271364212036,6.6012282371521,0.8941793441772461,2.404460191726685,-4.346176624298096,1.315369963645935,-4.66901969909668,-0.8334507346153259,-6.212114334106445,1.360355257987976,-3.4145240783691406,1.540184736251831,-5.431465148925781,0.9492698907852172,-3.3401174545288086,0.1452444940805435
7,-120.42446899414062,50.2985725402832,-50.276145935058594,22.458559036254883,-17.110755920410156,6.858606815338135,-9.084362983703612,4.686168193817139,-9.815458297729492,1.5661938190460205,-4.541364192962647,0.0728941485285759,-7.327249526977539,-1.018027663230896,-8.25255012512207,2.889308214187622,-4.946403503417969,-0.5791289806365967,-6.964212894439697,-3.623433589935303,-6.10679817199707,3.242083072662353,-3.451976537704468,1.8259024620056152,-1.405192255973816,2.796732187271118,-2.108057737350464,2.830807685852051,-5.4547271728515625,0.5250001549720764,-5.171863079071045,-0.8036239743232727,-5.222115516662598,1.0915037393569946,-3.8175532817840576,0.4653503000736236,-3.89459228515625,-0.1244556233286857,-1.815703272819519,1.6623764038085938
7,-72.95298767089844,70.50183868408203,-27.22677230834961,26.57472038269043,-19.1605281829834,1.6660361289978027,-7.345123767852783,1.854628324508667,-5.5849432945251465,2.3269810676574707,-9.142450332641602,-0.6082548499107361,-9.196401596069336,-1.812398076057434,-11.944767951965332,1.4887104034423828,-5.49908971786499,-2.334232807159424,-6.9636969566345215,-1.9850082397460935,-3.1898624897003174,-0.521854043006897,-5.248064994812012,2.114640235900879,-3.779108047485352,1.7762503623962402,1.3333122730255127,3.756101131439209,-0.3575828969478607,2.278294801712036,-8.117918968200684,-0.7148878574371338,-3.624064683914185,1.4130494594573977,-4.639293670654297,0.0507771149277687,-3.853737592697144,-0.0402287617325782,-5.582319736480713,2.0873849391937256
5,-158.4242401123047,26.979223251342773,-20.95815086364746,20.01742935180664,-19.56636619567871,12.60316562652588,7.092336177825928,15.3976411819458,-6.77754545211792,0.433916836977005,-1.177678108215332,6.070754051208496,-3.131621837615967,-2.1127755641937256,-2.103027582168579,-0.9945459961891174,-1.8327069282531736,-3.138206243515014,-9.83780288696289,12.28390884399414,0.0335410460829734,6.554580211639404,-1.5915586948394775,-2.1072702407836914,-6.795235633850098,-0.6569850444793701,-6.355249881744385,4.951591491699219,-6.088648319244385,2.72155237197876,-3.497136354446411,2.315143823623657,-1.707370638847351,3.4004530906677246,-3.146789312362671,-3.5184855461120605,-3.11113715171814,-1.6891465187072754,3.261665105819702,6.981260299682617
5,-121.04664611816406,-1.6797422170639038,-27.77667999267578,23.988740921020508,-16.423236846923828,12.404464721679688,11.632822036743164,12.30093479156494,-9.36083698272705,-1.2945441007614136,5.382266044616699,7.974530220031738,-4.06425142288208,8.3102388381958,-4.745005130767822,-13.919001579284668,-8.201947212219238,-4.028519153594971,-2.8337032794952397,14.487276077270508,-5.53859806060791,4.324865818023682,-11.18521213531494,15.738811492919922,-3.544161319732666,-4.252138614654541,-4.839755535125732,1.7683722972869873,-13.73941135406494,3.817246198654175,4.782548427581787,-5.999061584472656,1.598776936531067,1.6855844259262085,-8.779424667358398,1.7134093046188354,-1.886386036872864,3.041088342666626,8.040802955627441,4.128678321838379
5,-122.45825958251952,6.614861011505127,-39.41157913208008,15.985743522644045,-7.579619407653809,29.874988555908203,6.675764083862305,0.202985018491745,-14.829357147216797,8.562189102172852,-2.490076065063477,10.742143630981444,-5.649675369262695,3.909702777862549,-1.2635259628295898,-1.8109267950057983,-8.601129531860352,-6.01209831237793,-5.367443084716797,9.647467613220217,-1.906840205192566,3.7108874320983887,-5.815003395080566,6.55959415435791,-1.476024866104126,-2.146164655685425,-6.149496078491211,3.474719524383545,-8.551997184753418,3.607134580612183,-5.600851535797119,0.6519264578819275,3.0924665927886963,4.359952926635742,-10.167943000793455,-1.9179548025131223,1.1409190893173218,3.332781314849853,3.26599645614624,2.7781710624694824
5,-115.40715026855467,5.537004470825195,-37.3312873840332,15.606826782226562,-13.84120273590088,29.00104522705078,5.129358768463135,1.6825343370437622,-8.298888206481934,5.277752876281738,-0.8587567806243896,9.892379760742188,-5.579597473144531,5.732136249542236,0.3879322111606598,-5.04753303527832,-9.826805114746094,-8.843356132507324,-1.8052856922149656,11.498093605041504,-7.284336566925049,5.032003879547119,-9.407529830932615,4.291640281677246,3.222068548202514,1.834699630737305,-5.855810165405273,2.511380195617676,-11.477673530578612,2.650683641433716,-2.9848473072052,0.8724645972251892,4.733161926269531,1.948583722114563,-9.41338348388672,-1.8645936250686648,-0.2055806666612625,5.03880500793457,1.4648722410202026,1.6114373207092283
5,-114.08495330810548,11.179734230041504,-30.8565616607666,20.44979476928711,-19.397624969482425,19.2103328704834,1.5448074340820312,2.077067375183105,-9.983681678771973,6.788165092468262,-2.17130708694458,9.193224906921388,-1.9038056135177608,2.235950469970703,3.7780282497406006,0.516731858253479,-11.7846040725708,-7.354211330413818,-0.284554660320282,6.2288079261779785,-6.856618881225586,6.538547515869141,-8.267363548278809,3.510929107666016,0.2906361818313598,-1.0255223512649536,-6.868222713470459,4.861448287963867,-9.161259651184082,2.8366942405700684,-2.8216257095336914,0.1220700442790985,6.916192531585693,3.2195851802825928,-12.405341148376465,-0.7936666011810303,-2.1512811183929443,6.740872859954834,-1.0787746906280518,3.2961199283599854
5,-117.4438247680664,5.7547993659973145,-41.95960998535156,13.07490348815918,-6.738098621368408,32.890872955322266,7.170119285583496,-0.2909358143806457,-16.514057159423828,6.072179317474365,-2.5566048622131348,11.534193992614746,-2.328843832015991,7.177814960479736,-4.983522415161133,-5.351233005523682,-7.385570049285889,-7.104936599731445,-4.179252624511719,10.517940521240234,-5.067427635192871,4.3112406730651855,-7.661884307861328,8.244311332702637,-2.041878461837769,-3.5361149311065674,-4.101643562316895,2.845858335494995,-8.14011287689209,7.229118347167969,-4.662837028503418,-2.8877267837524414,3.9940919876098633,2.6105411052703857,-11.296162605285645,-0.3592593371868133,1.4077842235565186,1.952487826347351,4.466202259063721,1.8771064281463623
5,-118.13001251220705,5.422910213470459,-43.090858459472656,13.430167198181152,-6.340085983276367,33.82270431518555,8.783370018005371,0.1289378553628921,-17.85915756225586,6.604944705963135,-2.91765570640564,11.263394355773926,-3.748718023300171,7.569292068481445,-4.8408942222595215,-5.383078098297119,-7.069431304931641,-7.200464725494385,-4.4172682762146,11.550999641418455,-4.71675443649292,3.867424488067627,-7.250064849853516,7.631304740905762,-1.426563382148743,-3.703814268112183,-3.7152254581451416,2.067145586013794,-8.39581298828125,6.013923168182373,-4.143885135650635,-1.872870087623596,3.529910087585449,3.111012458801269,-12.108787536621094,-0.48232102394104,1.9084545373916624,2.589935064315796,3.9705421924591056,2.893643617630005
5,-120.77143096923828,8.55842399597168,-29.573625564575195,29.194469451904297,-13.57388687133789,12.941987991333008,-5.6523756980896,4.773409843444824,-7.607370376586914,4.832449913024902,2.6101906299591064,13.510860443115234,-1.2970291376113892,-2.591039657592773,1.407908320426941,-1.438487529754639,-9.604084014892578,-4.507494449615479,-2.535500288009644,9.421874046325684,-11.401406288146973,8.658537864685059,-0.2826085686683655,6.706353664398193,-7.602797508239746,-4.983047962188721,-0.8896344900131226,2.459990978240967,-5.964103698730469,4.444364070892334,-1.4497231245040894,-4.484505653381348,2.194377183914185,-0.4002411365509033,-2.3298418521881104,-1.5122802257537842,-4.938782215118408,4.038839817047119,1.472554087638855,3.392028570175171
5,-116.0707778930664,9.70695686340332,-27.09057235717773,13.649805068969728,-15.284343719482422,13.011613845825195,4.540720939636231,7.0677595138549805,-7.967250347137451,4.073729038238525,7.278021335601807,10.13248348236084,-2.074628591537476,-2.198873996734619,-1.5824346542358398,-11.328651428222656,-6.522668361663818,-0.4529410600662231,1.9639413356781008,13.25039768218994,-11.17101001739502,3.347099781036377,-5.25196647644043,2.821826219558716,-5.090435981750488,4.72484016418457,-0.9580602049827576,4.062808990478516,-9.63901424407959,2.658475399017334,-1.9746384620666504,-4.720279216766357,7.713754177093506,-1.242175817489624,-2.634594440460205,-1.2976157665252686,-2.603867530822754,-0.9978362321853638,4.126723289489746,4.567871570587158
5,-153.49844360351562,20.90011405944824,-20.269855499267575,24.406179428100582,-11.875082015991213,11.15222454071045,4.483311176300049,18.712465286254883,-6.419103145599365,-9.089655876159668,-8.593405723571777,4.539792537689209,6.570152282714844,3.182948589324951,-3.5792856216430664,3.538959503173828,-1.8039253950119016,-2.174834489822388,-11.1024169921875,1.971792459487915,-7.632980346679687,5.794376373291016,7.426509380340576,2.428583860397339,-11.421330451965332,-3.1122500896453857,-5.440996170043945,8.109029769897461,-8.442435264587402,4.357020378112793,-0.8426411151885986,0.1849772781133651,-6.810431003570557,0.3881406784057617,0.2713847458362579,3.15385103225708,-1.698344111442566,2.6278791427612305,-1.907621145248413,-0.3412191569805145
5,-161.31521606445312,16.171180725097656,-24.416810989379883,26.852466583251957,-7.751038074493408,15.108291625976562,5.843817710876465,11.01662540435791,-11.706260681152344,9.597941398620604,2.575162410736084,7.248617172241211,-13.330101013183594,0.066057451069355,-12.461316108703612,-1.0452255010604858,7.989355087280273,-2.5865108966827397,-8.660074234008789,6.348885536193848,-7.622058868408203,4.325271129608154,-0.6711218953132629,6.9871015548706055,-11.375665664672852,-1.456598877906799,6.574093341827393,3.6427276134490967,-12.558266639709473,-2.639129877090454,-6.029814720153809,-3.049464702606201,4.494053363800049,2.9865002632141118,-1.4694558382034302,4.400778293609619,-0.7389696836471558,2.1640005111694336,0.9264798164367676,-0.4898149669170379
5,-151.64468383789062,18.34662628173828,-26.82425308227539,19.21080780029297,-4.982587814331055,16.255041122436523,4.3470845222473145,9.927349090576172,-15.458434104919434,4.85032844543457,3.273725748062134,9.681184768676758,-10.45988655090332,3.573878765106201,-9.709966659545898,-0.1443604975938797,-0.4777043163776397,-2.0403764247894287,-7.822320461273193,11.362444877624512,-7.859221935272217,1.4532352685928345,-1.9226998090744016,6.653423309326172,-4.887339115142822,-0.0743121057748794,2.805808782577514,1.4013046026229858,-9.289834976196287,-3.717992067337036,-1.6279584169387815,-4.233009338378906,1.807353973388672,2.738856792449951,-4.01303243637085,5.2322611808776855,0.9957245588302612,4.573739051818848,-2.712958812713623,0.6044301986694336
5,-150.91639709472656,17.260875701904297,-27.61316299438477,19.00836944580078,-2.9092798233032227,18.71320152282715,2.669182538986206,9.693591117858888,-17.23617935180664,4.05875301361084,1.88634729385376,11.558822631835938,-9.34421157836914,3.095536708831787,-9.292704582214355,-0.9718705415725708,1.0264228582382202,-3.680467128753662,-7.220379829406738,13.767742156982422,-8.962661743164062,0.8240483403205872,-2.277838468551636,6.827301502227783,-5.783303737640381,0.4125271439552307,2.7209692001342773,0.5914309024810791,-10.417620658874512,-2.789412021636963,-0.7435664534568787,-4.774693012237549,2.024034023284912,4.166765213012695,-4.1576247215271,6.279325008392334,0.5853515863418579,4.358039379119873,-3.956059694290161,-0.1675459295511245
5,-148.9206085205078,5.07798433303833,-28.88851928710937,31.733455657958984,-1.4313119649887085,13.298243522644045,-1.0165624618530271,8.540424346923828,-11.56352424621582,-4.005898952484131,-2.975895404815674,10.040204048156738,-4.370251655578613,5.767000198364258,-0.2071377784013748,1.0655343532562256,0.1906217038631439,-4.769330024719238,-10.23706340789795,8.539774894714355,-6.298088073730469,8.345970153808594,-3.129116535186768,0.7078864574432373,-9.79692554473877,1.9148658514022827,1.2680096626281738,6.786250591278076,-9.897747039794922,-3.39328932762146,-1.7743505239486694,0.5220544934272766,4.02950382232666,0.2917065024375915,-4.686675071716309,2.6874184608459477,-3.800053119659424,1.680498123168945,0.3970369100570678,1.5618935823440552
5,-172.99530029296875,13.868246078491213,-15.882067680358888,37.15922164916992,-7.211909770965576,11.930811882019045,-0.7198994755744934,9.171748161315918,-9.358577728271484,-5.98952579498291,-6.952760696411133,4.461552619934082,3.682623863220215,5.30388069152832,-6.020695686340332,5.682433128356934,3.6003358364105225,-0.798856794834137,-13.819565773010254,1.8917772769927976,-0.2465242594480514,5.103005409240723,-3.186007022857666,-0.4266456961631775,-4.702874183654785,2.5377066135406494,-6.381158351898193,11.984919548034668,-6.80830717086792,-4.492530345916748,-4.707405090332031,-0.3250426054000854,0.7141734957695007,0.4792269766330719,-0.0438231751322746,1.192376971244812,-3.559976816177368,1.3009846210479736,1.2411290407180786,3.1940364837646484
5,-163.6453857421875,14.991861343383787,-14.747096061706545,33.62825012207031,-13.22991943359375,11.819669723510742,3.821077346801758,8.760930061340332,-10.988527297973633,-6.441729545593262,-3.681530475616455,3.3924856185913086,6.503364562988281,5.558451652526856,-8.163084983825684,7.971763134002685,1.5060276985168457,-1.0391485691070557,-14.370294570922852,2.629503965377808,0.9763691425323486,3.7473158836364746,-1.5021711587905884,-1.125078558921814,-3.3352174758911133,3.466779947280884,-5.682753562927246,11.64776611328125,-7.545326709747314,-3.597806930541992,-5.845151901245117,0.4136087596416473,0.146882027387619,3.6501753330230713,0.8188264966011047,-0.3715685307979584,-3.553309440612793,-0.0731248334050178,1.5259054899215698,4.20599889755249
5,-175.03895568847656,15.178826332092283,-17.121776580810547,33.9765625,-4.81346321105957,14.445389747619627,-3.529316663742065,7.739915370941162,-7.749258995056152,-6.37361478805542,-0.1453380286693573,6.432138919830322,2.3960392475128174,2.20386004447937,-10.22492504119873,8.594996452331543,3.574657917022705,-4.106942176818848,-12.661733627319336,3.5890324115753174,-2.913409948348999,3.308854579925537,-2.1325485706329346,1.1616318225860596,-1.1301530599594116,1.831086039543152,-6.435454368591309,8.683162689208984,-4.993983745574951,-2.5646779537200928,-4.523252487182617,-0.6698771119117737,0.125161126255989,3.272735118865967,-3.230211973190308,0.8381667137145996,-1.9566079378128047,2.2992162704467773,0.1835655719041824,2.100492238998413
5,-121.54263305664062,3.71063232421875,-28.635099411010746,23.70703125,-12.68492317199707,5.977768898010254,3.245405673980713,12.374399185180664,-0.4603846073150635,-0.3405198752880096,-5.339844226837158,5.212385177612305,-4.161944389343262,10.531468391418455,-3.6664559841156006,-10.478842735290527,-8.963980674743652,-1.042324423789978,-3.5951037406921387,13.870981216430664,-4.088637351989746,5.894993305206299,-7.947859764099121,0.2476551979780197,-4.609086513519287,3.0298397541046143,-2.7862114906311035,3.445864200592041,-3.4236767292022705,0.6967809796333313,-7.052660942077637,-2.7747514247894287,7.21113920211792,-0.490778386592865,-5.339419841766357,1.6889530420303345,0.699510931968689,0.3809863924980163,-1.3678699731826782,6.426087379455566
5,-120.276123046875,12.035579681396484,-32.99664688110352,18.187135696411133,-19.04272079467773,7.755072116851807,3.786787509918213,15.51225757598877,-4.978958606719971,4.062009811401367,-0.2512146532535553,2.4338064193725586,-8.31169319152832,8.302873611450195,-1.8145787715911863,-5.555217266082764,-5.5339179039001465,-1.9750248193740845,-12.137009620666504,16.466707229614258,-3.332446813583374,4.0520100593566895,-6.110285758972168,-0.008372631855309,-3.9838056564331055,2.7294344902038574,-3.830641269683838,6.851031303405762,-2.825059413909912,0.0874556824564933,-10.68621826171875,3.889610290527344,3.246079683303833,-2.84767746925354,-7.720226287841797,5.060948371887207,-0.1505636572837829,0.8003100752830505,3.434363603591919,0.4586854577064514
5,-118.6880874633789,12.289956092834473,-33.51036834716797,18.1343994140625,-18.191251754760746,8.206521034240723,3.024701833724976,15.114892959594728,-4.799254417419434,4.245156764984131,-1.0103856325149536,2.8556177616119385,-8.154924392700195,8.26169204711914,-1.6961209774017334,-4.114748954772949,-6.791378498077393,-1.982153415679932,-11.276835441589355,15.20157527923584,-2.543409824371338,4.4575605392456055,-4.895514011383057,-0.3277710378170013,-3.968313217163086,2.8473215103149414,-3.340615749359131,7.976644515991211,-3.3889975547790527,-0.7790699601173401,-10.380188941955566,4.583677291870117,1.1192013025283811,-3.5093789100646973,-6.802523612976074,5.000328063964844,-0.5928216576576233,0.6126589179039001,4.0675482749938965,0.1970487982034683
5,-114.63768005371094,9.08319854736328,-34.30147171020508,16.903902053833008,-15.681201934814451,5.216014385223389,3.294282913208008,17.726585388183594,-4.184072971343994,4.1589674949646,-3.3205130100250244,3.048037052154541,-7.714646339416504,9.296045303344728,-3.2428009510040283,-8.853515625,-3.058146715164185,-3.4205496311187744,-7.679734230041504,14.4689359664917,-3.674233913421631,4.92205810546875,-8.060440063476562,-2.668769121170044,-1.505684733390808,3.1308889389038086,-4.150331974029541,7.147167205810547,-4.116498947143555,1.3338836431503296,-8.923575401306152,-0.8560169339179993,7.15389347076416,-2.482605218887329,-7.598360538482666,1.7015955448150637,2.745647430419922,-1.4743800163269043,1.277271389961243,6.003417491912842
5,-112.3756103515625,9.548924446105955,-36.02986145019531,18.375837326049805,-14.707345008850098,2.949286937713623,3.033310651779175,15.93449878692627,-4.70400857925415,7.231266975402832,-2.845113039016724,3.110237598419189,-7.613490104675293,9.42623519897461,-3.1164205074310303,-8.198880195617676,-3.4907500743865967,-4.390707492828369,-7.157060146331787,13.766450881958008,-5.301558971405029,5.356321811676025,-7.945127487182617,-0.8995558619499207,-2.79715347290039,2.229712963104248,-2.1877846717834477,7.348031520843506,-4.282260417938232,0.7147805690765381,-8.18107795715332,-0.7738514542579651,6.898527145385742,-4.11570930480957,-7.0551581382751465,1.724782109260559,3.400542974472046,-2.7679812908172607,2.410286903381348,5.952948093414307
5,-111.85508728027344,9.32113265991211,-38.31983947753906,19.666452407836918,-12.837496757507324,3.234089136123657,2.7351608276367188,14.771198272705078,-6.624470233917236,8.053644180297852,-1.0640053749084473,1.838598370552063,-7.653201580047607,9.963056564331056,-4.363856792449951,-6.774730205535889,-2.0152242183685303,-4.613085746765137,-8.950169563293457,13.51188850402832,-5.94080924987793,6.513245105743408,-7.639077663421631,-1.256335735321045,-3.5690698623657227,3.236083745956421,-1.4691119194030762,6.917209625244141,-4.218540191650391,0.5425319075584412,-7.853536605834961,-0.6487609148025513,5.3211989402771,-3.198502540588379,-6.709228515625,1.2382328510284424,3.4315617084503174,-3.3108794689178467,1.5292832851409912,6.916094779968262
5,-132.8310546875,-2.851409435272217,-27.31476402282715,27.972368240356445,-2.17747163772583,11.828381538391112,-2.0109426975250244,4.172403335571289,-3.3033742904663086,9.00328254699707,3.703848838806152,4.022648811340332,-9.286678314208984,3.972385883331299,-1.4771831035614014,-5.725217819213867,-8.182485580444336,0.7574751377105713,-0.7637246251106262,12.174846649169922,-15.47848892211914,6.430826187133789,-4.395651817321777,7.8757548332214355,-9.071423530578612,4.818038463592529,-0.2953786551952362,-1.0003130435943604,-1.847046971321106,-1.207467794418335,-1.6147468090057373,-5.393934726715088,-0.7812692523002625,-0.3667195439338684,-5.317869186401367,2.94050407409668,0.226070687174797,3.516118288040161,2.8252391815185547,7.041591167449951
5,-111.33563232421876,-11.790154457092283,-27.817834854125977,25.69388961791992,-3.901125907897949,9.505193710327148,-4.050864219665527,4.354750633239746,-3.470975160598755,7.915127754211426,6.046923637390137,3.994596481323242,-11.561372756958008,4.137364864349365,-1.6408253908157349,-6.632906913757324,-6.823661804199219,2.998378276824951,-1.7620224952697754,11.462695121765137,-17.023082733154297,3.485452890396118,-3.451324939727783,6.975224018096924,-8.528809547424316,6.72745943069458,-1.2140591144561768,-2.7997922897338867,0.4286937415599823,-0.3528339266777038,-1.2407017946243286,-4.937653541564941,-1.3629475831985474,-0.8237228989601135,-6.504899978637695,2.0363576412200928,0.9899038672447203,6.22227954864502,1.5969668626785278,7.163524627685547
5,-133.42941284179688,-12.334125518798828,-24.22922134399414,34.116661071777344,8.082928657531738,5.934028625488281,-2.936798334121704,13.867111206054688,-11.600830078125,0.1864639073610305,-2.381879568099976,3.908279418945313,4.524245262145996,-3.431328058242798,-0.8498478531837463,-0.4515421390533447,-2.909543037414551,3.470740556716919,-12.323785781860352,9.017946243286133,-14.819787979125977,9.21322250366211,-1.6128000020980835,1.875253677368164,-4.227989196777344,4.01395320892334,-3.910007953643799,5.340083122253418,-2.9884166717529297,-3.690118551254273,-4.643433094024658,-2.3310422897338867,0.6285738348960876,-4.543573379516602,0.9024378657341005,3.536651372909546,0.6241924166679382,1.1001367568969729,0.4965403079986572,5.798330307006836
5,-152.52198791503906,3.9119625091552734,-27.503522872924805,30.52596664428711,1.5678356885910034,13.383492469787598,-0.601285457611084,11.144010543823242,-8.322136878967285,-0.5217816233634949,-1.653221845626831,6.388763427734375,1.6662155389785769,-4.893379211425781,-2.164006471633911,1.228183031082153,-4.275871276855469,1.5771921873092651,-7.426763534545898,5.493577003479004,-8.64045524597168,6.615990161895752,-2.2138476371765137,4.364015579223633,-4.556857109069824,3.05458402633667,-5.010045051574707,5.280689239501953,-4.657715797424316,-2.5465688705444336,-2.443065881729126,-2.2995877265930176,-2.022519588470459,-1.4809300899505615,0.7664061188697815,2.197432518005371,-0.7061362862586975,2.720311164855957,1.0466188192367554,4.728834629058838
5,-134.2009735107422,-3.0949132442474365,-25.40540313720703,32.44588851928711,-2.10688853263855,7.842108726501465,-3.4473345279693604,12.89045524597168,-6.618119716644287,0.3616112172603607,2.302806615829468,5.360004425048828,-1.942389726638794,1.7469048500061035,-2.560829162597656,-7.898203372955322,-2.5920441150665283,1.4545289278030396,-4.863837242126465,8.141825675964355,-10.696388244628906,1.9406219720840452,-0.5413079261779785,0.5562410950660706,-3.7998011112213135,7.560879707336426,-4.763692378997803,2.7104697227478027,-1.368947982788086,-2.820962190628052,-7.446890354156494,0.3453298211097717,0.8228638768196106,-4.153203964233398,-2.531503200531006,3.45761513710022,0.347430557012558,0.884492039680481,7.189938545227051,3.517188549041748
5,-135.5128631591797,-6.660179615020752,-23.48722648620605,35.25245666503906,-0.8156388401985168,10.618045806884766,-4.213818550109863,12.134844779968262,-9.387374877929688,-2.542471647262573,0.8948416113853455,8.374876976013184,-0.5464349985122681,-1.4145855903625488,0.0387904420495033,-2.0977821350097656,-1.5656452178955078,0.6346777677536011,-9.285323143005373,5.601737976074219,-6.258418083190918,3.060068130493164,-2.4299590587615967,1.384459137916565,-3.7612171173095694,6.221851825714111,-5.845209121704102,4.108769416809082,-2.640158176422119,-2.6164228916168213,-5.946506977081299,0.1332075595855713,1.332377314567566,-4.578304767608643,-2.724492073059082,5.689514636993408,0.0630389079451561,0.655457079410553,6.342336177825928,0.6183329224586487
5,-139.69854736328125,-8.850785255432129,-21.716596603393555,34.910926818847656,1.2391555309295654,12.995793342590332,-2.867011070251465,11.834099769592283,-11.792341232299805,-2.6913957595825195,0.2472891360521316,7.907870292663574,-0.7033674716949463,-0.452571153640747,0.158202588558197,-1.4788622856140137,0.6134088039398193,-1.04618239402771,-12.06694793701172,4.938563346862793,-2.673341989517212,4.091764450073242,-4.656764507293701,1.943241834640503,-2.147103786468506,5.517907619476318,-7.650024890899658,6.003551959991455,-3.157830238342285,-2.970111131668091,-6.671072006225586,-1.3462895154953003,3.206608533859253,-4.985646724700928,-1.6899315118789673,5.89907693862915,-1.829225182533264,-0.6103002429008484,6.554255485534668,0.7183594703674316
5,-141.78292846679688,8.810835838317871,-25.748741149902344,27.412250518798828,-3.790658473968506,13.54468059539795,0.85061115026474,2.7319259643554688,-12.835113525390623,3.077392578125,2.3983771800994877,11.072912216186523,-3.106201171875,6.931446075439453,-6.230739116668701,-10.24964427947998,-4.544971466064453,1.6400980949401855,-8.380383491516113,9.62057113647461,-4.507377624511719,6.9528117179870605,-9.426100730895996,7.936501502990723,-3.9860098361968994,-0.8390423655509949,-5.0641679763793945,1.4928373098373413,-10.509954452514648,4.325525283813477,4.1253743171691895,-3.83927321434021,-2.0116214752197266,4.635746955871582,-2.9837567806243896,1.814162015914917,-1.2917320728302002,0.9133537411689758,1.5293807983398438,5.457533836364746
5,-144.82672119140625,10.090132713317873,-24.349254608154297,27.620681762695312,-4.250293731689453,11.415736198425291,1.2419288158416748,2.777878761291504,-13.893152236938477,3.790489912033081,1.0414613485336304,11.582073211669922,-2.2836859226226807,6.94515323638916,-4.461467266082764,-11.294357299804688,-4.829861164093018,1.7705203294754028,-8.280193328857422,9.693867683410645,-4.162631034851074,6.933111190795898,-9.529138565063477,9.672918319702148,-5.912623405456543,-1.451951265335083,-4.330705642700195,0.4271703362464905,-8.475268363952637,5.201840877532959,4.237775802612305,-4.687983512878418,-2.6582767963409424,5.359244346618652,-2.2818586826324463,1.3870447874069214,-1.0438135862350464,0.3665472567081451,0.7460131049156189,5.397208690643311
5,-133.0609588623047,-2.364917039871216,-20.01742935180664,22.003990173339844,-11.911128997802734,12.754912376403809,9.104033470153809,8.420612335205078,-1.438119649887085,1.0608887672424316,-0.6252582669258118,-0.576497495174408,-4.95597505569458,5.326160430908203,-1.873568654060364,-7.645084381103516,-0.6797923445701599,-5.113051414489746,-7.185676574707031,9.46525764465332,-5.947967529296875,6.044633865356445,-2.704805850982666,7.584953784942627,-6.706772804260254,0.0303060710430145,-7.226259708404541,-0.8968340158462524,-6.157078266143799,4.243133544921875,1.7392221689224243,-5.665890216827393,0.8702313303947449,0.7625613212585449,-3.9301891326904297,2.6025869846343994,-3.403329372406006,3.696298837661743,-0.2091482579708099,5.290860176086426
5,-133.76303100585938,8.541988372802734,-28.912227630615234,24.66925048828125,-9.580257415771484,18.60857391357422,1.89881443977356,4.061104774475098,-10.048041343688965,3.0467960834503174,0.4221229255199432,7.327569007873535,-4.484233856201172,7.047807693481445,-6.891795635223389,-7.125962257385254,-3.80881667137146,-0.3255924582481384,-6.647572994232178,10.009198188781738,-2.502554416656494,5.110799789428711,-7.308530330657959,5.072097301483154,-2.0145084857940674,-1.90437114238739,-4.925809383392334,1.375728964805603,-8.63663101196289,3.2219583988189697,3.297621965408325,-2.8096370697021484,-2.382080316543579,3.1647675037384038,-3.842790126800537,3.0935754776000977,-2.875929355621338,2.268953800201416,2.880356311798096,2.245300054550171
5,-142.41265869140625,4.166181564331055,-36.64020538330078,33.049583435058594,2.8673200607299805,25.018774032592773,-2.459660530090332,7.605472087860107,-15.969568252563477,-3.732428312301636,3.953435897827149,5.430864334106445,-4.933735370635986,-0.1217628866434097,-2.2176997661590576,1.4825884103775024,-2.399024486541748,-1.769068956375122,-7.408057689666748,6.577934265136719,-6.155397415161133,4.078028202056885,-4.10177755355835,15.779929161071776,-11.472533226013184,-3.934224128723145,-2.610148906707764,4.4306159019470215,-3.2088422775268555,-3.513382196426392,1.993911862373352,-2.375299453735352,4.122673988342285,5.125657081604004,-7.018272399902344,-1.7184382677078247,-3.099946975708008,7.148199558258057,-2.8451826572418213,2.1474609375
5,-123.98136901855467,-7.226920127868652,-34.76505279541016,27.189088821411133,-0.5007340908050537,26.316930770874023,-0.2161580771207809,7.93503475189209,-15.804862022399902,-6.915228366851807,5.524855613708496,3.3390111923217773,-6.909176826477051,2.7013285160064697,0.1711525171995163,-1.261561155319214,0.8990294933319092,-2.1839370727539062,-11.050421714782717,12.95844268798828,-11.092530250549316,-0.1672899574041366,-3.669602632522583,12.745569229125977,-12.844887733459473,-1.2802298069000244,-4.398377418518066,8.063516616821289,-5.017927169799805,-2.8203887939453125,1.3508384227752686,-1.9485639333724976,6.118003845214844,-0.3850942254066467,-4.0011372566223145,-2.735891819000244,-1.6448184251785278,5.561264514923096,-2.000439167022705,5.428003787994385
5,-125.10250091552734,-4.259054183959961,-37.41084671020508,25.41557502746582,2.0840694904327397,28.290355682373047,-2.156524896621704,7.530907154083252,-16.537504196166992,-5.085788726806641,4.367599487304688,4.83065938949585,-9.817152976989746,3.870852470397949,-1.8194947242736816,0.7571361660957336,2.2375025749206543,-2.7747631072998047,-10.847288131713867,15.00884246826172,-10.330573081970217,-2.523256063461304,-1.859293818473816,10.860379219055176,-12.040009498596191,-2.382287979125977,-2.0454978942871094,7.93787670135498,-8.24981689453125,-2.798975944519043,2.3684139251708984,-0.1916674971580505,6.980993747711182,-3.3178746700286865,-4.663721561431885,1.5071263313293457,-3.1334023475646973,5.017895698547363,-1.0452888011932373,6.831603050231934
5,-124.7543716430664,-4.836580276489258,-36.78111267089844,25.20600128173828,2.347066640853882,27.87240028381348,-1.749541401863098,6.869506359100342,-17.31719970703125,-3.578538417816162,5.255669593811035,4.071433067321777,-10.168949127197266,5.184388160705566,-2.5189456939697266,1.0991666316986084,2.5479393005371094,-2.811787843704224,-11.69888401031494,15.83907985687256,-10.6726713180542,-1.7186695337295532,-2.100794076919556,9.851003646850586,-12.603562355041504,-2.168489933013916,-1.2407233715057373,6.438424110412598,-8.317522048950195,-2.061012983322144,2.319046974182129,0.4323388636112213,7.551894187927246,-4.578747272491455,-3.687188863754273,1.5207459926605225,-4.5315656661987305,4.16204309463501,-0.5628455877304077,5.645421504974365
5,-128.4261016845703,-3.52107834815979,-36.871490478515625,23.58373260498047,2.377202272415161,29.185047149658203,-0.4290182292461395,6.458004951477051,-17.730161666870117,-2.5740180015563965,5.912563800811768,1.5711669921875,-10.435040473937988,6.423854827880859,-2.221597909927368,-0.0438307374715805,3.783508062362671,-3.188277244567871,-13.546210289001465,15.720536231994627,-10.512792587280272,-0.7294507622718811,-2.795656442642212,8.353459358215332,-11.530570030212402,0.3958971202373504,-1.1096665859222412,5.255297183990479,-8.121960639953613,-0.4625132083892822,0.7495962381362915,1.210845112800598,6.6093621253967285,-4.531051635742188,-1.6400386095046997,0.1916917562484741,-4.680788993835449,2.8818647861480717,0.1233236640691757,4.186331748962402
5,-133.8569793701172,-3.17817759513855,-36.71255111694336,22.061176300048828,3.2655251026153564,31.503419876098636,0.7078741788864136,5.856440544128418,-17.713668823242188,-3.528673887252808,5.962316989898682,1.0052882432937622,-10.200431823730469,6.55574369430542,-0.9187602400779724,-1.3980669975280762,4.7671098709106445,-2.876567840576172,-15.03691577911377,15.134039878845217,-9.50925636291504,-0.0844714120030403,-2.7154157161712646,6.391488075256348,-9.445545196533203,2.891650438308716,-2.0715906620025635,3.924195051193237,-6.935399532318115,-0.1825384199619293,-0.0967284217476844,1.5360227823257446,5.7329864501953125,-4.612616539001465,-0.4590411782264709,-1.3575429916381836,-4.45073127746582,2.346714496612549,1.2247774600982666,3.0216057300567627
5,-143.09312438964844,5.398317337036133,-23.568649291992188,27.12282943725586,-10.156976699829102,8.566890716552734,2.9880385398864746,16.738056182861328,1.5565097332000732,5.772587299346924,-6.639083862304688,-0.4047946035861969,-12.473508834838867,6.473378658294678,2.246802568435669,-1.0772985219955444,-2.853134870529175,4.851175308227539,-4.905805587768555,3.472959041595459,-9.821064949035645,2.865272045135498,-2.285677909851074,7.470847606658935,-7.854522705078125,-2.2430543899536133,-2.844325542449951,2.8811028003692627,-2.8412904739379883,5.3682403564453125,-6.157084941864014,-5.966815948486328,-2.034517288208008,9.29543685913086,-4.817724227905273,0.3596551120281219,-0.9708939790725708,3.898716449737549,-2.6197235584259038,4.958673000335693
5,-137.18331909179688,4.362619400024414,-26.422924041748047,26.143503189086918,-9.411494255065918,11.163556098937988,4.168622016906738,15.569945335388184,0.3129552006721496,2.943466663360596,-12.03707504272461,-0.1177944093942642,-11.043556213378906,8.151622772216797,3.7324395179748535,0.3121663928031921,-0.4174167513847351,4.967737674713135,-6.350753784179688,4.349339962005615,-10.605632781982422,3.4915876388549805,-1.5970436334609983,5.82689094543457,-8.444896697998047,-1.2609999179840088,-3.659423828125,2.2870657444000244,-3.208120346069336,3.865741729736328,-6.911971092224121,-5.10716438293457,-1.0815391540527344,8.370083808898926,-4.693202495574951,2.93695068359375,-2.1267781257629395,3.5448415279388428,-4.169901847839356,3.665012836456299
5,-136.5796661376953,6.051937580108643,-29.12841033935547,27.49653625488281,-7.755153656005859,15.507397651672363,5.673627853393555,9.612248420715332,-7.197810173034668,0.6340042948722839,-9.762740135192873,5.045376777648926,-7.647093296051025,5.614896297454834,4.879796504974365,3.411973237991333,-1.085886001586914,2.4075229167938232,-8.039972305297852,4.6077985763549805,-10.744784355163574,3.248741149902344,-2.2379393577575684,6.198526382446289,-7.895500659942627,-0.6882752180099487,-3.92821741104126,2.1518688201904297,-5.73142671585083,1.4533944129943848,-4.252109050750732,-3.5582916736602783,-1.1884876489639282,6.538751125335693,-3.014779567718506,4.4200544357299805,-3.066436290740967,1.9415348768234253,-2.9899182319641118,2.6854071617126465
5,-130.5974578857422,12.114502906799316,-25.971466064453125,17.257293701171875,-14.03909397125244,11.9197416305542,8.213669776916504,11.124120712280272,-7.692582607269287,-0.519895076751709,5.404723644256592,4.032957077026367,-12.540221214294434,2.9032113552093506,-1.4597822427749634,-1.5330145359039309,-0.5433024764060974,-1.0616419315338137,-7.712168216705322,10.585027694702148,-11.760350227355955,8.334975242614746,-1.639883279800415,5.931446075439453,-5.2375688552856445,-2.667800188064575,1.298207402229309,0.762509286403656,-8.690827369689941,5.294912815093994,-2.350074052810669,-7.6462626457214355,3.4096555709838867,0.2057957798242569,-2.231159210205078,3.884471654891968,0.8939567804336548,-2.403517961502075,-3.502223491668701,4.909074783325195
5,-153.69049072265625,21.44877052307129,-15.948753356933594,21.299699783325195,-17.759475708007812,7.847201824188232,6.537335395812988,18.89522171020508,-2.285890817642212,-1.297496676445007,-3.659534692764282,9.399450302124023,-3.10191011428833,1.3951666355133057,-3.676208734512329,4.147202491760254,0.2025593221187591,-1.8713736534118648,-7.889317512512207,6.630642890930176,-3.394988775253296,4.701712131500244,2.137087106704712,4.039193630218506,-3.968847751617432,-1.215798258781433,-8.984484672546387,7.844529151916504,-5.381339550018311,-1.5828464031219482,-2.3546862602233887,-0.1738279461860656,-5.698131084442139,1.8632420301437376,-0.1444442272186279,4.0826592445373535,0.3099255859851837,0.0438667237758636,-1.4720484018325806,0.8545341491699219
5,-151.05181884765625,20.807449340820312,-16.694440841674805,21.731355667114254,-18.26259422302246,2.82865047454834,8.231627464294434,25.422626495361328,-3.2792348861694336,-2.24403715133667,-8.035456657409668,8.119967460632324,-2.431955337524414,1.1967365741729736,-4.638336181640625,7.279620170593262,0.6615356802940369,-1.8245782852172847,-8.201801300048828,9.218690872192385,-5.706688404083252,0.6782116293907166,4.945785999298096,2.731851816177368,-6.013381004333496,-0.6709467768669128,-6.206809520721436,8.097012519836426,-5.975525379180908,-0.5210005044937134,-2.0014867782592773,-0.4223700761795044,-8.864411354064941,6.626819133758545,0.7868232727050781,2.5123074054718018,-0.5182071924209595,2.1185340881347656,-3.076915979385376,1.716976761817932
5,-145.63531494140625,12.273605346679688,-20.05518913269043,25.032079696655277,-10.53665542602539,14.13197135925293,5.661152362823486,9.486478805541992,-8.195091247558594,2.686930656433105,-2.771137237548828,8.523139953613281,0.2021011561155319,7.964042186737059,-1.587519645690918,0.296129047870636,-3.680649518966675,-5.719541549682617,-7.511240482330322,5.431559085845947,-3.1767380237579346,7.314815998077393,-0.6130589246749878,1.4489277601242063,-8.67233943939209,3.198819398880005,-3.0991997718811035,5.463956832885742,-8.305676460266113,-1.5674307346343994,-1.859721302986145,0.2786080539226532,-3.137413501739502,0.0480348616838455,-1.9601330757141116,1.994502305984497,0.3404159545898437,2.6919002532958984,1.0232573747634888,3.157973051071167
5,-159.3026885986328,11.67104434967041,-17.930261611938477,32.1555061340332,-11.20416259765625,12.065712928771973,8.72688102722168,15.583809852600098,-11.56431770324707,1.811277747154236,-1.8151721954345703,4.843702793121338,1.9640079736709597,0.9893144965171814,-8.625150680541992,5.795731067657471,5.382796287536621,-1.138562798500061,-10.34006690979004,-0.3037841320037842,-4.2511372566223145,11.235062599182127,2.492138147354126,-3.2646484375,-6.352786064147949,2.344351291656494,-7.130783081054688,9.872904777526855,-10.518510818481444,-0.9853231906890868,-2.5862064361572266,1.7622299194335938,-8.136863708496094,2.477536916732788,2.0591115951538086,2.155155658721924,-0.0657602623105049,1.6646283864974976,-0.9278882145881652,1.1651148796081543
5,-162.68116760253906,12.829645156860352,-19.28525924682617,31.66028594970703,-13.011080741882324,9.655296325683594,10.265082359313965,15.493626594543455,-12.122349739074709,1.8450342416763303,-3.923073768615722,2.985880851745605,0.418340265750885,2.2099709510803223,-11.94815731048584,6.438213348388672,4.367105484008789,-2.0078046321868896,-10.843428611755373,0.129163771867752,-4.069727897644043,10.164918899536133,1.005997657775879,-1.5758318901062012,-6.85064172744751,2.4132816791534424,-7.114290237426758,8.837564468383789,-10.889863967895508,0.354586124420166,-1.1097081899642944,2.685737609863281,-9.718403816223145,1.7098612785339355,4.612334251403809,0.9697115421295166,0.6738293766975403,0.4530769884586334,-0.6160663366317749,0.5955605506896973
5,-163.57919311523438,13.35592555999756,-18.28662872314453,37.05912399291992,-9.911123275756836,15.85986328125,-11.677178382873535,4.017784118652344,-5.505670070648193,4.5892653465271,8.046645164489746,6.659322738647461,0.9300330877304076,-3.6512272357940674,-5.8829121589660645,6.298919200897217,-10.087760925292969,-1.22056782245636,-1.9127343893051147,1.8461390733718872,-2.2691776752471924,4.453184127807617,-0.8650929927825928,7.1015448570251465,-7.903848171234131,-5.192134380340576,2.2719719409942627,2.9239275455474854,-6.121490478515625,1.0841076374053955,-6.818903923034668,-8.222857475280762,1.2075586318969729,3.638185739517212,1.7028900384902954,2.1397817134857178,1.1673033237457275,2.789294719696045,-5.551158905029297,1.5667201280593872
5,-163.52340698242188,15.32617473602295,-16.973663330078125,33.688385009765625,-9.75364112854004,13.533411979675291,-10.82667064666748,4.794954776763916,-6.275393486022949,4.106806755065918,6.965982437133789,6.147030353546143,0.1138874888420105,-1.858671188354492,-4.501481056213379,7.236306190490723,-8.942492485046387,-1.815312385559082,-2.7301270961761475,2.56740403175354,-4.336703777313232,4.013392448425293,-3.426921129226685,6.015648365020752,-6.8561601638793945,-4.757339954376221,3.212136745452881,2.4933879375457764,-6.515182495117188,1.1672427654266355,-5.480856895446777,-6.528096675872803,0.6151124238967896,3.50344467163086,0.3139569759368896,2.2117574214935303,0.0088898763060569,2.821978807449341,-3.97344970703125,2.670475006103516
5,-159.8473663330078,17.221166610717773,-16.28418731689453,30.884601593017575,-8.453670501708984,10.408636093139648,-10.949639320373535,3.622232675552368,-7.594154834747314,7.674503326416016,3.1929495334625244,4.3513617515563965,0.6785494089126587,1.287079691886902,-3.57672119140625,9.176283836364746,-8.558788299560547,-1.8906172513961792,-2.540013551712036,3.28696870803833,-6.516263484954834,2.913320302963257,-7.9010844230651855,6.759298324584961,-5.592604637145996,-3.9597361087799072,4.598611831665039,1.5058704614639282,-7.456622123718262,0.8914896249771118,-2.882270336151123,-4.701791286468506,0.3097002208232879,4.147187232971191,-1.3464611768722534,0.7770849466323853,-0.2427494674921035,1.5613659620285034,-2.362257719039917,5.282174587249756
5,-150.65489196777344,17.226972579956055,-18.42451477050781,30.736909866333008,-7.896157741546631,9.462061882019045,-9.55981731414795,0.8497713804244995,-12.847784996032717,6.250145435333252,2.008110284805298,7.775259494781494,-2.4236209392547607,4.237841606140137,2.7478275299072266,9.251355171203612,-8.259099960327148,1.307091236114502,-3.633845806121826,5.306239604949951,-12.68266487121582,5.527161598205566,-10.540987014770508,3.4802334308624268,-4.219822406768799,-0.2513701617717743,3.9102282524108887,-0.1314935833215713,-8.10194206237793,-0.2800932228565216,0.4173407554626465,-4.13381814956665,0.1348672360181808,8.381830215454102,-1.640744924545288,-2.7400357723236084,-2.249180793762207,-0.547924280166626,1.2716598510742188,6.486357688903809
5,-143.71072387695312,10.684444427490234,-19.92277336120605,30.98339080810547,-16.59511375427246,6.8175458908081055,-0.969085156917572,10.839961051940918,-12.100421905517578,5.984235763549805,7.035660743713379,5.324566841125488,-5.538033485412598,4.8262810707092285,-2.4914700984954834,4.851862907409668,-3.695641040802002,-5.601471424102783,-10.323678016662598,9.432963371276855,-5.275747776031494,5.5047993659973145,-6.403687000274658,4.480443477630615,-7.1764817237854,-2.29829216003418,-0.5493568778038025,7.697615623474121,-4.762694358825684,-0.9347407221794128,-3.5421178340911865,-9.066679000854492,-1.0232475996017456,7.303622722625732,2.079918384552002,0.1432546973228454,-0.9643903970718384,-2.647817373275757,0.5505427718162537,4.835134506225586
5,-143.67355346679688,10.553004264831545,-20.4500732421875,30.972522735595703,-13.994366645812988,7.992194652557373,-3.554610252380371,10.122432708740234,-12.814193725585938,6.472378253936768,4.95358943939209,4.094076633453369,-4.838451862335205,2.985372304916382,-1.151288390159607,7.970166683197021,-5.104959487915039,-2.6770894527435303,-9.94277286529541,7.711298942565918,-6.526874542236328,4.919703006744385,-5.313908576965332,4.8051533699035645,-7.299652099609375,-2.24512791633606,-0.515964925289154,6.609830856323242,-3.4249613285064697,-1.926090121269226,-1.7681344747543335,-9.79189109802246,-0.5937540531158447,6.48513126373291,-0.1099925935268402,1.9328685998916624,-1.2902302742004397,-1.5189911127090454,0.0370835103094577,6.570037364959717
5,-146.26693725585938,14.198837280273438,-20.848901748657227,31.18219375610352,-10.976350784301758,8.142904281616211,-6.940480709075928,8.162514686584473,-13.71994400024414,6.890373229980469,3.3920764923095703,3.579380989074707,-1.8664175271987915,2.649635076522827,-2.0296356678009038,11.0739107131958,-5.13502311706543,-2.325081825256348,-7.148556232452393,5.8074164390563965,-6.837161064147949,4.032228946685791,-6.8290886878967285,4.576799392700195,-7.42192792892456,-2.9293644428253174,1.055506944656372,4.9547882080078125,-3.9379589557647705,-0.8272403478622437,-0.5431076884269714,-8.553913116455078,-1.23473060131073,6.086787223815918,0.301450252532959,1.2834945917129517,-1.3715734481811523,-0.9492557048797609,-1.0585085153579712,5.411357879638672
5,-117.65865325927734,-6.070775508880615,-29.81376075744629,28.79009056091309,-9.06109619140625,14.455323219299316,0.8333147764205933,1.906339406967163,-8.340718269348145,10.998468399047852,5.311214447021484,7.582221984863281,-6.872000694274902,0.2993843257427215,0.2481142431497573,1.4668450355529783,-7.466209888458252,-4.903597831726074,-2.768152952194214,10.947783470153809,-12.71595287322998,3.877643823623657,-6.1776652336120605,11.576072692871094,-6.825613021850586,3.873557090759277,-2.460139751434326,1.8731729984283447,-5.662403106689453,-2.701046705245972,-0.4910124540328979,-6.343110084533691,-2.2190542221069336,1.6391745805740356,-1.6660953760147097,-1.3776981830596924,5.575591564178467,1.979562759399414,3.6882095336914062,6.269263744354248
5,-105.9789581298828,-7.72925853729248,-31.779430389404297,26.6158447265625,1.0044316053390503,16.58999252319336,-3.488685846328736,0.8494126796722412,-5.126002311706543,17.414276123046875,8.194564819335938,2.809778928756714,-11.928264617919922,1.692681074142456,3.5644986629486084,2.894645929336548,-11.48990535736084,-3.048333168029785,-6.252527713775635,15.54301929473877,-9.550192832946776,-0.3810214102268219,-3.648347854614258,5.840434074401856,-6.990366458892822,0.6991174817085266,-0.0196424052119255,0.4681873619556427,-2.145813226699829,-3.3315274715423584,-5.529322147369385,-4.125889301300049,4.079248428344727,-0.5640265941619873,-1.6775918006896973,1.701225519180298,-1.000603437423706,0.0421162322163581,4.912243843078613,5.87945032119751
5,-112.89051055908205,-4.574382305145264,-29.89243698120117,22.636993408203125,-2.2592852115631104,8.025384902954102,-3.0961735248565674,7.114200115203857,-4.905639171600342,11.13653564453125,4.03199577331543,1.0687544345855713,-4.127547264099121,6.027329444885254,0.0438492633402347,-5.154187679290772,-8.657415390014648,-4.0614752769470215,0.3387636244297027,12.219793319702148,-14.37533473968506,0.6775107979774475,-1.7327872514724731,8.634849548339844,-5.170901775360107,1.970300912857056,-2.767204761505127,-0.9223067164421082,-3.138692617416382,-2.1289737224578857,-2.8954761028289795,-6.002642631530762,0.2454490214586258,-0.1987081170082092,-1.1886038780212402,0.8594521880149841,-2.0698838233947754,4.722975254058838,6.377925395965576,7.1659040451049805
9,-167.5738983154297,30.934860229492188,-21.76816177368164,23.50963592529297,-14.8486328125,14.66140365600586,3.2303802967071533,11.497596740722656,-8.913037300109863,2.2715065479278564,-0.4064690768718719,3.842689752578736,-1.614111065864563,-2.5131492614746094,-5.634610652923584,3.0280447006225586,-1.088708758354187,-5.1830668449401855,-11.242411613464355,9.465139389038086,-0.8417503833770752,8.7455415725708,1.6730297803878784,2.7280430793762207,-5.65731954574585,-1.523762822151184,-7.998345851898193,5.663321495056152,-6.178726673126221,0.0414056293666362,-2.426652669906616,1.6446412801742554,-6.203614711761475,2.379703521728516,-0.2737914621829986,-2.537202835083008,-0.9013944268226624,0.5223674178123474,1.763308882713318,3.451040744781494
9,-158.7039337158203,31.530601501464844,-21.70934295654297,20.527576446533203,-19.62339210510254,11.56651782989502,3.7575972080230713,14.849332809448242,-8.82590103149414,2.62024188041687,-0.6542345881462097,3.871713876724243,-2.331477642059326,-3.844789266586304,-4.928135395050049,2.0172014236450195,-1.071136474609375,-5.195409297943115,-12.480460166931152,12.07430362701416,-1.4155142307281494,7.4813551902771,3.306004524230957,-0.1547177731990814,-6.36566686630249,-1.0574885606765747,-8.522989273071289,5.197960376739502,-6.398830413818359,1.2404706478118896,-2.137002944946289,3.0308401584625244,-7.260777473449707,4.072326183319092,-0.1135363280773162,-4.932324409484863,-0.3040219843387604,0.4206549227237701,2.461646556854248,3.254142999649048
9,-156.0917510986328,32.27288818359375,-23.315980911254883,19.97819709777832,-20.882858276367188,12.072021484375,4.828078269958496,15.374038696289062,-8.814379692077637,2.7042832374572754,-1.1943840980529783,3.880662202835083,-2.591336727142334,-2.94238805770874,-4.919769763946533,1.504591941833496,-1.9030637741088867,-3.732424736022949,-10.158479690551758,11.586084365844728,-1.1178309917449951,8.249861717224121,2.360907077789306,-1.7315590381622314,-6.1598711013793945,-1.6739299297332764,-7.252323627471924,4.3390936851501465,-5.804326057434082,1.664092183113098,-1.6799532175064087,3.2193825244903564,-6.900589466094971,4.517376899719238,-0.8087571859359741,-3.957165241241455,-2.353134155273437,-0.3793733716011047,3.5812761783599854,4.279538631439209
9,-153.01214599609375,31.565793991088867,-23.45684051513672,19.826021194458008,-20.71131896972656,11.30468463897705,4.96568489074707,14.866873741149902,-8.022317886352539,1.6008117198944092,-0.8865240216255188,4.5052032470703125,-3.2331831455230717,-2.4817683696746826,-4.327275276184082,1.135407328605652,-2.532625675201416,-3.71748948097229,-9.15931510925293,11.118290901184082,-0.4361540377140045,8.432716369628906,0.3602805137634277,-2.13144850730896,-6.347729682922363,-2.328267812728882,-7.470604419708252,5.354907512664795,-6.113165378570557,1.2606558799743652,-2.3925974369049072,3.030041217803955,-5.236226558685303,4.50682544708252,-2.124189138412476,-3.343191146850586,-3.745535373687744,-0.5887121558189392,4.262616157531738,5.677612781524658
9,-151.47750854492188,31.32773208618164,-24.367563247680664,19.23773956298828,-20.769920349121094,11.460987091064451,5.9825968742370605,15.010369300842283,-6.928731918334961,0.756384551525116,-0.9290935397148132,4.877359867095947,-3.401951313018799,-2.623561382293701,-3.315191984176636,-0.4170792400836944,-1.6053473949432373,-4.183143615722656,-9.977177619934082,12.434202194213867,-0.1812752187252044,7.237046241760254,-0.8118111491203308,-2.3453736305236816,-6.955282211303711,-1.2628697156906128,-7.950164318084717,5.4983978271484375,-6.460093021392822,1.8825256824493408,-3.1768453121185303,2.6715095043182373,-3.6839678287506095,4.541876792907715,-2.7524702548980717,-3.880086660385132,-2.920072555541992,-1.0466036796569824,3.679932355880737,7.304615497589111
9,-149.58432006835938,31.042104721069336,-24.70385360717773,18.59443664550781,-21.157909393310547,11.5972318649292,6.227042198181152,14.927223205566406,-7.493037223815918,0.2259712070226669,-1.7054990530014038,5.705822944641113,-3.2106728553771973,-2.3591115474700928,-2.4616947174072266,-1.0719945430755615,-1.947380781173706,-3.3106696605682373,-10.302027702331545,12.364648818969728,0.1225861012935638,6.59697961807251,-1.786396861076355,-2.32096266746521,-6.915850639343262,-0.6845890879631042,-6.4953932762146,5.020919799804688,-6.128453254699707,2.734002113342285,-3.61977219581604,2.418884515762329,-1.6962662935256958,3.5134785175323486,-3.102189064025879,-3.4831342697143555,-3.22914457321167,-1.6873031854629517,3.278846025466919,7.174420356750488
9,-171.8690643310547,35.67988967895508,-21.74431800842285,21.287294387817383,-18.261823654174805,13.244722366333008,5.440179347991943,11.76186466217041,-7.547382831573486,0.4003670811653137,-1.6483018398284912,6.539947509765625,-5.012174606323242,-1.2912144660949707,-1.5965520143508911,-1.5046347379684448,-1.8372042179107664,-1.5915403366088867,-7.755381107330322,10.89168643951416,-1.412048578262329,6.326383590698242,-1.678837776184082,-0.6345504522323608,-7.315560340881348,-0.8251972794532776,-5.430999755859375,5.414421081542969,-5.675705909729004,1.7664371728897097,-3.5092928409576416,0.7140421271324158,-1.1102986335754397,3.15581488609314,-3.500081777572632,-2.92566990852356,-3.9602572917938232,-1.9927371740341189,2.911820888519287,5.863657474517822
9,-122.81920623779295,2.0224616527557373,-31.71280670166016,27.92527961730957,-10.077299118041992,14.330981254577637,0.0805978029966354,1.9619059562683103,-8.80905818939209,10.13848876953125,4.677838325500488,6.743555068969727,-6.793854236602783,0.5837169289588928,0.0540397502481937,0.7939223647117615,-7.212046146392822,-4.890810966491699,-2.8755998611450195,10.45378589630127,-12.051615715026855,4.639988422393799,-5.657880783081055,11.404278755187988,-7.146150588989258,3.7781734466552734,-2.916323184967041,1.6705279350280762,-5.468373775482178,-2.556625843048096,-0.7667129635810852,-6.374392986297607,-2.131139039993286,1.4113740921020508,-1.807836651802063,-1.4376755952835083,5.234057903289795,1.9715876579284668,3.657695770263672,5.824485301971436
9,-100.44615173339844,-2.97287917137146,-35.011207580566406,25.72648429870605,-10.346985816955566,11.035364151000977,-0.2052837163209915,-0.4181273281574249,-8.397385597229004,9.798643112182615,5.352899551391602,8.182501792907715,-8.233169555664062,-0.6692434549331665,0.1195097491145134,3.3852427005767822,-8.32856273651123,-6.70345401763916,-0.8670505285263062,10.609375953674316,-14.736519813537598,2.82410192489624,-6.598872184753418,10.55360507965088,-6.598512649536133,4.028392314910889,-1.0373740196228027,1.5723388195037842,-4.386185169219971,-2.918313980102539,0.6437740921974182,-6.276986598968506,-2.6556880474090576,1.239606857299805,-2.3755927085876465,-0.2127722799777984,3.837688446044922,1.9331153631210327,2.8496739864349365,7.66218900680542
9,-105.59801483154295,0.4045869708061218,-32.80870819091797,21.89225578308105,-1.193093180656433,7.425079822540283,-4.161852836608887,7.8717169761657715,-5.406992435455322,11.223381996154783,3.748246192932129,0.1622490137815475,-3.7616100311279297,6.094841480255127,-0.5340672135353088,-4.890407085418701,-8.147937774658203,-5.005293369293213,-0.152369350194931,11.402722358703612,-14.831342697143556,1.6726994514465332,-2.7241580486297607,7.165952682495117,-3.612222194671631,1.0509828329086304,-2.283687114715576,-1.30072283744812,-1.9397622346878047,-1.694515824317932,-4.202439308166504,-6.809505462646484,1.2607229948043823,-1.057013750076294,-1.7137778997421265,1.7013218402862549,-2.429439067840576,3.659213542938232,5.987355709075928,7.286800384521484
9,-103.84558868408205,0.1281721591949463,-31.817890167236328,22.96389961242676,1.815181255340576,11.077679634094238,-3.5995359420776367,5.883894920349121,-7.070435047149658,12.99267578125,6.25255012512207,1.94483745098114,-7.617156505584717,4.171392917633057,0.2811045348644256,-2.0966014862060547,-9.20514965057373,-4.459930419921875,-2.570878028869629,11.423873901367188,-12.913464546203612,2.1317710876464844,-4.065438270568848,5.453926086425781,-3.5076000690460205,1.0398809909820557,-2.145450592041016,-0.773149847984314,-1.1512858867645264,-1.725842833518982,-5.828348636627197,-5.912450313568115,4.5703606605529785,-0.9185734391212464,-3.7788453102111816,2.2274832725524902,-1.7245243787765503,3.0005061626434326,4.998436450958252,6.700368881225586
9,-99.5313720703125,-2.215826749801636,-33.93099594116211,24.465791702270508,0.994348406791687,15.177987098693848,-4.093663692474365,0.9790467619895936,-6.38169002532959,15.852988243103027,8.026444435119629,2.2870023250579834,-12.519086837768556,2.691206693649292,2.55513072013855,2.144601345062256,-11.40385627746582,-3.976806640625,-4.527120590209961,13.610201835632324,-10.922468185424805,1.2249716520309448,-4.493537902832031,4.639133453369141,-5.4802985191345215,1.557437300682068,-1.2952414751052856,-0.2167710363864898,-1.4393230676651,-2.529099225997925,-7.523241519927978,-4.092973232269287,5.8436665534973145,-0.9745466709136964,-4.317325115203857,2.1827709674835205,-1.1390345096588137,1.2581475973129272,4.431765079498291,7.432615756988525
9,-97.2049560546875,-3.9755971431732178,-35.38314437866211,25.157344818115234,-0.2434207051992416,15.928319931030272,-4.500288963317871,-0.0046136667951941,-5.687846660614014,17.24122428894043,8.09311294555664,2.471010446548462,-12.331828117370604,1.5736230611801147,3.4011788368225098,2.98024582862854,-11.720653533935549,-3.249371290206909,-6.1970319747924805,15.248913764953612,-9.666665077209473,-0.061455700546503,-3.948915243148804,5.525076866149902,-6.919040679931641,0.5814608335494995,-0.0226208455860614,0.5014219880104065,-2.140844345092773,-3.2953014373779297,-5.92703104019165,-3.8637754917144775,4.216522216796875,-0.4962953329086303,-2.0075104236602783,1.7852147817611694,-1.229792237281799,0.0077180257067084,4.833611965179443,6.217411994934082
9,-93.44702911376952,-5.965830326080322,-35.277957916259766,24.76909637451172,-9.485501289367676,8.559019088745117,-3.3886165618896484,3.134519100189209,-6.360116481781006,10.599649429321287,3.7809317111968994,3.9601874351501465,-8.727629661560059,4.187301158905029,3.05314564704895,-0.5330867171287537,-10.027795791625977,-4.35911750793457,-1.5516597032546997,12.878694534301758,-16.1578426361084,2.5284152030944824,-6.1796183586120605,8.928226470947266,-6.979918479919434,6.11416482925415,-1.2110037803649902,-0.8099172711372375,-2.0606284141540527,-1.3002138137817385,-1.125298261642456,-7.56221342086792,-1.5438284873962402,0.2291655838489532,-2.272501945495605,0.1076691597700119,0.617180347442627,3.57328200340271,3.300323009490967,9.042243957519531
9,-92.73672485351562,-8.371648788452148,-35.07197952270508,24.97452545166016,-9.44789695739746,9.735347747802734,-5.683206081390381,5.978540897369385,-5.575979232788086,12.047175407409668,7.338063716888428,1.687309503555298,-11.620729446411133,4.81723165512085,4.545159816741943,-4.116812705993652,-11.029252052307127,-2.6953558921813965,-1.6332056522369385,13.42662525177002,-16.3858699798584,5.215353488922119,-4.855027198791504,8.249743461608887,-8.809907913208008,6.9298272132873535,-2.214970827102661,-2.346787214279175,-1.008026123046875,-0.6104006171226501,-2.41825532913208,-8.486918449401855,0.4151584804058075,0.8552099466323853,-2.497283697128296,-0.6036509275436401,0.8907893300056458,3.896675348281861,3.142161130905152,8.011834144592285
9,-94.10037994384766,-10.667847633361816,-34.07893753051758,24.78812599182129,-8.560822486877441,10.379724502563477,-6.008593559265137,5.813011646270752,-4.960352420806885,10.094305038452148,10.535383224487305,1.6779019832611084,-13.254267692565918,3.9673492908477774,3.980944395065308,-6.483242511749268,-9.69918727874756,-2.887777090072632,-1.245961308479309,14.41053295135498,-16.570819854736328,7.051462650299072,-3.687852382659912,8.16927433013916,-9.91224193572998,7.662734031677246,-2.659496784210205,-3.4156408309936523,0.3716098964214325,-0.7409399747848511,-3.8626575469970703,-7.441534519195557,3.3931026458740234,-0.4154582917690277,-2.770096778869629,-0.7873215675354004,2.0660126209259038,4.345747470855713,2.810736894607544,6.548313617706299
9,-95.78397369384766,-9.526663780212402,-32.84732818603516,21.4389705657959,-8.08584213256836,11.517129898071287,-4.975142955780029,3.9143877029418954,-5.543347835540772,8.247657775878906,11.737500190734863,3.348513126373291,-13.697759628295898,4.921996593475342,2.751243352890014,-6.532270431518555,-8.770251274108887,-2.684074878692627,-1.861919403076172,13.882491111755373,-16.03253173828125,4.919863700866699,-2.8566434383392334,9.00044059753418,-9.06428337097168,6.308334827423096,-2.233208179473877,-3.2343292236328125,-0.4134159088134765,-1.4999022483825684,-4.375982761383057,-6.52689790725708,3.3347153663635254,-1.188063144683838,-2.198385000228882,-0.0757565200328826,1.9713928699493408,5.757724285125732,2.7277944087982178,6.204574108123779
9,-99.69667053222656,-4.640859127044678,-33.24786758422852,19.77303695678711,-7.618111610412598,11.968214988708496,-5.2374467849731445,3.1890709400177,-5.971008777618408,9.263501167297363,12.36602783203125,3.544757843017578,-11.749650955200195,4.761527061462402,1.0694572925567627,-5.261500358581543,-9.977115631103516,-1.018807888031006,-1.5436429977416992,11.525778770446776,-15.064949989318848,2.735874652862549,-2.4893505573272705,9.677495956420898,-6.825701713562012,3.749070644378662,-2.2732036113739014,-1.939889669418335,-3.712751865386963,-0.9495674967765808,-3.2628157138824463,-6.304496765136719,1.532170295715332,0.7270838618278503,-2.346494674682617,-0.7538975477218628,1.5580540895462036,5.500935077667236,3.409548044204712,6.675569534301758
9,-101.86497497558594,-2.2675347328186035,-33.62611770629883,20.580949783325195,-5.910350799560547,11.615460395812988,-4.443136215209961,3.5127975940704346,-6.689069271087647,10.413722038269045,12.82730197906494,2.741527795791626,-10.959888458251951,4.012264728546143,0.3266823887825012,-4.880364894866943,-10.05644416809082,-0.6547701358795166,-1.7309794425964355,11.462897300720217,-14.439444541931152,3.180417060852051,-2.7032415866851807,8.658671379089355,-6.735702991485596,3.4864656925201416,-3.704915761947632,-0.5995433926582336,-4.990234851837158,-1.1558570861816406,-2.8832573890686035,-6.503800392150879,2.133284568786621,0.6096851825714111,-2.368046283721924,-1.7033209800720217,1.3409197330474854,4.2393412590026855,4.322906970977783,6.507868766784668
9,-102.9921875,-1.6231229305267334,-33.3343391418457,20.628246307373047,-4.850743770599365,9.957578659057615,-3.456997394561768,4.153008937835693,-6.306344032287598,10.725695610046388,9.965660095214844,2.4287514686584477,-9.68903636932373,4.549116134643555,0.1914164423942566,-5.232829570770264,-9.39810276031494,-1.25913667678833,-1.6123385429382324,11.918977737426758,-13.699944496154783,2.408649444580078,-2.181445837020874,8.742537498474121,-6.902130603790283,3.373264789581299,-4.035750865936279,-0.0369147434830665,-4.1458024978637695,-1.569869041442871,-2.5838463306427,-6.393412113189697,2.2507429122924805,-0.0325739867985248,-1.799168586730957,-0.8000468015670776,0.1538512408733368,4.645448684692383,5.462149620056152,6.19143009185791
9,-103.90792083740234,-0.894200325012207,-33.66812896728516,21.149730682373047,-4.098081588745117,7.573855876922607,-3.826691150665283,5.964011192321777,-5.510046005249023,10.982784271240234,4.3395609855651855,0.9029906392097472,-5.130772113800049,5.76273250579834,-0.13116255402565,-5.471715450286865,-8.716899871826172,-3.688578128814697,-0.1611188799142837,12.221396446228027,-14.194680213928224,0.9573439955711364,-1.8309202194213867,8.70919418334961,-5.274893283843994,2.2101645469665527,-3.053581714630127,-0.8001130223274231,-2.9497387409210205,-1.9843649864196775,-2.858297109603882,-5.898851871490479,0.5652592182159424,-0.3587070107460022,-1.3437105417251587,0.8704286217689514,-1.6436070203781128,4.781200408935547,6.437896728515625,7.041340351104736
9,-118.99322509765624,8.495095252990723,-28.12492179870605,22.421070098876957,-18.214662551879883,10.351995468139648,10.312604904174805,12.991990089416504,-11.976542472839355,-2.252357006072998,3.715518951416016,8.946122169494629,-3.795878648757935,8.650158882141113,-4.107905387878418,-10.685118675231934,-8.215487480163574,-3.606795310974121,-3.320261240005493,11.556432723999023,-6.274780750274658,6.547155857086182,-9.843897819519045,12.879420280456545,-3.0409154891967773,-3.811171293258667,-5.848690032958984,3.185179710388184,-10.900972366333008,1.2621999979019165,1.974347472190857,-5.760734081268311,1.7350423336029053,2.4684791564941406,-7.095088005065918,0.0677162036299705,-0.8392505049705505,2.020930767059326,5.686462879180908,4.522635459899902
9,-112.1444320678711,2.369863986968994,-31.47695541381836,22.11554718017578,-18.339927673339844,11.16782283782959,10.83776569366455,11.797192573547363,-10.06139087677002,-1.7248536348342896,4.774368762969971,7.835858345031738,-4.218071937561035,8.501420974731445,-4.745491027832031,-13.946938514709473,-8.506532669067383,-4.296417713165283,-3.006357431411743,14.350199699401855,-5.913299560546875,4.5700764656066895,-11.406478881835938,15.588257789611816,-3.3351221084594727,-4.332070827484131,-4.879576683044434,1.7273238897323608,-13.698400497436523,3.7023346424102783,4.500613689422607,-5.93080997467041,1.679611325263977,1.921396255493164,-8.483872413635254,1.5231252908706665,-1.7514283657073977,2.75837779045105,8.056734085083008,4.084655284881592
9,-113.80384826660156,10.044130325317385,-43.20802307128906,14.523574829101562,-8.793939590454102,29.35897445678711,5.92965841293335,-0.7350600957870483,-15.838573455810549,7.8755340576171875,-2.7116057872772217,10.298619270324709,-5.716819286346436,4.301886081695557,-1.8689699172973635,-2.740326404571533,-8.693370819091797,-6.201329708099365,-5.36294412612915,9.984655380249023,-2.475034475326538,3.4724481105804443,-5.915020942687988,6.854672908782959,-1.7598572969436646,-2.433871030807495,-6.078373432159424,3.450770378112793,-8.531753540039062,3.793851375579834,-5.649126052856445,0.5155264139175415,3.0669517517089844,3.937286615371704,-10.369586944580078,-1.332227110862732,1.1280865669250488,3.3624091148376465,3.262439250946045,2.921949863433838
9,-117.16105651855467,12.780440330505373,-39.89499282836914,16.5404052734375,-11.610722541809082,24.75376510620117,3.975385189056397,0.4680982828140259,-11.80695629119873,9.160643577575684,-3.012260913848877,10.225759506225586,-5.104659557342529,-0.1386802494525909,1.307384014129639,1.5130354166030884,-11.703534126281738,-6.156976699829102,-4.688844203948975,7.67580509185791,-0.2913611233234405,4.277973651885986,-5.059229373931885,4.53678560256958,-1.6517775058746338,0.1498462408781051,-8.020587921142578,3.469187498092652,-9.86251735687256,3.219764947891236,-5.780876159667969,1.1946406364440918,3.936542510986328,4.881725788116455,-9.679228782653809,-2.681955337524414,0.1479455083608627,4.763479232788086,1.3365147113800049,2.577975034713745
9,-111.13850402832033,10.98283863067627,-41.52783584594727,15.171234130859377,-14.053332328796388,25.91396713256836,5.029884338378906,2.8179943561553955,-10.249003410339355,6.550105094909668,-3.0356929302215576,8.88569450378418,-4.471295833587647,3.5317494869232178,0.0058709294535219,-2.6622025966644287,-11.790775299072266,-8.707307815551758,-2.5676727294921875,11.531560897827148,-4.475072383880615,5.004618167877197,-6.822174072265625,3.621557950973511,-0.1473958939313888,0.8031545877456665,-6.518453121185303,1.9598983526229856,-10.658709526062012,3.688933849334717,-2.769553899765014,0.1957071125507354,4.043506622314453,2.741795778274536,-10.744873046875,-1.9071648120880127,0.1437519490718841,5.701103687286377,1.4870458841323853,1.4658451080322266
9,-106.5727996826172,9.157158851623535,-41.24916076660156,14.068621635437012,-15.217400550842283,28.32328414916992,4.300863742828369,1.1711024045944214,-9.004837989807129,4.704832553863525,-1.1661341190338137,9.474603652954102,-6.013092041015625,6.042124271392822,-0.0220852885395288,-5.597930908203125,-9.87635612487793,-8.994916915893555,-2.009719133377075,12.13530731201172,-7.573338031768799,4.995294094085693,-9.324044227600098,4.501400470733643,3.111110210418701,1.7939475774765017,-5.755917072296143,2.1672205924987797,-11.38026237487793,2.455893039703369,-2.814279794692993,0.7971915602684021,4.551844120025635,1.890616536140442,-9.548781394958496,-1.9526691436767576,-0.0703340023756027,5.105892658233643,1.547257661819458,1.3259711265563965
9,-106.30791473388672,11.69270133972168,-38.91086196899414,14.371373176574709,-17.016437530517578,26.31618309020996,2.8945233821868896,-0.4372007250785827,-9.35747528076172,6.468430995941162,-0.4536815881729126,10.737149238586426,-6.047739505767822,2.1490492820739746,2.572295665740967,-1.5107086896896362,-10.757730484008787,-7.813446998596191,-1.4351469278335571,7.422969341278076,-7.192346096038818,4.764346122741699,-9.683205604553224,3.5691254138946533,5.000792026519775,2.304284811019897,-6.457466125488281,2.899744749069214,-12.508286476135254,2.375553846359253,-4.242271423339844,1.3215618133544922,7.380853176116943,2.3912649154663086,-10.57343292236328,-1.7026976346969604,-1.2723313570022583,5.222835063934326,-0.7496545314788818,3.910507678985596
9,-105.46823120117188,14.940065383911133,-35.22234344482422,18.274768829345703,-20.636205673217773,19.205337524414062,0.7788345217704773,1.256493330001831,-10.598539352416992,6.404099464416504,-2.264723539352417,9.136456489562988,-2.147383451461792,2.0421268939971924,3.481579303741455,0.5277710556983948,-11.972612380981444,-7.892460346221924,-0.2406270503997802,5.924619674682617,-6.768083572387695,6.3502960205078125,-8.195798873901367,2.916176080703736,1.1550132036209106,-0.5868239402770996,-6.956631660461426,4.883551120758057,-9.70661735534668,2.813185691833496,-3.212683916091919,0.2664046585559845,7.292469024658203,3.056983470916748,-12.54340648651123,-0.6731651425361633,-1.988101840019226,6.590200901031494,-1.1685878038406372,3.659118413925171
9,-110.0580062866211,15.301652908325195,-30.786205291748047,23.9437198638916,-21.149578094482425,13.689430236816406,-1.2814695835113523,4.054086685180664,-11.02692699432373,4.770444393157959,-5.439591884613037,7.541800498962402,0.2430363893508911,3.4659762382507324,4.261013031005859,-1.9700305461883545,-10.42691421508789,-5.1616973876953125,-1.087040662765503,6.186100006103516,-8.402405738830566,10.308716773986816,-6.881948947906494,5.359443664550781,-5.616276264190674,-3.5751495361328125,-7.555622577667236,4.713901042938232,-4.1762375831604,3.4065346717834477,-2.5975711345672607,-1.8563597202301023,3.195653200149536,4.475971698760986,-8.273224830627441,-2.123145341873169,-2.568410634994507,6.446927070617676,-0.027953440323472,1.9630054235458372
9,-114.67711639404295,2.860599994659424,-32.75083923339844,23.31619644165039,-18.06821632385254,13.903982162475586,9.393418312072754,10.830692291259766,-9.450424194335938,-2.5955207347869877,6.531678199768066,6.323596477508545,-3.895567178726196,7.339670658111572,-5.73536491394043,-14.36605739593506,-7.965880870819092,-3.572084903717041,-2.3208134174346924,15.550984382629396,-5.038033485412598,2.6891236305236816,-9.95198917388916,14.845300674438477,-3.427551031112671,-3.582162380218506,-5.234528064727783,1.816205143928528,-14.539539337158203,4.471912860870361,5.003511905670166,-5.818578243255615,2.4424335956573486,0.7812507152557373,-9.415900230407717,2.779805898666382,-3.100454330444336,4.178415298461914,6.275119781494141,4.595653533935547
9,-121.0486831665039,4.186887741088867,-33.74748992919922,24.05434226989746,-16.48175811767578,15.316773414611816,9.891409873962402,12.14169216156006,-10.510504722595217,-1.7298094034194946,5.240079879760742,6.550849914550781,-5.024858474731445,5.881699085235596,-6.462735176086426,-13.375855445861816,-7.515262126922607,-3.1274068355560303,-2.4394643306732178,17.34259796142578,-6.0922441482543945,2.4033899307250977,-9.238076210021973,14.304585456848145,-3.4820470809936523,-3.1635565757751465,-6.444790363311768,2.7707109451293945,-12.782150268554688,3.807358264923096,2.384658098220825,-4.2743425369262695,2.947397232055664,0.0839841738343238,-8.738018035888672,2.4072091579437256,-2.4707045555114746,3.9206557273864746,5.999189853668213,3.0874929428100586
9,-120.84912109375,7.893125534057617,-35.46592712402344,21.29034805297852,-11.99143123626709,15.923384666442873,8.167651176452637,8.567305564880371,-9.70623779296875,1.2883234024047852,2.2401602268218994,6.276595592498779,-2.847118616104126,4.226405143737793,-6.78746223449707,-8.668900489807129,-5.668449878692627,-3.7777836322784415,-3.8162834644317623,15.542791366577148,-6.938773155212402,2.6152799129486084,-6.144048690795898,11.180871963500977,-4.98147439956665,-1.5494647026062012,-7.475349426269531,1.2488737106323242,-10.127798080444336,5.159204006195068,-1.989569306373596,-1.1874123811721802,1.3742938041687012,1.1430233716964722,-6.994716167449951,0.6137147545814514,-1.4139491319656372,4.631199359893799,4.208847999572754,2.3934245109558105
9,-109.19842529296876,8.33719253540039,-40.49789047241211,14.833343505859377,-8.5424222946167,21.907272338867188,5.138654708862305,1.7614929676055908,-12.114009857177734,5.356098175048828,2.938475608825684,7.743459224700928,-1.7072508335113523,2.7320010662078857,-6.481212615966797,-8.662703514099121,-4.061217308044434,-3.318124294281006,-5.822866916656494,13.699567794799805,-5.166200160980225,1.896625280380249,-6.144920825958252,8.89026927947998,-4.947256088256836,-1.6045576333999634,-7.733119487762451,0.8480631113052368,-8.56949234008789,7.5235066413879395,-3.5279836654663086,-1.8017754554748533,2.100947856903076,1.3628976345062256,-8.11467456817627,-0.0716486126184463,-1.9513098001480105,6.086339473724365,4.562517166137695,1.958196043968201
9,-103.1171646118164,5.558909893035889,-41.35847854614258,11.490907669067385,-8.888686180114746,25.28197860717773,3.890548706054688,0.5298500061035156,-14.033730506896973,6.500818729400635,2.1585309505462646,10.548892974853516,-2.409111738204956,2.536834955215454,-5.003812789916992,-12.84943962097168,-4.011895656585693,-2.4439971446990967,-6.1590118408203125,14.321938514709473,-3.3733911514282227,0.584674596786499,-9.001967430114746,9.74898910522461,-4.508666515350342,-3.71588945388794,-5.792693614959717,3.0601093769073486,-8.090217590332031,7.922534942626953,-3.364098310470581,-4.234592914581299,3.911244630813599,0.9721328616142272,-10.464425086975098,1.213182806968689,-1.6194686889648438,4.9963908195495605,6.250294208526611,2.0041840076446533
9,-104.52783966064452,6.508598327636719,-41.9013671875,10.831398010253906,-9.265962600708008,27.898815155029297,3.904698610305786,0.0630228966474533,-14.953413009643556,6.041739463806152,-0.7349742650985718,11.161162376403809,-2.105731964111328,4.607925891876221,-4.72489595413208,-10.213379859924316,-5.513739585876465,-4.19819450378418,-5.280806064605713,13.418174743652344,-4.444762706756592,2.4674134254455566,-8.739013671875,9.296098709106444,-4.204810619354248,-3.9262328147888175,-4.4489288330078125,3.781578779220581,-7.869308471679687,8.117398262023926,-4.405174732208252,-3.7917113304138175,3.9286277294158936,1.0986777544021606,-10.81672191619873,0.6411699652671814,0.3860692679882049,3.1365530490875244,5.437937736511231,2.226423501968384
9,-108.22347259521484,9.744174003601074,-45.58174514770508,11.345468521118164,-8.612192153930664,31.852340698242188,5.982030868530273,-0.9293422698974608,-17.173133850097656,5.571261405944824,-2.666948080062866,11.43161964416504,-2.669119119644165,7.047993183135986,-5.177314758300781,-5.41708517074585,-7.160650730133057,-6.956185340881348,-4.217175006866455,10.625677108764648,-5.142174243927002,4.144324779510498,-7.928103923797607,8.153863906860352,-2.052959442138672,-3.541134119033813,-4.135623455047607,2.791041135787964,-8.095304489135742,7.095340251922607,-4.568438529968262,-2.998566150665283,4.084037780761719,2.609501361846924,-11.15157413482666,-0.5471591949462891,1.5009024143218994,1.8521188497543333,4.693397521972656,1.9927613735198972
9,-109.36834716796876,9.47762966156006,-47.005821228027344,12.117876052856444,-8.01127815246582,32.84913635253906,7.636934757232666,-0.3630725741386413,-18.273277282714844,6.08463191986084,-3.329311847686768,10.773168563842772,-3.917054891586304,7.40401029586792,-5.248516082763672,-5.100588321685791,-7.296498775482178,-7.360166072845459,-4.4172844886779785,11.013251304626465,-4.924278259277344,3.947260618209839,-7.180279731750488,7.560809135437012,-1.165031671524048,-3.85927414894104,-3.778539657592773,1.9701100587844849,-8.522682189941406,5.984746932983398,-4.160032272338867,-2.198981285095215,3.547703981399536,3.299000740051269,-12.127548217773438,-0.5902339220046997,1.697157621383667,2.477940797805786,4.104846954345703,2.5573413372039795
9,-112.39615631103516,12.723567962646484,-33.49599075317383,27.965621948242188,-15.05601406097412,12.280465126037598,-6.488406658172607,4.217132568359375,-8.102420806884766,4.437769412994385,1.7722312211990356,13.092047691345217,-1.5382882356643677,-2.747631549835205,1.1056760549545288,-1.4962629079818726,-9.76844596862793,-4.649024963378906,-2.7462377548217773,9.004465103149414,-11.362820625305176,8.555511474609375,-0.0892217084765434,6.405770778656006,-7.465807437896728,-4.863112449645996,-0.99635648727417,2.529279947280884,-5.842601776123047,4.557437419891357,-1.681800127029419,-4.377735137939453,2.094077110290528,-0.3417825996875763,-2.3265717029571533,-1.5024259090423584,-4.942241668701172,3.9619760513305664,1.413986086845398,3.328054189682007
9,-107.1039581298828,11.360204696655272,-31.81102180480957,20.9715518951416,-15.462306022644045,10.15449333190918,-0.910096287727356,5.736431121826172,-8.814824104309082,5.037031650543213,4.848301410675049,12.885428428649902,-1.447680115699768,-1.612714171409607,-0.7130098938941956,-8.203372955322266,-8.59109115600586,-2.728978157043457,0.5257111191749573,12.108250617980955,-11.39333438873291,6.276663780212402,-3.2883102893829346,4.802026271820068,-6.99235200881958,1.1105999946594238,-0.1365522444248199,3.5323288440704346,-8.012124061584473,3.2484188079833984,-0.1562454551458358,-5.69756555557251,5.139955520629883,-1.1618833541870115,-4.108098030090332,-0.1489957869052887,-4.2219557762146,2.293524265289306,1.81363844871521,4.266661643981934
9,-107.23527526855467,13.440570831298828,-30.943613052368164,12.274843215942385,-16.85000228881836,11.950779914855955,3.603249549865722,6.421514987945557,-8.61212158203125,3.555989980697632,6.8301262855529785,9.850871086120604,-2.3774335384368896,-2.254645824432373,-1.6474097967147827,-11.371419906616213,-6.680442333221436,-0.6678070425987244,1.7723106145858765,13.239131927490234,-11.237015724182127,3.397885322570801,-5.396667003631592,2.894774913787842,-5.3467512130737305,4.492087841033936,-0.8908479809761047,3.9057211875915527,-9.674909591674805,2.488676071166992,-1.9062941074371336,-4.85978364944458,7.626889705657959,-1.3555203676223757,-2.635878086090088,-1.280577540397644,-2.610905885696411,-0.9130051732063292,4.042380809783936,4.609790325164795
9,-107.13240814208984,13.59038257598877,-32.28408432006836,10.974809646606444,-17.45289421081543,13.154854774475098,2.3660457134246826,5.980774879455566,-8.600152969360352,3.947223901748657,6.108517646789551,9.281927108764648,-2.68062162399292,-2.458757162094116,-2.1624226570129395,-11.418662071228027,-6.573112487792969,1.259785532951355,1.1143280267715454,12.610233306884766,-10.44612979888916,2.847984790802002,-5.264897346496582,2.5435307025909424,-4.600022792816162,4.8822431564331055,-1.816054463386536,5.920398235321045,-10.500272750854492,3.064403295516968,-3.308312177658081,-3.5265846252441406,6.925022125244141,-0.8789092302322388,-2.251220226287842,-2.4540631771087646,-1.6086301803588867,-1.8134353160858157,4.324857234954834,3.511215686798096
9,-105.48855590820312,9.9236478805542,-31.708477020263672,12.556747436523438,-15.42697525024414,11.94805145263672,1.3445019721984863,5.744524002075195,-9.612015724182127,4.418169975280762,5.736642837524414,9.539441108703612,-3.314931154251098,-1.2669801712036133,-2.659319877624512,-10.552708625793455,-8.32821273803711,2.7298009395599365,-1.1955655813217163,14.330778121948242,-10.391742706298828,2.9256908893585205,-5.915561199188232,5.287513732910156,-5.503223419189453,1.6239149570465088,-0.0340531207621097,5.880855083465576,-9.913101196289062,2.125231981277466,-3.494741201400757,-4.836979866027832,8.017699241638184,-0.5749120712280273,-2.319865465164185,-2.498402833938598,-1.6515583992004397,-0.8562681078910828,2.8754889965057373,3.692936658859253
9,-104.7220458984375,7.651030540466309,-31.315031051635746,13.123311042785645,-14.675397872924805,11.81987190246582,0.4623129665851593,7.129619121551514,-9.28195095062256,3.244380474090576,5.972834587097168,8.787113189697266,-3.8769419193267822,0.5726052522659302,-2.741450786590576,-12.191011428833008,-9.656612396240234,3.781683206558228,-1.616532564163208,15.145010948181152,-10.597229957580566,1.9658944606781008,-5.392958641052246,4.8112473487854,-5.790252685546875,-1.615068435668945,1.698020100593567,3.9373934268951416,-9.534796714782717,2.989412784576416,-4.936103820800781,-5.3940606117248535,8.70071792602539,0.3825027346611023,-2.4460175037384038,-1.570113182067871,-2.663712978363037,0.5248187184333801,2.575237512588501,4.060519695281982
9,-106.5150146484375,7.785300254821777,-31.541105270385746,13.692944526672363,-16.46103286743164,13.070859909057615,1.5156581401824951,8.280654907226562,-8.145648956298828,1.3402032852172852,6.451128005981445,6.5726728439331055,-4.352491855621338,2.924168109893799,-2.6789627075195312,-14.135623931884766,-8.88525676727295,2.962199211120605,-0.4694659411907196,14.47902488708496,-10.361287117004396,1.5009288787841797,-3.945348024368286,3.884366273880005,-5.466625213623047,-2.090832471847534,1.184078812599182,3.4289262294769287,-10.019710540771484,4.023148059844971,-5.357120513916016,-4.818795204162598,7.511529445648193,1.695692777633667,-2.778798818588257,-1.2826544046401978,-3.305980920791626,1.5379382371902466,1.9282251596450808,3.8436357975006095
9,-105.94197082519533,7.843825340270996,-32.307865142822266,13.612018585205078,-16.57805633544922,13.817182540893556,2.552316904067993,7.391652584075928,-8.703709602355957,1.4918826818466189,6.558706760406494,6.674073696136475,-5.18012285232544,2.0312130451202397,-2.430701732635498,-13.299019813537598,-8.880685806274414,2.007296323776245,-0.5510998964309692,14.770589828491213,-9.944141387939451,2.071077823638916,-3.5337929725646973,4.150074005126953,-5.186400890350342,-1.8866229057312007,-0.1054435595870018,3.741649866104126,-9.564826965332031,3.9321582317352295,-5.992227554321289,-4.3412861824035645,7.033577919006348,2.089167356491089,-2.5051910877227783,-2.086215019226074,-3.07546615600586,1.3320339918136597,0.9407992362976074,3.976710081100464
9,-131.72816467285156,20.95654296875,-23.00923156738281,28.855791091918945,-16.197214126586914,14.8884916305542,3.8523061275482178,17.36985969543457,-8.448453903198242,-4.95465898513794,-4.087202072143555,8.709189414978027,0.7612766027450562,3.632727861404419,1.7350856065750122,-1.161042094230652,-5.730704307556152,-4.470716953277588,-10.07000732421875,1.5763288736343384,-7.4026570320129395,4.733188152313232,-2.364553213119507,1.5845329761505127,-10.618935585021973,-1.909699559211731,-2.9308712482452397,4.215284824371338,-5.587638854980469,1.8460769653320312,-4.347640514373779,-6.687958717346191,-3.00516128540039,1.5443865060806274,-4.974900722503662,2.6259758472442627,-1.3413833379745483,0.2717221677303314,0.087064079940319,3.383622646331787
9,-137.48724365234375,25.019418716430664,-22.943012237548828,21.6212100982666,-14.351895332336426,12.635454177856444,3.316548109054565,18.97028541564941,-6.215190410614014,-8.123411178588867,-9.171876907348633,6.494390487670898,4.625234127044678,2.3833529949188232,-0.0556173175573349,1.1608176231384275,-4.530291557312012,-2.380018711090088,-11.915775299072266,-0.356155663728714,-7.615746021270752,4.168842792510986,2.582226514816284,3.5763158798217773,-12.047613143920898,-3.450937509536743,-4.657533645629883,5.459268093109131,-6.345399856567383,3.6361894607543945,-2.9923360347747803,-0.9176065921783448,-5.703823566436768,0.260795533657074,-1.4845860004425049,2.9664220809936523,-1.747300148010254,2.036041259765625,-0.4500972330570221,0.2020912766456604
9,-143.605224609375,23.96919631958008,-24.124780654907227,22.801198959350582,-13.218162536621094,10.349711418151855,3.866509437561035,19.02914428710937,-6.731195449829102,-9.486977577209473,-9.396985054016112,3.86377477645874,6.854018688201904,2.57240891456604,-3.773822784423828,3.6566529273986816,-2.33097505569458,-2.788130760192871,-11.038434028625488,2.193988084793091,-7.726859092712402,5.616878986358643,7.3309855461120605,2.827421188354492,-11.347021102905272,-2.9991800785064697,-5.500929832458496,7.872624397277832,-8.65640926361084,4.233047962188721,-0.8098602294921875,0.7028852105140686,-7.154126167297363,0.133782684803009,-0.0966754555702209,3.08735728263855,-1.3196803331375122,2.273785352706909,-1.7487071752548218,-0.4730659425258636
9,-145.30026245117188,27.579124450683597,-21.418893814086918,22.559471130371094,-16.084054946899414,8.271102905273438,0.9887039065361024,13.573307037353516,-5.107565879821777,-6.100268363952637,-7.461589336395264,4.367733478546143,3.0122644901275635,2.766092300415039,-4.832505226135254,3.5664196014404297,0.0723432973027229,-0.4306723475456238,-9.609192848205566,0.2532110512256622,-3.141657590866089,4.302760601043701,4.846938610076904,0.4177932739257812,-11.5293550491333,-1.2028039693832395,-5.591920375823975,8.646710395812988,-6.303865432739258,4.36177396774292,-1.779805064201355,-1.6907544136047363,-5.749415874481201,1.2790254354476929,2.38599157333374,2.630849599838257,-4.519750595092773,2.612414836883545,-1.9237208366394043,1.5915710926055908
9,-493.855224609375,78.04193878173828,-17.085880279541016,-21.65804672241211,-9.051379203796388,-12.62259006500244,-14.675095558166504,0.9166239500045776,-2.544386386871338,1.964924693107605,-5.798410892486572,0.5753551721572876,5.415782928466797,4.563808917999268,9.75186538696289,8.956792831420898,4.049787998199463,3.090001106262207,0.2239299565553665,-3.149055242538452,-3.903069019317627,2.158809185028076,2.3521358966827397,0.6109683513641357,0.4350259602069855,0.6827637553215027,-2.741583108901977,-2.3424880504608154,-0.3525788784027099,0.926232933998108,1.779639482498169,3.213297843933105,0.3731322586536407,0.6082651615142822,-1.97009801864624,-0.7475160956382751,0.5449265837669373,-0.1034757569432258,-0.1726945638656616,0.6184487342834473
9,-573.9459838867188,47.65255355834961,-5.265851020812988,-8.238987922668457,-2.443636894226074,-4.964053630828857,-6.230149269104004,3.5231611728668213,1.7402586936950684,3.150253772735596,-1.3459097146987915,1.1990658044815063,3.5190415382385254,4.050045490264893,8.272263526916504,7.390816688537598,3.9074199199676514,3.0457427501678467,1.016649603843689,-1.535069465637207,-1.9374710321426392,1.7423558235168457,2.136657476425171,1.1577215194702148,1.2685798406600952,1.3424698114395142,-0.5382362604141235,-0.3828500807285309,0.1089199259877204,1.0221630334854126,2.234933376312256,2.7168805599212646,0.914984405040741,0.1925956457853317,-1.8804298639297483,-0.792845606803894,0.8477045893669128,0.9227438569068908,1.489980936050415,1.5103439092636108
9,-498.3638000488281,67.1144027709961,-1.3139408826828003,-5.729193210601807,0.9489643573760986,-9.285542488098145,-12.488707542419434,3.400629758834839,3.2989275455474854,3.522213220596313,-0.2817118167877197,3.0611791610717773,6.343348503112793,5.491297245025635,5.708553791046143,3.486297130584717,-0.5443522930145264,-1.703294038772583,-4.217528820037842,-4.791090488433838,-3.1961119174957275,-0.0763966143131256,-1.906351923942566,-1.816505551338196,0.2445591539144516,1.2183105945587158,-1.286855697631836,-0.5110760927200317,0.141199454665184,-2.1668221950531006,-1.5722060203552246,1.111175775527954,-0.5351310968399048,-0.3671850860118866,-0.4764724373817444,0.8221168518066406,0.3960712552070617,0.4399851858615875,1.2552107572555542,0.7859677076339722
9,-524.092041015625,71.12137603759766,-6.233078002929688,-13.24441909790039,-3.416734218597412,-5.390252590179443,-10.517213821411133,-0.8122669458389282,-0.1111912354826927,4.285121917724609,-2.790165424346924,1.042570948600769,6.08413553237915,5.599586486816406,8.839110374450684,7.985020637512207,2.7720401287078857,2.2609589099884038,0.4063712656497955,-3.0757880210876465,-3.5401477813720703,0.9590812921524048,0.0718889608979225,-0.3673954904079437,0.1280206739902496,1.336289644241333,-1.6297996044158936,-0.0821021571755409,1.4126368761062622,0.8992431163787842,1.39499831199646,1.1100947856903076,-1.924004316329956,-0.0969210490584373,-0.6963375806808472,0.6453443765640259,1.1983776092529297,-0.8113701343536377,-0.3910509645938873,2.228525161743164
7,-402.5849304199219,117.83294677734376,-3.0531108379364014,29.99026870727539,1.8565342426300049,17.719018936157227,5.130897998809815,21.49833106994629,-1.8773785829544067,-0.9753329157829284,-9.56710433959961,6.010895252227783,0.4341175854206085,10.839271545410156,-4.293031215667725,-1.2347437143325806,-8.51611042022705,-4.100332736968994,-3.2810332775115967,1.4802651405334473,-4.187085151672363,-3.007145643234253,-6.310370445251465,-2.6682827472686768,-4.323538780212402,1.083159565925598,-4.530804634094238,-2.581630229949951,-5.200531005859375,0.1126611307263374,-1.4369782209396362,0.3412404060363769,-7.31777811050415,-3.859474897384644,-5.626484394073486,2.1012840270996094,0.4987766444683075,3.0113887786865234,-4.999851226806641,-4.316074848175049
7,-416.6243286132813,147.28921508789062,-0.4740485846996307,29.661710739135746,-4.381171703338623,11.301908493041992,4.597702503204346,24.314306259155277,-5.078379154205322,-4.691353797912598,-9.626906394958496,3.33553147315979,0.6837112307548523,14.712849617004396,-2.8315796852111816,-3.060565948486328,-10.413773536682127,-5.664253234863281,-6.502634525299072,4.159578800201416,-2.5996711254119877,-6.188403129577637,-6.343095302581787,-1.4565393924713137,-5.858238220214844,-0.9159948229789734,-2.47128963470459,-1.860274314880371,-5.784151554107666,2.5993473529815674,-0.2738006114959717,-3.060366630554199,-7.310285091400146,-2.262683391571045,-7.12775182723999,1.994558334350586,2.4186341762542725,0.8501971364021301,-7.953598976135254,-3.377243757247925
7,-419.1864013671875,145.32958984375,-4.392201900482178,24.508228302001957,-6.42691707611084,8.213155746459961,5.257312297821045,28.73558807373047,-3.854149341583252,-6.975559234619141,-9.84880542755127,2.063681602478028,2.087965488433838,16.24340057373047,-1.3804709911346436,-2.696604490280152,-11.247233390808104,-5.807380199432373,-6.802525520324707,5.896962642669678,-0.3516978621482849,-5.350001811981201,-5.189448833465576,-0.3470387458801269,-6.625908851623535,-2.1107518672943115,-1.0578510761260986,-1.3475394248962402,-5.137413024902344,3.9977364540100098,0.109599582850933,-5.272096633911133,-7.734311580657959,-2.103156566619873,-7.270566940307617,1.5412358045578003,2.524178981781006,-0.8498491048812866,-10.973152160644531,-4.211892604827881
7,-429.7129821777344,144.14028930664062,-7.7945661544799805,15.506648063659668,-9.752649307250977,8.080374717712402,8.457351684570312,29.19731712341309,0.5357182621955872,-9.370430946350098,-15.370158195495604,2.4172475337982178,7.526811122894287,16.6710147857666,-0.8969759941101074,-1.2582075595855713,-11.961421966552734,-8.755847930908203,-4.068730354309082,6.36880350112915,-0.022894887253642,-4.173569679260254,-3.843677043914795,-1.0389745235443115,-4.363367557525635,-1.0421260595321655,-2.129079341888428,-1.620329976081848,-3.1071667671203613,3.53952956199646,0.1548003256320953,-4.844412326812744,-9.21924877166748,-3.320290327072144,-4.773696899414063,1.6713870763778689,2.122942447662353,0.4305680990219116,-11.163229942321776,-6.591796875
7,-433.2320251464844,144.59945678710938,-6.545504570007324,11.267382621765137,-15.20480728149414,6.149672508239746,11.56789779663086,27.665433883666992,-0.1720173507928848,-11.56938362121582,-19.465118408203125,2.021202087402344,10.763954162597656,17.35256004333496,-2.350882053375244,-2.544855117797852,-11.561891555786133,-11.088634490966797,-2.576995372772217,8.02262020111084,-0.4275187253952026,-5.445562839508057,-2.385894298553467,-0.0869347900152206,-2.7064456939697266,-0.1047973856329917,-2.4688522815704346,-2.53165602684021,-3.258961677551269,4.356663227081299,1.352118968963623,-5.973529815673828,-10.472312927246094,-3.4365220069885254,-3.8860208988189697,0.3326796591281891,2.0434553623199463,0.9707075357437134,-10.788544654846191,-7.507915019989014
7,-420.6332702636719,146.30972290039062,-12.086734771728516,5.742172718048096,-21.826684951782227,6.013059616088867,15.22124195098877,27.542558670043945,-0.8447320461273193,-14.80862522125244,-19.95725440979004,1.7875487804412842,13.75217056274414,16.512985229492188,-2.300039768218994,-4.600493431091309,-10.372714042663574,-10.857675552368164,-1.5062631368637085,7.441344261169434,-0.7182286977767944,-7.644104957580566,-1.1175130605697632,-0.5059665441513062,-0.6533011794090271,-0.1172090321779251,-1.5501255989074707,-3.622292518615722,-2.708808422088623,3.799506902694702,1.7136991024017334,-7.10386848449707,-9.75491428375244,-3.9222259521484375,-3.3582763671875,-1.051719307899475,2.2513139247894287,0.7622167468070984,-10.53178882598877,-8.143102645874023
7,-345.7372131347656,130.98231506347656,-22.99078750610352,-5.342992305755615,-29.8306884765625,3.544563770294189,16.797687530517578,34.452056884765625,1.0033445358276367,-12.886703491210938,-18.9543571472168,1.2740057706832886,15.955201148986816,15.678908348083496,-2.9753243923187256,-5.554253578186035,-10.212636947631836,-12.380396842956545,-0.4109684526920318,8.970267295837402,1.5118083953857422,-9.810379028320312,-3.037463903427124,-0.5773777961730957,-2.9258041381835938,-2.835543394088745,-2.908499956130981,-4.263557434082031,-3.183634996414185,3.3243296146392822,2.437118530273437,-6.098519802093506,-9.994450569152832,-5.061100006103516,-2.710904359817505,0.2638023197650909,3.1280856132507324,2.730512380599976,-10.918450355529783,-9.03534984588623
7,-254.95118713378903,95.18463134765624,-26.026466369628903,-8.236268043518066,-32.865455627441406,5.729365348815918,8.323297500610352,28.285430908203125,0.6444694995880127,-5.789196014404297,-18.79919815063477,0.1887892335653305,7.552737712860107,12.280733108520508,-5.848496913909912,-6.790960788726807,-10.532809257507324,-8.200730323791504,4.336274147033691,16.7075138092041,7.155545711517334,-7.747505187988281,-7.751233577728271,-3.258984088897705,-4.396735668182373,-4.617905616760254,-4.462679862976074,-2.6884069442749023,-5.111828327178955,-1.5299816131591797,1.2216936349868774,-2.826710700988769,-10.453398704528809,-8.662080764770508,-3.99208402633667,4.000285625457764,6.466777801513672,5.872248649597168,-10.00808334350586,-8.310359001159668
7,-198.92803955078125,68.4848861694336,-34.776485443115234,-5.831512451171875,-32.94929885864258,3.70048451423645,3.131922721862793,26.38626480102539,1.3511875867843628,-1.7888273000717163,-19.7713623046875,-2.3740074634552,0.9273987412452698,10.690552711486816,-7.494956493377685,-8.104806900024414,-9.71641731262207,-5.740930080413818,4.605254650115967,22.990232467651367,12.724658966064451,-4.402213096618652,-11.210531234741213,-5.207813739776611,-6.994916915893555,-6.9264750480651855,-5.202911376953125,-1.3271360397338867,-7.101675510406494,-4.353904247283936,-1.1072571277618408,-1.7155117988586426,-10.914176940917969,-10.3768949508667,-7.592285633087158,5.547846794128418,9.377179145812988,10.36376953125,-8.843504905700684,-12.070301055908203
7,-211.86338806152344,78.67579650878906,-31.01559066772461,-1.9405081272125244,-25.123136520385746,1.0149463415145874,8.588593482971191,27.909873962402344,2.8769354820251465,-6.251909255981445,-20.32960319519043,-7.682373046875,5.392160892486572,13.635197639465332,-2.912980556488037,-6.182705879211426,-8.383862495422363,-10.18467903137207,-2.319299936294556,17.018903732299805,11.963502883911133,-4.619419097900391,-8.997069358825684,-5.952638626098633,-6.496480464935303,-5.607295513153076,-4.95717716217041,-2.2554168701171875,-6.544281005859375,-2.7714054584503174,1.7309012413024902,-2.2194082736968994,-11.820357322692873,-10.297319412231444,-7.827754020690918,2.297580480575561,8.266241073608398,11.905510902404783,-6.093801498413086,-16.433460235595703
7,-189.88162231445312,97.89258575439452,-21.663131713867188,1.6567753553390503,-17.125959396362305,4.700300216674805,9.421991348266602,23.99708747863769,-0.8695643544197083,-10.138784408569336,-22.471263885498047,-6.485313415527344,8.373337745666504,15.950121879577637,-0.7949239015579224,-2.0561838150024414,-10.306381225585938,-10.985980987548828,-6.073020458221436,8.105128288269043,5.7083587646484375,-6.226710796356201,-6.399144649505615,-5.282217502593994,-4.244754314422607,-1.2570631504058838,-5.244849681854248,-3.723039388656616,-6.8576250076293945,-1.5556516647338867,3.9727861881256095,-0.1158508136868476,-11.5625,-9.562091827392578,-7.657685279846191,-1.262303113937378,2.5571980476379395,8.919189453125,-3.4278783798217773,-13.982054710388184
7,-357.2159118652344,137.73695373535156,-9.625507354736328,12.13677978515625,-19.43330383300781,13.248984336853027,8.805743217468262,27.662761688232425,0.8969650864601135,-4.528259754180908,-19.342294692993164,-3.934784889221192,-1.0236729383468628,14.433223724365234,2.1319048404693604,2.525420904159546,-9.987475395202637,-8.7650728225708,-8.735136032104492,1.552900314331055,0.0145794646814465,-0.60567706823349,-3.0202653408050537,-0.3986264765262604,-3.7831759452819824,-0.0615446232259273,-5.029345512390137,-2.906776428222656,-5.884494781494141,-0.8067610859870911,0.1332660019397735,2.664321184158325,-6.970571994781494,-6.860432147979736,-10.799022674560549,-3.603568553924561,-0.3442083895206451,7.27986478805542,0.8560340404510498,-2.4728519916534424
7,-374.9727783203125,121.41638946533205,-9.689518928527832,9.304040908813477,-16.674880981445312,13.983895301818848,6.719405651092529,27.194623947143555,0.4777472913265228,-2.693307399749756,-17.246612548828125,-2.587285280227661,0.5514823794364929,15.362756729125977,3.133920907974243,3.8953025341033936,-10.16033172607422,-6.896305084228516,-6.393392562866211,3.4446330070495605,1.9521870613098145,0.6025142669677734,-3.311131000518799,0.3289078176021576,-3.550804853439331,0.5541310906410217,-4.748608112335205,-2.217856884002685,-4.9973015785217285,-1.019624948501587,-2.098762273788452,2.254612922668457,-5.716574668884277,-5.52308988571167,-10.11631679534912,-2.8830862045288086,-0.5769739747047424,5.601564407348633,-0.3060850799083709,-1.7138705253601074
7,-369.6574096679688,97.6270980834961,-9.076630592346191,5.426085472106934,-12.82564926147461,13.542963027954102,2.059832572937012,24.454879760742188,-0.500417172908783,0.6844912767410278,-12.583231925964355,0.2673996984958648,0.4996049404144287,13.97661304473877,2.466761350631714,4.445653915405273,-9.562735557556152,-2.851785659790039,-2.6063835620880127,5.994091987609863,4.033078670501709,0.5946481823921204,-4.193064212799072,-0.6450740098953247,-4.3761725425720215,0.7593993544578552,-5.585700035095215,-1.1629738807678225,-4.080624580383301,0.4220577478408813,-2.47251558303833,1.4553124904632568,-6.708223819732666,-6.566908836364746,-10.76730728149414,-2.2595815658569336,0.1977124810218811,5.205872535705566,-1.974974513053894,-1.803844094276428
7,-353.8451538085937,83.56954193115234,-10.441980361938477,2.7359957695007324,-13.549607276916504,11.389063835144045,-0.8393871188163757,20.336313247680664,-1.4690074920654297,3.54018783569336,-9.052499771118164,1.6565346717834473,0.2290408909320831,11.818251609802246,0.1353472620248794,1.353022217750549,-10.477705955505373,-0.495059996843338,0.8241342306137085,10.127957344055176,7.180953502655029,0.8503345847129822,-6.040528774261475,-2.8977415561676025,-3.5676770210266118,1.5985689163208008,-4.242850303649902,-0.0467112101614475,-2.6473660469055176,0.3526404201984405,-2.5351507663726807,1.1269692182540894,-6.420002937316895,-7.306398391723633,-10.904633522033691,-0.9856361746788024,2.1993119716644287,6.327916145324707,-3.189440488815308,-2.501264333724976
7,-322.18511962890625,77.21086120605469,-7.330672264099121,8.48686408996582,-13.102127075195312,8.23991870880127,-3.4566519260406494,17.965909957885742,-4.141193389892578,5.284859657287598,-7.519462585449219,3.5537681579589844,1.740808606147766,11.484354972839355,0.482133537530899,2.550894498825073,-9.231172561645508,-0.5802196264266968,-1.5061168670654297,6.822869777679443,4.234132766723633,0.3694498240947723,-5.910458564758301,-2.0162432193756104,-1.9300166368484497,4.932120323181152,-0.505299985408783,0.9962375164031982,-2.893040657043457,0.1283230185508728,-4.261091232299805,0.4852845668792724,-5.99420976638794,-4.395213603973389,-6.955854415893555,0.3695880174636841,0.7443526387214661,5.814354419708252,-2.343763828277588,-1.683425784111023
7,-302.31524658203125,64.2135238647461,-4.537766456604004,14.56512451171875,-10.887321472167969,7.529122352600098,-3.5238778591156006,17.168502807617188,-3.49312162399292,4.532324314117432,-7.6717000007629395,4.362984657287598,-0.4469815194606781,10.148749351501465,0.3911291658878326,5.046370983123779,-5.059405326843262,-0.2443262934684753,-3.719274282455444,1.5060867071151731,-0.5966895818710327,-0.8744910955429077,-5.272861957550049,-1.3517177104949951,-2.1809191703796387,6.351034641265869,0.5085293650627136,1.0041366815567017,-3.8613789081573486,0.9604527354240416,-3.284799098968506,0.829498827457428,-5.320709228515625,-0.7700002193450928,-4.182121276855469,1.2561618089675903,-0.2273616045713424,4.805333614349365,-1.700454592704773,-1.2429181337356567
7,-348.4545593261719,78.23444366455078,-9.684393882751465,20.15951919555664,-8.891447067260742,13.650033950805664,1.9962197542190552,21.69363784790039,-0.0353353880345821,1.8152878284454343,-10.630712509155272,4.613935470581055,-1.831035614013672,10.151758193969728,-0.8397625088691711,3.931862115859986,-6.023497581481934,-2.4192655086517334,-4.01233434677124,2.234016895294189,-2.137230396270752,-0.6488714218139648,-5.0775465965271,-3.3888254165649414,-4.694888114929199,3.908856630325317,-1.4177162647247314,0.2644599378108978,-2.7121143341064453,2.1186652183532715,-0.7014160752296448,0.9152410626411438,-4.734667778015137,-2.3206136226654053,-6.5388503074646,0.9275301694869996,1.0962626934051514,5.467881679534912,-2.6645102500915527,-3.1130619049072266
7,-397.6526489257813,101.18616485595705,-12.498435974121094,22.348878860473636,-7.127817630767822,15.803378105163574,5.191906452178955,24.838077545166016,1.7882120609283447,2.945384740829468,-10.042123794555664,3.1509768962860107,-0.3371478915214538,11.17496109008789,-1.7188482284545898,1.8249659538269043,-9.904607772827148,-4.677157402038574,-3.750952243804932,4.741702556610107,-0.5834205746650696,0.748871386051178,-4.663026809692383,-4.161630153656006,-5.067188262939453,2.4185657501220703,-3.2401540279388428,-0.2734310925006866,-2.455498695373535,1.8580981492996216,-0.668858528137207,1.431777834892273,-5.133037090301514,-5.018997669219971,-9.374253273010254,-0.043316900730133,0.4434391856193542,5.589535713195801,-2.6653785705566406,-3.1928186416625977
5,-148.63323974609375,125.6027603149414,-43.86318588256836,3.965156316757202,-7.0639190673828125,-9.74163055419922,-28.12587547302246,-10.77188205718994,-7.672817707061768,-7.590186595916748,-8.953125,1.7786757946014404,-2.5971899032592773,5.08206844329834,-3.3428432941436768,8.575291633605957,0.1917631179094314,8.345285415649414,-0.8416860699653625,1.5966418981552124,1.3382312059402466,6.612080097198486,3.3609421253204346,4.554647445678711,-7.305429935455322,-0.7032009959220886,-4.109110355377197,4.935151100158691,-1.5339586734771729,6.577949523925781,1.559550166130066,1.6418980360031128,-3.1338582038879395,0.5799092054367065,-1.8005801439285278,2.302955150604248,-3.4666430950164795,1.8397363424301147,0.9577210545539856,2.0612833499908447
5,-114.69126892089844,116.47586059570312,-52.56863021850586,2.55883526802063,-9.992422103881836,-12.385635375976562,-39.36431884765625,-1.1096789836883545,-8.431001663208008,-9.886157989501951,-8.398816108703613,3.45804762840271,-1.0719722509384155,3.8330445289611816,-6.1861090660095215,1.1521379947662354,-4.917946815490723,4.7104811668396,-4.109391212463379,2.1784050464630127,1.815426468849182,1.9392811059951784,2.6850061416625977,4.431162357330322,-2.749889850616455,3.7675795555114746,-3.1832613945007324,2.8524653911590576,-3.534942150115967,6.249765872955322,-0.8161910176277161,3.2641427516937256,-0.450014054775238,1.3228566646575928,-2.0301294326782227,3.720667839050293,-0.0241231974214315,0.8324680328369141,-1.3890528678894043,1.5286773443222046
5,-94.8813018798828,113.96778869628906,-52.02825164794922,1.360504984855652,-12.940353393554688,-17.650434494018555,-33.648555755615234,-7.923707962036133,-11.482336044311523,-10.844400405883787,-7.636353015899658,3.810258388519287,-7.875837326049805,2.7792835235595703,-4.285416603088379,-0.4519959390163421,-2.849421977996826,7.818514823913574,-3.6064836978912354,1.0125938653945925,-0.1689165532588958,1.7218871116638184,-1.060438871383667,4.480511665344238,-3.306303739547729,4.447334289550781,-3.472075223922729,2.264930963516236,-5.0872578620910645,5.2214674949646,-0.5485235452651978,2.345266819000244,-2.335228443145752,3.2072019577026367,-0.2020223140716552,3.534172534942627,-1.046622395515442,2.893666982650757,-1.5710948705673218,2.422110319137573
5,-100.81403350830078,115.96607208251952,-48.1898193359375,-6.266132831573486,-10.4390287399292,-18.37398338317871,-36.372520446777344,-5.82541036605835,-11.73752784729004,-7.697005748748779,-6.403848648071289,3.0307538509368896,-7.588644981384277,2.502880334854126,-5.416399002075195,0.2198201715946197,-4.564211845397949,7.068111896514893,-3.40846848487854,1.7379822731018066,-1.9100418090820312,-1.0167548656463623,-2.300043821334839,4.757824420928955,-5.446044445037842,2.436685085296631,-3.1454789638519287,3.2783312797546387,-4.505825996398926,4.448520183563232,-1.90080988407135,2.395390748977661,-0.9168947339057922,3.71370530128479,-1.674724578857422,2.498720169067383,-0.4757880866527557,2.9620907306671143,-2.6340720653533936,1.1691608428955078
5,-105.75169372558594,126.0321273803711,-51.02237701416016,-5.120707511901856,-8.679764747619629,-17.735015869140625,-34.91282653808594,-6.368442058563232,-11.922627449035645,-7.564952850341797,-6.746084690093994,3.2788407802581787,-6.913699626922607,1.846035480499268,-6.13669490814209,-0.2697119414806366,-7.982032299041748,5.774324893951416,-3.7457563877105713,3.0270326137542725,-1.044100046157837,1.2516050338745115,-1.1091063022613523,3.788596868515015,-5.920034885406494,3.5842719078063965,-2.8388397693634038,4.588115692138672,-3.2729315757751465,5.640784740447998,-1.4417635202407837,2.4423553943634038,-0.6584305763244629,3.047114849090576,-2.1588006019592285,2.5817172527313232,-0.0905077755451202,2.5280027389526367,-2.325037956237793,2.2418434619903564
5,-134.6532440185547,130.36378479003906,-66.71701049804688,1.824661135673523,-3.745954751968384,-22.68774032592773,-32.43928146362305,-4.891881942749023,-12.03812026977539,-3.4204158782958984,-8.526268005371094,1.7935128211975098,-0.503563404083252,5.7201247215271,-1.5486217737197876,3.6929585933685294,-3.170473337173462,6.751890182495117,-2.1883249282836914,2.6003150939941406,2.485373020172119,3.992120742797852,2.0114424228668213,3.187805414199829,-2.358641624450684,-0.5907508134841919,-3.8660225868225098,4.270602226257324,-2.4944095611572266,7.904410362243652,0.5805951356887817,3.763730525970459,-0.1010827496647834,3.3757097721099854,-1.0415674448013306,0.790709376335144,0.7611192464828491,-0.2684594988822937,-0.5194264054298401,3.422954559326172
10,-165.5335693359375,146.9888153076172,-26.98786354064941,29.085344314575195,7.387231826782227,30.54975891113281,2.1900722980499268,2.5659549236297607,-10.162923812866213,4.716004371643066,-3.95344614982605,10.619758605957031,-6.534875392913818,2.522317409515381,-1.8569788932800293,10.136237144470217,-2.0037407875061035,2.890999317169189,-3.928147792816162,-2.664252758026123,-4.39168643951416,-1.2300158739089966,-5.551553249359131,-0.9565432071685792,-4.626575469970703,-0.8668942451477051,-8.008413314819336,-2.4452075958251958,-3.952682495117188,1.2386765480041504,-4.090255737304688,0.7461018562316895,-4.434963226318359,-2.13291597366333,-7.948283195495605,-1.378622055053711,-5.241015911102295,-0.2047866582870483,-3.6592586040496826,-0.3653068244457245
10,-164.8393096923828,146.50904846191406,-29.891578674316406,27.91816711425781,6.055068492889404,30.27902030944824,1.5216678380966189,1.1550580263137815,-10.724532127380373,5.209803104400635,-4.210963726043701,9.851609230041504,-7.593475341796875,2.6846392154693604,-1.5469636917114258,9.975321769714355,-1.50702166557312,3.9687774181365967,-3.8579368591308594,-2.0999059677124023,-3.840779066085816,-0.1927142292261123,-5.454379558563232,-0.5550780296325684,-3.7475717067718506,-0.596828818321228,-6.890042304992676,-2.0204737186431885,-3.594487428665161,1.438403844833374,-3.3200795650482178,1.6246212720870972,-3.910829305648804,-1.3422646522521973,-8.338358879089355,-1.232080578804016,-5.2838454246521,-0.0622316151857376,-4.233560085296631,-0.5991016626358032
10,-161.6467742919922,145.11534118652344,-32.44689178466797,26.54168701171875,4.9636006355285645,29.374483108520508,0.5413739085197449,0.280317097902298,-11.561375617980955,5.44033670425415,-5.030516147613525,8.168713569641113,-8.874181747436523,1.9801819324493408,-1.4888839721679688,9.686813354492188,-2.1572906970977783,3.659201860427856,-3.5644805431365967,-2.02062463760376,-4.507755279541016,-0.2752670645713806,-6.673020839691162,-0.8354638814926147,-3.764873504638672,-0.603794276714325,-6.956548690795898,-1.4404122829437256,-3.384787082672119,1.7561087608337402,-2.618643283843994,2.159765243530273,-3.953259706497192,-1.5912704467773438,-8.33958625793457,-0.9207133650779724,-5.484203338623047,0.1024086996912956,-3.8990046977996826,0.2253337204456329
10,-160.36439514160156,144.9453887939453,-33.76363754272461,25.162473678588867,4.4520583152771,28.947843551635746,0.0672116726636886,0.0579041726887226,-12.134373664855955,4.460874557495117,-5.201298236846924,7.669803142547607,-8.767943382263184,1.423740267753601,-2.5159480571746826,9.67165470123291,-2.5792760848999023,2.7935168743133545,-4.161513805389404,-1.735349416732788,-4.763156414031982,-0.3750863075256347,-6.923982620239258,-1.039692997932434,-4.328115463256836,-0.101307712495327,-7.230971813201904,-1.1560320854187012,-3.93222975730896,2.2687392234802246,-2.1243364810943604,2.425662040710449,-3.466990232467652,-1.2772011756896973,-7.847121238708496,-0.5873235464096069,-5.212488651275635,0.0092757120728492,-4.276829242706299,0.1549814492464065
10,-161.61219787597656,145.74485778808594,-32.985599517822266,25.35151672363281,4.657960891723633,28.74020004272461,-0.2605051398277282,-0.1376214176416397,-11.673551559448242,3.759628772735596,-4.424591541290283,8.09860897064209,-8.331072807312012,1.824744462966919,-2.604614019393921,9.969813346862791,-1.9755139350891116,2.676886558532715,-4.990564823150635,-1.72668719291687,-4.728274345397949,-0.1822153925895691,-6.660747528076172,-1.086623191833496,-4.693687915802002,0.0979144573211669,-7.241183280944824,-1.247023344039917,-3.669693946838379,2.8907361030578613,-1.876675486564636,2.6004552841186523,-2.7586123943328857,-0.938848316669464,-7.640189170837402,-0.1177287995815277,-5.0188889503479,-0.5881821513175964,-3.8721444606781006,-0.1561401039361953
5,-223.93345642089844,86.35332489013672,1.2720671892166138,16.589431762695312,12.460432052612305,19.087766647338867,8.300728797912598,9.815786361694336,3.3028814792633057,23.004173278808597,5.005958557128906,13.480107307434082,7.623602390289307,13.250008583068848,-3.566802740097046,5.9482741355896,-2.86802077293396,7.0398430824279785,3.5551815032958984,8.135956764221191,4.513036727905273,4.272367000579834,1.105955958366394,7.784591674804687,5.69044828414917,8.880179405212402,-0.6234146952629089,1.0876950025558472,-5.146761894226074,2.4370059967041016,-0.6218595504760742,6.934777736663818,-0.4804070889949798,5.536284446716309,-2.952141284942627,1.137831687927246,2.7817115783691406,6.477662563323975,0.4589961469173431,2.9736533164978027
5,-225.3428649902344,85.99881744384766,0.6389364004135132,15.245490074157717,12.334431648254396,19.71108627319336,7.234320163726807,9.234094619750977,3.887738704681397,23.463808059692383,4.55940580368042,13.189867973327637,7.499696731567383,13.15807056427002,-4.167237758636475,5.122989654541016,-3.4774374961853027,6.851350784301758,3.431970834732056,7.600240707397461,5.165060043334961,4.33978796005249,1.4816220998764038,7.947073936462402,5.694423675537109,8.122796058654785,-0.2707485258579254,1.5335637331008911,-5.2113776206970215,2.013899326324463,-0.4406143426895141,7.020125389099121,-0.9416147470474244,5.543612480163574,-3.1473536491394043,0.3098611831665039,2.1904001235961914,5.555410385131836,0.1361947655677795,3.443556308746338
5,-226.29725646972656,84.5138168334961,0.6979994177818298,14.892434120178224,11.284080505371094,20.06004524230957,6.881539344787598,8.750560760498047,4.114010810852051,23.118799209594727,4.389856815338135,14.046192169189451,6.927524089813232,12.31443214416504,-5.239853858947754,3.7464776039123535,-3.8690996170043945,6.488243103027344,3.493375301361084,7.516685009002685,5.096540451049805,3.920541763305664,1.1718406677246094,8.015203475952148,5.831451416015625,8.010945320129395,-0.1343302130699157,1.6442713737487793,-4.938497066497803,1.6951699256896973,-0.5825769305229187,6.723975658416748,0.0175449606031179,5.7263031005859375,-2.977944850921631,-0.4255625903606415,2.0630667209625244,5.693446636199951,0.2886804342269897,3.8992083072662354
8,-103.5560302734375,98.7721176147461,-52.46377182006836,14.381454467773438,-18.58190155029297,14.469865798950195,-13.957781791687012,-11.00807762145996,5.261954307556152,8.267115592956543,-4.2018866539001465,3.959052562713623,-9.237231254577637,9.714070320129396,-4.523573875427246,9.64036750793457,-5.03941535949707,2.601177215576172,-1.7965649366378784,3.538171768188477,-4.728264808654785,4.504364490509033,1.4353865385055542,2.732140302658081,2.122814893722534,4.34436559677124,-1.403840184211731,5.307538032531738,-1.737949252128601,5.429727554321289,-0.9578877687454224,6.657196998596191,0.3294339179992676,3.6969940662384033,-0.4937916100025177,4.201533317565918,-0.6140344142913818,4.035506725311279,-1.858651876449585,2.47482705116272
8,-98.45563507080078,93.44831085205078,-44.43986129760742,13.271292686462402,-18.95972442626953,13.75963020324707,-13.574732780456545,-7.270499229431152,2.983156681060791,9.227553367614746,-8.542458534240723,7.292438983917236,-9.062650680541992,9.049080848693848,-5.450484752655029,9.998299598693848,-5.533688545227051,2.1003479957580566,-3.699835777282715,1.0919772386550903,-2.320369243621826,3.1440019607543945,2.7888059616088867,1.1052374839782717,2.05702543258667,4.04042911529541,-0.6181311011314392,5.939822673797607,-0.849932074546814,7.472231388092041,0.4531784355640411,8.793718338012695,0.5449932813644409,4.4959564208984375,1.1125142574310305,4.367765426635742,-0.9192585945129396,3.872140884399414,-0.7956564426422119,3.632538080215454
8,-96.99445343017578,101.9224624633789,-45.48736572265625,9.764105796813965,-17.92623519897461,16.171953201293945,-8.767541885375977,-7.601084232330322,1.630997657775879,6.9915385246276855,-7.046302795410156,9.745952606201172,-10.081274032592772,9.365506172180176,-6.904769420623779,11.507856369018556,-9.789888381958008,3.1820526123046875,-3.4396934509277344,-0.0043729441240429,-1.9483373165130613,3.0268399715423584,1.0642056465148926,0.8684169054031372,0.6206565499305725,3.1224944591522217,-0.5060193538665771,6.5036492347717285,-0.45671147108078,6.340147972106934,-0.001928781508468,6.006850242614746,0.3914472460746765,3.60829758644104,0.9991121888160706,3.0876760482788086,-0.9451119303703308,3.4073140621185303,-1.236083984375,3.434035539627075
9,-143.81600952148438,65.95703887939453,-33.84244537353516,9.77755641937256,-23.580602645874023,12.837035179138184,-1.5258463621139526,15.822463035583496,-1.7886673212051392,6.7342848777771,0.0751292780041694,10.172536849975586,-1.3302351236343384,7.413438320159912,-1.4535870552062988,7.527926445007324,0.3846271932125091,1.875162959098816,-0.9711218476295472,4.100452423095703,-2.5332047939300537,2.629650592803955,0.4319228231906891,1.501353144645691,-0.4701807498931885,2.391930103302002,-1.2734556198120115,2.3506667613983154,0.1689472198486328,1.854360818862915,1.8072178363800049,2.6713569164276123,-1.7730276584625244,2.533822536468506,0.1680072546005249,3.6117794513702393,0.5104120969772339,1.9338862895965576,-0.6469941139221191,1.726914644241333
8,-202.0667266845703,146.30435180664062,-54.233131408691406,22.387697219848636,2.381176233291626,-10.50897216796875,-6.498251914978027,1.1225087642669678,-19.3039665222168,4.65383243560791,-11.571928024291992,-7.141667366027832,-4.064720630645752,5.338412284851074,-0.8341654539108276,6.141514301300049,-0.7612259984016418,4.710965156555176,3.3968605995178223,-7.685968399047852,-21.613862991333008,-15.282291412353516,-9.330471992492676,6.699780464172363,-0.5443230271339417,-6.3791117668151855,2.3269646167755127,16.920289993286133,1.4043595790863037,-17.085386276245117,-19.656028747558597,12.275420188903809,18.73102188110352,6.610130310058594,-6.199315547943115,-0.8304186463356018,-13.074810028076172,-12.32862949371338,4.446527481079102,17.06482696533203
8,-202.5211639404297,155.0640869140625,-64.40373992919922,18.507648468017575,-4.271241664886475,-16.86353874206543,-6.079043388366699,4.26830005645752,-24.61282730102539,-1.4081194400787354,-7.311324119567871,-11.084362030029297,1.2661819458007812,11.024950981140137,3.3928563594818115,9.341675758361816,-1.6101765632629397,7.743758201599121,8.862074851989746,-3.553009033203125,-19.56352424621582,-14.269428253173828,-11.496298789978027,0.7561741471290588,-3.785383939743042,-9.650504112243652,-0.5083075165748596,16.799943923950195,3.0518579483032227,-19.678451538085938,-19.65471076965332,16.039907455444336,20.97519874572754,3.4792680740356445,-4.586552143096924,2.526067018508911,-12.730889320373535,-10.136465072631836,10.605478286743164,21.279300689697266
8,-243.19065856933597,157.25079345703125,21.035381317138672,-11.131875991821287,-15.600725173950195,30.74247360229492,-21.054027557373047,-6.345209121704102,5.519767761230469,-9.13047981262207,-0.3707698285579681,2.1358838081359863,-0.2445229440927505,-1.6048963069915771,0.8199161887168884,9.481799125671388,20.91568946838379,14.825224876403809,4.309944152832031,9.143733024597168,5.193250179290772,0.9628517031669616,-2.738947629928589,1.607574701309204,-1.4463881254196167,-5.302681922912598,-0.9197092056274414,5.525386810302734,-4.7831621170043945,-0.6314668655395508,-0.2997499108314514,6.45254373550415,-0.6717844009399414,2.5443663597106934,1.9040240049362185,0.2988640964031219,-3.560225248336792,0.6520417928695679,-4.280520915985107,0.4023710191249847
7,-288.8301696777344,118.36194610595705,-0.2304237633943557,2.4504106044769287,18.408885955810547,25.494770050048828,2.525214195251465,20.333444595336918,15.097309112548828,6.011736869812012,4.237369537353516,6.169214725494385,-1.4620612859725952,5.0590691566467285,6.169124603271484,4.989373683929443,3.2752890586853027,10.456549644470217,-6.159320831298828,-2.551804542541504,4.964838981628418,14.938894271850586,1.221774935722351,0.5091807842254639,2.902890920639038,6.677886962890625,-2.4796178340911865,3.134233236312866,2.8533706665039062,9.53273868560791,-0.4044385552406311,3.298017978668213,-3.348696231842041,4.5603790283203125,0.3132534027099609,2.538011074066162,-1.1656543016433716,3.157186985015869,1.5922918319702148,0.2619588673114776
7,-243.1844787597656,124.19721221923828,-2.3587756156921387,4.301971435546875,20.089889526367188,29.277326583862305,4.546640872955322,22.510547637939453,14.897842407226562,3.978572130203247,3.3385651111602783,7.930256366729736,2.3196542263031006,6.900181770324707,8.018034934997559,7.781497001647949,5.5624589920043945,12.867554664611816,-6.4658613204956055,-3.752413272857666,5.086793422698975,18.74346160888672,2.966142177581787,-1.131583571434021,2.5142343044281006,7.479960918426514,-3.807886838912964,2.154256582260132,2.8770573139190674,10.910457611083984,-1.5222678184509275,2.421139478683472,-4.201690673828125,5.317813396453857,-0.1584173589944839,1.3325235843658447,-2.355729579925537,3.2630128860473637,0.9715790748596193,-1.8853079080581665
7,-257.0773620605469,123.49724578857422,-6.066415309906006,5.017868041992188,22.709247589111328,27.506118774414062,6.084105014801025,24.15117454528809,14.616676330566406,3.942768096923828,7.086648941040039,11.697091102600098,4.166038036346436,6.875304698944092,7.733147144317627,8.30705738067627,7.636663913726807,13.88508129119873,-6.637180805206299,-6.706406116485596,6.037913799285889,23.213424682617188,6.727163791656494,-0.878635585308075,2.0935299396514893,8.254374504089355,-4.747188091278076,0.7016720175743103,4.765074729919434,14.26203727722168,-1.7221579551696775,1.1508885622024536,-3.004493236541748,5.499104499816895,-0.5969852209091187,2.4913947582244877,-3.3082571029663086,3.234931707382202,2.4134292602539062,-2.2136967182159424
7,-253.93792724609372,123.22129821777344,-10.669574737548828,2.08072280883789,27.41520881652832,25.67469787597656,7.357635021209717,24.79832649230957,14.491840362548828,4.627580642700195,8.067977905273438,12.060750007629396,2.3102846145629883,5.008912563323975,5.797402858734131,6.401830196380615,8.092248916625977,12.34990692138672,-8.232146263122559,-9.28635311126709,5.206307411193848,24.66374969482422,8.55400276184082,-0.4288179278373718,0.0958070233464241,7.956706523895264,-4.471747398376465,-2.1090877056121826,4.552327632904053,16.12454605102539,-0.846554696559906,1.414062738418579,-1.1471210718154907,7.124167442321777,0.0210881419479846,4.5916242599487305,-3.4589638710021973,2.932274580001831,3.4193453788757324,-2.416276454925537
7,-226.9774169921875,124.51696014404295,-15.200340270996094,2.382946491241455,26.277433395385746,29.82767868041992,8.21025276184082,26.61104393005371,12.880477905273438,4.202400207519531,5.416110992431641,10.516104698181152,2.025632858276367,3.9815378189086914,5.385358810424805,7.551303386688232,11.210634231567385,10.404108047485352,-11.124763488769531,-12.820688247680664,4.794243812561035,25.269590377807617,8.741961479187012,-2.1410021781921387,-2.35771107673645,8.90894603729248,-5.003164291381836,-4.385279178619385,3.774390697479248,17.438730239868164,-0.1674603372812271,0.1685043722391128,-1.0181913375854492,6.042654037475586,-0.0452265627682209,5.236015319824219,-3.3483033180236816,3.978206157684326,3.3300604820251465,-3.7347447872161865
7,-195.7959747314453,127.34144592285156,-22.611629486083984,1.0710020065307615,18.861146926879883,31.59920883178711,5.4240827560424805,25.42671203613281,10.196687698364258,5.604628562927246,6.005669593811035,9.227269172668455,2.142385482788086,4.183535575866699,4.812321662902832,10.942377090454102,14.234118461608888,8.2871675491333,-12.541060447692873,-15.584157943725586,3.19380521774292,26.22471618652344,10.043107986450195,-2.2207047939300537,-3.903387308120728,10.824507713317873,-4.322601318359375,-6.211370944976807,4.079279899597168,21.07377243041992,2.2536141872406006,0.0388571247458457,-0.7848450541496277,5.102468013763428,0.1957637816667556,7.704864501953125,-3.0220861434936523,4.102551460266113,4.279502868652344,-4.216958999633789
7,-205.49368286132807,128.65826416015625,-21.379295349121094,4.254472255706787,10.875540733337402,32.383094787597656,3.771692991256714,22.49137687683105,10.568197250366213,5.789801120758057,7.358768939971924,9.184349060058594,4.46358060836792,5.100569725036621,4.604065418243408,9.71137237548828,13.620984077453612,10.993800163269045,-9.89306926727295,-15.086596488952637,-1.1882585287094116,24.2602481842041,10.996716499328612,-0.3002992272377014,-3.26491117477417,10.18991470336914,-3.700281381607056,-6.849454879760742,1.2625552415847778,19.542579650878903,3.601088047027588,1.2737934589385986,-1.5673365592956543,5.714313983917236,0.7969163060188293,7.611684322357178,-1.7762234210968018,2.207595109939575,4.962305545806885,-2.432891130447388
7,-250.80300903320312,124.07717895507812,-14.28640079498291,6.711040019989014,8.860754013061523,33.904884338378906,3.9238905906677246,21.80559539794922,12.94810390472412,2.3638594150543213,4.36117696762085,7.785338401794434,4.195750713348389,3.767995834350586,5.542033672332764,6.2349534034729,11.401611328125,14.107808113098145,-7.712217330932617,-12.05246353149414,-1.3553621768951416,21.033042907714844,10.846519470214844,1.2788794040679932,-0.0723966881632804,8.10227108001709,-4.034877777099609,-4.403756141662598,-1.2444798946380615,13.465447425842283,3.478593349456787,2.4416277408599854,-3.1594746112823486,4.224447250366211,0.061212882399559,4.446554183959961,-0.8702211976051331,1.3422459363937378,4.411393642425537,-0.853035032749176
7,-289.31695556640625,124.09061431884766,-11.312886238098145,6.683201313018799,10.78735637664795,32.85795974731445,3.6763157844543457,21.39332389831543,14.30256175994873,2.2760555744171143,1.5480371713638306,5.553182125091553,1.845874071121216,4.187610149383545,6.883583068847656,5.440121173858643,8.26502513885498,13.568511962890623,-7.638482570648193,-7.857698440551758,1.7011266946792605,19.071578979492188,7.848588943481445,1.202027678489685,2.4968042373657227,6.945453643798828,-3.2978744506835938,-0.0901960283517837,-1.0950899124145508,9.930066108703612,3.973615884780884,4.231872081756592,-4.220534801483154,2.754960060119629,-1.7704404592514038,2.7707293033599854,-1.1211135387420654,2.935243606567383,4.209264278411865,0.0789195597171783
7,-256.45123291015625,133.43179321289062,-3.605818271636963,0.223423421382904,12.761385917663574,32.34109878540039,-1.153166651725769,21.780807495117188,12.628767013549805,4.26813554763794,-1.5641835927963257,7.085984230041504,-1.1777976751327517,6.777762413024902,8.639163970947266,4.222376823425293,-1.8685317039489744,8.311166763305664,-3.247974157333374,-1.0269334316253662,0.612555205821991,11.14848804473877,-1.0529953241348269,2.6066558361053467,3.5862317085266118,5.579704761505127,-2.6799604892730717,3.8187122344970703,0.9731542468070984,6.877624988555908,-0.2239387333393097,4.592950344085693,-1.9139822721481323,4.866622447967529,-1.4885594844818115,1.009946584701538,-3.2565858364105225,1.4455417394638062,-1.5943691730499268,-0.8638184666633606
7,-253.61209106445312,134.6400146484375,-8.231619834899902,-2.210412979125977,16.209070205688477,30.147167205810547,-1.9555177688598635,21.50962448120117,14.040753364562988,4.901960372924805,-0.844703733921051,7.439949989318848,-0.3307738900184631,6.014224529266357,9.201810836791992,4.048843860626221,-1.1030848026275637,8.585907936096191,-3.965823173522949,-1.2805283069610596,-0.9721915125846864,11.163476943969728,-0.2489591389894485,3.7925968170166016,3.027865171432495,5.45904541015625,-1.5049254894256592,4.067100524902344,0.1070864498615264,7.914872646331787,0.8627296686172485,4.768330097198486,-2.418025493621826,4.649063587188721,-1.340793490409851,1.198090672492981,-2.8238487243652344,2.386939525604248,0.2545008957386017,-0.3684607744216919
7,-274.85986328125,136.121337890625,-25.80559539794922,-4.120307445526123,10.67506980895996,31.81313705444336,-0.9666509628295898,28.77979850769043,11.398088455200195,-1.9140362739562988,3.077371120452881,12.7912015914917,2.5812172889709477,4.141983509063721,11.04532241821289,10.63581657409668,5.3296661376953125,8.764215469360352,-9.901922225952148,-16.953474044799805,2.0681018829345703,30.89432144165039,12.945504188537598,-3.473932266235352,-2.223524570465088,8.634455680847168,-8.260644912719727,-8.987174987792969,2.995318651199341,18.679811477661133,1.1076035499572754,-2.6992409229278564,-2.369021415710449,6.339532375335693,0.4685229361057281,2.677112102508545,-4.34199857711792,0.1964276731014251,-3.4455714225769043,-6.534938812255859
7,-279.1125793457031,137.27484130859375,-31.29390525817871,-5.59377908706665,12.439932823181152,30.20500946044922,0.0840508565306663,29.552553176879883,7.917764663696289,-2.011003017425537,5.916294574737549,14.83225440979004,3.29951286315918,4.958075046539307,11.18971824645996,13.041608810424805,7.469397068023682,7.180569648742676,-14.444121360778809,-20.9962158203125,2.8806498050689697,34.86964797973633,13.88094711303711,-6.636497020721436,-3.067373752593994,9.341445922851562,-10.038195610046388,-9.74201774597168,7.28169584274292,23.056346893310547,0.5159798860549927,-2.482922315597534,-0.4049596190452575,6.860637187957764,1.9013073444366453,3.710692644119263,-5.8041510581970215,-0.0446924418210983,-2.31327223777771,-8.005938529968262
7,-270.0758972167969,137.52041625976562,-37.16661834716797,-9.39645767211914,16.481515884399414,26.100738525390625,0.7118186354637146,29.96450424194336,5.48618221282959,-2.311028480529785,7.8480353355407715,16.2513427734375,5.792150497436523,5.74273157119751,10.67426872253418,12.78334140777588,7.2718329429626465,5.009786605834961,-17.10126495361328,-24.973743438720703,3.3528432846069336,37.11134719848633,15.64352035522461,-8.026004791259766,-3.662464618682861,10.42868709564209,-10.397802352905272,-12.457858085632324,9.179057121276855,25.571643829345703,0.5776370763778687,-2.6091129779815674,1.794973373413086,7.3538641929626465,2.874019861221313,3.196242094039917,-5.89191198348999,-0.5796673893928528,-1.5851845741271973,-10.204370498657228
7,-242.58778381347656,131.43016052246094,-44.835975646972656,-12.540342330932615,17.635427474975586,22.455419540405277,-0.4593267738819122,28.59893798828125,4.113167762756348,-4.571497917175293,7.158506393432617,15.918572425842283,6.752595901489258,6.8815507888793945,11.249916076660156,13.83735466003418,8.339387893676758,5.217700004577637,-18.16718864440918,-27.62493133544922,2.8492064476013184,37.940086364746094,19.623046875,-9.050933837890623,-5.305122375488281,10.00364589691162,-10.18146800994873,-14.770763397216797,8.752212524414062,28.82719039916992,3.802929162979126,-3.0201356410980225,1.7336875200271606,9.041966438293455,4.984816074371338,-1.346524000167847,-4.7611918449401855,-2.268104314804077,-3.791612148284912,-11.80704116821289
7,-219.8072204589844,126.2394790649414,-43.949851989746094,-15.887901306152344,17.30887222290039,24.828317642211918,-0.5040460228919983,24.82280158996582,2.616493463516236,-8.523151397705078,8.634624481201172,15.768242835998535,5.737969398498535,6.9552531242370605,10.501336097717283,14.320120811462402,10.096311569213867,5.296326160430908,-16.358121871948242,-27.679275512695312,-0.3762854337692261,36.09978866577149,22.29096031188965,-4.785931587219238,-7.892763137817383,9.494848251342772,-4.933038234710693,-16.166845321655273,0.2852829098701477,31.53875160217285,10.511226654052734,-2.829162359237671,-1.5811731815338137,9.660619735717772,4.800094127655029,-1.0344619750976562,-3.177968740463257,-3.0338923931121826,-5.207201480865479,-10.491703033447266
7,-193.92210388183597,116.2527084350586,-29.968521118164062,-15.0556640625,11.696450233459473,26.19316673278809,-1.0035918951034546,20.48177528381348,1.6809417009353638,-9.216841697692873,10.053858757019045,14.694171905517578,3.4568591117858887,6.325345039367676,8.499027252197266,14.251338958740234,8.251362800598145,6.078763008117676,-11.649836540222168,-24.65908432006836,-4.48143482208252,33.294822692871094,23.340408325195312,1.5282453298568726,-8.761518478393555,7.2611613273620605,-1.1534318923950195,-15.441285133361816,-6.987094402313232,29.632614135742188,12.50930118560791,0.1320212483406067,-3.5674774646759038,7.424715995788574,2.7654266357421875,3.902690887451172,-1.8219515085220337,-1.8738579750061035,-4.521739959716797,-9.009580612182615
7,-180.5511932373047,108.55545806884766,-18.903024673461918,-8.67491340637207,4.92343282699585,27.503189086914062,-0.0304741840809583,16.608720779418945,6.1387248039245605,-7.447202205657959,7.252802848815918,9.890949249267578,-0.4273421466350555,5.837587833404541,8.308919906616211,11.82125759124756,7.900706768035889,8.098268508911133,-10.822575569152832,-18.682126998901367,-7.450000762939453,28.307058334350582,17.372087478637695,4.349790096282959,-3.5784125328063965,4.836174011230469,-2.273279190063477,-8.283431053161621,-5.900182247161865,22.425539016723636,10.175596237182615,4.670917987823486,-4.055318355560303,4.623971939086914,2.593088150024414,4.797859191894531,-1.550992727279663,2.056180000305176,-2.278470039367676,-8.20241641998291
7,-179.38751220703125,107.13330841064452,-10.180538177490234,-4.100136756896973,10.104195594787598,24.09914970397949,-2.524208307266236,13.724265098571776,7.676558017730713,-5.019960880279541,4.888925075531006,3.628859281539917,-4.725550651550293,1.8561069965362549,7.066451549530029,5.758991718292236,5.33844518661499,9.541807174682615,-8.587409973144531,-9.28640842437744,-4.54242467880249,18.83052444458008,9.276283264160156,6.511944770812988,3.7632784843444815,2.7739739418029785,-3.3210957050323486,-0.1211519613862037,-2.696175575256348,12.81680393218994,6.0463056564331055,7.512645244598389,-4.073879241943359,3.520485639572144,1.143319845199585,3.3206779956817627,-2.3801686763763428,4.0600361824035645,0.4939266443252563,-4.17738676071167
7,-188.7594451904297,105.74966430664062,-0.187051236629486,0.9790021181106568,9.541028022766112,21.69280815124512,-4.906886577606201,13.360602378845217,7.351312637329102,-2.015472173690796,2.57484769821167,2.8123836517333984,-4.382374286651611,0.98127543926239,5.71211051940918,4.123324394226074,1.454037308692932,10.550182342529297,-6.03438138961792,-5.233570098876953,-0.2051665484905243,13.539172172546388,4.88437557220459,5.665736198425293,5.636089324951172,2.7344536781311035,-4.620561599731445,4.14896297454834,0.9590470194816588,8.68282699584961,2.590754985809326,8.190033912658691,-4.181607246398926,4.633128643035889,0.7799285650253296,2.6124305725097656,-3.3615169525146484,3.618895769119263,2.1145212650299072,-1.242807149887085
7,-258.69805908203125,131.73861694335938,-5.389004230499268,-3.849298238754273,19.441267013549805,28.025821685791016,-1.2326759099960327,22.05229759216309,14.889748573303224,4.646315097808838,-0.9407304525375366,9.010356903076172,0.7753915190696716,3.698817014694214,8.9945707321167,4.589155197143555,-0.8997359275817871,9.37946891784668,-4.307696342468262,-2.774122714996338,-1.2169625759124756,12.83975315093994,3.0769357681274414,5.0866875648498535,1.539637565612793,5.146649360656738,-0.9468201398849488,3.2127525806427,-1.5813454389572144,8.720036506652832,1.529389500617981,4.875976085662842,-3.259365558624268,4.490736961364746,-1.07196044921875,2.004054307937622,-3.213757038116455,3.275675058364868,0.7881683111190796,-0.561637818813324
7,-244.0699920654297,121.00105285644533,4.102216720581055,-1.4945473670959473,18.606151580810547,26.939842224121094,1.2735559940338137,21.30603790283203,14.92369270324707,4.877760887145996,1.1938644647598269,8.487471580505371,0.9308602213859558,4.303830146789551,7.801632404327393,3.0218873023986816,-0.5594964027404785,9.36086654663086,-4.131056785583496,-3.293158531188965,-0.3433110117912292,13.12234878540039,4.692047595977783,6.4342570304870605,2.2616846561431885,3.784984350204468,-0.817719578742981,3.5084729194641118,-2.0052521228790283,7.882811069488525,1.6686257123947144,5.475363731384277,-2.6447699069976807,4.303913593292236,-0.6401854753494263,1.5395793914794922,-3.868881702423096,2.155892848968506,-0.5939925312995911,-1.1918797492980957
7,-217.7518768310547,117.18443298339844,7.621711730957031,1.2714238166809082,15.964766502380373,26.463232040405277,0.8740572929382324,18.25337791442871,13.067289352416992,4.059489727020264,2.7877180576324463,7.259887218475342,1.1543883085250854,5.651337623596191,6.620156764984131,0.8814070224761963,-0.9110703468322754,8.023375511169434,-3.1210193634033203,-2.090286493301392,0.1017684936523437,11.34696102142334,3.5493757724761963,7.518747806549072,3.7792136669158936,4.007027626037598,-0.686267077922821,4.600842952728272,-2.393632411956787,6.3359694480896,0.8676583766937256,4.141174793243408,-3.423351526260376,3.2989509105682373,-0.4695399403572082,1.6660094261169434,-3.468421936035156,1.1191082000732422,-1.52440345287323,-1.3654789924621582
7,-209.86822509765625,116.19670867919922,4.068302154541016,-0.1999053061008453,12.33598804473877,28.02241516113281,-1.036453127861023,17.67238998413086,14.120390892028809,-0.0609008260071277,0.3340325355529785,5.614608287811279,0.7527908682823181,4.924000263214111,7.597044467926025,1.3700201511383057,-1.0171997547149658,8.745675086975098,-0.6846977472305298,-1.4210774898529053,0.1918311119079589,11.279343605041504,3.8850929737091056,5.5132575035095215,3.545374155044556,6.020155906677246,-1.2503345012664795,3.7817633152008057,-1.6608824729919434,6.7279372215271,0.6072775721549988,3.047213077545166,-4.1203718185424805,3.102152109146118,-0.803991436958313,1.2102664709091189,-2.930907964706421,1.163225769996643,-1.4145313501358032,-0.6682377457618713
7,-216.41612243652344,118.0135498046875,-1.5676935911178589,-1.500433087348938,12.96255874633789,28.30592918395996,-2.393690586090088,20.07135772705078,15.440014839172363,-0.1972644329071045,-0.9562528133392334,3.339629888534546,-0.8727629780769348,5.096466541290283,7.567093372344971,1.925647854804993,-0.8914865255355835,9.070542335510254,-2.293840885162353,-2.8941996097564697,0.1529912650585174,12.806389808654783,3.959908962249756,3.648215532302856,2.5500328540802,6.775441646575928,-1.722880244255066,3.05627965927124,-0.7446632981300354,8.883552551269531,2.449493885040283,4.405928134918213,-2.806383848190308,4.327637195587158,-0.9841659665107728,1.1334799528121948,-2.8111205101013184,1.60334312915802,-1.0571295022964478,0.1035821735858917
7,-221.1142578125,122.58844757080078,-3.495579242706299,-1.8879817724227903,14.987215995788574,27.49789810180664,-3.63895583152771,22.36253547668457,14.710887908935549,1.5700712203979492,-0.4972262382507324,3.647994995117188,-1.3848377466201782,4.776655197143555,7.444956302642822,3.258629322052002,-1.0183027982711792,7.854823589324951,-4.967296600341797,-6.356942653656006,-1.0465306043624878,14.688024520874023,4.820805072784424,2.7452731132507324,0.7228092551231384,6.058095455169678,-2.583435535430908,1.4807052612304688,-0.7246237397193909,10.441322326660156,2.8613121509552,3.696132183074951,-2.860475540161133,3.816574096679688,-1.105304718017578,2.134141445159912,-1.8110746145248413,1.8603607416152956,-0.9349879622459412,-0.3042640089988708
7,-230.5763702392578,125.1938247680664,-8.022298812866211,-4.697499752044678,14.215388298034668,28.616100311279297,-3.363766431808472,24.927812576293945,14.759868621826172,-0.7675639986991882,-0.1919990926980972,5.780289649963379,-0.3208672106266022,3.8729326725006095,9.459409713745115,5.129467487335205,0.5631902813911438,9.170592308044434,-4.826375961303711,-10.041038513183594,-2.15794038772583,19.159404754638672,8.57348346710205,0.8155368566513062,-0.9508440494537354,6.517525672912598,-3.917990922927856,-2.185974359512329,-0.912285327911377,13.382010459899902,2.3475821018218994,0.493839681148529,-4.315751552581787,4.274208068847656,-0.5230903625488281,2.153583288192749,-1.360610842704773,1.0410748720169067,-1.4735288619995115,-1.6121950149536133
7,-254.5320587158203,131.59934997558594,-16.851699829101562,-5.202687740325928,11.826168060302734,30.58704948425293,-2.855998039245605,26.85126304626465,14.488646507263184,-2.56198787689209,0.7607372403144836,9.416299819946287,2.478501558303833,3.701802015304565,10.508123397827148,6.626202583312988,2.8898251056671143,9.687219619750977,-6.531463623046875,-13.625104904174805,-0.1437550783157348,25.69731712341309,11.670806884765623,-0.7518132328987122,-1.828514814376831,8.118648529052734,-5.397897243499756,-6.8479838371276855,-0.2843952476978302,16.253639221191406,2.395199775695801,-2.1894490718841557,-4.1702880859375,6.155663013458252,-0.1535278707742691,1.6050972938537598,-2.578787326812744,0.9304029941558838,-2.785396814346313,-4.390806198120117
5,-312.38189697265625,153.00674438476562,5.613943099975586,18.66972923278809,-8.707780838012695,10.768237113952637,-3.51796293258667,2.321075677871704,-5.041351318359375,-0.9760560393333436,-4.316997528076172,-0.2973316311836242,-10.41412353515625,-5.097240447998047,-6.951909065246582,1.41412091255188,-8.435990333557129,-4.894783020019531,-9.97060203552246,0.3111241459846496,-1.4607219696044922,5.172337055206299,-2.468538761138916,0.761224091053009,-5.709558010101318,-0.3276402950286865,-4.36679744720459,2.6218068599700928,-1.8871287107467647,1.1173427104949951,-0.8508614897727966,6.970757961273193,5.32709264755249,9.16057014465332,3.5267796516418457,5.302800178527832,-0.2325675338506698,2.046669244766236,-2.5438473224639893,1.1154953241348269
5,-246.3771514892578,165.5961151123047,-8.455219268798828,10.943257331848145,-13.139333724975586,9.962358474731444,-4.78358268737793,1.712562918663025,-9.932290077209473,-1.635242223739624,-7.050601959228516,-2.890860080718994,-7.3755927085876465,-7.067909240722656,-6.213080406188965,5.576059818267822,-6.331777095794678,-4.232578754425049,-7.911256790161133,-2.63153076171875,-5.18779993057251,2.2251627445220947,-1.047987699508667,3.7580833435058594,-1.4214069843292236,4.669275760650635,1.40956711769104,5.599503517150879,-0.5427449941635132,2.339584350585937,0.2681463062763214,6.3125481605529785,4.858449459075928,8.0919771194458,1.9497997760772705,5.172145843505859,3.750058174133301,6.8822922706604,1.6871827840805054,2.221349000930786
5,-288.7676086425781,135.83810424804688,9.895831108093262,15.064682006835938,-10.04743480682373,7.929500579833984,-9.10395050048828,-3.974921226501465,-8.801716804504395,-5.058343410491943,-7.297816753387451,-2.038017511367798,-9.364184379577637,-4.679034233093262,-9.204588890075684,-1.8836190700531008,-11.273743629455566,-7.940287113189697,-12.8537015914917,-0.7143731117248535,-2.347630023956299,5.246974468231201,0.3793267011642456,7.148758411407471,2.9212357997894287,8.488761901855469,1.0033077001571655,5.089451313018799,-0.9811044335365297,2.7561514377593994,-2.0674197673797607,5.247297763824463,2.870309352874756,6.926468372344971,0.8066155910491943,4.382873058319092,-1.5169034004211426,0.4695498645305633,-5.207499027252197,-0.4147830009460449
5,-314.6205444335937,148.3484649658203,1.27178955078125,13.91146183013916,-8.253495216369629,9.85386562347412,-7.778517723083496,-1.177867412567139,-7.33145809173584,-3.251365423202514,-5.947831630706787,-1.950962781906128,-9.154165267944336,-5.66799783706665,-8.80782699584961,-3.183557510375977,-10.568692207336426,-6.889604091644287,-8.429534912109375,0.3211957812309265,-2.5937368869781494,1.7749371528625488,-0.5755608081817627,6.343095302581787,3.391421318054199,7.465270519256592,0.9886278510093688,4.461051940917969,-0.6032156348228455,2.9863104820251465,-0.3114488422870636,4.14232063293457,1.4499906301498413,3.777375459671021,-0.109372042119503,1.97249436378479,-2.53165864944458,0.3778209686279297,-2.3999216556549072,0.8189032077789307
5,-297.1640930175781,155.92343139648438,-5.489232540130615,7.948294639587402,-10.862987518310549,5.409122467041016,-6.857423305511475,1.8611156940460205,-8.78813362121582,-1.5615450143814087,-7.040525436401367,-1.722864270210266,-8.664545059204102,-6.146976947784424,-8.325018882751465,-2.808689594268799,-7.427593231201172,-7.036426544189453,-9.30113697052002,-0.7735673189163208,-0.864720344543457,3.224548578262329,-3.135831832885742,1.482383370399475,-4.276241779327393,0.0835026204586029,-4.076997756958008,1.1186857223510742,-2.060288667678833,3.1882970333099365,1.0986391305923462,6.195351123809815,3.887763738632202,6.289499759674072,-0.8640057444572449,2.2174232006073,-1.8736127614974976,1.720111608505249,-3.804555892944336,1.2603297233581543
5,-305.2540283203125,161.474853515625,-9.229395866394045,7.285177230834961,-9.018567085266112,10.757877349853516,-9.183547973632812,-1.814435958862305,-7.751449108123779,-3.6487796306610103,-7.474638938903809,-3.3279542922973637,-11.671860694885254,-5.8710150718688965,-9.761319160461426,-4.232327461242676,-10.886435508728027,-8.628521919250488,-11.33951187133789,0.6257628202438354,0.6054050922393799,4.352599143981934,-4.168049335479736,-1.5807502269744873,-4.324697971343994,0.6696099042892456,-4.530885696411133,-1.4347906112670898,-4.862899303436279,0.5122629404067993,-1.2031868696212769,5.114200115203857,4.489343166351318,7.883958339691162,3.232226848602295,4.042477130889893,-0.7209380865097046,1.7180215120315552,-1.995447039604187,0.768344521522522
5,-261.6129455566406,197.41033935546875,-46.41822814941406,-32.92197036743164,-17.81157684326172,-28.01148223876953,-23.039623260498047,-19.35844993591309,-24.064151763916016,-15.014418601989746,-13.455098152160645,-12.359457969665527,-10.7614164352417,-7.013409614562988,-4.479270458221436,-4.630361557006836,-2.7800161838531494,0.0234026610851287,-4.998249530792236,-3.361366271972656,-4.86459493637085,-3.3068530559539795,-1.4763649702072144,-4.807967185974121,-4.494763374328613,-1.4752269983291626,-4.963793277740479,-1.7143332958221436,-0.6609796285629272,-2.471609592437744,-0.3910539150238037,-2.686767578125,-5.959784507751465,-6.233670711517334,-4.893097400665283,-0.7160196900367737,-0.6466279625892639,-2.8996057510375977,-6.905933380126953,-4.443909168243408
5,-283.9988098144531,196.50579833984372,-37.33440399169922,-37.35540771484375,-28.02716064453125,-42.042137145996094,-25.021953582763672,-14.35587215423584,-21.18950653076172,-10.10229778289795,-0.7998784184455872,-5.532675266265869,-8.87839412689209,-3.5251832008361816,-3.403996229171753,-8.071500778198242,-3.43721604347229,-1.4677098989486694,-4.860212802886963,-4.839404106140137,-5.5898308753967285,-2.232247829437256,-1.6635643243789673,-7.002259254455566,-4.873980522155762,-2.67034125328064,-5.625240325927734,-3.814977407455444,-0.8509703874588013,-0.8738541007041931,-2.061254501342773,-2.938356876373291,-4.343530654907227,-7.649082660675049,-7.170382022857666,-4.194233417510986,-3.3832781314849854,-2.1664133071899414,-2.547887325286865,-0.855564534664154
5,-311.4454345703125,180.4582061767578,-24.63149070739746,-4.809796333312988,-4.601469993591309,-24.69375991821289,-25.6312255859375,-13.010071754455566,-19.81258201599121,-16.796709060668945,-16.163660049438477,-10.513773918151855,-13.283668518066406,-11.239702224731444,-8.62816333770752,-8.210407257080078,-6.273443222045898,-2.958383798599243,-4.917905330657959,-1.4095444679260254,-3.814692735671997,-2.2614681720733643,-5.453787803649902,-5.1435546875,-5.5346269607543945,-2.2755320072174072,-4.744022846221924,-0.3776508867740631,-2.372996091842652,0.6332148909568787,0.3296459019184112,0.075789988040924,-5.4692230224609375,-2.872719049453736,-3.9564924240112314,1.7581497430801392,0.0496438071131706,1.2052559852600098,-3.3674421310424805,-1.6888487339019775
5,-271.5295104980469,154.12554931640625,-18.751617431640625,-12.309408187866213,-24.282209396362305,-24.82820701599121,-22.270496368408203,-11.052979469299316,-23.19740104675293,-9.788434982299805,-14.28502082824707,-8.820988655090332,-14.445959091186523,-6.362480163574219,-5.2890944480896,-5.692370891571045,-5.935523509979248,0.5914745330810547,-4.913500785827637,-0.2704446911811828,-3.233924150466919,-0.0421524867415428,-6.84068489074707,-3.7636992931365967,-6.325018882751465,-3.4417123794555664,-8.439760208129883,-0.191557228565216,-2.8152544498443604,-0.7362666726112366,-2.094214916229248,-0.6694797873497009,-5.211666584014893,-1.133161544799805,-4.263380527496338,0.850864589214325,-2.7320590019226074,-0.6389248967170715,-4.65487003326416,-1.730519413948059
5,-230.19464111328125,186.08128356933597,-56.4462776184082,-36.80309677124024,-15.429410934448242,-32.80918884277344,-18.78660774230957,-12.23641586303711,-17.914690017700195,-7.201746463775635,-6.408149719238281,-4.840041160583496,-6.230097770690918,-6.045970916748047,-0.5473265647888184,-5.474764823913574,-2.1596157550811768,-1.156946301460266,-3.7428853511810303,-5.393901824951172,-3.915616273880005,-3.4958291053771973,-5.29324197769165,-5.440918445587158,-4.967215538024902,-4.91148853302002,-7.901969909667969,-2.6486380100250244,-1.9857711791992188,-3.633253574371338,0.0962946116924285,-1.6433329582214355,-3.377500295639038,-4.179853916168213,-2.7983319759368896,-0.3221005499362945,-1.7701750993728638,-3.686586141586304,-3.8844473361968994,-4.301312446594238
8,-253.88156127929688,137.6226348876953,-69.15325927734375,-63.50431823730469,1.935572624206543,-21.628286361694336,-3.324869155883789,7.5397868156433105,11.851655006408691,-14.430585861206056,-15.16978359222412,11.086901664733888,-6.008339405059815,7.512871742248535,-4.208441734313965,7.944138526916504,4.955753326416016,5.50441837310791,-2.716109275817871,2.9258902072906494,-1.0008362531661987,1.9417853355407717,3.346524953842163,1.5408204793930054,8.057107925415039,1.5600299835205078,6.33120584487915,-0.2464718520641327,0.6994165778160095,4.326766490936279,2.333444595336914,5.068395614624023,-0.7360284924507141,0.9560761451721193,1.4051965475082395,5.664165496826172,-1.83170485496521,5.885131359100342,-4.077553749084473,6.57834529876709
5,-374.66546630859375,107.92765808105467,-23.465036392211918,-10.866705894470217,-13.526985168457031,-5.45089864730835,-17.696924209594727,-15.584858894348145,-10.200844764709473,2.4157230854034424,-9.76324462890625,-6.660975456237793,-13.42257595062256,-4.303649425506592,-3.6140716075897217,4.781866550445557,-1.4028875827789309,2.0446202754974365,-2.6858229637146,2.218898296356201,-7.275787830352783,-4.679807186126709,-9.241622924804688,-1.9037894010543823,-5.694883823394775,0.6497525572776794,-3.132330656051636,0.4120194017887115,-5.004909038543701,-2.600137233734131,-5.500720500946045,2.503763437271118,-0.8665012121200562,1.817142963409424,-2.484729766845703,2.532775640487671,-1.5863492488861084,0.5800344944000244,-3.3148059844970703,0.9970405101776124
5,-378.2214965820313,68.36675262451172,-21.98125648498535,-1.0300973653793335,-4.541745662689209,-2.7712888717651367,-9.648694038391112,-4.0576491355896,-6.429501056671143,2.0635673999786377,-7.380687236785889,-1.8221608400344849,-10.235183715820312,-4.747931003570557,-8.654227256774902,0.5841772556304932,-4.363555908203125,0.5464910864830017,-4.6722331047058105,0.7803016901016235,-7.306881904602051,-3.6051745414733887,-9.682464599609377,-2.3658838272094727,-6.362081527709961,-0.4283971190452575,-4.116428852081299,1.003630757331848,-4.811464786529541,-1.3229624032974243,-3.9215359687805176,2.253002643585205,-1.2527682781219482,3.081413745880127,-2.3927059173583984,2.152676820755005,-1.0283411741256714,2.6941497325897217,-1.8419815301895144,1.6998308897018433
5,-385.15472412109375,57.18951034545898,-22.695507049560547,2.7657220363616943,-1.0599645376205444,-1.6430096626281738,-7.553511142730713,-2.287195444107056,-6.27145528793335,0.9252303242683412,-8.630264282226562,-1.8834552764892576,-8.446081161499023,-2.263260841369629,-6.67586612701416,-0.2911071479320526,-6.595170974731445,-2.0778677463531494,-6.079316139221191,0.2197363972663879,-5.681210041046143,-1.3560316562652588,-7.969279289245605,-1.3538802862167358,-5.7536797523498535,0.4463141858577728,-4.111075401306152,0.0298260822892189,-4.824961185455322,0.0108403991907835,-3.524555921554565,1.4104596376419067,-2.9767417907714844,1.6043050289154053,-2.952067613601685,1.498177409172058,-2.0667967796325684,2.13438081741333,-1.5892173051834106,1.535716533660889
9,-388.7596740722656,92.66324615478516,-27.31827545166016,-25.183496475219727,-1.876408934593201,6.675549983978272,-11.4568510055542,1.408808708190918,-1.288263201713562,4.039907455444336,5.174602508544922,8.558795928955078,14.381122589111328,18.06191062927246,5.427562713623047,2.7208759784698486,2.7748165130615234,7.695157527923584,4.397573471069336,3.825756788253784,2.0206305980682373,-0.7846388816833496,-5.848644733428955,4.654281139373779,5.173551082611084,6.895020008087158,9.639721870422363,2.779433012008667,4.890368461608887,5.34632682800293,3.1786205768585205,2.92508316040039,1.4223905801773071,4.587220191955566,0.7300667762756348,4.664995670318604,3.092747449874878,4.1732177734375,2.219769239425659,3.0715668201446533
8,-331.3648681640625,140.7991943359375,-12.518111228942873,12.594491958618164,-9.011998176574709,10.650914192199709,-3.271614551544189,22.496814727783203,0.4674897789955139,14.111827850341797,4.338313102722168,-5.740267753601074,-4.835635662078857,4.038532733917236,1.5983312129974363,1.1247971057891846,-7.489890575408935,8.931913375854492,-6.820542335510254,3.3591725826263428,-2.7678377628326416,0.8154081702232361,-4.424511909484863,-3.49629282951355,-0.1634700149297714,0.2598413527011871,-0.8224714994430542,3.5165719985961914,-3.493536710739136,2.22487211227417,-1.488684892654419,3.8679065704345694,-4.8825507164001465,1.125593900680542,-0.8245257139205933,-1.1061052083969116,-2.150963306427002,1.9086112976074217,-2.3316280841827397,-0.2637714445590973
8,-350.4158630371094,156.95887756347656,-16.823007583618164,5.717694282531738,-5.462839603424072,19.15761375427246,-8.303948402404785,18.91792678833008,4.047549724578857,12.149667739868164,0.5545561909675598,-5.182384967803955,3.0451977252960205,2.559486627578736,3.0681400299072266,2.7403430938720703,-8.423993110656738,7.217862129211426,-6.859689712524414,2.3972761631011963,-5.880875110626221,-1.5093063116073608,-4.669175148010254,-5.1468892097473145,1.0032299757003784,2.311962604522705,-0.2067125737667083,4.27723503112793,-1.7334049940109253,7.15531587600708,-2.264085292816162,1.4846762418746948,-3.486311197280884,0.2144731283187866,-3.732879877090454,-0.9390140771865844,-1.1101475954055786,0.3651510775089264,0.3169238865375519,1.1818455457687378
8,-408.5809631347656,154.1251220703125,-18.314401626586918,13.30278778076172,-5.712430000305176,19.27589225769043,-4.388889789581299,17.437664031982422,4.203911781311035,15.632203102111816,5.293792247772217,-4.66460657119751,-0.6437129974365234,-0.2047373652458191,2.0838801860809326,1.1577924489974976,-9.274584770202637,5.054976940155029,-6.166042327880859,5.886882305145264,-5.330152988433838,0.6981621980667114,-4.10690450668335,-5.28313684463501,-1.9446933269500728,-1.4206260442733765,-0.6939000487327576,0.511274516582489,-4.591874122619629,5.319300174713135,-4.056650161743164,2.605074167251587,-2.5274105072021484,-0.2519560754299164,-2.2484962940216064,1.9935581684112549,-1.3090695142745972,0.3695982098579407,-1.2879846096038818,-0.2313359826803207
8,-297.1899719238281,157.43226623535156,-19.53730583190918,17.905363082885742,-2.511583089828491,19.01781272888184,1.1923328638076782,17.508716583251953,7.8052215576171875,17.098222732543945,0.6809206604957581,0.6530347466468811,-5.244809150695801,5.3799238204956055,3.054663896560669,5.762644290924072,-7.49001407623291,-0.2843944132328033,-3.8341197967529297,-0.443280965089798,-5.441550254821777,-1.3572489023208618,-4.392376899719238,-2.800673723220825,-5.306212902069092,0.7838886380195618,-4.794554710388184,-0.3821846842765808,-4.311061859130859,-0.3194798827171325,-2.888134479522705,1.0282288789749146,-2.6043334007263184,0.5283074975013733,-0.7857378721237183,-0.8795000314712524,-4.034399032592773,1.74767005443573,-3.7726430892944336,0.0530440397560596
7,-396.6009826660156,165.89871215820312,-20.67940902709961,-3.019556760787964,-4.340405464172363,8.853230476379395,-1.852362275123596,-2.865671396255493,8.973301887512207,11.42241096496582,5.184439659118652,9.158058166503906,11.92520523071289,10.810287475585938,6.207709312438965,10.177531242370604,8.60539722442627,6.504397392272949,1.547522783279419,3.1523239612579346,-1.175479292869568,1.5948216915130615,2.1083405017852783,6.74305534362793,3.046305894851685,1.8568309545516968,1.9771720170974727,3.401961326599121,2.85086441040039,2.277407169342041,0.2807311713695526,1.9603103399276731,2.232216119766236,4.606274604797363,1.1733667850494385,2.342942476272583,-0.0279923807829618,0.4646793305873871,-0.1363861262798309,3.409599542617798
7,-296.43487548828125,160.49273681640625,-23.232234954833984,3.385780334472656,-12.820727348327637,15.928970336914062,0.1983371824026107,11.00068187713623,1.938542366027832,10.004552841186523,4.035580158233643,12.169965744018556,4.997269153594971,12.395549774169922,6.476409435272217,5.225428104400635,0.6535261273384094,-0.1834321171045303,-2.268869638442993,3.4238007068634038,-6.76833438873291,-2.1776394844055176,-2.611238479614258,5.805078029632568,3.259318590164185,2.308215618133545,-2.5331544876098637,2.4944441318511963,-1.6683437824249268,-0.3996185064315796,-2.846923351287842,2.510838508605957,1.351927638053894,4.882635593414307,-0.9355320334434508,3.988220453262329,-1.778710126876831,1.5723289251327517,-2.857400417327881,1.7326700687408447
7,-315.4638977050781,156.7307891845703,-23.63393211364746,-4.473565101623535,-10.5538911819458,19.888761520385746,-6.68064022064209,6.906834125518799,0.3369203209877014,3.2788174152374268,10.358030319213867,9.659494400024414,6.322739124298096,13.956069946289062,13.389710426330566,9.935332298278809,4.236320972442627,7.367136478424072,0.1195952147245407,-2.9171104431152344,-6.451774597167969,1.7947704792022705,-1.4572643041610718,1.754222750663757,2.693702459335327,4.036145687103272,1.1967103481292725,2.7014858722686768,2.867401361465454,3.019083976745605,0.4321502447128296,2.9952540397644043,1.235731840133667,5.416342258453369,2.1678450107574463,1.6811195611953735,0.2530916333198547,-0.3919214606285095,-1.820046186447144,2.8397293090820312
7,-312.6302490234375,172.40484619140625,-23.062559127807617,-12.421756744384766,-29.52758026123047,11.186563491821287,-17.360742568969727,7.370457172393799,0.1203742027282714,7.192737102508545,7.717708587646484,7.822591781616211,0.4258911609649658,11.026833534240724,15.834554672241213,13.887115478515623,6.1572747230529785,5.6017255783081055,3.135838747024536,2.102567195892334,-7.986876964569092,0.8434659838676453,-1.721998929977417,0.1615958660840988,5.680830001831055,4.775815963745117,-3.383108139038086,4.371649742126465,0.8380028009414673,1.8468297719955444,2.5746841430664062,-2.353261947631836,1.541075587272644,7.121225833892822,-0.2465307861566543,2.4689221382141118,-0.2528570592403412,1.6382075548171997,-1.1050196886062622,0.7070637941360474
5,-419.9523010253906,32.33722305297852,-65.1398696899414,-31.805316925048828,-33.92387771606445,19.125883102416992,32.58380508422852,23.454315185546875,-8.353010177612305,-6.944195747375488,2.2835495471954346,12.189106941223145,-3.8674259185791016,-6.163729667663574,1.9708372354507449,6.735761642456055,-0.9473172426223756,7.029642581939697,-5.367111682891846,-6.0858473777771,-5.988324165344238,1.1139992475509644,0.8307408690452576,0.9330663084983826,-1.5184812545776367,2.423645257949829,-1.6465784311294556,1.75870680809021,-3.684536457061768,1.76744544506073,3.094469785690308,4.821121692657471,0.2472202479839325,2.8809595108032227,3.696086168289185,2.180922746658325,0.2440996617078781,0.2383706867694854,4.398029804229736,-0.8141403794288635
5,-445.1912841796875,23.15646743774414,-54.69828796386719,-24.86152648925781,-22.76597785949707,29.773820877075195,31.66868782043457,13.103388786315918,-5.7157816886901855,5.727359294891357,3.210817575454712,-1.2057369947433472,-12.214818000793455,6.871811389923096,9.360398292541504,5.69180965423584,-2.0441548824310303,0.882786750793457,5.190916061401367,-0.4864117503166199,-18.035999298095703,-1.2509455680847168,6.578264236450195,8.212325096130371,1.9300121068954468,-5.219985008239746,-2.7154462337493896,0.2634914219379425,1.354476809501648,1.8420639038085935,-1.5226680040359497,12.463187217712402,3.994152545928955,-1.3393408060073853,0.8733728528022766,1.8592437505722048,3.1665310859680176,7.844869136810303,2.105130195617676,0.5444406867027283
5,-293.1862487792969,83.6235122680664,-111.17566680908205,-57.30564880371094,-61.61669158935547,-1.629274606704712,-1.9423989057540891,-1.493947148323059,-1.13804030418396,19.619504928588867,26.915685653686523,19.12887191772461,-14.181796073913574,6.314784526824951,7.984127521514893,5.950067043304443,-7.899075508117676,-6.2624287605285645,-8.387116432189941,-0.0165794678032398,-13.871137619018556,-5.109628200531006,-4.218010425567627,1.3020538091659546,-3.575293064117432,-4.142735481262207,-0.321795791387558,3.2599918842315674,-2.220951557159424,2.516085147857666,-5.063937187194824,7.259942054748535,-5.540319442749023,-0.4608708322048187,-0.6993589997291565,1.5748295783996582,-0.6551390290260315,1.8903264999389648,-2.1748502254486084,1.3267693519592283
5,-310.4004821777344,78.67221069335938,-102.39867401123048,-49.79917144775391,-53.64284896850586,-5.094185829162598,-6.612998962402344,-3.7581610679626474,2.5058400630950928,20.76665306091309,27.96860122680664,20.74423217773437,-7.078974723815918,7.754609107971191,5.521101951599121,1.5336167812347412,-8.879583358764648,-6.627569675445557,-9.40153694152832,-2.6620445251464844,-11.50588321685791,-4.37706184387207,-3.709115982055664,0.0545210652053356,-3.2223799228668213,-5.992339134216309,-1.9393447637557983,1.8155161142349243,-1.900564193725586,0.1045500040054321,-3.917215824127197,6.636917591094971,-4.76451587677002,-1.227825403213501,0.0087369233369827,0.2956549525260925,-0.4220383465290069,2.0777335166931152,-0.3595026135444641,1.6320974826812744
5,-381.6725158691406,56.299922943115234,-72.26020812988281,-34.132530212402344,-32.10692596435547,10.716241836547852,-2.9701223373413086,-9.942399978637695,-1.3190120458602903,23.721445083618164,25.32282447814941,12.555222511291504,-12.002141952514648,10.876395225524902,5.7429304122924805,-2.278879165649414,-11.151941299438477,-8.758038520812988,-6.081415176391602,0.2839877605438232,-12.793713569641112,-3.6358916759490967,-0.3765219449996948,1.3265460729599,-1.2804449796676636,-6.190009117126465,-2.467491865158081,0.2927990555763244,-1.568507432937622,-1.881841778755188,-6.858566284179688,7.128921985626221,-2.376622200012207,-0.036869466304779,1.7028857469558716,2.3073081970214844,1.2651444673538208,2.3298165798187256,-2.3563594818115234,2.763677835464477
5,-429.1229248046875,35.87422180175781,-54.00228118896485,-28.290393829345703,-22.73270606994629,26.63382911682129,14.869647026062012,-1.031363606452942,-4.182248115539551,14.264174461364746,15.601500511169434,5.697686672210693,-17.441925048828125,6.078282356262207,6.740690231323242,0.1228951662778854,-10.041792869567873,-4.623492240905762,-0.9328315258026124,-0.1873668134212494,-13.224987983703612,-2.536008596420288,1.7340673208236694,1.0827686786651611,-1.7515548467636108,-4.462876319885254,-1.473779559135437,-1.0405848026275637,-1.7923702001571655,-3.398921489715576,-8.019951820373535,6.4311203956604,-0.5741637349128723,1.6021147966384888,3.520890235900879,4.724086284637451,3.8431575298309326,1.8294949531555176,-3.3665945529937744,-1.1930395364761353
5,-357.8971252441406,58.10078430175781,-85.13497161865234,-44.871826171875,-44.07402801513672,9.811307907104492,10.646870613098145,4.577053070068359,-0.3071663081645965,12.084463119506836,19.100120544433597,13.739025115966797,-12.07136058807373,3.2739193439483643,6.008767127990723,4.890800476074219,-8.089917182922363,-1.980620622634888,-4.594265937805176,-2.665015935897827,-11.736198425292969,-2.2206146717071533,-0.7650097012519836,0.6755070090293884,-2.915303945541382,-3.768137693405152,-0.1875093430280685,1.182205319404602,-0.7605208158493042,-1.0539731979370115,-4.100672245025635,6.031042575836182,-1.3790512084960938,1.4672170877456665,2.7467055320739746,2.968057870864868,2.960972785949707,1.930775165557861,-0.2287288457155227,-1.5290647745132446
5,-295.3807983398437,82.08885192871094,-112.48577117919922,-58.941219329833984,-62.70347595214844,-3.318399667739868,-1.986501693725586,-2.086280107498169,0.7012267112731934,20.802169799804688,28.87758445739746,19.836902618408203,-13.223821640014648,7.649435043334961,7.788006782531738,8.402811050415039,-8.505897521972656,-3.300103187561035,-8.0527925491333,0.7049523591995239,-12.781021118164062,-2.4723033905029297,-3.371418237686157,2.987098217010498,-1.5309754610061646,-2.6952455043792725,1.0860235691070557,4.70677661895752,-0.1693381667137146,3.05251693725586,-2.997363805770874,8.735274314880371,-2.8028602600097656,1.412729024887085,1.433659553527832,2.3012585639953613,0.8959121108055115,3.265845775604248,-0.8581713438034058,1.5590095520019531
5,-299.0726623535156,81.10181427001953,-110.9186553955078,-57.818843841552734,-61.79427337646485,-4.186051368713379,-1.5124328136444092,-1.108745574951172,2.5369691848754883,20.215845108032227,28.203067779541016,20.007251739501957,-11.844985961914062,6.258190155029297,6.915566921234131,8.021060943603516,-8.23147964477539,-1.870768666267395,-6.922595977783203,2.1510894298553467,-11.676517486572266,-0.8506042957305908,-2.791707754135132,3.268425464630127,-0.2367642521858215,-2.7862348556518555,2.4692957401275635,6.544770240783691,-0.0439824573695659,3.336035251617432,-2.8694663047790527,10.28934097290039,-1.964206576347351,0.2374446839094162,1.4119112491607666,1.7157405614852903,0.7266807556152344,3.519171476364136,-2.2330729961395264,1.7148998975753784
5,-354.08837890625,64.2968978881836,-88.17030334472656,-43.99070739746094,-41.5261344909668,2.845284938812256,-2.9125990867614746,-3.8217272758483887,2.9565141201019287,20.75202751159668,24.407390594482425,15.830678939819336,-7.660356521606445,10.836485862731934,4.209612846374512,1.4081697463989258,-10.142245292663574,-3.7464873790740967,-4.720593929290772,0.9118211269378662,-12.704642295837402,1.2770826816558838,-0.9341838955879213,4.258323192596436,0.4801139533519745,-3.2846736907958984,3.1532413959503174,4.580702781677246,0.5345594882965088,-0.038323376327753,-5.898733139038086,9.326668739318848,-0.3485634922981262,0.6446003913879395,1.9850088357925413,2.7233645915985107,1.4660959243774414,3.555385112762451,-3.8533546924591056,1.697261095046997
5,-424.521484375,38.71490478515625,-57.71197509765625,-25.21209144592285,-18.83566093444824,21.072769165039062,6.418675899505615,-7.500761985778809,-5.378834247589111,13.8087797164917,17.668926239013672,12.06057834625244,-7.246193885803223,10.265138626098633,2.755265951156616,-3.021547794342041,-8.048380851745605,-5.8862128257751465,-3.878912925720215,2.3735601902008057,-10.067058563232422,1.3236557245254517,-1.403947830200195,3.456291675567627,1.6075475215911863,-1.6709976196289062,1.1142184734344482,0.8574631810188293,-0.0382488332688808,0.132971704006195,-8.510013580322266,4.266816139221191,1.4958640336990356,2.654237508773804,5.180244445800781,5.640223503112793,2.7168731689453125,4.572649002075195,-2.927797794342041,-2.090400218963623
5,-405.8668212890625,41.71032333374024,-66.18004608154297,-28.252641677856445,-29.378530502319336,11.512451171875,4.369781970977783,0.8829423189163208,3.4969842433929443,14.474553108215332,17.603012084960938,13.08930492401123,-11.230812072753906,1.7422022819519043,3.064870595932007,-0.9428764581680298,-6.694234371185303,-3.26469349861145,-3.6745803356170654,2.051774263381958,-7.60697603225708,-0.5844516754150391,-1.5803861618041992,1.4839869737625122,2.848679542541504,-0.3766984939575195,-0.9102889895439148,0.7427443265914917,-2.193063735961914,1.3821961879730225,-4.562708854675293,3.986982107162476,0.6378791332244873,1.9454337358474727,6.042317390441895,3.890726327896118,1.964125394821167,3.211252212524414,0.8064313530921936,-1.1079498529434204
5,-453.5232238769531,20.82464408874512,-50.43836975097656,-20.399274826049805,-15.74444580078125,36.6741943359375,28.61567497253418,-0.0499274618923664,-8.529664039611816,13.590431213378906,11.44996166229248,-0.7003210783004761,-21.071334838867188,5.157955646514893,13.540450096130373,6.339696407318115,-3.5903003215789795,-2.8638336658477783,4.935220718383789,6.204422473907471,-14.661745071411133,-4.945831298828125,3.9234228134155273,8.965373992919922,-0.6184024810791016,-5.122039794921875,-2.4581193923950195,1.6473896503448486,3.8798232078552246,1.5159199237823486,-0.0924744382500648,12.668596267700195,1.666214942932129,-2.9958302974700928,-1.4778618812561035,1.391470193862915,4.481205940246582,10.713257789611816,-0.2450593709945678,1.0066990852355957
5,-331.2621765136719,69.32720947265625,-95.83946228027344,-48.34473037719727,-53.70966720581055,-7.055891036987305,-5.122616767883301,2.6394267082214355,9.01345443725586,21.390167236328125,24.33014678955078,15.64079475402832,-11.982439041137695,3.298520565032959,6.8320136070251465,2.912749767303467,-7.9143967628479,-3.0724031925201416,-4.432656764984131,-0.5326771140098572,-11.308106422424316,-3.451383113861084,-0.2377848923206329,1.383861422538757,1.2419811487197876,-1.896800518035889,-0.0295168049633502,2.837025880813598,-1.6199345588684082,0.4666616320610046,-1.778247594833374,7.55745792388916,-1.802074670791626,0.0011139687849208,3.830265045166016,1.694249987602234,1.1622793674468994,1.6608332395553589,1.31981360912323,2.531047821044922
5,-297.04327392578125,81.00581359863281,-113.77230834960938,-59.6027717590332,-63.231178283691406,-1.95456862449646,-2.682810068130493,-1.5073375701904297,-0.6934195756912231,20.80298614501953,26.43501663208008,18.771991729736328,-12.328204154968262,7.85187292098999,9.475174903869627,7.414856910705566,-6.775531768798828,-4.55536699295044,-8.062685012817383,2.251650333404541,-12.949670791625977,-3.847636222839356,-2.177372694015503,2.316873788833618,-1.6486142873764038,-3.5053536891937256,0.074996992945671,4.776674270629883,-0.8886260390281677,3.4665791988372803,-2.857542991638184,9.034750938415527,-3.206883668899536,0.68513423204422,1.934731364250183,2.38119912147522,1.3001744747161863,3.4164516925811768,-1.8809232711791992,2.298710346221924
5,-309.18341064453125,76.18330383300781,-105.36709594726562,-57.14753341674805,-59.26454162597656,-3.447782039642334,-2.6868386268615723,0.7429123520851135,5.3869147300720215,21.66107749938965,25.79819107055664,14.698596000671388,-15.144761085510254,5.664071083068848,12.270572662353516,7.032353401184082,-4.910174369812012,-2.883030414581299,-5.387586116790772,-0.0435989461839199,-11.93902587890625,-4.731419563293457,-1.7461198568344116,1.3349171876907349,1.1144870519638062,-2.9548261165618896,0.778134286403656,3.20608139038086,-0.1319210678339004,3.042314052581787,-2.935664653778076,9.381609916687012,-1.787773370742798,0.4667195975780487,2.9068851470947266,1.3715163469314575,2.2079436779022217,3.5222256183624268,-1.115947961807251,0.9198969006538392
5,-384.3389587402344,47.811431884765625,-76.17679595947266,-35.03015899658203,-39.04458236694336,10.38692855834961,12.836586952209473,6.6893415451049805,1.1187677383422852,11.291163444519045,15.14113998413086,10.939759254455566,-12.147438049316406,0.3337415158748626,5.62662935256958,4.914849758148193,-4.496513366699219,-0.7369515299797058,-4.190004348754883,1.0396804809570312,-8.919751167297363,-1.633829116821289,-0.3120752274990082,4.738347053527832,-2.2394909858703613,-4.1031413078308105,0.2684911787509918,3.2551674842834477,0.0065130335278809,1.5239393711090088,0.9307677149772644,8.104732513427734,-0.5393565893173218,-1.0795191526412964,0.186337724328041,0.2114536315202713,1.9002985954284668,4.710627555847168,1.1088743209838867,0.8150206208229065
5,-312.6455993652344,76.5860824584961,-105.13241577148438,-52.93221664428711,-59.00521087646485,-6.189878463745117,-7.211931705474853,-4.737496376037598,0.9590030908584596,19.08768081665039,25.07428359985352,18.18431663513184,-10.394763946533203,6.305306434631348,5.017817974090576,4.124444484710693,-7.8418869972229,-4.317816257476807,-8.880094528198242,1.165149807929993,-11.807180404663086,-3.207209348678589,-3.724074602127075,3.849095344543457,-2.224355459213257,-6.41796875,0.7583379149436951,4.222970008850098,-1.836725115776062,2.8333535194396973,-0.8862969875335693,8.419068336486816,-2.886702060699463,-0.4614966213703155,0.110643483698368,0.5689107179641724,-0.5681275129318237,1.2987910509109497,-1.5047074556350708,0.0859738364815712
5,-295.7765197753906,82.10742950439453,-113.42151641845705,-59.62433242797852,-64.7608642578125,-4.498046398162842,-4.187107563018799,-6.311656951904297,-3.0617387294769287,17.286561965942383,24.902812957763672,17.20094871520996,-14.365201950073242,6.578078269958496,8.220582962036133,6.849262714385986,-8.175107955932617,-3.597540616989136,-7.901598453521728,1.4974581003189087,-13.120804786682127,-3.743956089019776,-4.023324966430664,2.6119494438171387,-1.87694787979126,-4.066647052764893,1.5360887050628662,5.702564716339111,-0.6312453150749207,4.51074743270874,-1.652863383293152,8.485445022583008,-4.0871195793151855,-0.3106367290019989,0.2661515176296234,0.7079339027404785,-1.470409870147705,0.345948725938797,-3.246481418609619,-1.2096797227859497
5,-314.84747314453125,74.76685333251953,-104.08219146728516,-52.89689254760742,-57.00819778442383,-3.413639783859253,-4.248208999633789,-7.07171106338501,-3.750869274139404,14.371781349182127,23.38484001159668,15.999635696411133,-12.226544380187988,6.187653064727783,8.493011474609375,5.238604545593262,-8.342406272888184,-3.67484974861145,-8.568086624145508,0.1709798872470855,-11.141031265258787,-3.205178022384644,-2.693987369537353,3.687423706054688,0.4300165474414825,-2.123401403427124,3.571408271789551,6.827420234680176,-0.4023757576942444,3.1580591201782227,-2.499734401702881,6.893517971038818,-3.8615610599517822,-1.6935287714004517,0.4738819897174835,0.3035169243812561,-1.063080668449402,0.6317276358604431,-2.8658652305603027,-1.0672811269760132
5,-397.1006164550781,44.531864166259766,-70.84215545654297,-32.271968841552734,-26.933374404907227,19.64592742919922,-0.2686294913291931,-17.329185485839844,-10.006524085998535,16.54374122619629,23.23943901062012,11.704204559326172,-17.852937698364258,5.440083980560303,9.36249542236328,5.438947677612305,-6.270731449127197,-4.409865379333496,-5.839807987213135,1.2874597311019895,-9.226086616516112,-2.6615726947784424,-3.4085516929626465,2.652533531188965,1.127819299697876,-3.6792197227478023,2.2141273021698,6.820918083190918,1.0992637872695925,-0.9630799293518066,-6.662075996398926,9.633657455444336,2.3937759399414062,-1.5020134449005127,-1.0277949571609497,2.9873297214508057,2.209479808807373,4.383715152740479,-7.101353168487549,-3.836634397506714
5,-416.5894165039063,37.42594146728516,-63.565696716308594,-30.080394744873047,-23.659536361694336,22.5543270111084,8.139734268188477,-6.581925392150879,-5.507826805114746,11.484100341796877,15.7933931350708,5.633659362792969,-18.27346420288086,5.201544761657715,7.447113990783691,6.423076629638672,-2.854508876800537,-4.831125736236572,-1.1831144094467163,2.95611572265625,-8.838377952575684,-3.555917263031006,-2.299260377883911,0.0670900121331214,0.2257533818483352,-2.3420372009277344,-0.2530307173728943,4.958623886108398,0.5252150893211365,-2.1468989849090576,-5.263377189636231,10.220834732055664,3.557154655456543,0.202461376786232,0.5901098251342773,4.030178546905518,3.0860037803649902,4.685147285461426,-7.310969352722168,-5.074880123138428
5,-332.6407470703125,68.86382293701172,-95.7862319946289,-50.61665725708008,-52.75924682617188,-0.0439369343221187,4.565457344055176,5.850458145141602,1.6536611318588257,10.82636260986328,17.067516326904297,10.4452486038208,-12.157585144042969,5.938448429107666,7.061136245727539,5.311797618865967,-4.548708438873291,-6.162325382232666,-4.811565399169922,1.0655635595321655,-11.01152229309082,-5.438720226287842,-1.6033340692520142,0.407457560300827,-1.3739573955535889,-1.257389783859253,0.5352175235748291,3.74292516708374,-1.7347332239151,0.8030130863189697,-2.401041030883789,6.310155391693115,-2.7378971576690674,-0.1450830399990081,1.5953372716903689,1.67714524269104,0.4402333199977875,1.6002461910247805,-1.9649136066436768,-1.293125867843628
8,-300.9916381835937,152.87062072753906,25.53214263916016,29.15725517272949,6.104824542999268,23.017749786376957,14.37432861328125,18.13954734802246,8.91739559173584,11.515229225158691,-3.170549154281616,9.334423065185549,-0.4587286412715912,10.861452102661133,-0.9458267092704772,4.686463356018066,-4.559553623199463,-7.707378387451172,-9.858146667480469,-6.275725841522217,-4.02652645111084,6.262477874755859,-1.3419245481491089,2.0788793563842773,-4.2399773597717285,-3.5575997829437256,-6.727227687835693,3.238558292388916,-3.0897741317749023,1.7558339834213257,0.04382885992527,4.710639953613281,-1.7290968894958496,5.580076217651367,5.948683261871338,6.76053524017334,2.2471961975097656,7.157236576080322,3.694761514663696,1.2944856882095337
8,-300.5171203613281,152.78114318847656,25.69845390319824,28.641525268554688,6.022552490234375,22.952220916748047,14.002470016479492,18.08738899230957,8.928555488586426,11.873956680297852,-3.158970355987549,9.200942993164062,0.04480991512537,11.152154922485352,-0.8572363257408142,4.783435344696045,-4.759034633636475,-7.703320503234863,-9.947660446166992,-6.306605339050293,-4.191521644592285,6.010159492492676,-1.3577549457550049,2.2589635848999023,-4.122889995574951,-3.421243190765381,-6.620382308959961,3.1889588832855225,-3.0764353275299072,1.760662317276001,-0.2386637777090072,4.6612701416015625,-1.6757749319076538,5.369957447052002,5.915274143218994,7.096660137176514,2.4591381549835205,7.203832626342773,3.933385610580444,1.130847692489624
8,-300.6532287597656,153.00070190429688,25.644790649414062,28.706743240356445,5.916460037231445,22.97031784057617,14.029494285583496,18.16315078735352,8.903190612792969,11.848311424255373,-3.1698012351989746,9.133339881896973,-0.0890349373221397,11.1242036819458,-0.9284259676933287,4.717485427856445,-4.741978645324707,-7.674011707305908,-9.886889457702637,-6.307365894317627,-4.134434700012207,5.974059104919434,-1.336382508277893,2.30491304397583,-4.167914390563965,-3.3454935550689697,-6.540962219238281,3.2661921977996826,-3.073418140411377,1.7738569974899292,-0.180451288819313,4.6769633293151855,-1.7115254402160645,5.314115047454834,5.904138088226318,7.049416542053223,2.4039554595947266,7.263417720794678,3.970080852508545,1.1348458528518677
8,-300.62823486328125,152.7142333984375,25.993480682373047,28.939001083374023,6.146423816680908,23.040355682373047,14.139410972595217,18.138538360595703,8.821183204650879,11.62799835205078,-3.1331191062927246,9.08199977874756,-0.3796533942222595,10.972203254699709,-0.7806024551391602,4.636314868927002,-4.409593105316162,-7.696044921875,-9.939729690551758,-6.319915294647217,-4.250104427337647,6.196589469909668,-1.2850855588912964,2.249929189682007,-3.9932565689086914,-3.511497974395752,-6.737942695617676,3.149118661880493,-3.04306435585022,1.96772301197052,0.2555073499679565,4.7963738441467285,-1.829904675483704,5.093409061431885,5.8204545974731445,7.012144088745117,2.272183895111084,6.833926677703857,3.755925416946411,1.246992111206055
8,-300.9530029296875,152.8139190673828,25.59149169921875,29.05196762084961,6.089267253875732,22.9404239654541,14.329211235046388,18.064105987548828,8.944391250610352,11.526592254638672,-3.0545573234558105,9.36127471923828,-0.4012374877929687,10.835832595825195,-0.9121391177177428,4.7566423416137695,-4.635326385498047,-7.739473819732666,-9.894640922546388,-6.266876697540283,-4.0231523513793945,6.264274597167969,-1.255840539932251,2.144498348236084,-4.135354042053223,-3.5850632190704346,-6.729737758636475,3.2694621086120605,-3.032212018966675,1.7569252252578735,0.0377596467733383,4.672015190124512,-1.7180709838867188,5.536192893981934,5.956892967224121,6.882016658782959,2.298750162124634,7.093679428100586,3.728611469268799,1.271296739578247
8,-300.52178955078125,152.771484375,25.71200180053711,28.65415573120117,6.012195587158203,22.947057723999023,14.041828155517578,18.153173446655277,8.93758487701416,11.824492454528809,-3.088045120239258,9.19566535949707,0.0151726882904767,11.16350269317627,-0.8459641337394714,4.737935543060303,-4.775987148284912,-7.685833930969238,-9.95507526397705,-6.319502353668213,-4.126898765563965,5.97477388381958,-1.354685664176941,2.2702438831329346,-4.195351123809815,-3.433804750442505,-6.584173679351807,3.205867052078247,-3.0664174556732178,1.774382710456848,-0.1934664100408554,4.699161529541016,-1.642729878425598,5.310774326324463,5.931181907653809,7.056435108184815,2.3860902786254883,7.233705997467041,3.915594100952149,1.1634052991867063
8,-300.74615478515625,152.63168334960938,25.961286544799805,28.875364303588867,6.131866931915283,22.986099243164062,14.226415634155272,18.15364646911621,8.974930763244629,11.691754341125488,-3.002166986465454,9.073433876037598,-0.2378989905118942,10.949637413024902,-0.6392999291419983,4.508960247039795,-4.331569671630859,-7.791045188903809,-9.81395435333252,-6.4287590980529785,-4.1734724044799805,6.0438408851623535,-1.1956028938293457,2.079272747039795,-3.952682256698608,-3.707228899002075,-6.672916412353516,2.9915931224823,-2.914449453353882,1.8979830741882324,0.3978459239006042,4.737496376037598,-1.6688945293426514,5.036743640899658,5.988321304321289,6.94271993637085,2.4406111240386963,6.739937782287598,3.874976634979248,1.1486512422561646
8,-301.0003662109375,152.8778533935547,25.60842704772949,29.116857528686523,6.097840309143066,23.03384017944336,14.28041172027588,18.09694099426269,8.857751846313477,11.573610305786133,-3.1125762462615967,9.415678024291992,-0.3920252323150635,10.94556713104248,-0.908493995666504,4.809507369995117,-4.643069744110107,-7.736936569213867,-9.92580223083496,-6.239211082458496,-4.094472408294678,6.286172389984131,-1.246234655380249,2.258057117462158,-4.1883225440979,-3.543453454971313,-6.789610862731934,3.291134119033813,-3.113837957382202,1.76561176776886,-0.017009912058711,4.659403324127197,-1.8048750162124636,5.540220260620117,5.886163234710693,6.961578369140625,2.3206377029418945,7.123807430267334,3.648517847061157,1.2594022750854492
8,-300.7154846191406,153.10711669921875,25.510013580322266,28.78957939147949,5.922658443450928,23.028383255004883,14.005142211914062,18.173133850097656,8.804786682128906,11.862428665161133,-3.173239231109619,9.233606338500977,-0.0649381205439567,11.180047035217283,-0.8966408371925354,4.804022312164307,-4.765395164489746,-7.669739723205566,-9.999032974243164,-6.310429096221924,-4.130116939544678,5.992137908935547,-1.3481063842773438,2.256986141204834,-4.166345119476318,-3.3488929271698,-6.574620723724365,3.236225843429565,-3.122421741485596,1.7962478399276731,-0.1518320441246032,4.692827224731445,-1.6962717771530151,5.256840229034424,5.907406330108643,7.0441670417785645,2.411009788513184,7.184637546539307,3.947180986404419,1.1625330448150637
8,-300.86456298828125,152.7881317138672,25.76840209960937,28.994956970214844,5.996172904968262,23.160064697265625,14.134407043457031,18.3139705657959,8.85238265991211,11.823360443115234,-3.2015035152435303,9.234888076782228,-0.3595665991306305,11.0728120803833,-0.8047329187393188,4.640377521514893,-4.498147010803223,-7.651744842529297,-9.965143203735352,-6.34559440612793,-4.354422092437744,6.1918559074401855,-1.3746064901351929,2.2333874702453613,-4.0604634284973145,-3.5163307189941406,-6.802924156188965,3.1440634727478027,-3.028545379638672,2.0468668937683105,0.2076642662286758,4.88128137588501,-1.7812107801437378,5.227341651916504,5.909789562225342,7.084066390991211,2.2810263633728027,6.779090881347656,3.705059051513672,1.3311487436294556
8,-301.0094909667969,152.75900268554688,25.673694610595703,29.08604431152344,6.208448886871338,22.99898338317871,14.24606227874756,18.004716873168945,8.872421264648438,11.567627906799316,-3.067002534866333,9.408180236816406,-0.2744035720825195,10.947928428649902,-0.890845000743866,4.772336006164551,-4.660470962524414,-7.769885540008545,-9.873764991760254,-6.247148036956787,-4.036572456359863,6.309964656829834,-1.2355000972747805,2.217607021331787,-4.186251640319824,-3.6497223377227774,-6.821088790893555,3.224400520324707,-3.0741231441497803,1.7960712909698486,0.0646224021911621,4.658325672149658,-1.7734349966049194,5.539444923400879,5.915751934051514,6.87003755569458,2.27360463142395,7.13883113861084,3.798097848892212,1.2859132289886477
8,-300.6837158203125,152.9472198486328,25.607370376586918,28.748689651489254,6.043136596679688,22.97229766845703,14.038101196289062,18.093839645385746,8.835320472717285,11.776829719543455,-3.086878061294556,9.2156343460083,0.0052783722057938,11.146322250366213,-0.8500816226005554,4.7242302894592285,-4.724664211273193,-7.694608211517334,-9.98399543762207,-6.339790344238281,-4.039211273193359,5.962474822998047,-1.3383466005325315,2.132674217224121,-4.188251972198486,-3.4233829975128174,-6.554941654205322,3.2156665325164795,-3.074756383895874,1.8652456998825075,-0.0803237557411193,4.671894550323486,-1.706438064575195,5.2388176918029785,5.89801836013794,7.020726680755615,2.394867181777954,7.203372001647949,3.9869790077209473,1.1761133670806885
8,-300.74273681640625,152.75949096679688,25.82706451416016,28.964200973510746,6.032339572906494,23.07948303222656,14.066567420959473,18.200681686401367,8.749618530273438,11.760587692260742,-3.094191789627075,9.232995986938477,-0.35693359375,11.118314743041992,-0.7387855052947998,4.688352584838867,-4.464816570281982,-7.669199466705322,-9.95543384552002,-6.262634754180908,-4.229145526885986,6.236907958984375,-1.2357447147369385,2.241936206817627,-4.076940059661865,-3.5774948596954346,-6.728446960449219,3.2052693367004395,-3.0232350826263428,1.971444010734558,0.226639062166214,4.773092269897461,-1.8694796562194824,5.095737934112549,5.795915603637695,7.062075138092041,2.305980682373047,6.911901950836182,3.8567473888397217,1.3223565816879272
8,-300.7967529296875,152.77870178222656,25.72694969177246,28.975250244140625,5.993586540222168,23.1339168548584,14.141651153564451,18.279207229614254,8.853185653686523,11.839131355285645,-3.1570279598236084,9.200875282287598,-0.3754824697971344,11.080615043640137,-0.7464044094085693,4.663056373596191,-4.469030857086182,-7.685806751251221,-9.964723587036133,-6.379699230194092,-4.359529972076416,6.140192985534668,-1.3860595226287842,2.1974172592163086,-4.09366512298584,-3.492537498474121,-6.764439582824707,3.170093297958374,-3.019164085388184,2.0047998428344727,0.2066923379898071,4.855004787445068,-1.7856374979019165,5.242866516113281,5.870296955108643,6.996733665466309,2.30840277671814,6.850855350494385,3.748123168945313,1.2603023052215576
8,-300.8046569824219,152.68618774414062,25.73309326171875,28.986921310424805,6.173957824707031,22.90224838256836,14.254894256591797,18.03800201416016,8.949959754943848,11.561272621154783,-2.954806327819824,9.348812103271484,-0.340686947107315,10.927666664123535,-0.8273404240608215,4.7598137855529785,-4.661311626434326,-7.773155212402344,-9.82730197906494,-6.200978755950928,-3.954125642776489,6.286059379577637,-1.2926045656204224,2.17093825340271,-4.162524223327637,-3.605710506439209,-6.784909248352051,3.1921422481536865,-3.0508995056152344,1.7251605987548828,0.0314203724265098,4.62320613861084,-1.7672070264816284,5.52311372756958,5.969742298126221,6.880664825439453,2.2568471431732178,7.100286960601807,3.7300424575805664,1.2518620491027832
8,-300.717041015625,153.0709991455078,25.60108757019043,28.80597496032715,5.914905071258545,22.98638916015625,13.99078369140625,18.114086151123047,8.826699256896973,11.820276260375977,-3.1196274757385254,9.198922157287598,-0.1206593811511993,11.14088535308838,-0.8505681157112122,4.790691375732422,-4.740636348724365,-7.686671733856201,-10.002196311950684,-6.29094934463501,-4.066354751586914,5.995894908905029,-1.3454645872116089,2.134095430374145,-4.200441360473633,-3.4023208618164062,-6.50439453125,3.2650930881500244,-3.039469003677368,1.860645294189453,-0.0993911102414131,4.661560535430908,-1.7076588869094849,5.297247409820557,5.90603494644165,7.053288459777832,2.38595986366272,7.165895462036133,3.9576923847198486,1.169365167617798
8,-300.70574951171875,152.69256591796875,25.723115921020508,28.944110870361328,6.077369213104248,23.15870857238769,14.171277046203612,18.21613502502441,8.843233108520508,11.733071327209473,-3.140348434448242,9.182805061340332,-0.3232722282409668,11.034668922424316,-0.7809697985649109,4.630220413208008,-4.46220064163208,-7.739578247070312,-9.966252326965332,-6.399886608123779,-4.351879119873047,6.173859119415283,-1.2671666145324707,2.237435817718506,-4.081314563751221,-3.499821424484253,-6.746636867523193,3.138653516769409,-2.999185800552368,2.011416435241699,0.18035788834095,4.813503265380859,-1.7812485694885254,5.2068352699279785,5.847352981567383,6.967182636260986,2.309429168701172,6.897280216217041,3.785728454589844,1.268404841423035
8,-300.905029296875,152.8511962890625,25.653732299804688,29.08041763305664,6.181920051574707,22.8986873626709,14.152402877807615,18.024585723876957,8.87315559387207,11.518976211547852,-3.1584551334381104,9.34927463531494,-0.3548149466514587,10.923322677612305,-0.8119176030158997,4.830827713012695,-4.696577548980713,-7.736254692077637,-9.877201080322266,-6.201955795288086,-4.012024402618408,6.330944538116455,-1.2760800123214722,2.24491286277771,-4.220781326293945,-3.5656898021698,-6.756280422210693,3.266571283340454,-3.0205535888671875,1.8132232427597048,0.0440348349511623,4.629703521728516,-1.8108012676239011,5.462667465209961,5.855519771575928,6.872570037841797,2.2455739974975586,7.108940124511719,3.721643447875977,1.2977361679077148
8,-300.58935546875,152.9356231689453,25.693195343017575,28.69483757019043,5.912143230438232,22.905990600585938,14.072860717773438,18.126445770263672,8.891157150268555,11.82433795928955,-3.1032819747924805,9.22523593902588,-0.0567633770406246,11.122708320617676,-0.8432141542434692,4.779064178466797,-4.733632564544678,-7.642459392547607,-9.974217414855955,-6.337572574615479,-4.125029563903809,5.93301248550415,-1.3488696813583374,2.13333511352539,-4.198379993438721,-3.4005486965179443,-6.505253791809082,3.209265947341919,-3.072841167449951,1.8900792598724363,-0.0724037811160087,4.676568031311035,-1.7121803760528564,5.259659290313721,5.919666290283203,7.0579833984375,2.3903770446777344,7.158149719238281,3.9627606868743896,1.1313984394073486
8,-300.63787841796875,152.68414306640625,25.89063835144043,28.97848129272461,6.068727493286133,23.062055587768555,14.195571899414062,18.212791442871094,8.83993148803711,11.70875072479248,-3.1329360008239746,9.199710845947266,-0.2976530492305755,11.003774642944336,-0.8505638241767883,4.645534038543701,-4.370058536529541,-7.669215679168701,-9.946527481079102,-6.3758955001831055,-4.345744609832764,6.150808334350586,-1.2780665159225464,2.2386553287506104,-4.053153038024902,-3.533741950988769,-6.79930305480957,3.132615566253662,-2.9784514904022217,1.97740375995636,0.1893191039562225,4.788235664367676,-1.780504822731018,5.217689514160156,5.842424392700195,7.010136127471924,2.3117597103118896,6.879184246063232,3.776403188705444,1.245738863945007
8,-300.97674560546875,152.89353942871094,25.645936965942383,29.10906410217285,6.156672477722168,23.032663345336918,14.209172248840332,18.10194396972656,8.903250694274902,11.597270965576172,-3.1551761627197266,9.402195930480955,-0.3545556962490082,10.9522066116333,-0.8700116276741028,4.764518737792969,-4.752952098846436,-7.735763549804687,-9.917494773864746,-6.17758321762085,-4.005922317504883,6.331481456756592,-1.3049951791763306,2.281381368637085,-4.20531177520752,-3.574512243270874,-6.815546989440918,3.2966625690460205,-3.04518461227417,1.7846627235412598,-0.0063242390751838,4.638496398925781,-1.8358399868011477,5.492237091064453,5.894606590270996,6.907112121582031,2.256786584854126,7.183138847351074,3.729792833328247,1.269486427307129
8,-300.71453857421875,153.02178955078125,25.621980667114254,28.713478088378903,5.879310607910156,22.927309036254883,14.050772666931152,18.132665634155277,8.936503410339355,11.94168186187744,-3.088687896728516,9.1660737991333,-0.1178402751684188,11.121024131774902,-0.8351072669029236,4.7837748527526855,-4.755550861358643,-7.664665699005127,-9.915865898132324,-6.338501453399658,-4.150818347930908,5.9475626945495605,-1.3337140083312988,2.178975820541382,-4.158973693847656,-3.4416046142578125,-6.61475944519043,3.220740556716919,-3.071186780929565,1.8543932437896729,-0.0465290546417236,4.695672512054443,-1.703890085220337,5.274368762969971,5.950448036193848,7.056353569030762,2.370403289794922,7.163623809814453,3.985344409942627,1.1868985891342163
8,-300.9068298339844,152.79400634765625,25.681480407714844,29.05949211120605,6.242177486419678,22.96023750305176,14.503663063049316,18.047761917114254,9.0205659866333,11.452038764953612,-3.009006977081299,9.220850944519045,-0.3306480646133423,10.78128433227539,-0.7933205962181091,4.616774082183838,-4.504562377929688,-7.8676533699035645,-9.822491645812988,-6.389708995819092,-3.912346363067627,6.13950252532959,-1.249969244003296,2.007460832595825,-4.12920618057251,-3.642868041992188,-6.667562484741211,3.1329214572906494,-2.97392201423645,1.6862432956695557,0.1358870416879654,4.55960750579834,-1.673863410949707,5.463456630706787,6.066619396209717,6.684486389160156,2.289458990097046,7.036447525024414,3.823439121246338,1.2220081090927124
8,-300.6726989746094,152.97958374023438,25.58255386352539,28.701683044433597,5.931920051574707,22.950424194335938,13.985116958618164,18.16556167602539,8.909713745117188,11.935744285583496,-3.161585092544556,9.225406646728516,0.0110606076195836,11.155128479003906,-0.9292815923690796,4.7827982902526855,-4.77376651763916,-7.667129993438721,-9.896772384643556,-6.325473308563232,-4.140407562255859,6.006804943084717,-1.3441696166992188,2.270429849624634,-4.21233606338501,-3.433243751525879,-6.637253761291504,3.237058162689209,-3.067667245864868,1.7737224102020264,-0.2113710343837738,4.6763596534729,-1.7008787393569946,5.333418846130371,5.896309852600098,7.117977142333984,2.497220754623413,7.243116855621338,3.9668588638305664,1.117843508720398
8,-300.7431335449219,152.79556274414062,25.826549530029297,28.95245361328125,6.034726619720459,23.126689910888672,14.135781288146973,18.232593536376957,8.774930953979492,11.712164878845217,-3.125692844390869,9.268186569213867,-0.3648236393928528,11.09901523590088,-0.7439479231834412,4.690954685211182,-4.470499038696289,-7.651108741760254,-9.951249122619627,-6.305003643035889,-4.2752532958984375,6.22919511795044,-1.2335397005081177,2.2739546298980717,-4.007920265197754,-3.568359136581421,-6.768876552581787,3.1826319694519043,-3.031362295150757,1.976647138595581,0.2015339583158493,4.779358863830566,-1.8655487298965452,5.083584308624268,5.797670841217041,7.058318614959717,2.287338256835937,6.847900390625,3.81222414970398,1.2816579341888428
8,-301.0018005371094,152.92044067382812,25.56566619873047,29.21120262145996,6.086533069610596,23.094512939453125,14.372551918029783,18.179826736450195,8.87592887878418,11.581340789794922,-3.1177046298980717,9.350258827209473,-0.5063238739967346,10.878003120422363,-0.9379980564117432,4.733260631561279,-4.633131980895996,-7.752810478210449,-9.94959545135498,-6.2231926918029785,-4.013452529907227,6.3054609298706055,-1.3423080444335938,2.138516902923584,-4.232666969299316,-3.5252695083618164,-6.748088359832764,3.287914514541626,-3.0485801696777344,1.855790138244629,0.0725844278931617,4.665911674499512,-1.7896195650100708,5.57967472076416,5.935405731201172,6.80409049987793,2.201585292816162,7.118133068084717,3.6821465492248535,1.3015685081481934
8,-300.6897888183594,152.9566192626953,25.58802604675293,28.747154235839844,5.932646751403809,22.95329093933105,13.985828399658203,18.13446044921875,8.886451721191406,11.904159545898438,-3.1427032947540283,9.184202194213867,-0.0119678983464837,11.17658519744873,-0.8978445529937744,4.748688220977783,-4.748466491699219,-7.683528900146484,-9.91533374786377,-6.367667198181152,-4.1703691482543945,5.969122409820557,-1.3722312450408936,2.2471656799316406,-4.229284286499023,-3.385587692260742,-6.563903331756592,3.2493345737457275,-3.039015293121338,1.8029319047927856,-0.1738829463720321,4.652288913726807,-1.6863057613372805,5.312595844268799,5.912191867828369,7.063120365142822,2.415707588195801,7.2090163230896,3.968696355819702,1.1332279443740845
8,-300.73614501953125,152.81747436523438,25.80384635925293,29.01690101623535,6.044192314147949,23.10066795349121,14.0949068069458,18.187166213989254,8.739614486694336,11.739340782165527,-3.152873992919922,9.192232131958008,-0.3832025229930877,11.092693328857422,-0.7878809571266174,4.732486248016357,-4.41240930557251,-7.642967700958252,-9.934460639953612,-6.278667449951172,-4.310787677764893,6.200800895690918,-1.2669291496276855,2.2831132411956787,-4.036150932312012,-3.5523760318756104,-6.7919020652771,3.1521899700164795,-3.0303955078125,2.027185440063477,0.2423504441976547,4.785365104675293,-1.883617281913757,5.080952167510986,5.791990756988525,7.035185813903809,2.2601795196533203,6.816578388214111,3.7971420288085938,1.2481670379638672
8,-300.8294372558594,152.75669860839844,25.69508171081543,29.10045623779297,6.229140281677246,23.00247573852539,14.407949447631836,18.08014869689941,8.941280364990234,11.471165657043455,-3.052487134933472,9.302899360656738,-0.3694902956485748,10.85329818725586,-0.8830090165138245,4.687750339508057,-4.580539703369141,-7.834906101226807,-9.988286972045898,-6.30026388168335,-3.955230474472046,6.308405876159668,-1.2558666467666626,2.1533403396606445,-4.070226192474365,-3.5010461807250977,-6.703432559967041,3.266592025756836,-2.9822981357574463,1.7568165063858032,-0.0229246988892555,4.540125370025635,-1.8181840181350708,5.469354152679443,5.8922438621521,6.7323994636535645,2.2117679119110107,7.049515247344971,3.706902027130127,1.2929997444152832
8,-363.571044921875,154.01181030273438,17.514877319335938,23.84663391113281,3.2678375244140625,23.46514892578125,11.610905647277832,15.45588207244873,5.253575801849365,11.419877052307127,-3.096837043762207,10.506508827209473,-0.0988000854849815,10.02877426147461,-2.8195250034332275,4.461540699005127,-4.525296688079834,-4.521962642669678,-7.142204284667969,-4.12061882019043,-4.01481294631958,5.130547523498535,-2.292010545730591,2.577138662338257,-2.3708858489990234,-0.1895116418600082,-5.804369449615479,3.1093685626983643,-4.907472610473633,1.3505786657333374,-1.0549014806747437,5.1862406730651855,-2.939518451690674,5.074470520019531,4.813982009887695,4.76059627532959,1.0655930042266846,5.572128772735596,1.7622014284133911,-0.0555108785629272
8,-359.7900085449219,157.40228271484375,15.54778003692627,22.95344352722168,4.871048450469971,25.95512008666992,14.35183334350586,17.07355499267578,7.001685619354248,9.839702606201172,-4.673125743865967,10.923205375671388,-1.0728737115859983,10.396455764770508,-3.0825490951538086,2.999751567840576,-5.74226188659668,-4.971330642700195,-7.617290496826172,-4.066510677337647,-4.080103397369385,3.565194606781006,-3.3046317100524902,1.9876564741134644,-2.658214569091797,-0.3967451751232147,-5.964334487915039,3.124101161956787,-3.9600706100463863,1.6565691232681274,-0.4515745043754577,4.317224025726318,-2.641586780548096,4.3610453605651855,5.068343639373779,5.451987266540527,1.4853575229644775,6.078597068786621,2.2812788486480717,0.2799521088600158
8,-353.3907165527344,154.49595642089844,18.07263946533203,22.020431518554688,7.161932945251465,24.8662223815918,15.20841121673584,15.633148193359377,8.697636604309082,9.14463710784912,-2.1271345615386963,9.983137130737305,0.149969071149826,8.93150806427002,-1.6107763051986694,1.6535619497299194,-4.1117777824401855,-6.367725372314453,-6.12925910949707,-5.826223373413086,-2.2525076866149902,3.3548266887664795,-1.7155941724777222,0.5703955292701721,-2.606166362762451,-2.170053720474243,-5.101058483123779,1.9617382287979128,-2.2301619052886963,1.075114130973816,0.2333896905183792,2.6172940731048584,-1.788599967956543,3.0217485427856445,6.185801029205322,4.998655796051025,3.4012656211853027,5.537782669067383,4.0451531410217285,-0.4705322682857513
8,-351.9292297363281,156.0821990966797,24.55025291442871,27.77902030944824,9.228113174438477,25.884063720703125,14.452439308166504,16.029830932617188,10.784978866577148,11.254655838012695,-1.2978163957595823,9.044182777404783,-1.063185214996338,8.255741119384766,-0.7764061689376831,2.562086820602417,-3.3991734981536865,-6.930156230926514,-7.270338535308838,-6.491559505462647,-2.5408718585968018,3.961874485015869,-0.8468011617660522,1.7984482049942017,-2.52640438079834,-3.6244072914123535,-6.029876708984375,1.9039405584335327,-2.1383934020996094,2.156814813613892,0.9092971682548524,3.160789251327514,-2.4103786945343018,2.4968857765197754,5.322682857513428,4.824335098266602,3.639777898788452,6.715040683746338,4.260626316070557,-0.4470510184764862
8,-357.3301086425781,159.16123962402344,25.184947967529297,29.74829864501953,8.308022499084473,26.548479080200195,14.21812915802002,17.28920555114746,10.44510555267334,12.637797355651855,-3.235621929168701,8.509573936462402,-2.062413215637207,9.48881721496582,-0.6792999505996704,3.653334379196167,-3.997346878051758,-7.544429302215576,-9.068957328796388,-6.411848068237305,-2.9789581298828125,5.129597187042236,-1.1508609056472778,1.6524357795715332,-2.877441167831421,-3.7735788822174072,-6.617080211639404,2.90783953666687,-3.335558652877808,2.121075391769409,0.8107454776763916,3.9233458042144775,-2.547752857208252,3.606450319290161,4.852953910827637,5.210703372955322,3.2611429691314697,7.75017786026001,4.000422477722168,-0.064923420548439
8,-362.9379577636719,155.62307739257812,22.605541229248047,27.41200256347656,6.1624860763549805,24.27540397644043,13.202924728393556,17.5303897857666,9.021167755126951,11.786788940429688,-4.382438659667969,7.948792457580566,-1.9551045894622805,10.29813003540039,-1.110259175300598,4.302587509155273,-4.108067989349365,-8.295181274414062,-9.584878921508787,-5.719615936279297,-3.599578380584717,6.137933254241943,-1.24152934551239,1.331487774848938,-3.08884072303772,-3.710441112518311,-6.21380090713501,3.565927743911743,-3.737098217010498,1.691107988357544,-0.583486795425415,3.327949047088623,-2.235980987548828,4.55280065536499,5.011566162109375,5.759340763092041,2.905416965484619,6.992630481719971,3.5743114948272705,0.4591487050056457
8,-361.2397155761719,153.8447265625,19.753246307373047,24.76576042175293,5.084237098693848,23.029191970825195,12.124860763549805,17.47043800354004,9.01486587524414,11.453179359436035,-3.686976194381714,7.940496921539307,-1.392851710319519,10.703843116760254,-2.0934674739837646,3.722191333770752,-4.682671546936035,-7.273153781890869,-8.882492065429688,-4.710654258728027,-4.029566287994385,5.332383155822754,-1.612173080444336,1.90789532661438,-3.453000068664551,-3.396972417831421,-6.928242206573486,3.303518295288086,-2.458519697189331,2.280138731002808,-1.0748858451843262,3.977696418762207,-1.5133099555969238,3.8912839889526367,3.55849838256836,5.769471645355225,2.269545793533325,6.691118240356445,3.4693377017974854,1.1055493354797363
8,-350.9263916015625,156.9317169189453,16.546903610229492,23.46030807495117,4.503147602081299,24.78272247314453,11.613768577575684,17.7872257232666,9.324068069458008,11.390592575073242,-2.534217357635498,10.302586555480955,-0.9796289801597596,10.497150421142578,-1.9554214477539065,3.1767594814300537,-4.073156833648682,-5.143488883972168,-7.071698188781738,-4.5197529792785645,-4.1011962890625,3.934054136276245,-3.6500840187072754,0.708398699760437,-1.6962430477142334,-0.6111930012702942,-6.878087520599365,1.932518720626831,-2.3342268466949463,2.217141628265381,-1.8332442045211792,4.693404674530029,-0.3963316679000854,3.8233401775360103,2.946749687194824,6.201108455657959,2.4778432846069336,6.82777214050293,3.612402439117432,1.1516859531402588
8,-323.8652038574219,151.32757568359375,13.401161193847656,20.65559196472168,1.86043643951416,25.022579193115234,9.023552894592283,18.108266830444336,10.029858589172363,12.022802352905272,-0.6267704367637634,9.501153945922852,-3.1489675045013428,9.213717460632324,-0.5509129166603088,5.1365742683410645,-2.956432342529297,-3.8373212814331055,-7.814815044403076,-3.10984468460083,-4.356207370758057,3.2228305339813232,-5.304218769073486,-0.3046404421329498,-0.6825884580612183,3.092550754547119,-5.654421329498291,0.3452012538909912,-1.328474998474121,2.4461257457733154,-4.867805480957031,3.5146608352661133,1.7645775079727173,4.208138465881348,2.2685952186584477,6.499239444732666,3.023075580596924,5.498781204223633,2.7888638973236084,1.7289453744888306
8,-336.0706787109375,149.70712280273438,6.32235050201416,20.386348724365234,0.1105586588382721,17.623048782348633,2.501389980316162,10.550620079040527,2.880873203277588,13.233697891235352,-0.2889236807823181,9.630850791931152,1.844349265098572,9.743876457214355,-3.649878025054932,7.008819580078125,-3.677680730819702,-1.7505676746368408,-5.264370441436768,-5.086928844451904,-3.600184440612793,7.037012577056885,-2.641934633255005,2.3122880458831787,-3.729535818099976,0.2243627607822418,-6.2042341232299805,1.8801523447036743,-3.2847237586975098,2.5202369689941406,0.7997936606407166,3.58687162399292,-3.40798020362854,5.645868301391602,2.360322952270508,4.681966304779053,-2.5188148021698,3.0662288665771484,1.3427035808563232,-0.7830650210380554
8,-342.6367492675781,152.13064575195312,6.617284774780273,18.67289352416992,-0.0536827147006988,18.4791202545166,4.7320427894592285,12.143128395080566,4.378911018371582,13.925373077392578,-1.270706057548523,9.432400703430176,0.7814726233482361,9.925289154052734,-3.729780673980713,6.032270431518555,-5.1231889724731445,-1.9551299810409544,-4.31148099899292,-4.267115116119385,-3.003262758255005,6.337136268615723,-1.447847604751587,2.623914957046509,-3.013451099395752,0.1611901223659515,-5.363621711730957,2.6138153076171875,-3.1707868576049805,2.3723931312561035,1.1282827854156494,4.019733905792236,-3.300556182861328,4.078691005706787,1.812837600708008,4.041145324707031,-2.862600326538086,2.723343133926392,0.6416429877281189,-2.4055795669555664
8,-361.9299926757813,154.88339233398438,13.28914737701416,20.5613956451416,3.374732255935669,21.695581436157227,8.125389099121094,15.089231491088867,7.030101299285889,16.152528762817383,-2.4104762077331543,9.11143398284912,-0.4825359284877777,10.2096586227417,-2.0833933353424072,5.373006343841553,-6.611519813537598,-2.957086563110352,-4.394388675689697,-4.901130676269531,-2.0335965156555176,6.0002264976501465,-0.559870183467865,2.8520896434783936,-2.9301140308380127,-0.9940171241760254,-5.634935855865479,3.678988933563232,-2.9057462215423584,1.995209813117981,0.828715443611145,3.425864219665528,-4.261099815368652,2.7248787879943848,2.8408451080322266,4.34176778793335,-0.9381572008132936,4.558780670166016,1.65900719165802,-3.207184076309204
8,-375.2178649902344,144.46926879882812,16.652957916259766,22.900711059570312,3.267858028411865,18.000728607177734,6.15138053894043,13.596407890319824,8.033432006835938,17.48299217224121,-0.5198988914489746,8.167272567749023,-0.1080275475978851,9.732842445373535,-1.2763664722442627,5.100674629211426,-3.564037322998047,-3.7132604122161865,-4.341401100158691,-6.13914680480957,-1.5589995384216309,7.762406349182129,3.0765655040740967,2.988332748413086,-1.5392636060714722,-1.4836807250976562,-5.78166389465332,3.365180253982544,-1.7661311626434326,2.501492977142334,1.3445165157318115,3.175812005996704,-0.7250924706459045,4.470358848571777,3.483924388885498,4.858328342437744,0.5366072654724121,3.4834930896759038,2.855339765548706,-2.856989860534668
8,-360.2996520996094,155.6261444091797,11.551348686218262,19.07257080078125,1.9482319355010984,22.038715362548828,10.150971412658691,15.991960525512695,5.256841659545898,16.341583251953125,-1.5322325229644775,9.389361381530762,-1.4494715929031372,9.413827896118164,-3.7712695598602295,3.436476945877075,-4.594019412994385,-3.142172336578369,-4.39706563949585,-4.448659420013428,-2.890817880630493,5.852794647216797,-0.5693249106407166,2.7999110221862797,-1.1735217571258545,0.9024990797042848,-5.690513610839844,2.337488412857056,-3.194846868515014,3.575596809387207,0.4195456206798553,5.38611364364624,-1.6461241245269775,2.9986860752105717,3.0705361366271973,5.0340094566345215,-0.5606251955032349,4.8452887535095215,1.7960487604141235,-1.3381240367889404
8,-370.1408386230469,156.43504333496094,16.86890411376953,22.942895889282227,2.964620351791382,22.27769660949707,11.647769927978516,18.0057373046875,7.383392333984375,17.344038009643555,-2.387203931808472,9.85507106781006,-2.903750419616699,9.542975425720217,-3.0756676197052,3.009732723236084,-6.132466793060303,-4.616706371307373,-5.933749198913574,-5.12030029296875,-3.4167797565460205,6.2725090980529785,0.6926705837249756,2.931612491607666,-2.545040845870972,-0.783625602722168,-6.242040634155273,3.333500385284424,-2.230491876602173,4.49129581451416,0.4519020020961761,4.461906909942627,-1.9280177354812624,2.8233184814453125,3.9348764419555664,5.663668632507324,0.3099940121173858,5.964394092559815,2.609354257583618,-0.3595352172851562
8,-362.28125,156.05453491210938,10.055581092834473,15.947354316711426,0.9256255626678468,21.401630401611328,10.066344261169434,18.433000564575195,7.802395820617676,16.616485595703125,-4.110599040985107,7.669889450073242,-1.3635351657867432,12.111248970031738,-3.6441383361816406,3.777536392211914,-4.12061882019043,-3.646597385406494,-5.517609119415283,-3.5076088905334477,-3.3523287773132324,6.0827250480651855,-0.3681210875511169,3.762896776199341,-0.4336097240447998,0.4250168204307556,-7.755150318145752,3.679663419723511,-1.7090718746185305,3.1982147693634038,-0.3563115894794464,4.654847145080566,-0.8963674306869507,4.875650882720947,1.378351807594299,5.03085994720459,1.227593183517456,4.871508121490479,1.619017481803894,-0.2874543368816376
8,-333.3144226074219,156.77578735351562,-1.462697982788086,13.222614288330078,-1.3234012126922607,22.000703811645508,8.01447582244873,16.21553611755371,7.94832181930542,12.740220069885254,-2.6242029666900635,6.943462371826172,-1.9254577159881592,6.754268169403076,-4.301830768585205,3.514249801635742,-4.069155693054199,-2.2851381301879883,-0.693233072757721,-1.2060546875,-1.835353970527649,5.270753860473633,-2.93543553352356,2.001915693283081,-2.817026138305664,0.4034571647644043,-6.0545430183410645,1.6365416049957275,-2.1625890731811523,3.5266635417938232,2.0831801891326904,5.797020435333252,-1.7126282453536987,1.7342267036437988,-1.0153753757476809,3.137964963912964,1.1892204284667969,4.059769630432129,0.9238433837890624,0.0493558868765831
8,-344.8359069824219,150.29457092285156,4.948738098144531,19.800127029418945,-0.8093094825744629,18.771839141845703,6.693443298339844,16.026363372802734,5.576830387115479,13.93891716003418,-1.467635989189148,7.12410831451416,-0.5679558515548706,9.936715126037598,-4.703257083892822,7.243310928344727,-1.556737780570984,-0.7955785989761353,-3.040969133377075,-4.677878379821777,-2.937099933624268,5.509269237518311,-1.9749222993850708,4.195739269256592,1.2119649648666382,-0.5697135925292969,-8.453792572021484,2.673080921173096,-1.5671534538269043,3.388209342956543,0.4503673911094665,4.614729881286621,-2.379228353500366,4.636316776275635,-0.1825374960899353,3.1396963596343994,0.1976708471775055,3.241208791732788,0.817018985748291,-0.8919991850852966
8,-342.1300354003906,139.34185791015625,13.502996444702148,21.762001037597656,1.2285504341125488,18.99734878540039,5.349486827850342,13.005839347839355,8.392041206359863,13.583419799804688,0.4976029694080353,6.792044639587402,2.6988368034362797,8.638529777526855,-4.460912704467773,5.0359601974487305,0.1345879286527633,-0.8396545648574829,-3.2497363090515137,-4.536183834075928,-2.015860080718994,4.862563133239746,-2.0499727725982666,3.749963998794556,1.1908787488937378,-4.346166610717773,-9.224519729614258,1.208521842956543,0.4839586913585663,3.163747549057007,1.933537483215332,4.85919189453125,-0.0429651476442813,6.033409118652344,1.843535542488098,1.3868408203125,-0.2641587555408478,1.7595781087875366,0.0235483832657337,-2.3952925205230717
8,-403.6025085449219,136.74998474121094,12.07595443725586,19.32120132446289,-2.8608884811401367,16.63005256652832,8.621451377868652,13.40668773651123,6.594013690948486,12.068304061889648,-4.223908424377441,4.995787143707275,-1.050913691520691,6.026293277740479,-2.156505584716797,6.77345085144043,-0.2946343421936035,-3.0223937034606934,-2.592721939086914,-3.7473106384277344,-2.7271790504455566,6.526359558105469,-0.7015568614006042,2.7157673835754395,-1.3728729486465454,-1.8076890707015991,-10.812366485595703,-0.3616479039192199,0.3935265839099884,0.7470028400421143,1.2159539461135864,6.320009708404541,-0.0525902770459651,4.839865684509277,2.865752696990967,4.636026382446289,1.582319736480713,3.953323364257813,1.1813786029815674,-2.88218355178833
8,-61.58686447143555,69.55491638183594,-2.2448596954345703,25.789875030517575,13.414167404174805,18.81841087341309,14.875471115112305,14.996081352233888,6.340632438659668,11.355344772338867,4.232121467590332,7.842824459075928,1.060421586036682,16.148990631103516,3.088905334472656,3.879836320877075,-3.218327045440674,-0.5175645351409912,-6.867067337036133,-3.736840724945069,-9.328680038452148,-1.5445266962051392,-7.127932548522949,7.514103889465332,-0.8536874651908875,0.1109504252672195,-7.434000015258789,-4.81083345413208,-10.49422836303711,-4.20610237121582,-9.923565864562988,-4.3982253074646,-6.6107048988342285,-3.4234731197357178,-6.310997009277344,-1.5295192003250122,-3.720914125442505,-4.024631977081299,-7.100510597229004,0.4790717661380768
8,-63.542388916015625,72.22245788574219,-3.4013142585754395,27.19352912902832,15.394169807434082,21.439746856689453,14.997876167297363,14.70241641998291,8.134878158569336,13.516260147094728,4.720458507537842,6.230169773101807,2.1058599948883057,16.68697166442871,2.529233932495117,5.290298938751221,-2.3374264240264893,0.2719440460205078,-6.472910404205322,-4.099166393280029,-9.070545196533203,-2.3648557662963867,-7.0495195388793945,9.911985397338867,0.2854536175727844,1.256584882736206,-7.0628437995910645,-5.590717792510986,-12.218789100646973,-5.165258407592773,-10.656760215759276,-3.840925455093384,-7.327488422393799,-5.256338119506836,-6.017991542816162,-2.323748826980591,-2.6102399826049805,-3.7160003185272217,-6.94417667388916,-0.7855338454246521
8,-65.96682739257812,73.81505584716797,-2.0299489498138428,27.665328979492188,17.27871322631836,22.704572677612305,14.514189720153809,14.494114875793455,8.114751815795898,14.295821189880373,4.912535190582275,5.959047794342041,2.117002248764038,16.756746292114258,3.058182001113892,5.967864990234375,-1.231889724731445,1.7407644987106323,-6.0915117263793945,-3.2955455780029297,-8.144753456115723,-1.3311711549758911,-6.654260158538818,10.251623153686523,1.588196873664856,2.952871561050415,-5.782104969024658,-5.0545830726623535,-11.97085666656494,-5.617956638336182,-11.720714569091797,-4.235926151275635,-7.233484745025635,-5.205126762390137,-6.176613807678223,-3.0203888416290283,-2.917451858520508,-3.384630918502808,-6.821366786956787,-1.4362720251083374
8,-67.52455139160156,73.81226348876953,0.0029665334150195,27.71309471130371,18.11705780029297,22.55582427978516,14.226057052612305,14.721503257751465,7.184439182281494,14.48440647125244,5.342238903045654,6.842779636383057,1.426814317703247,16.446399688720703,4.035506248474121,6.305568218231201,-1.1050540208816528,2.242238759994507,-5.884256839752197,-3.2479562759399414,-7.311800003051758,0.3463681042194366,-5.530272483825684,9.358487129211426,1.0213208198547363,4.77704668045044,-3.1347031593322754,-3.139787435531616,-10.654109954833984,-5.028708934783936,-12.347896575927734,-4.861930847167969,-6.888440608978272,-4.563712120056152,-6.951245307922363,-3.966644048690796,-3.3469343185424805,-2.0362257957458496,-5.982110500335693,-1.8330835103988647
8,-70.01901245117188,74.33170318603516,0.5774595141410828,28.66754531860352,19.572193145751957,22.440784454345703,14.311859130859377,14.329222679138184,5.890676975250244,14.591367721557615,5.519603729248047,7.5183491706848145,1.4615856409072876,16.45944595336914,4.0288262367248535,6.807718753814697,-0.986420214176178,2.265103578567505,-6.194529056549072,-3.460465431213379,-7.354105472564697,0.7763258814811707,-4.818480014801025,9.43315601348877,0.8385382890701294,6.062335014343262,-2.0676262378692627,-2.3816022872924805,-10.39417552947998,-4.644563674926758,-11.796208381652832,-5.269911766052246,-7.073397636413574,-4.636390686035156,-8.388280868530273,-4.021512031555176,-3.4201934337615967,-1.025803804397583,-4.926009178161621,-1.6088415384292605
5,-136.4307098388672,106.6895980834961,-12.887333869934082,-1.5851632356643677,-24.32890892028809,-11.506661415100098,-25.0255069732666,-17.0087947845459,-20.561351776123047,-7.179465770721436,-18.12082290649414,-13.18516445159912,-19.24518585205078,-7.33331823348999,-15.930776596069336,-8.290145874023438,-13.4059419631958,-6.340008735656738,-12.360855102539062,-5.683235168457031,-11.837773323059082,-4.031647205352783,-7.698369026184082,-1.2046177387237549,-5.0772881507873535,-0.3254954516887665,-8.959712028503418,-1.415582537651062,-2.907958030700684,1.7989332675933838,-6.804750442504883,-2.9255974292755127,-3.868213891983032,2.5879297256469727,-2.119112014770508,1.5385198593139648,-2.636350154876709,-0.4067741930484772,-6.062994003295898,-0.932449758052826
5,-141.32505798339844,130.5843505859375,-13.746652603149414,10.414856910705566,-15.686317443847656,6.369293212890625,-14.257227897644045,-13.621851921081545,-17.389877319335938,-7.669967174530029,-10.330690383911133,-8.949238777160645,-17.880754470825195,-12.843600273132324,-16.034841537475586,-7.955841064453125,-18.009525299072266,-8.638235092163086,-13.214305877685549,-9.200971603393556,-14.557096481323242,-7.756227493286133,-7.521641254425049,-3.075695514678955,-9.089066505432127,-2.4500553607940674,-6.781185150146484,-2.905071973800659,-7.047438144683838,-0.987604022026062,-6.6168951988220215,-1.9279865026474,-2.8560116291046143,-0.2648006379604339,-2.641375780105591,-0.0799715369939804,-3.155285358428955,-0.3739514350891113,-2.7415919303894043,-0.1925518065690994
5,-87.19239807128906,119.75031280517578,-27.02939224243164,3.678975105285645,-27.03186798095703,-13.70586395263672,-32.373836517333984,-29.121782302856445,-21.926776885986328,-6.565948963165283,-17.238800048828125,-10.850142478942873,-23.46898460388184,-10.442421913146973,-18.26350212097168,-14.458349227905272,-18.45791244506836,-8.545137405395508,-13.347497940063477,-3.445964813232422,-10.466385841369627,-4.476222515106201,-8.525052070617676,-0.1432746201753616,-5.824906826019287,0.690313458442688,-4.306535720825195,0.689581573009491,-4.214746952056885,1.2636162042617798,-3.9195380210876474,-2.47460675239563,-0.7263631820678711,4.232479572296143,-3.066715717315674,2.778230667114258,-3.854644536972046,-1.364035725593567,-1.395701885223389,0.1084276735782623
5,-73.93250274658203,113.58119201660156,-29.083425521850582,5.506834506988525,-25.77895736694336,-11.686460494995115,-32.39527130126953,-30.49094581604004,-24.451749801635746,-7.03682804107666,-15.84315013885498,-11.005779266357422,-25.170114517211918,-8.345053672790527,-17.83885955810547,-14.57190990447998,-17.855087280273438,-7.320306301116943,-10.721314430236816,-1.8484678268432615,-14.11738395690918,-5.548460006713867,-9.173934936523438,0.5922118425369263,-5.1148858070373535,2.143709182739258,-4.811618328094482,-1.873844861984253,-7.022435665130615,0.4594276249408722,-4.180708408355713,-4.847269058227539,-0.57891845703125,4.9488043785095215,-1.863680124282837,4.899051189422607,-1.565752029418945,-0.2495660483837127,0.5037089586257935,-0.4247267246246338
5,-63.04241561889648,124.09977722167967,-39.07836151123047,2.458444833755493,-25.891990661621094,-12.147372245788574,-30.51926040649414,-25.96185111999512,-25.58876037597656,-9.736122131347656,-12.038515090942385,-12.982935905456545,-26.3348445892334,-6.825605392456055,-13.261725425720217,-11.254312515258787,-14.765321731567385,-4.231508731842041,-5.332960605621338,-3.085995674133301,-12.493610382080078,-4.558842658996582,-7.77878475189209,0.415140837430954,-5.751214027404785,-0.0530670247972011,-2.54701566696167,0.1907218098640442,-4.99852180480957,0.9612683653831482,-3.3284833431243896,-3.286222457885742,-3.0993432998657227,1.333541750907898,-2.29478120803833,5.029685974121094,-1.485666275024414,1.5211390256881714,2.514812469482422,0.3888683319091797
5,-127.4200439453125,102.75616455078124,-14.125871658325195,-2.5167694091796875,-19.78884506225586,-1.584636688232422,-24.405834197998047,-15.504379272460938,-21.293045043945312,-7.078726768493652,-16.662822723388672,-12.043931007385254,-17.401731491088867,-8.124526977539062,-14.102968215942385,-8.554634094238281,-15.862784385681152,-5.026795387268066,-7.895950794219971,-4.720394134521484,-13.357586860656738,-6.626235008239746,-10.31300926208496,-3.2778263092041016,-9.492849349975586,-3.0495290756225586,-5.760811805725098,-0.6824796795845032,-8.354826927185059,-3.119041204452514,-6.623962879180908,-0.1896836459636688,-3.5756256580352783,2.107674598693848,-2.009577989578247,3.2542879581451416,-2.31934118270874,0.171017974615097,-3.772359609603882,1.723903775215149
8,-403.2153625488281,78.6737060546875,-11.780762672424316,-29.953672409057617,-24.825536727905277,-6.4235520362854,-19.894115447998047,-8.099882125854492,-5.624537944793701,-6.551246166229248,-6.50972318649292,-9.215625762939451,-0.926888346672058,-1.4196343421936035,-3.0303051471710205,3.7884345054626474,9.32467555999756,5.348274230957031,1.59372878074646,-0.7318589091300964,-4.956714630126953,-5.301708698272705,-2.4835314750671387,-4.221153736114502,-4.746392726898193,-1.5318938493728638,-3.4549672603607178,-0.8977044820785522,-1.3397690057754517,0.6094109416007996,-1.2761828899383545,-0.3946609199047088,-1.273177981376648,-0.7505166530609131,-0.1734679490327835,-1.3499267101287842,-0.7078061699867249,-1.3295406103134155,-0.0810516104102134,-1.7281546592712402
8,-362.1554870605469,72.70874786376953,-7.496543884277344,-21.35981559753418,-27.36321830749512,-11.238739967346191,-21.149303436279297,-10.14775276184082,-3.881222724914551,-8.28536605834961,-9.447786331176758,-7.800904750823975,-4.033284187316895,-0.9361754059791564,-3.180287599563598,3.1030256748199463,11.236553192138672,7.413403511047363,2.102400541305542,-1.0613558292388916,-5.348857402801514,-2.5036869049072266,-1.765116572380066,-3.5894033908843994,-3.585790634155273,-1.9004212617874143,-3.656391859054565,-2.3779218196868896,-1.9589173793792725,0.0234657693654298,0.7967907786369324,1.5727524757385254,1.4855165481567385,-1.3922405242919922,-1.1746469736099243,-0.1593797206878662,-1.0367501974105835,-0.6033021807670593,-0.6354711651802063,-1.3452399969100952
5,-387.0635986328125,161.1814422607422,36.160343170166016,8.869744300842285,16.528827667236328,12.44919776916504,-1.042301058769226,-2.978967666625977,7.280220031738281,6.298569679260254,4.458735942840576,8.33698844909668,7.3228654861450195,9.432153701782228,12.234047889709473,11.057073593139648,10.382417678833008,7.282875061035156,6.708694934844971,7.93221378326416,4.725473880767822,1.6957279443740845,-0.2065526694059372,-0.2251002192497253,1.4789656400680542,2.097043514251709,3.409510612487793,3.2903757095336914,0.0465617105364799,0.0577624104917049,3.5935587882995605,3.628064393997192,0.6870129704475403,-0.5220620036125183,0.9152852296829224,0.6276248097419739,-0.7922574281692505,3.2882680892944336,5.666685581207275,-0.0480151772499084
5,-380.599853515625,164.09754943847656,31.96196556091309,2.051954746246338,13.32898998260498,6.127131462097168,-5.575587749481201,-3.8607802391052246,4.905222892761231,5.465331077575684,4.3478312492370605,7.723925113677978,8.711847305297852,9.184674263000488,10.513267517089844,9.824195861816406,8.176773071289062,5.01616096496582,5.227456569671631,6.425414562225342,3.384768009185791,1.3071823120117188,1.8540376424789429,3.630793809890747,5.802521228790283,5.451971054077148,4.220192909240723,4.713365077972412,5.387816905975342,4.706431865692139,2.146126747131348,-1.0695233345031738,-0.8678028583526611,1.110731840133667,1.7065576314926147,0.6926463842391968,-0.647675633430481,1.257848620414734,4.49423360824585,3.1956329345703125
5,-401.3367919921875,187.94573974609372,8.647655487060547,0.9087852239608764,7.24994421005249,-7.131239891052246,-9.909720420837402,-8.52865982055664,1.1032390594482422,2.034929037094116,0.6863056421279907,5.908380508422852,5.708545684814453,8.468954086303711,11.3712739944458,9.124128341674805,8.135149002075195,3.4336812496185303,0.8780216574668884,5.10203218460083,5.616500854492188,3.3069305419921875,1.8537307977676392,3.445317506790161,8.663047790527344,7.885492324829102,2.7654426097869877,3.762373924255371,8.637682914733887,10.53740692138672,3.251650333404541,-4.824182987213135,-1.1677730083465576,2.249537229537964,1.5672707557678225,2.705486536026001,-0.9047642350196838,-4.654806137084961,1.36287522315979,8.793721199035645
5,-410.4892578125,202.3408203125,-1.91206169128418,-0.8616899251937866,-0.9631075859069824,-8.167365074157715,-13.174849510192873,-13.164838790893556,2.04399037361145,-0.7658699154853821,-1.9376323223114011,1.418641209602356,0.4371717274188995,8.70288372039795,9.469441413879396,5.475600242614746,6.521041870117188,1.6487269401550293,0.7665407061576843,2.56144380569458,2.068191766738892,1.5525524616241455,1.2652796506881714,4.985161781311035,9.410046577453612,6.549170970916748,0.5078713893890381,2.3510847091674805,4.8094482421875,4.409001350402832,2.375877857208252,-1.3678603172302246,0.6162412166595459,1.3760148286819458,-0.9393290877342224,-0.6658205389976501,-1.6652768850326538,-3.7670094966888423,-0.3355208337306976,5.137292385101318
5,-414.7479248046875,210.36013793945312,-3.5329391956329346,-6.236834526062012,-8.793021202087402,-8.522476196289062,-12.447903633117676,-15.922103881835938,-1.0707850456237793,-3.095773220062256,-3.961839199066162,-0.0805936604738235,-2.636431932449341,3.974745273590088,5.88623046875,2.4331395626068115,3.720991611480713,1.0043370723724363,1.361705660820007,0.5394207239151001,-2.549940586090088,0.8232342600822449,2.862298488616944,3.499368190765381,6.141197204589844,2.1620352268218994,-0.6654555201530457,2.226999998092652,0.0988268107175827,0.9942936301231384,5.864419937133789,6.561708450317383,3.819047451019287,0.7610846757888794,-1.8951451778411863,-5.373588562011719,-4.052591323852539,-1.0254778861999512,0.8176672458648682,0.1148897036910057
5,-425.16790771484375,209.85731506347656,3.291602373123169,-9.18405055999756,-10.766228675842283,-9.020118713378906,-12.505644798278809,-14.18208122253418,-3.8778908252716064,-6.179922580718994,-2.2324607372283936,1.2277140617370603,-2.5440053939819336,2.6756432056427,4.674224853515625,4.427989959716797,3.7906787395477295,1.9220187664031985,3.037999391555786,3.565619945526123,-0.2233524173498153,-0.1883971393108368,0.3941111862659454,-0.6472697257995605,3.8702547550201416,1.567228078842163,-0.4011031687259674,1.393482685089111,-1.6174901723861694,2.343090534210205,7.1078410148620605,4.540307998657227,1.905590772628784,0.3559264838695526,-0.4558525681495666,-3.492559671401977,-3.0115010738372803,2.0914008617401123,5.3851237297058105,-0.5119404792785645
8,-398.7135925292969,183.75921630859372,28.96587371826172,15.61789321899414,5.301396369934082,-2.9371225833892822,13.319327354431152,8.04698657989502,-4.693604946136475,-4.938307285308838,-2.329205274581909,1.2347133159637451,4.016505718231201,2.891951084136963,1.9937950372695925,-0.6483638286590576,-2.7020301818847656,-1.4884696006774902,-1.3937026262283323,2.913814783096313,5.752898693084717,3.070070505142212,2.764641761779785,1.390469670295715,-1.5891910791397097,-2.2434098720550537,-1.1061099767684937,0.0406971760094165,3.121018171310425,7.786767959594727,1.7644450664520264,-6.842175006866455,-2.8410449028015137,2.191709280014038,1.3715617656707764,1.050209403038025,1.2973788976669312,-0.0246553812175989,-1.344995617866516,0.4207210540771484
8,-410.61614990234375,215.1895294189453,4.861201286315918,27.739770889282227,-2.0197384357452397,-9.102250099182127,4.136739730834961,0.7806675434112549,-12.615960121154783,-4.238409519195557,0.2392462641000747,-3.395482063293457,-5.456806659698486,-1.9906307458877563,2.965789556503296,6.460878849029541,-0.9811434149742126,-0.7220290303230286,-3.128206968307495,1.442812442779541,5.090709686279297,0.0857282876968383,0.3983728885650635,-1.994268655776977,-3.577069997787476,-1.7595810890197754,-2.2249739170074463,-1.213322639465332,0.6169925928115845,3.8337793350219727,2.2383358478546143,-2.5312020778656006,-2.047377109527588,1.663090705871582,-2.493989944458008,-2.6355791091918945,-0.8496599793434143,-0.315066397190094,-3.3455867767333984,-3.987321615219116
8,-393.053955078125,204.2317047119141,17.55522918701172,22.52345085144043,6.588374137878418,-6.731924533843994,10.88800048828125,6.447839260101318,-7.475403785705566,-6.986490249633789,-1.7238072156906128,2.8650808334350586,-2.324358463287353,-3.687711715698242,6.313028335571289,5.729526042938232,-0.9993755221366882,0.2050447911024093,2.0456604957580566,7.917934894561768,9.277109146118164,1.0132331848144531,-1.039573311805725,0.5699090957641602,1.265147089958191,1.01689612865448,0.2577728927135467,-0.3186149895191192,1.4736167192459106,6.392735481262207,5.059839725494385,-1.5635604858398438,-1.3914661407470703,0.7994208335876465,-1.3761829137802124,-1.3818002939224243,0.315591812133789,0.180756613612175,-0.6753242015838623,1.592438578605652
8,-410.2384338378906,215.7032165527344,14.337346076965332,25.251605987548828,-2.1859946250915527,-13.723712921142578,2.485898017883301,1.9124174118041992,-7.203717231750488,-2.233381748199463,0.413123607635498,-5.233802795410156,-3.079294443130493,2.244375944137573,6.235970973968506,5.742713928222656,-1.859946727752685,-2.499575614929199,-4.147716522216797,2.9432249069213867,8.019107818603516,2.668832540512085,0.0402113422751426,-3.1131534576416016,-4.133360862731934,-2.47478461265564,-0.7039584517478943,1.1099435091018677,0.7619831562042236,2.407526731491089,3.16609263420105,0.4560849368572235,0.4237677156925201,1.698365330696106,-0.2586946785449981,0.7541349530220032,1.282302737236023,-1.3150863647460938,-5.925360202789307,-4.190457344055176
8,-411.6002502441406,219.42498779296875,13.725906372070312,24.83631896972656,-1.3508968353271484,-6.585586071014404,0.7665682435035706,0.4858633875846863,-9.513813972473145,-6.581074237823486,-2.164489984512329,-1.1206378936767578,-4.769861698150635,-5.471323013305664,0.8226622939109802,5.460848808288574,0.4763585031032562,1.5000004768371582,0.3937508463859558,0.9372798204421996,-0.0718526244163513,2.951209783554077,2.600116014480591,1.1969993114471436,-3.840859889984131,-4.297475337982178,-2.578796863555908,-0.159386932849884,1.7304316759109497,5.911354064941406,-1.2201640605926514,-3.968940973281861,-1.049931287765503,4.149414539337158,-0.507006049156189,-0.180242508649826,-1.1301639080047607,-4.574729919433594,-6.969364643096924,-2.931884527206421
8,-404.4479675292969,221.17832946777344,6.895354747772217,23.793670654296875,-7.223141193389893,-15.210648536682127,-1.5565167665481567,3.333043336868286,-8.333819389343262,-4.986057758331299,-2.196845531463623,-5.118875503540039,-4.922831058502197,1.6472458839416504,7.003522872924805,6.39443826675415,-1.5058177709579468,-2.103651523590088,-1.8704180717468264,3.014317512512207,5.336922645568848,1.170604586601257,1.105832815170288,-0.9760558605194092,-4.850590705871582,-3.365052938461304,-2.837711334228516,0.3239007890224457,1.2618895769119265,2.915227174758911,0.9200112223625184,-0.3439536988735199,-1.0189498662948608,1.8396319150924685,-0.1015853881835937,2.0678961277008057,1.8900399208068848,-0.9425179362297058,-5.152810096740723,-4.298447132110596
10,-399.6356506347656,134.6509552001953,0.2365505695343017,34.21348190307617,-3.265655994415283,5.795174598693848,-0.220095157623291,4.807461261749268,3.272249698638916,10.647504806518556,1.2185871601104736,-3.233373641967773,-12.892959594726562,1.7456520795822144,6.252873420715332,3.869445562362671,-1.3914824724197388,2.8189287185668945,5.994264602661133,6.5445098876953125,-12.054916381835938,-2.9508166313171387,4.299398422241211,1.81982421875,-2.894953489303589,6.771710395812988,-0.4804024696350097,-2.513465881347656,3.839515686035156,5.097670555114746,-12.796866416931152,-1.5599461793899536,6.263097286224365,3.3167357444763184,1.9405336380004885,1.933701038360596,-2.9935123920440674,4.030311584472656,-4.726557731628418,-5.905448913574219
10,-431.87115478515625,148.4738311767578,6.042232990264893,30.39914321899414,-3.2082724571228027,8.522194862365723,-6.8574628829956055,-2.1081738471984863,-4.225058078765869,5.281745433807373,-3.280505657196045,-0.3710152804851532,-7.300895690917969,2.585700750350952,3.3900866508483887,3.924315690994263,-0.5444843769073486,5.280839920043945,-0.8405890464782715,0.8038375973701477,-3.6901695728302,4.147965431213379,-0.1751698404550552,1.886232018470764,1.250757336616516,3.458444833755493,-6.538306713104248,-0.0340842083096504,-1.6117292642593384,-0.4650261104106903,0.8177172541618347,5.668694972991943,-2.826589345932007,1.867044806480408,-1.4073519706726074,-0.5425543189048767,-3.4728055000305176,-1.002030611038208,-0.0947673097252845,3.510282039642334
10,-409.5445861816406,136.8057098388672,3.9364824295043945,33.91189956665039,0.1156404539942741,8.5899076461792,-2.4547595977783203,6.103560924530029,-0.3232889473438263,9.520825386047363,0.4714477956295013,2.2349507808685303,-9.171087265014648,0.4122305512428283,1.154009222984314,7.103829383850098,-0.7332068681716919,-0.158653125166893,-1.324315071105957,10.025078773498535,-4.799003601074219,-3.384275197982788,-1.860919713973999,4.189028739929199,-5.381190776824951,3.1669180393218994,1.8789563179016116,1.7378050088882446,-2.7080271244049072,7.812194347381592,-6.146556377410889,-3.5205955505371094,1.5639941692352295,4.084803581237793,-1.5793757438659668,3.800490140914917,-3.6588001251220703,3.240949869155884,-0.3920972645282745,-3.267296314239502
10,-432.4659423828125,130.6547393798828,3.620453119277954,26.377580642700195,-5.151931285858154,8.17233943939209,-5.039791584014893,2.5875675678253174,-2.029096364974976,8.38399887084961,1.5085606575012207,-1.1389524936676023,-7.142102718353272,2.2875990867614746,3.1197290420532227,8.245954513549805,-3.3864541053771973,1.0306025743484497,3.427342653274536,5.357972145080566,-12.148045539855955,-3.056621551513672,1.3538939952850342,1.5392301082611084,-4.434916973114014,6.31046724319458,-2.424204111099243,-1.8208749294281008,1.636116862297058,6.194219589233398,-8.108524322509766,-2.553459644317627,2.4504380226135254,3.286715269088745,-1.765034556388855,1.5167156457901,-4.643752098083496,4.47421407699585,-2.828944206237793,-8.3694429397583
10,-428.1824340820313,147.15663146972656,1.4097561836242676,30.198217391967773,2.7349066734313965,10.885780334472656,-5.337820053100586,2.6915652751922607,-3.604334831237793,6.576964378356934,4.3510355949401855,7.071804046630859,-5.823814868927002,-2.583454370498657,-1.805709958076477,6.508298873901367,-0.5595921874046326,-0.1878146976232528,-1.9969501495361328,10.08621311187744,-1.3842413425445557,-1.2122865915298462,-4.328213691711426,0.6947241425514221,-4.011679172515869,3.2562673091888428,-1.5671253204345703,2.90561318397522,-0.8277428150177002,3.881681442260742,-2.961116313934326,0.2051857262849807,-1.1316816806793213,3.419504880905152,-1.266071319580078,0.5983729958534241,-3.236570119857788,4.118655681610107,-0.0661294758319854,-2.8568193912506104
10,-421.1756286621094,136.2227020263672,-5.059361934661865,30.12064743041992,-7.289700508117676,11.360780715942385,-11.365398406982422,2.819129943847656,0.895744264125824,9.819465637207031,-3.391080379486084,1.3498895168304443,-4.893837928771973,-0.6695621013641357,-2.494728803634644,4.576178073883057,1.6305994987487793,6.087069511413574,-1.540070414543152,-3.093386650085449,-11.206260681152344,8.050511360168457,2.6666226387023926,-3.0738635063171387,0.8476599454879761,5.758375644683838,-12.749326705932615,5.481779098510742,3.0286145210266118,-11.141450881958008,-2.1176788806915283,19.15052032470703,-0.3727872967720032,-2.0083258152008057,-3.975426435470581,-3.024725914001465,-1.1604856252670288,-0.3202390372753143,-7.209946155548096,5.2501325607299805
10,-418.1405334472656,135.86277770996094,-8.980700492858887,28.660097122192383,-8.712320327758789,8.082269668579102,-10.987552642822266,5.253094673156738,3.1319475173950195,8.808752059936523,-6.005307674407959,-4.8577752113342285,-2.605203866958618,3.315242052078247,-0.459075391292572,3.95248293876648,-0.0443828776478767,3.8655948638916016,-1.763469696044922,0.1400360763072967,-7.433008670806885,3.338296413421631,1.595174789428711,-2.6961629390716557,-1.8957606554031368,4.670363426208496,-7.875354766845703,2.3481810092926025,6.956088542938232,-9.691217422485352,-12.879547119140623,15.774249076843262,3.491846799850464,-1.546945333480835,-0.3155750334262848,-3.591831684112549,2.760705709457397,-1.5700359344482422,-18.745216369628903,10.036169052124023
7,-278.5982971191406,106.77559661865234,37.41416931152344,18.353605270385746,20.198205947875977,11.4886474609375,-0.1663111001253128,1.958611249923706,-2.4875078201293945,8.638595581054688,3.969231128692627,13.465984344482422,-1.787975549697876,12.339948654174805,1.4063780307769775,15.613224983215332,-0.2497712224721908,6.711380481719971,3.0779788494110107,3.8748531341552734,2.974693775177002,2.120075225830078,7.781383991241455,-2.676182985305786,3.9445412158966064,1.9058022499084477,3.093596935272217,-2.0984046459198,1.1769331693649292,0.4766829907894134,4.264123439788818,4.313082695007324,3.611225128173828,-1.1914759874343872,0.5675020217895508,3.301537036895752,0.6161789298057556,-0.0943465009331703,0.985158383846283,2.242990732192993
7,-268.1936950683594,117.38838958740234,-0.0253130961209535,13.505817413330078,13.40593147277832,-4.18397331237793,-10.25210952758789,-4.984433174133301,-8.355512619018555,4.960198879241943,1.550334095954895,9.514519691467283,-8.859230995178223,7.415266036987305,-0.5985468626022339,11.746983528137209,-1.830167412757873,3.8243274688720703,1.353817105293274,-0.1945014297962188,3.001497983932495,0.8842203617095947,4.410579204559326,-1.909443736076355,5.246602535247803,1.5497325658798218,2.8791167736053467,-2.921121597290039,1.512446641921997,5.054657936096191,12.659056663513184,11.299266815185549,8.193634986877441,3.008601665496826,3.504664897918701,6.131990432739258,1.7022705078125,1.6437586545944214,3.098346948623657,4.366052627563477
7,-267.0027160644531,110.18305206298828,10.618802070617676,18.99703025817871,5.517699718475342,1.0465530157089231,-2.661067008972168,-3.0384042263031006,-7.387030601501465,5.926397800445557,-1.543816328048706,15.000764846801758,-0.2903227210044861,7.694271087646484,-2.623373031616211,15.38982105255127,0.0756145790219307,2.752589225769043,5.243870258331299,3.070223569869995,4.635482311248779,1.85310173034668,0.3406553566455841,-5.222021102905273,3.8730955123901367,-1.2309192419052124,4.532097339630127,2.7144439220428467,4.142090797424316,-0.2908624112606048,7.042181968688965,10.211732864379885,8.95232105255127,7.164479732513428,8.69462776184082,9.831992149353027,3.8264427185058594,3.465471744537353,3.408860445022583,1.5283737182617188
7,-293.2601928710937,119.70970916748048,24.63022994995117,14.187518119812012,15.929789543151855,7.844893932342529,3.4028239250183105,5.213558673858643,-2.721940755844116,7.876062870025635,9.1014986038208,23.079833984375,-3.849931955337525,9.448030471801758,1.035919189453125,11.776695251464844,0.1278108358383178,6.297626495361328,6.899565696716309,3.949604988098145,4.481496334075928,0.7260199785232544,6.02605676651001,-0.2023943811655044,3.119725227355957,1.6399977207183838,6.090090751647949,-1.7243680953979492,-1.377781867980957,2.3495683670043945,9.20454216003418,8.706689834594727,7.946150779724121,4.221278667449951,3.0078067779541016,3.2041404247283936,1.5861845016479492,1.064626932144165,2.147079467773437,3.345283269882202
7,-284.2840881347656,109.40766143798828,9.2694730758667,18.367435455322266,8.946836471557617,3.3094615936279297,-6.278494834899902,-0.185596615076065,-5.503834247589111,6.930715084075928,1.8210442066192627,12.1904935836792,-2.022311925888061,11.991419792175291,-0.3127394318580627,11.40703582763672,-1.531695008277893,4.992536067962647,3.872612953186035,-0.0014411176089197,-1.7523869276046753,0.7430837154388428,4.69081449508667,-2.564386367797852,3.356808423995972,-0.2554481923580169,5.379457473754883,3.528162240982056,3.870615005493164,3.2300167083740234,12.805096626281738,13.17780876159668,9.330739974975586,9.6258544921875,9.27610969543457,5.020763397216797,2.856482982635498,6.310667037963867,0.6363037824630737,-4.459603786468506
7,-307.27294921875,107.07462310791016,-0.3220954239368438,4.519352436065674,5.988106727600098,3.8574585914611816,-3.011481761932373,-4.499727249145508,-8.7698335647583,5.69806718826294,-0.2538379728794098,8.769942283630371,-7.709816932678223,10.444605827331545,0.4066700935363769,12.31414794921875,-0.7348464131355286,2.507852792739868,-1.4392153024673462,3.6940221786499023,4.7104597091674805,-6.18222713470459,0.5757458806037903,-5.147260665893555,1.6098593473434448,1.2779313325881958,8.527098655700684,9.407341957092283,6.276864051818848,-0.7002052664756775,2.2556817531585693,5.103590965270996,4.72866678237915,2.241957187652588,0.335438460111618,0.6221494674682617,-0.8983824849128723,6.485008716583252,6.430648326873779,0.4065513908863067
7,-236.07618713378903,62.92298889160156,-2.3289833068847656,-1.1653366088867188,-24.10139274597168,-6.294943332672119,-26.85759925842285,-3.5242273807525635,-21.32764434814453,-5.54264497756958,-23.350727081298828,-14.159010887145996,-15.070804595947266,-5.158515930175781,-12.199207305908203,-9.118306159973145,-16.923030853271484,-8.442110061645508,-9.44594669342041,-5.423019409179688,-9.33876895904541,-2.407752275466919,-9.216824531555176,-0.331582099199295,-5.572835445404053,2.100847005844116,-3.461354255676269,1.9251536130905151,-3.2454988956451416,1.6189783811569214,-3.248645067214966,3.1906051635742188,-4.8230485916137695,-0.9452808499336244,-2.128786087036133,2.796771764755249,-0.6169302463531494,4.724631786346436,1.0859644412994385,3.118942975997925
7,-234.0113220214844,85.76644897460938,-27.872861862182617,-17.10548210144043,-28.97699737548828,-4.317664623260498,-16.692813873291016,-3.1372663974761963,-21.91075897216797,-11.910171508789062,-22.98079490661621,-7.028390884399414,-14.302233695983888,-6.878378868103027,-9.83191967010498,-6.2479777336120605,-16.14057731628418,-5.264866828918457,-10.302294731140137,-2.8962113857269287,-8.367990493774414,-5.236145496368408,-11.704668045043944,-2.0061628818511963,-5.60535192489624,2.102702617645264,-3.953402042388916,-2.5578103065490723,-6.886369705200195,1.8802149295806885,-1.3185815811157229,2.125361919403076,-4.193888187408447,-0.0026222132146358,-1.3725885152816772,3.7686767578125,-1.7480868101119995,2.500148296356201,0.5702983140945435,4.598441123962402
7,-233.92124938964844,89.0830078125,-18.384265899658203,-20.008468627929688,-39.89668655395508,-11.121784210205078,-20.1428337097168,-2.264244794845581,-18.05142593383789,-6.080618858337402,-23.070646286010746,-11.430397987365724,-17.31237030029297,-9.045310020446776,-10.324213027954102,-3.4193665981292725,-13.58816146850586,-5.336287975311279,-10.809614181518556,-4.486461639404297,-10.427496910095217,-2.936141967773437,-8.240081787109375,-0.4158800542354584,-5.409356594085693,-1.106703519821167,-3.690219402313232,-0.5584563612937927,-4.91913652420044,0.2330420166254043,-6.1737236976623535,3.512906312942505,-1.4005368947982788,3.4335954189300537,1.5563721656799316,5.397021293640137,-2.308776378631592,0.5280910134315491,-2.006676197052002,2.489393711090088
10,-198.30039978027344,131.86927795410156,-4.154280662536621,23.48873519897461,-10.06778621673584,10.831329345703123,-13.866025924682615,7.330851554870605,-3.2711429595947266,3.910035610198975,-13.744236946105955,-5.40897274017334,-13.948826789855955,-5.66423225402832,-9.848639488220217,0.0028100868221372,-10.53946304321289,-6.760743618011475,-9.836926460266112,-4.942746162414551,-13.307920455932615,-8.001137733459473,-7.087240219116211,-1.7917773723602295,-8.731547355651855,-0.8239300847053528,-3.808596134185791,-2.133344888687134,-5.767394542694092,-3.7295002937316895,-8.517596244812012,-6.029096603393555,-6.44635534286499,-0.6519069075584412,-4.064952850341797,-1.563911199569702,-5.928648948669434,-2.3444600105285645,-4.871683120727539,-4.423179626464844
10,-200.3888702392578,133.21949768066406,-1.4308860301971436,23.228160858154297,-10.123270988464355,12.633563041687012,-12.396546363830566,7.198245048522949,-4.535702228546143,2.315240859985352,-15.98961067199707,-4.409838199615479,-11.467390060424805,-3.899375915527344,-9.492481231689451,-0.3412139415740967,-11.50936794281006,-8.520227432250977,-9.1315336227417,-1.199384689331055,-9.539258003234863,-8.08065414428711,-9.669303894042969,-3.049736261367798,-8.45602035522461,-0.6141777038574219,-2.270111083984375,-1.4949111938476562,-6.277600765228272,-2.8845293521881104,-9.795604705810549,-5.367685317993164,-5.684223175048828,-2.069103479385376,-4.626564979553223,-1.3544927835464478,-6.958216667175293,-3.6009521484375,-1.4677131175994873,-1.205314040184021
10,-193.50244140625,125.12972259521484,0.0567341782152652,21.29548454284668,-10.776741027832031,11.709351539611816,-15.533108711242676,5.56242036819458,-5.142496109008789,4.264657020568848,-12.529415130615234,-5.673262119293213,-17.121177673339844,-7.643091678619385,-10.33450412750244,-1.1435121297836304,-12.585149765014648,-4.547287940979004,-10.111446380615234,-4.935495853424072,-11.798198699951172,-5.485199928283691,-8.94841194152832,-2.822279453277588,-9.578415870666504,-4.147518634796143,-7.010678768157959,-2.828631639480591,-8.313559532165527,-0.2089165449142456,-5.663357257843018,-4.868278980255127,-8.273009300231934,-1.3962090015411377,-6.294392108917236,-3.19122314453125,-8.322458267211914,-5.086536884307861,-3.0316998958587646,0.2536662518978119
10,-186.05308532714844,127.39972686767578,-4.141688823699951,27.365047454833984,-11.41392707824707,13.743764877319336,-12.262007713317873,6.449838161468506,-6.7642502784729,1.3374561071395874,-12.407344818115234,-7.801773548126221,-16.481691360473633,-5.902533531188965,-4.46129322052002,-1.4211902618408203,-9.103858947753906,-1.5403441190719604,-11.21371078491211,-10.953617095947266,-14.505533218383787,-2.4155473709106445,-6.669570446014404,-3.318589448928833,-7.257745265960693,-1.468876838684082,-6.444500923156738,-3.83207631111145,-5.664031982421875,-4.763471603393555,-6.672910690307617,-1.1299582719802856,-5.488618850708008,-2.988018751144409,-7.39572811126709,-4.060906887054443,-6.690675735473633,-1.7569164037704468,-3.2443530559539795,-5.302592754364014
10,-199.11370849609372,128.545654296875,-7.907523155212402,28.11164093017578,-8.40058422088623,10.72897243499756,-11.148237228393556,6.356995582580566,-3.4859743118286133,1.9535534381866453,-11.64434814453125,-7.058956623077393,-16.162790298461914,-9.834277153015137,-14.00998878479004,-2.3538122177124023,-9.769207000732422,-3.1648848056793213,-13.501670837402344,-8.715850830078125,-9.09579372406006,-4.452564239501953,-9.75984001159668,-4.179933071136475,-9.845982551574709,-5.110414981842041,-7.278489112854004,-3.795186042785645,-6.748435020446777,1.4636369943618774,-3.259247064590454,-7.710222721099853,-7.891716003417969,-2.7413625717163086,-4.368045330047607,-0.2442555725574493,-4.241312503814697,2.22218656539917,-5.307940483093262,-6.749884128570557
10,-219.4568328857422,120.74153137207033,-13.520874977111816,19.647096633911133,-10.816132545471191,12.500321388244627,-12.923721313476562,3.690772533416748,-8.871011734008789,3.4121453762054443,-8.669076919555664,0.7530467510223389,-10.676527976989746,-1.845088481903076,-6.58229923248291,1.5238008499145508,-10.06552028656006,-2.877879858016968,-5.706441402435303,-2.9348337650299072,-12.49918270111084,-5.816749095916748,-7.761703014373779,0.8600057363510132,-6.7438063621521,-1.3739440441131592,-4.07257890701294,-0.4620296359062195,-7.215625762939453,-4.21363639831543,-9.224892616271973,-4.62085485458374,-8.182849884033203,-2.9035797119140625,-6.883714199066162,-3.4058449268341064,-6.888063430786133,0.7393043041229248,-3.945828914642334,-4.743689060211182
5,131.82733154296875,38.43951034545898,-19.884279251098636,-1.6162042617797852,-14.90039348602295,-4.774287700653076,-19.324113845825195,-7.0123820304870605,-10.669075965881348,2.792649030685425,-4.625955581665039,8.279433250427246,-2.9347293376922607,4.237614631652832,-1.5113884210586548,2.084970235824585,2.221987724304199,11.818275451660156,-0.2321106046438217,2.6790950298309326,-7.255035400390625,-0.2871244251728058,-5.956701755523682,-0.560075044631958,-6.850325107574463,-3.300982713699341,-3.781251907348633,1.9835809469223025,0.4304672479629516,8.90798568725586,5.146625518798828,10.446887016296388,3.850720643997192,4.444563388824463,-1.7651749849319458,0.2299538403749466,-4.155798435211182,2.097996473312378,-1.4753522872924805,-0.0772516727447509
5,139.9834747314453,26.89297103881836,-29.902570724487305,7.418147563934326,-15.703765869140623,-4.987987041473389,-17.632722854614258,0.7905528545379639,-5.142579555511475,2.32081937789917,-3.098984241485596,3.5867717266082764,-7.241255760192871,0.2246073633432388,-4.273205757141113,1.9425435066223145,-2.3553123474121094,6.397626876831055,1.6458827257156372,1.698855757713318,-8.199222564697266,2.3972482681274414,-2.005073547363281,3.4356491565704346,-0.2867321372032165,4.671519756317139,-1.414056420326233,3.964304208755493,-3.282125234603882,1.85819673538208,-2.516359567642212,2.514284372329712,0.6178261041641235,6.068209171295166,2.0753469467163086,3.6698696613311768,-3.1692326068878174,-1.5307936668395996,-3.96186113357544,2.6608400344848637
5,13.226500511169434,109.18922424316406,-48.25534439086914,-11.32794189453125,-28.10088157653809,-7.482593536376953,-23.51487922668457,-5.309698104858398,-10.52574062347412,1.644730806350708,-2.987358808517456,4.034120082855225,0.5291218757629395,2.226783275604248,-2.2270281314849854,11.904533386230469,16.72010612487793,15.286361694335938,2.2569832801818848,1.1118885278701782,-6.873775482177734,1.3076897859573364,-2.8658244609832764,-1.2550357580184937,-8.774398803710938,-1.8210567235946653,1.2318278551101685,3.0556466579437256,-3.776921272277832,-2.4186713695526123,2.0072021484375,10.100412368774414,4.206600666046143,4.376364231109619,0.8178977966308594,4.558703899383545,-1.2033936977386477,0.9134772419929504,-0.6646934151649475,-0.2255230098962783
9,-392.3108825683594,52.081504821777344,-38.59650039672852,-17.08441925048828,6.04068660736084,10.310312271118164,15.6591215133667,10.67246913909912,-6.058979511260986,-3.545419216156006,3.636636972427368,5.509634971618652,5.843198299407959,8.747259140014648,1.821112275123596,2.52323317527771,2.472835063934326,4.662501811981201,7.0479278564453125,5.664420127868652,1.7337535619735718,0.3239365816116333,2.747781991958618,4.3948655128479,3.1161117553710938,4.701944828033447,3.7325007915496826,2.2137022018432617,2.607541799545288,4.568567276000977,4.998552322387695,2.538486957550049,3.2969441413879395,3.2543885707855225,3.545232057571411,3.474379062652588,3.4261953830718994,2.982991933822632,2.2430572509765625,1.881568193435669
9,-390.6783752441406,72.96668243408203,-62.89030456542969,-20.9276180267334,12.26792812347412,12.132800102233888,15.74392032623291,12.801873207092283,-8.969938278198242,-4.443522930145264,3.7469112873077393,4.893113136291504,5.349873065948486,12.1025390625,1.3811908960342407,1.702173113822937,3.554389715194702,5.984400272369385,5.263715744018555,3.9469385147094727,2.522981882095337,-0.0883940756320953,3.4365427494049072,5.781330585479736,0.9431600570678712,4.38834810256958,3.219716787338257,1.6716121435165403,3.1474080085754395,5.723022937774658,5.458957672119141,2.6953070163726807,3.58194899559021,3.783738613128662,3.019953966140747,4.080853462219238,3.3432984352111816,0.7095431089401245,0.9387405514717102,2.486185312271118
9,-381.0945129394531,83.92097473144531,-63.13072204589844,-28.304540634155277,3.595512628555298,5.610635757446289,13.924342155456545,15.81271743774414,-5.248940944671631,-7.3775315284729,0.0067050913348793,4.910059928894043,6.142548561096191,8.743598937988281,-1.9524991512298584,0.692037045955658,-0.7309728860855103,2.898707866668701,6.679619789123535,5.902456760406494,4.494659900665283,1.4314733743667605,2.2271664142608643,4.490728378295898,2.580543041229248,5.068216323852539,4.344857215881348,6.399003982543945,3.8332226276397705,1.2493828535079956,2.78127121925354,5.0517401695251465,3.834650754928589,3.41090726852417,2.1026828289031982,2.196791172027588,2.438944101333618,2.3743393421173096,3.521840810775757,3.231682062149048
9,-507.9292907714844,91.71833038330078,-53.94953918457031,-6.90067720413208,15.702686309814451,8.269906997680664,15.874947547912598,21.926908493041992,0.144645556807518,-6.637738227844238,1.0815117359161377,8.60488510131836,7.871216297149658,10.883795738220217,1.5328798294067385,2.7444698810577397,1.6014039516448977,6.373080253601074,7.708476543426514,4.587677955627441,5.091300487518311,4.0254669189453125,3.0512495040893555,2.5697500705718994,2.390721082687378,4.51699686050415,1.4490773677825928,3.587697982788086,3.3472611904144287,1.2953245639801023,2.0496151447296143,4.342057228088379,3.460399389266968,3.0151255130767822,3.199934244155884,3.645499229431152,2.2004685401916504,3.933861255645752,2.78544020652771,1.1333283185958862
7,-483.30712890625,41.248783111572266,-32.0765495300293,-9.80442714691162,9.581974983215332,10.245546340942385,11.20193099975586,8.817551612854004,-1.1471973657608032,-2.4559326171875,1.2601591348648071,5.057443618774414,5.4835944175720215,7.714681625366211,1.7506283521652222,2.553244113922119,0.038200244307518,2.3741567134857178,3.715106964111328,4.116237163543701,2.023435115814209,1.059462308883667,2.2055647373199463,5.056305885314941,0.9992929100990297,1.096219778060913,0.2472962886095047,1.8224194049835205,0.6845190525054932,0.2251203209161758,2.247326374053955,3.143461942672729,1.4878596067428589,1.7361865043640137,0.4702403247356415,0.6775995492935181,2.121144771575928,4.010574817657471,1.328235149383545,-1.0563627481460571
7,-553.7345581054688,57.01328659057617,-14.20659637451172,-3.404343843460083,11.623842239379885,10.801457405090332,10.606801986694336,9.732396125793455,1.942452311515808,1.4689912796020508,2.59468150138855,3.913462638854981,3.3283896446228027,6.33880090713501,1.5045132637023926,3.976621150970459,2.26386833190918,0.8584446310997009,1.9715958833694456,3.6986429691314697,3.9192593097686768,1.1298117637634275,1.0658167600631714,3.477274179458618,1.771529197692871,1.7537429332733154,1.368132472038269,2.5080339908599854,2.3147103786468506,-0.9390318989753724,-0.3190914392471313,1.5508201122283936,0.8970690369606018,1.1820513010025024,1.2637492418289185,1.8137648105621336,2.1121826171875,1.8850972652435305,1.5531429052352903,0.1706836074590683
7,-416.3085632324219,66.10982513427734,-51.977195739746094,-26.322355270385746,6.470155715942383,7.064210891723633,7.800253391265869,9.41090488433838,-3.291646718978882,-4.153486728668213,0.7154013514518738,4.420375347137451,0.260681539773941,0.8481845855712891,-3.8226163387298575,2.5637876987457275,1.654627799987793,4.4291510581970215,4.901542663574219,3.543229818344116,-0.0071935323067009,-0.1836328208446502,1.9315344095230105,4.424607753753662,0.6171926856040955,1.1716642379760742,-1.0550647974014282,1.3796957731246948,1.4751673936843872,1.8749269247055051,1.414588212966919,3.401356935501098,1.8174269199371336,1.464318037033081,0.9347543120384216,2.0552022457122803,1.906218647956848,1.9858936071395876,1.0191361904144287,-0.9391425848007202
7,-534.8533325195312,67.67851257324219,-13.859498023986816,-7.9974365234375,9.283652305603027,8.932618141174316,10.327567100524902,8.799080848693848,0.4900089204311371,3.168820381164551,3.2170329093933105,1.21724534034729,1.9921307563781736,1.808463215827942,-2.5905728340148926,1.210018277168274,2.102578639984131,1.2071508169174194,1.6523423194885254,5.475119590759277,3.1356325149536133,0.0444116555154323,1.0097980499267578,3.004693984985352,3.1443305015563965,3.4211573600769043,1.5369855165481567,2.0724129676818848,2.028099298477173,2.0425362586975098,0.9129523038864136,0.955535352230072,0.9143752455711364,2.5604443550109863,2.3669090270996094,2.2347233295440674,0.3957379162311554,0.0402202270925045,0.4396982789039612,0.0897778868675232
8,-130.78665161132812,99.9485092163086,-62.897216796875,-25.418663024902344,-22.45541763305664,5.546715259552002,6.525684356689453,7.493821620941162,4.590315818786621,0.0115434061735868,-2.318789005279541,1.5855162143707275,-6.471741676330566,-2.556091070175171,-5.254951477050781,9.131637573242188,5.897216796875,8.354756355285645,4.735321521759033,3.2516822814941406,-3.5449161529541016,3.839838743209839,-6.152879238128662,-5.405580520629883,-6.968411445617676,-3.3683557510375977,-2.7338335514068604,3.7218828201293945,1.208640694618225,11.413201332092283,1.7350658178329468,7.39111328125,5.530991077423096,4.108400821685791,-2.7867345809936523,2.41200590133667,5.079953193664551,8.75920295715332,6.548862934112549,7.612460136413574
8,-146.8446502685547,101.55823516845705,-62.45235824584961,-45.12009048461914,-25.500587463378903,6.631418228149414,11.3535737991333,11.75388526916504,2.014589071273804,5.75170373916626,3.6753299236297607,9.873702049255373,-3.4045143127441406,-2.991727113723755,-8.472414016723633,3.5761542320251465,-5.028914451599121,1.1165579557418823,-2.176400661468506,-3.383453130722046,-11.715459823608398,-1.6223950386047363,-5.13169002532959,2.7512691020965576,-2.7985589504241943,4.447896957397461,3.3699865341186523,10.54645538330078,6.35211706161499,11.021660804748535,3.563185214996338,11.537054061889648,5.135562419891357,6.84441614151001,0.0264082010835409,2.4484846591949463,2.4177558422088623,3.520838499069214,2.690025806427002,-0.9360499978065492
8,-221.70904541015625,100.87865447998048,-61.95685577392578,-29.253398895263672,-16.134065628051758,11.820808410644531,15.67087745666504,23.89409065246582,8.686885833740234,4.806447505950928,-7.171879291534424,6.614596366882324,-2.1936581134796143,-0.5450139045715332,-2.9465091228485107,10.08229160308838,0.1153032928705215,4.745021343231201,4.849414825439453,7.893072605133057,-10.305686950683594,-4.622918605804443,-3.736476421356201,-0.3887445628643036,-2.987292051315308,-0.9994115233421326,-8.318443298339844,3.403116464614868,-2.8244402408599854,5.206822395324707,7.208154678344727,8.628018379211426,9.09723949432373,15.261439323425291,11.335575103759766,15.095776557922363,6.545811176300049,2.6731069087982178,-5.740541934967041,0.3552774488925934
8,-227.4659881591797,106.3338394165039,-50.95828628540039,-33.571285247802734,-18.58824348449707,13.331772804260254,9.996170997619627,20.26715469360352,2.986114025115967,5.152209758758545,-2.4989676475524902,8.805119514465332,-4.579984188079834,-1.0727260112762451,-1.117247223854065,9.7719087600708,-1.2662547826766968,4.697445869445801,3.560677528381348,3.2606656551361084,-12.363563537597656,-3.396191120147705,-6.659535884857178,-0.9633544087409972,-2.180735349655152,2.171546459197998,-2.813926696777344,9.194412231445312,2.368887186050415,10.869925498962402,3.781247138977051,8.763052940368652,8.603944778442383,11.20323085784912,7.331786632537842,10.009072303771973,3.3994662761688232,3.290032386779785,-2.2792651653289795,2.8659591674804688
8,-268.8106994628906,127.34878540039062,-48.87900161743164,-30.64341354370117,-28.530834197998047,16.108993530273438,4.292960166931152,17.248586654663086,2.285526752471924,4.1729230880737305,1.710166096687317,10.908653259277344,0.8798108696937561,1.6349825859069824,-1.122823715209961,4.684300422668457,-1.8590655326843264,1.1594525575637815,-0.1576525717973709,1.206288456916809,-8.478858947753906,-2.5946547985076904,-6.290133476257324,-1.334229588508606,-3.033083438873291,1.6127830743789673,-0.157406136393547,10.268378257751465,7.255712509155273,12.180567741394045,4.071678638458252,11.603564262390137,8.424958229064941,9.955389022827148,5.59319543838501,7.543771743774414,2.9934539794921875,0.7346361875534058,-0.4596978425979614,3.4570884704589844
8,-158.0939483642578,101.00591278076172,-66.02112579345703,-49.201297760009766,-24.1982364654541,4.155931949615479,13.171175003051758,18.0915584564209,4.05996561050415,6.137191295623779,3.1774938106536865,11.099719047546388,2.967733860015869,0.9132480621337892,-6.813028335571289,2.6699907779693604,-8.311474800109863,-1.2591089010238647,-6.714609622955322,-6.579532146453857,-17.44182586669922,-3.600327730178833,-6.309578895568848,5.230576515197754,2.1951401233673096,4.268433094024658,-0.2818225920200348,10.0849027633667,8.040640830993652,9.318169593811035,3.1094369888305664,11.05252170562744,6.329555988311768,10.780029296875,6.743228912353516,9.960256576538086,0.9393216371536256,0.7439247369766235,0.2487423121929168,-1.7013041973114014
8,-159.84219360351562,100.21888732910156,-66.05510711669922,-40.58775329589844,-21.23462677001953,-1.000518798828125,12.06405258178711,16.998077392578125,2.9176394939422607,2.081155300140381,1.3598469495773315,10.777226448059082,3.2084767818450928,2.0884413719177246,-7.289143085479736,3.6623623371124263,-4.979400157928467,0.4341031610965729,-0.6836023926734924,1.0558090209960938,-13.020254135131836,-4.443521022796631,-8.329968452453613,1.4780224561691284,2.8274600505828857,-2.689455986022949,-8.893810272216797,4.948331832885742,2.6141469478607178,9.289097785949709,2.732210397720337,6.689457893371582,5.551791191101074,13.735236167907717,14.407466888427734,16.995628356933594,3.2699763774871826,2.808175563812256,1.90149450302124,3.204392910003662
8,-194.7725830078125,105.75261688232422,-59.52937698364258,-41.45261001586914,-24.324142456054688,-1.1815732717514038,7.959190368652344,13.266454696655272,0.5023667216300964,4.660508155822754,0.5834836959838867,5.58202075958252,-2.828263282775879,1.382972240447998,-4.580123424530029,3.1335911750793457,-2.68103551864624,2.066077709197998,1.4655884504318235,-0.0540743246674537,-15.014948844909668,-3.250894069671631,-4.611416816711426,2.7461540699005127,1.027120590209961,-0.9334453344345092,-7.726434230804443,4.323820114135742,1.893002152442932,5.872053623199463,3.6476857662200928,8.353503227233887,6.851138591766357,13.002049446105955,12.85774040222168,12.380520820617676,2.0395336151123047,2.57422399520874,-0.1334086507558822,1.065057396888733
8,-225.26242065429688,111.65963745117188,-56.63102722167969,-44.2658805847168,-28.523195266723636,-1.2387478351593018,0.7983308434486389,6.956822872161865,2.81626033782959,13.541585922241213,7.520598888397217,3.5841853618621826,-6.207671165466309,0.3335105180740356,-4.539149761199951,4.132763862609863,-1.7934473752975464,1.725093126296997,-2.6401662826538086,-4.368648529052734,-15.19668674468994,-1.8878154754638672,-5.31185245513916,1.483926773071289,-2.4711923599243164,-0.6127762198448181,-5.605993747711182,5.615983009338379,4.674222946166992,6.721555709838867,4.12891960144043,12.620061874389648,9.691171646118164,11.950657844543455,9.547154426574709,8.339300155639648,0.236407458782196,2.17887806892395,-1.1663049459457395,0.4264488518238067
8,-224.9001922607422,107.3217315673828,-58.9759635925293,-38.80681610107422,-27.411109924316406,-0.4638912677764892,-3.530094146728516,1.4278078079223633,0.8948143124580383,9.95317554473877,17.63850212097168,12.777923583984377,-2.5206611156463623,-0.1762702763080597,-8.451277732849121,2.491429328918457,-2.9083046913146973,-1.011796951293945,-1.6535965204238892,0.1547920405864715,-9.281932830810549,0.4793006181716919,-6.496840476989746,-0.8791424632072449,0.861323893070221,-0.9377798438072203,-8.654827117919922,5.975499629974365,-0.4256500005722046,6.133167266845703,3.0341196060180664,7.00826358795166,6.993781566619873,9.641057014465332,9.160783767700195,12.298503875732422,3.4012272357940674,5.161481857299805,1.0601887702941897,3.159313440322876
8,-218.7668609619141,94.65511322021484,-65.34152221679688,-29.770479202270508,-27.66749382019043,7.800544261932373,4.106146335601807,9.471723556518556,-1.0904432535171509,1.1564964056015017,8.510360717773438,15.521038055419922,2.847041606903076,2.1096017360687256,-2.149755954742432,5.1837334632873535,-4.052926063537598,1.0368331670761108,-0.8713076114654541,-2.353339910507202,-11.658632278442385,1.8723758459091189,-6.56723165512085,0.3862538337707519,7.04902982711792,0.191677376627922,-7.399780750274658,7.637045383453369,-4.5470733642578125,7.762033462524414,-2.395127773284912,0.8564949035644531,6.276204109191895,7.933317184448242,10.368629455566406,12.059012413024902,7.288256645202637,5.9658203125,-1.0368614196777344,6.844938278198242
8,-194.49473571777344,83.451416015625,-70.85377502441406,-24.82684326171875,-27.871381759643555,11.958258628845217,12.899563789367676,18.25553321838379,-0.4362395107746124,-0.1766089797019958,-2.514902353286743,9.750310897827148,-1.4573967456817627,5.32564115524292,8.516495704650879,13.604201316833496,-1.3380852937698364,7.308913230895996,1.6378265619277954,-5.82073450088501,-16.204788208007812,-1.257400393486023,-10.065006256103516,-2.4079957008361816,0.5326278805732727,-1.579851150512695,-2.5916900634765625,5.643738269805908,-0.2021963596343994,12.55842399597168,-1.5628674030303955,9.353769302368164,11.625852584838867,10.34356689453125,10.542853355407717,9.468215942382812,6.846822261810303,0.931427538394928,-3.5510621070861816,6.442086219787598
8,-195.3890686035156,85.88099670410156,-70.33818054199219,-26.712474822998047,-23.14786529541016,7.777849197387695,14.014265060424805,20.866504669189453,5.142780780792236,2.203563451766968,-3.8733205795288086,8.78445816040039,-2.9316341876983643,3.195857524871826,2.730804204940796,11.8034086227417,-0.2644499242305755,7.326644420623779,5.576560497283936,2.97660493850708,-12.510904312133787,-2.580458879470825,-6.10959529876709,-2.130516529083252,-6.576300144195557,-5.131890773773193,-9.270957946777344,0.3964597284793854,-0.1812406331300735,8.930253028869629,5.791788578033447,13.991125106811523,12.468721389770508,15.445812225341797,12.006579399108888,14.344135284423828,6.861007690429688,-1.1708534955978394,-4.087060928344727,3.44828724861145
10,-561.8798217773438,88.65692138671875,-68.52693176269531,-73.34828186035156,-38.12899017333984,-18.337142944335938,-9.313291549682615,-1.2737486362457275,-9.455703735351562,1.4248565435409546,22.733930587768555,19.64428329467773,-10.035848617553713,10.509406089782717,33.793251037597656,15.949958801269531,0.9639729857444764,-14.756081581115724,-9.506336212158203,6.206147193908691,9.224721908569336,-6.175461769104004,-15.896475791931152,-5.109158039093018,5.353531837463379,3.002392053604126,6.852065086364746,4.122810363769531,-0.970874845981598,6.735180854797363,5.089246273040772,1.0045897960662842,-1.474665641784668,1.0729602575302124,2.703450918197632,3.5108907222747803,-1.6503856182098389,-5.087484836578369,-0.8992435336112976,-0.4265527129173279
10,-488.649169921875,101.01146697998048,-50.34574508666992,-65.9522476196289,-47.56722259521485,-43.75544357299805,-40.1795654296875,-16.45102882385254,-3.479732751846313,-16.597566604614258,4.073866367340088,18.318832397460938,13.445236206054688,37.80625915527344,33.00921630859375,11.535489082336426,-5.648094654083252,-15.245091438293455,-6.9797539710998535,-3.266416311264038,-13.840473175048828,-11.870497703552246,-11.369280815124512,-4.574097633361816,6.517934322357178,3.7222342491149902,4.207197666168213,7.561697006225586,6.527311325073242,1.726709246635437,3.777600049972534,-1.9710655212402344,-3.5884206295013428,-3.469455480575561,-1.0093916654586792,1.825794577598572,1.9497900009155276,-1.5458190441131592,-4.479172706604004,-3.668022155761719
10,-278.93609619140625,157.9250030517578,12.936497688293455,20.17996406555176,4.882813930511475,7.032673358917236,-7.195756912231445,-4.980888366699219,-4.908716678619385,1.2269065380096436,2.1510426998138428,6.535958290100098,-3.205711841583252,2.472217082977295,-5.290686130523682,3.0291454792022705,2.7503373622894287,2.850510358810425,-4.067691326141357,-0.2136277258396148,-1.6141444444656372,7.556962490081787,7.465975761413574,0.7443159818649292,-6.334596633911133,-0.3232763111591339,-1.3574261665344238,-0.2984941899776459,-2.7940776348114014,0.3878161609172821,7.083807945251465,7.765982151031494,0.0410985350608825,-1.0645142793655396,-2.1950368881225586,-1.6109589338302612,-1.9500559568405151,0.4606152176856994,0.7521337866783142,4.820806980133057
10,-298.07244873046875,169.178955078125,16.375030517578125,20.319976806640625,3.603149652481079,20.64179039001465,-5.367072105407715,-11.330039978027344,1.641856670379639,1.3870052099227903,-4.908420085906982,4.658295631408691,-1.5174158811569214,-2.586966037750244,-11.589818000793455,-1.410757303237915,-6.689379692077637,-5.370912075042725,-2.1938798427581787,3.835151433944702,0.2925719320774078,4.052558422088623,7.352053642272949,15.255114555358888,9.10092067718506,4.882524490356445,2.593935489654541,3.133585214614868,-1.7195053100585938,-4.167782306671143,-1.2242395877838137,2.885612964630127,-2.8553264141082764,-1.0552833080291748,-1.5219208002090454,-2.3536877632141118,-2.214158296585083,0.0950626507401466,-3.715156316757202,0.5387846827507019
10,-340.95220947265625,166.9476318359375,24.37531089782715,29.03696060180664,10.410045623779297,18.869516372680664,-5.800741672515869,-4.966166019439697,-4.31791353225708,3.248919010162353,0.1203985959291458,5.106078624725342,-2.5951318740844727,1.628639578819275,-9.044816970825195,0.4793844819068908,-1.2398021221160889,-0.6534160375595093,-5.425631523132324,4.299041748046875,2.069909811019897,5.542337894439697,3.4904894828796387,4.892824649810791,0.0536562539637088,2.8770980834960938,-0.7055266499519348,1.243302345275879,-3.27138090133667,-1.176216959953308,-0.8520361185073853,0.9264644384384156,-1.7332462072372437,0.4721774458885193,-1.859169363975525,1.5211656093597412,-0.8533658385276794,1.5387749671936035,-2.861426830291748,3.162861585617065
10,-351.0188293457031,158.48838806152344,22.1148624420166,20.311288833618164,3.272672176361084,19.39088249206543,-2.546566963195801,-1.8827874660491943,-4.7171502113342285,2.0575826168060303,-2.207451820373535,6.488387107849121,-0.3324224352836609,1.1874438524246216,-10.162877082824709,0.9807236790657043,-4.820404052734375,1.3877246379852295,-4.129053115844727,4.377736568450928,1.2846667766571045,5.589447975158691,2.1357316970825195,5.2149977684021,-0.1820567548274994,5.005462646484375,0.1340138465166092,1.6233770847320557,-4.760463237762451,-2.1992347240448,-1.4225367307662964,3.7082724571228023,-1.6972284317016602,-0.05744219571352,-3.311051845550537,2.3972885608673096,-0.2241888344287872,1.9042524099349976,-2.8493521213531494,4.319430351257324
10,-376.67974853515625,150.0624542236328,20.369970321655277,22.831159591674805,9.088831901550291,21.727685928344727,-6.232860565185547,-3.078297615051269,-1.914590835571289,3.5352697372436523,-2.2068145275115967,2.4332733154296875,-1.8209062814712524,1.1118124723434448,-8.86544418334961,2.2520110607147217,0.2690345048904419,3.4651663303375244,-5.220187187194824,3.790788173675537,2.865068197250366,5.9279327392578125,2.660956859588623,4.242527484893799,-1.6499556303024292,1.9743012189865112,-1.9004682302474976,1.1068283319473269,-2.5015981197357178,-0.893431544303894,-0.1400113701820373,3.341503381729126,-1.060700535774231,0.5674944519996643,-3.0952625274658203,-0.2625223100185394,-2.0443274974823,2.312415361404419,-1.5355221033096311,2.40679144859314
10,-392.3815612792969,149.85496520996094,21.108226776123047,21.8065185546875,8.404500007629395,22.14311408996582,-5.819806098937988,-1.9401910305023196,-3.118966579437256,1.1493407487869265,-1.8989253044128416,1.9833638668060305,-2.487513542175293,-0.2880373299121856,-10.17723274230957,2.005805730819702,-0.9199323058128356,4.004800796508789,-1.384974479675293,7.070116996765137,3.7625322341918954,6.814268112182617,1.3471211194992063,2.1746644973754883,-3.860493421554565,1.1955852508544922,-2.3843204975128174,-1.2112842798233032,-5.128707885742188,-2.0740532875061035,-1.1555938720703125,2.1823556423187256,-2.794269323348999,-0.8953564763069153,-3.4655981063842773,0.6483792066574097,-2.600707054138184,2.030493974685669,-0.4374212920665741,5.936379432678223
10,-283.1708374023437,107.48249816894533,-24.82802391052246,7.089552402496338,-2.374954462051392,23.237722396850582,3.83149790763855,23.004425048828125,1.5002185106277466,19.90313720703125,-6.079129695892334,18.500383377075195,-7.191531181335449,6.748069286346436,-1.9015097618103027,7.296218872070312,-2.450563430786133,2.2514398097991943,0.7411824464797974,1.7739567756652832,1.0862082242965698,2.612882137298584,0.9814688563346864,6.041268825531006,2.398709774017334,4.261314392089844,2.7774548530578613,1.7596752643585205,-3.2114479541778564,3.405494213104248,-0.3972199857234955,-2.012614250183105,0.6246812343597412,3.255751371383667,0.4441653192043304,1.2649415731430054,-0.2399206459522247,1.178300380706787,-3.0948050022125244,2.785728454589844
10,-268.8810119628906,102.4005126953125,-34.552791595458984,6.288197994232178,-4.890339374542236,22.60062599182129,4.2388834953308105,23.663555145263672,-0.6059719324111938,22.408342361450195,-6.226664066314697,20.61293601989746,-8.203213691711426,6.536137104034424,-1.724327802658081,6.662358283996582,-2.8920912742614746,1.4976489543914795,1.8586031198501587,2.547779321670532,2.2257742881774902,3.904524087905884,-0.978878140449524,4.061424255371094,1.0016509294509888,5.855807781219482,2.3626859188079834,3.126664876937866,-2.5407819747924805,3.553093433380127,-1.6442636251449585,-1.4323992729187012,0.955857753753662,2.925604820251465,0.2678185403347015,1.0638399124145508,-0.9074523448944092,1.973349332809448,-2.6188907623291016,2.583547592163086
10,-316.5980529785156,106.08268737792967,-21.055997848510746,7.232083797454834,-4.379937648773193,21.755687713623047,-3.667450428009033,18.1245059967041,-3.145123243331909,18.54335594177246,-7.9830427169799805,13.714590072631836,-9.752082824707031,5.1822285652160645,-7.959957599639893,5.667963981628418,-8.826462745666504,3.894997596740722,-4.924476623535156,1.177778720855713,-1.5928410291671753,5.057906150817871,1.373852014541626,3.29157829284668,1.0250145196914673,1.7546868324279783,1.3090862035751345,-0.094161257147789,-3.4640886783599854,3.4085206985473637,-1.4131617546081543,1.329688310623169,0.0088171986863017,3.237977743148804,0.8975563645362854,1.801185965538025,-3.6930298805236816,-0.6223220825195312,-4.185426235198975,3.965972661972046
10,-313.19415283203125,106.52513885498048,-21.554676055908203,5.0306501388549805,-4.355106830596924,21.26415252685547,-1.65157151222229,19.24989891052246,-1.93265438079834,18.16688537597656,-4.83287525177002,14.029217720031738,-8.07774543762207,7.534588813781738,-7.491745948791504,5.4277024269104,-7.957725524902344,4.345613479614258,-3.762062788009644,1.6019668579101562,-1.247388243675232,5.96686315536499,2.6751718521118164,4.645415306091309,0.4409659802913666,2.0782949924468994,2.099304437637329,0.9289106130599976,-3.456890106201172,2.0520355701446533,-2.2891197204589844,-0.0289996266365051,1.5045442581176758,4.723593235015869,1.0851986408233645,2.4577958583831787,-3.3032727241516118,0.8776667714118958,-4.944056510925293,3.4417340755462646
10,-310.7322998046875,106.1641616821289,-22.829044342041016,3.442790031433105,-4.0060811042785645,20.191329956054688,-1.0195436477661133,20.0225830078125,-2.7433807849884038,18.483461380004883,-6.217479705810547,15.705263137817385,-8.735962867736816,9.013742446899414,-6.379135608673096,4.979666709899902,-6.940630912780762,1.947169661521912,-2.0816030502319336,0.4306948482990265,0.0967609658837318,4.395506381988525,1.6904867887496948,4.744115829467773,0.1219561994075775,1.965744137763977,1.4789749383926392,2.297945022583008,-3.098885536193848,2.305629253387451,-3.834830284118652,-0.5575863122940063,1.647109031677246,4.131009578704834,0.8401328921318054,4.227845191955566,-3.300906181335449,1.7083545923233032,-4.00344181060791,2.91426157951355
10,-313.4825744628906,113.73868560791016,-25.043121337890625,5.6295671463012695,-4.76624059677124,20.35797119140625,0.272616982460022,20.797422409057617,-2.1565310955047607,18.32298469543457,-6.428772926330566,16.24878692626953,-6.898975372314453,7.02993631362915,-3.1246795654296875,3.489398956298828,-5.4200286865234375,0.6634148359298706,-0.1057130247354507,-0.9751869440078736,3.0759429931640625,2.9199068546295166,2.0510213375091557,3.1675376892089844,0.0918723344802856,1.091299295425415,1.4938548803329468,1.9839882850646973,-1.9985450506210327,3.5076375007629395,-3.929139852523804,-2.5481157302856445,1.7916545867919922,3.581549406051636,1.5989503860473633,2.3757073879241943,-1.5508732795715332,2.6977694034576416,-2.234169244766236,2.2821362018585205
10,-262.9910888671875,101.75835418701172,-37.477806091308594,9.881701469421388,-3.4418113231658936,24.876575469970703,3.3657052516937256,25.401002883911133,0.4140466153621673,26.38825416564941,-2.643228054046631,20.68930435180664,-8.151837348937988,5.641696929931641,1.168474197387695,5.774973392486572,-1.9927797317504885,3.3685312271118164,4.791673183441162,2.731083393096924,2.952199459075928,5.006930828094482,-0.4166959226131439,4.476566791534424,-0.0407424382865428,7.702445030212402,3.076154947280884,4.444693088531494,-2.3410356044769287,2.9943082332611084,-2.564382553100586,-0.7026377320289612,2.1626458168029785,2.029306411743164,0.935701072216034,2.1644833087921143,-1.8920247554779053,0.2181997150182724,-4.285453796386719,3.7477331161499023
10,-278.2066345214844,102.38644409179688,-23.048093795776367,12.282343864440918,4.286407947540283,27.646509170532227,0.6943078637123108,24.38472557067871,-0.5945491194725037,26.886306762695312,-2.6069891452789307,19.78346061706543,-9.005956649780273,4.966292858123779,1.820402264595032,4.825919151306152,-2.312528133392334,4.962881565093994,5.261782169342041,1.0816646814346311,3.530421257019043,4.845895290374756,2.263291597366333,5.590193748474121,-0.5106224417686462,5.892005920410156,2.268496036529541,3.324791669845581,-1.4764978885650637,3.74838662147522,-1.633144497871399,0.1472444534301757,3.3548731803894043,2.013546705245972,1.2633118629455566,3.335688352584839,-2.219293594360352,-1.5102829933166504,-4.431404113769531,4.461557865142822
10,-284.06793212890625,99.56745910644533,-17.51395034790039,8.972868919372559,4.251195430755615,24.64471244812012,-1.791553258895874,22.875621795654297,-1.529162049293518,25.585050582885746,-5.762827396392822,18.23174095153809,-9.720296859741213,4.789655208587647,-1.306003451347351,3.3914809226989746,-3.497274875640869,3.9970006942749023,2.5153019428253174,-0.5845307111740112,2.3975720405578613,3.751511812210083,1.468140959739685,5.602225303649902,-0.2472313493490219,5.378116130828857,2.435841560363769,3.7471439838409424,-0.4606127142906189,5.714767456054688,-0.5754061937332153,1.52020525932312,3.443463087081909,2.319882392883301,0.4245565831661224,3.6382999420166016,-1.6837632656097412,-0.2404031455516815,-2.4346132278442383,3.875150203704834
10,-294.99560546875,102.16220092773438,-20.140684127807617,7.854545593261719,0.2796480655670166,22.37352752685547,-4.476130485534668,19.690731048583984,-2.100736379623413,24.32345199584961,-8.356487274169922,16.01185417175293,-11.931511878967283,5.158851146697998,-4.711430072784424,4.0513224601745605,-6.108034133911133,2.552087783813477,-0.985350787639618,-0.6041911840438843,-0.6772675514221191,3.2427046298980717,-0.1811610460281372,5.273072719573975,-0.9943150877952576,5.004064083099365,1.554307222366333,3.236328125,-2.117880582809448,4.837989330291748,-2.470033645629883,2.031024217605591,2.731226682662964,3.783682346343994,0.2679423987865448,3.960658073425293,-2.602612018585205,0.4557065665721893,-3.4745445251464844,4.348191738128662
10,-303.9743347167969,106.30096435546876,-20.64185905456543,8.916518211364746,-0.0886199697852134,22.25357818603516,-6.483156204223633,18.79581069946289,-5.283990383148193,22.76201820373535,-10.05732250213623,15.332343101501465,-12.697607040405272,5.830578327178955,-3.833333730697632,2.4370758533477783,-6.61328125,0.5656586289405823,-0.215956225991249,-1.9045531749725344,-1.3893861770629885,3.311082363128662,-0.7586256861686707,4.361098766326904,-1.659731149673462,3.0983142852783203,-0.3360061347484588,1.795450210571289,-3.0476949214935303,3.1617445945739746,-3.490905523300171,0.9727262854576112,0.653096616268158,2.6783764362335205,-0.620292067527771,2.6550066471099854,-3.363489151000977,-0.6602031588554382,-4.791944980621338,3.5752837657928467
10,-306.9617614746094,110.74962615966795,-19.696123123168945,9.9912109375,1.00910222530365,23.72154426574707,-7.517098426818848,18.81907844543457,-7.597332954406738,23.02343368530273,-9.726880073547363,16.9888973236084,-12.468720436096191,5.4847846031188965,-3.3517961502075195,1.0340138673782349,-5.770916938781738,0.4975049793720245,0.953792691230774,-2.3776485919952397,-0.0649845525622367,1.856423497200012,-1.4821248054504397,3.572353839874268,-1.002283215522766,2.501805543899536,-0.4718125760555267,3.422694206237793,-2.706249475479126,4.041984558105469,-3.753279685974121,1.2416003942489624,-0.616635262966156,3.2957167625427246,-2.101527690887451,1.864930272102356,-4.210105419158936,-1.0280488729476929,-4.984972953796387,3.35844087600708
10,-308.2936706542969,109.70417785644533,-21.95705986022949,9.607173919677734,1.3637185096740725,24.30928611755371,-6.913205146789551,15.59425926208496,-6.192399978637695,23.672651290893555,-9.402119636535645,16.873212814331055,-12.3071928024292,4.960583209991455,-4.587841033935547,2.557565212249756,-7.740633010864258,0.6028039455413818,0.9569568037986756,-1.477872014045715,0.8035140037536621,0.0296526346355676,-1.1823580265045166,2.413343906402588,-0.2221643924713134,2.335581064224243,0.1787052750587463,3.7154130935668954,-3.403160095214844,5.093116283416748,-3.715123891830444,2.102609634399414,0.1966928541660308,5.352466583251953,-2.122037172317505,2.740097045898437,-3.56008529663086,0.4969595670700073,-4.076345920562744,3.369313240051269
10,-312.7812194824219,104.78678131103516,-22.608251571655277,8.2982759475708,-0.9565144181251526,22.83938980102539,-5.613658905029297,16.038179397583008,-4.298182964324951,21.58122062683105,-10.14437198638916,14.962308883666992,-11.51496410369873,5.036717414855957,-7.052231788635254,4.601382732391357,-9.26668930053711,1.557117223739624,-1.054938554763794,0.3414978086948395,0.3851979374885559,1.42992901802063,-0.5037412047386169,2.314324378967285,0.7107527852058411,1.999001383781433,0.4682971835136413,1.1753408908843994,-3.4631481170654297,5.181427478790283,-2.1301605701446533,2.650964498519897,-0.2059295773506164,3.7406721115112314,-1.3242273330688477,3.04209303855896,-3.304696559906006,-0.0059142359532415,-3.496479034423828,3.3172807693481445
5,-157.6622772216797,32.96059799194336,-33.71421813964844,3.084733724594116,-21.23982810974121,6.797963619232178,0.6203364729881287,-7.919182300567627,-9.001806259155273,0.6140385270118713,1.5053857564926147,5.712889671325684,4.784882545471191,-0.6824817657470703,-8.62520980834961,-0.3725927770137787,-2.931088447570801,2.406092643737793,-5.09814977645874,5.130565166473389,-0.0837337374687194,3.9076430797576895,-0.7655825018882751,0.5301011800765991,-1.0213180780410769,1.0619966983795166,-9.35487461090088,1.5484063625335691,-4.687145233154297,-3.957711696624756,-3.0661182403564453,1.4649412631988523,-2.788520336151123,2.158530712127685,-6.312623977661133,1.254389405250549,-4.109063148498535,1.0392098426818848,2.9106969833374023,-0.1069260761141777
5,-177.24075317382812,62.0302734375,-27.02458953857422,6.96662712097168,-19.502328872680664,4.938366413116455,0.8710134029388428,-3.797022581100464,-7.077894687652588,7.845893859863281,3.661982536315918,4.396032333374023,4.515120029449463,1.321207046508789,-7.144457340240479,-2.0587823390960693,-4.476974964141846,0.8751774430274963,-8.880447387695312,0.4400542974472046,0.3473797738552093,5.799154281616211,-0.3743704557418823,1.9883618354797363,-2.484397649765014,1.3780930042266846,-7.88454532623291,2.425961494445801,-0.7702541351318359,-0.9104411005973816,-2.9550161361694336,3.0911977291107178,-2.12434720993042,1.2116135358810425,-4.943486213684082,0.9006661176681519,-2.7292819023132324,-1.2736544609069824,0.4714584350585937,2.6659672260284424
5,-170.7403564453125,39.48530197143555,-33.980377197265625,7.981904029846191,-17.026531219482422,11.206235885620115,0.9441735744476318,-9.954002380371094,-10.88733196258545,0.4366441071033478,1.4548121690750122,7.454704761505127,4.534584999084473,1.434157371520996,-8.577783584594727,-1.4040809869766235,-0.9608373045921326,3.1243996620178223,-4.887624263763428,5.233824729919434,-1.886517643928528,3.827102661132813,0.0578031465411186,0.9780512452125548,-2.13202166557312,0.8028321862220764,-10.6444091796875,2.932631492614746,-3.108761787414551,-1.536508560180664,-3.8720757961273193,0.7539648413658142,-2.1347193717956543,2.032423973083496,-4.449558258056641,2.8360278606414795,-0.7142874002456665,3.538691997528076,1.5057013034820557,1.738907814025879
5,-191.8328857421875,55.3290901184082,-30.436511993408203,2.7926783561706543,-20.58717536926269,7.981192111968994,-0.9225805997848512,-6.113545894622803,-8.363788604736328,6.414443016052246,4.325606346130371,8.17474365234375,6.080732822418213,0.4609342515468597,-5.954294204711914,-0.2035705298185348,-2.4047412872314453,1.6521477699279783,-6.316415309906006,-0.1653863340616226,-0.2531055212020874,5.831782341003418,-1.1403547525405884,2.529282808303833,-1.8868889808654783,-0.1762189865112304,-9.005163192749023,3.072033643722534,-2.3326663970947266,0.5666559934616089,-3.705679178237915,2.047922372817993,-1.404098391532898,-0.0006968509987927,-3.778249502182007,2.3939015865325928,-3.5364766120910645,0.3019466698169708,0.7280635833740234,2.5434086322784424
5,-170.07945251464844,29.251657485961918,-26.387590408325195,5.999007225036621,-18.030733108520508,12.245683670043944,1.470195174217224,-8.485905647277832,-9.457399368286133,6.295267581939697,-2.0586626529693604,6.267791748046875,9.40837860107422,-3.262474536895752,-8.440010070800781,1.098937749862671,-2.785672426223755,2.168320894241333,-4.278965473175049,3.1877689361572266,-2.058143138885498,6.287823677062988,1.0671063661575315,4.228676795959473,-2.25948429107666,-0.3526611626148224,-9.090846061706545,6.278435230255127,-1.482578158378601,0.2791091799736023,-5.269185543060303,2.128035068511963,0.9075384736061096,2.173061847686768,-2.637655258178711,3.7138760089874263,-4.23387336730957,-1.0248262882232666,0.9665414690971376,0.6443333029747009
5,-181.55030822753903,53.31354904174805,-24.35785484313965,9.053608894348145,-16.8250732421875,11.103554725646973,-2.81301498413086,-7.281815528869629,-7.023459434509277,7.938880920410156,-0.6042892932891846,4.62307071685791,9.483545303344728,-1.5106112957000732,-6.273723125457764,1.5968087911605835,-2.580325126647949,-1.3971647024154663,-6.864048480987549,0.0280446615070104,1.373041033744812,7.204285621643066,0.7840060591697693,4.361449241638184,-2.398423910140991,1.1656233072280884,-8.349315643310547,1.5724518299102783,-3.56337833404541,-1.0792646408081057,-5.833438396453857,3.3272974491119385,0.4648092687129974,0.5727108120918274,-4.060929298400879,1.2007001638412476,-4.190390586853027,-1.033496975898743,0.1440369337797165,1.3341854810714722
5,-159.42718505859375,22.780580520629883,-30.07073211669922,0.703917384147644,-20.643043518066406,11.679207801818848,-3.745627164840698,-9.773093223571776,-6.321724891662598,2.230454206466675,-1.868985652923584,6.113455772399902,9.01681900024414,-2.9959158897399902,-7.586771488189697,1.4946000576019287,0.9300655722618104,3.656161069869995,-1.599757194519043,7.167387962341309,-1.343962550163269,6.654024600982666,2.7566256523132324,1.964839458465576,-0.3526599705219269,0.3086246848106384,-9.778913497924805,3.0924110412597656,-2.47536849975586,-1.7036244869232178,-3.3041837215423584,2.056271314620972,-1.5092915296554563,2.440699815750122,-3.2374937534332275,1.8710463047027588,-2.0106019973754883,2.2207999229431152,-0.235472947359085,0.5694642663002014
5,-205.11915588378903,57.06222915649414,-21.451339721679688,5.693448066711426,-20.118797302246094,8.738207817077637,-2.9747331142425537,-4.674744606018066,-7.242772579193115,10.168450355529783,3.073491334915161,4.507486820220947,7.753572940826416,-2.5696160793304443,-5.206394672393799,2.6577227115631104,-1.5574424266815186,-0.3818675577640533,-5.762544631958008,-5.000733852386475,-3.034352779388428,6.377706527709961,1.99433434009552,4.1551833152771,0.0619835592806339,-1.1139827966690063,-6.779697418212891,2.435976982116699,-2.2296364307403564,1.7553212642669678,-6.689449310302734,0.926529049873352,4.919793128967285,2.637545585632324,-4.8291425704956055,0.856344997882843,-3.928363800048828,-3.177164316177368,-1.6133300065994265,-0.0541858747601509
5,-182.55943298339844,36.01764678955078,-21.474809646606445,10.812646865844728,-19.11998748779297,9.985430717468262,-5.75069522857666,-7.962890625,-2.840723752975464,10.918805122375488,-2.1759512424468994,4.87255334854126,11.5750093460083,-1.025326132774353,-6.850694179534912,2.276789665222168,-1.8047499656677248,-2.9974405765533447,-5.372135162353516,0.6991127729415894,1.246583342552185,6.940041542053223,0.1118755117058754,2.9101173877716064,-1.7071653604507446,-0.7804010510444641,-6.538213729858398,4.905907154083252,-2.3260014057159424,0.6765944957733154,-4.614178657531738,3.508437395095825,1.9343687295913696,0.6972617506980896,-5.282206058502197,0.0334617011249065,-4.891048431396484,-0.9997078776359558,1.5588722229003906,3.16670298576355
10,-237.02542114257807,96.3817367553711,-13.251376152038574,34.523765563964844,19.641490936279297,11.665010452270508,3.8050343990325928,5.862246990203857,2.332480430603028,7.740291595458984,-2.306636095046997,6.1314873695373535,0.4872819185256958,6.208306789398193,0.0547962971031665,6.313357830047607,-0.1113822385668754,4.343235492706299,-0.9221155047416688,4.147922515869141,-1.6954927444458008,2.329608917236328,-3.630600452423096,5.766288757324219,-1.5427168607711792,1.9069420099258425,-2.8549230098724365,1.954888701438904,-0.2256489992141723,2.6280884742736816,-2.6755518913269043,4.319540977478027,-1.3833569288253784,0.4008237719535827,-3.008957624435425,4.809123516082764,-1.167464017868042,3.36360764503479,0.0347432158887386,4.256150245666504
10,-232.7974548339844,101.91036987304688,-21.921693801879883,34.6187744140625,19.58135414123535,12.870970726013184,3.952723503112793,6.919499397277832,1.9350277185440063,4.99936580657959,-3.3888187408447266,7.220863819122314,1.0220675468444824,7.0706467628479,1.415518045425415,7.157920837402344,-0.3204914331436157,4.506289958953857,-0.7454214096069336,5.329853057861328,-0.2543323934078216,2.764069080352783,-3.4241654872894287,5.552024364471436,-1.7242329120635986,0.7881709337234497,-3.283024549484253,2.308854103088379,-0.5444251894950867,0.8556482195854187,-2.957700252532959,4.12960958480835,-1.4873113632202148,0.5849608778953552,-2.2482075691223145,5.157200336456299,-1.3706693649291992,3.695222139358521,0.1702752262353897,4.048276424407959
10,-220.15223693847656,105.99832916259766,-24.965795516967773,30.421281814575195,15.623783111572266,15.451910972595217,5.075911998748779,10.727441787719728,1.8382701873779297,3.763126373291016,-3.928730010986328,5.205056190490723,0.6452988386154175,8.956043243408203,1.1150213479995728,7.056211471557617,-0.1416225284337997,5.154897212982178,-1.1212753057479858,5.846013069152832,1.2901382446289062,4.513140201568604,-2.8741354942321777,4.629580974578857,-2.394286870956421,1.3401566743850708,-2.4635345935821533,2.874866008758545,-1.1626652479171753,1.0115593671798706,-2.365719795227051,3.781784057617188,-2.05411696434021,1.0332822799682615,-2.3477983474731445,3.4666202068328857,-1.885414123535156,2.420540809631348,-0.5337619185447693,3.4157862663269043
10,-216.52931213378903,106.89990234375,-16.758766174316406,31.42620658874512,15.35105037689209,17.299327850341797,9.672021865844728,12.97563934326172,4.056851387023926,8.155539512634277,-1.3661954402923584,6.68610429763794,-2.198150396347046,8.364622116088867,0.831782341003418,8.887853622436523,-0.4000253081321716,5.743655204772949,1.1969212293624878,3.026684045791626,-1.8302866220474243,4.924427032470703,-0.6060333847999573,5.225900650024414,-0.225122258067131,2.9625861644744877,-2.105934858322144,3.4150779247283936,-1.5810741186141968,2.488825798034668,-2.310489654541016,4.346343040466309,-0.1494086384773254,2.9908409118652344,-2.507866144180298,5.184697151184082,-1.012582540512085,2.688006639480591,-0.2194276303052902,4.449448108673096
10,-215.04904174804688,100.52185821533205,-12.542679786682127,34.406524658203125,16.14756202697754,19.766332626342773,9.160076141357422,14.263426780700684,3.2116382122039795,8.85354232788086,-0.8435139060020447,8.862138748168945,-3.07643461227417,10.196398735046388,-0.6485192775726318,11.22483253479004,-0.5961711406707764,6.70827579498291,0.9359605312347412,1.707679033279419,-1.4954555034637451,4.135997772216797,1.8005039691925049,5.202899932861328,0.7534336447715759,3.4527876377105717,-0.1407170444726944,2.463555097579956,-1.640207290649414,2.62386417388916,-1.7446843385696411,3.02370834350586,1.4658092260360718,3.6396596431732178,-2.567359447479248,5.918936729431152,-0.3149622082710266,3.170297861099243,-0.6608822345733643,5.382792472839356
10,-213.1146545410156,96.2077407836914,-10.054069519042969,36.22060012817383,17.291473388671875,19.841257095336918,8.555513381958008,14.693995475769045,2.1924214363098145,9.172734260559082,-1.149985432624817,9.83523941040039,-1.9422610998153689,10.163765907287598,-0.6484491229057312,10.875646591186523,0.7631633281707764,6.976174354553223,0.537080705165863,2.7537777423858643,-1.6336994171142578,3.2823266983032227,1.4408221244812012,4.132449150085449,-0.7305924892425537,3.726206064224243,0.1797601133584976,1.643892526626587,-1.5310966968536377,2.17380690574646,-1.6780222654342651,2.4907381534576416,1.0562405586242676,4.0924072265625,-2.9766604900360107,6.192779541015625,0.2710092067718506,3.3643248081207275,-1.2656326293945312,4.798352718353272
10,-249.1363067626953,104.39627075195312,-11.628646850585938,28.87274742126465,16.05982208251953,26.081308364868164,14.748563766479492,12.53537940979004,6.161505222320557,10.896693229675291,0.121379368007183,7.731838226318359,-1.041347861289978,10.197954177856444,0.1373274326324463,9.297751426696776,-0.0117440419271588,4.96558952331543,-1.8404195308685305,0.8893799781799316,-1.137240290641785,3.890129566192627,-0.5203912854194641,3.3054845333099365,-1.2140506505966189,4.204258441925049,-2.6082262992858887,2.030344009399414,-2.044806957244873,0.6026225090026855,-1.8397507667541504,2.313338041305542,-3.632441282272339,1.0452492237091064,-2.795620441436768,2.4271183013916016,-2.2577593326568604,1.892203450202942,-1.370691418647766,1.1468514204025269
10,-255.64871215820312,102.8373031616211,-9.03836441040039,26.661720275878903,17.635223388671875,22.822893142700195,14.198195457458496,10.923576354980469,5.970262050628662,10.170294761657717,0.5438125729560852,8.678457260131836,-1.9743186235427856,7.624098777770996,-0.8824573755264282,9.726800918579102,0.2945320308208465,4.548545837402344,-1.1239057779312134,0.6482030749320984,-0.696455717086792,3.459355115890503,-0.2516120374202728,4.289865970611572,-2.135779619216919,4.179547786712647,-2.6842517852783203,0.7853676080703735,-3.005446672439575,0.255729079246521,-1.8096935749053955,2.7440764904022217,-2.9888157844543457,1.6648192405700684,-2.303098201751709,3.4781172275543213,-1.5390324592590332,2.733065128326416,-0.1763323545455932,2.476823091506958
10,-251.51239013671875,99.89306640625,-7.585833549499512,29.018754959106445,22.074308395385746,16.88694953918457,12.145544052124023,9.015924453735352,4.500308036804199,8.594414710998535,0.5409212708473206,9.598772048950195,-2.3594539165496826,7.274813652038574,-2.1292996406555176,9.404374122619627,1.8229984045028689,4.619532108306885,0.3611749708652496,1.5380921363830566,-0.5750985741615295,3.5923423767089844,-0.3882457017898559,4.2129669189453125,-3.910143613815308,5.011528968811035,-2.413797616958618,1.170888900756836,-4.454625606536865,0.2078038901090622,-1.3600841760635376,2.908341407775879,-2.6931352615356445,2.542798519134521,-2.6972639560699463,3.3791496753692627,-1.1982566118240356,3.3042006492614746,0.0178893208503723,4.0059685707092285
10,-250.80062866210935,98.45458984375,-4.176690578460693,30.482744216918945,22.434221267700195,15.0625581741333,13.089666366577148,10.72685432434082,3.627278089523315,8.92284870147705,1.8640379905700684,9.993051528930664,-2.2920258045196533,6.959425926208496,-4.802544593811035,6.982536315917969,1.6946734189987185,4.277517795562744,0.8073084950447083,3.5028016567230225,0.0114945648238062,3.541041374206543,-2.2075650691986084,3.800887107849121,-4.766207695007324,3.8148467540740967,-2.9698376655578613,2.3349173069000244,-3.44014048576355,-1.5117073059082031,-1.351894497871399,3.350871324539185,-2.4978928565979004,2.182044982910156,-3.147627353668213,3.075512170791626,-1.6905783414840698,3.0356123447418213,-0.9392096996307372,3.388290882110596
7,-419.0958251953125,59.85850524902344,-7.475813865661621,-18.59945297241211,-3.059938669204712,9.64100742340088,-8.91519546508789,2.317787408828736,4.731743812561035,8.273967742919922,7.067004680633545,0.4164612293243408,3.610069274902344,10.871870994567873,8.71679401397705,7.66890287399292,4.272655010223389,4.20914888381958,5.902386665344238,2.0731897354125977,-0.55218905210495,-0.0825753659009933,0.9332723617553712,2.045480966567993,0.7095417380332947,1.2802026271820068,1.6786164045333862,0.4133622646331787,2.0936086177825928,3.034182548522949,0.8390458822250366,2.609999179840088,2.387087106704712,3.615445613861084,1.357095718383789,1.6358002424240112,1.191032648086548,2.034966230392456,1.6051772832870483,2.278030633926392
7,-456.813232421875,79.4486312866211,11.733840942382812,-14.980581283569336,-2.555586099624634,7.572989463806152,-5.789755821228027,5.816566467285156,3.1340367794036865,6.215411186218262,3.80355715751648,1.1699864864349363,3.161861658096313,12.615283966064451,11.066556930541992,10.985421180725098,7.701107025146484,1.6765108108520508,1.927257776260376,-1.715369462966919,0.3622418940067291,2.52960205078125,0.1741265058517456,1.9400829076766968,-0.8166643381118774,0.7473929524421692,0.3427080512046814,1.6291543245315552,2.699085235595703,3.6021859645843506,-0.4264320731163025,1.9613003730773928,1.819743037223816,3.2333426475524902,1.738602638244629,2.1171751022338867,-0.6810810565948486,0.7380087375640869,0.1746693253517151,3.3033955097198486
7,-469.8658447265625,83.1312255859375,23.56568145751953,1.9871028661727903,2.0321977138519287,10.355351448059082,-7.409945964813232,-2.824625015258789,-1.6144732236862185,0.5809807777404785,3.5347096920013428,-2.5683934688568115,-2.520519733428955,3.625584125518799,4.539376258850098,3.663571119308472,3.582497358322144,3.436033010482788,5.488052845001221,2.295999765396118,-2.023167371749878,-1.8513624668121336,-1.7983174324035645,-0.7236600518226624,-0.8214342594146729,-0.6957913637161255,-1.4215699434280396,-0.7667562961578369,2.62933087348938,4.574852466583252,1.983748435974121,2.936702013015747,1.799931883811951,2.023446559906006,2.0118870735168457,1.8592058420181277,1.4661004543304443,0.7283146977424622,0.3252087235450744,0.7874093651771545
10,-352.1507873535156,130.8780059814453,-10.264666557312012,27.0585994720459,-5.644078254699707,14.091556549072266,-4.39446496963501,10.32894802093506,7.201902389526367,3.7631328105926514,-2.041979551315308,7.899474143981934,-11.422359466552734,-0.7692458033561707,-7.266920566558838,2.729031801223755,-6.48114538192749,2.560243368148804,-1.268276929855347,4.322522163391113,-6.883426189422607,0.4184841215610504,1.0167040824890137,3.1858129501342773,-5.049790382385254,4.582415580749512,-4.658773899078369,-2.612623691558838,-6.259168148040772,-2.307179450988769,-8.198576927185059,-1.1994904279708862,-3.999128818511963,-4.040117263793945,-7.125536918640137,-0.8595355153083801,-5.381053447723389,-0.5865733623504639,-2.8010189533233643,-0.5230675339698792
10,-352.3315124511719,130.40347290039062,-10.349177360534668,27.359899520874023,-5.503832340240479,14.10427474975586,-4.220587253570557,10.361084938049316,7.927762508392334,3.140260934829712,-2.308323860168457,7.665193557739258,-11.385520935058594,-0.3708494901657104,-7.4613165855407715,1.5729846954345703,-6.269530773162842,2.518467426300049,-1.870864748954773,4.949337482452393,-6.58939790725708,0.4487480223178863,1.4764142036437988,3.008699417114258,-4.782655715942383,4.592454433441162,-4.829115867614746,-2.027028083801269,-6.275263786315918,-2.800611734390259,-8.178523063659668,-1.5279754400253296,-4.354540824890137,-4.076666355133057,-7.460856914520264,-0.9354642033576964,-4.732103824615479,-0.0522139221429824,-3.044980525970459,-0.1232322081923484
10,-351.8602905273437,130.31336975097656,-10.934962272644045,27.993223190307617,-6.02918815612793,14.199583053588867,-4.374244213104248,10.55222511291504,7.956562519073486,3.508264780044556,-2.355106830596924,7.606004238128662,-11.733095169067385,0.037250205874443,-7.786534786224365,1.0791691541671753,-6.216078758239746,2.435998678207397,-2.355004072189331,4.673090934753418,-6.363429546356201,0.433062881231308,1.7262393236160278,2.96780014038086,-4.837393760681152,4.2780280113220215,-5.02977180480957,-2.043764114379883,-6.526820182800293,-2.812584638595581,-7.787312507629394,-1.2911778688430786,-3.8308839797973633,-3.617185115814209,-7.535163879394531,-1.2623153924942017,-5.066499710083008,0.0811597257852554,-3.6628339290618896,-0.1035706177353859
9,-405.2095947265625,186.46397399902344,16.40548324584961,-12.584328651428224,-9.446724891662598,-5.840932369232178,-29.911413192749023,-12.297719955444336,-6.420879364013672,-7.109440326690674,-5.719967842102051,3.825628042221069,3.056891202926636,3.566153049468994,-1.525421142578125,3.8055145740509033,6.155532836914063,4.169493198394775,8.878887176513672,8.444868087768555,2.395724058151245,4.626838684082031,6.215473651885986,-3.3049607276916504,-4.888845443725586,-1.707600712776184,0.0405340641736984,-2.048080921173096,-1.611788630485535,-2.6614880561828613,-0.482442170381546,-1.7896029949188232,2.14884877204895,2.058635234832764,-0.7778191566467285,0.4465697109699249,0.6925552487373352,0.9437678456306458,-0.461457759141922,3.3815486431121826
9,-402.6112060546875,149.99449157714844,-9.959136962890623,-2.9109809398651123,-6.530219554901123,8.24902057647705,-15.358506202697754,-1.3641866445541382,4.9356889724731445,0.3648168742656708,-3.611992835998535,7.404914855957031,-3.316319227218628,-6.989936828613281,-7.20134162902832,11.83624267578125,18.120969772338867,8.582502365112305,7.423778533935547,6.7450337409973145,-5.911999702453613,-7.437031745910644,0.2608920633792877,3.263658285140991,-2.7456705570220947,-2.310521125793457,4.632899761199951,-1.088410496711731,-0.8589407801628113,3.180727005004883,-4.407125949859619,-4.978776454925537,5.272972106933594,1.8769222497940063,3.1337926387786865,4.421806335449219,-2.262085437774658,2.726902961730957,2.765305280685425,-6.3158955574035645
9,-336.0839538574219,135.79019165039062,33.377079010009766,11.39706039428711,10.764519691467283,32.25653076171875,26.2474422454834,29.90500259399414,21.356239318847656,24.54570960998535,17.082677841186523,20.58107185363769,8.960419654846191,14.080345153808594,2.64347243309021,1.6072008609771729,-4.540770053863525,4.239988327026367,4.856654644012451,3.840240955352783,-2.9271812438964844,3.0716655254364014,-2.496418237686157,2.7698800563812256,-2.5059540271759038,1.793247938156128,-5.264153003692627,1.1443620920181274,-6.885451316833496,-1.296944499015808,-4.323688983917236,0.3887791633605957,-3.460822582244873,0.3287214934825897,-4.014444351196289,-2.981203556060791,-3.573036193847656,1.4244675636291504,-3.080988645553589,2.0533125400543213
9,-335.60125732421875,135.84893798828125,34.10881042480469,10.597633361816406,10.819095611572266,31.981958389282227,26.790496826171875,30.56074523925781,21.465686798095703,24.580705642700195,17.273740768432617,20.57703018188477,8.746175765991211,14.294898986816406,3.289291858673096,0.8072513341903687,-3.866316795349121,3.586205005645752,4.009830474853516,2.9911930561065674,-2.0412676334381104,3.8338043689727774,-2.8765628337860107,2.243258237838745,-2.490358829498291,3.153576135635376,-5.979571342468262,1.431806206703186,-7.495968341827393,-0.8218101263046265,-4.688206195831299,-0.0027266044635325,-3.026101589202881,0.0436283461749553,-3.4729392528533936,-2.6398441791534424,-3.875018358230591,1.1597224473953247,-3.011721134185791,2.454264879226685
9,-335.266357421875,136.5736541748047,33.47854232788086,10.498743057250977,10.93461799621582,32.31856155395508,27.056394577026367,30.356914520263672,20.92149353027344,24.79977035522461,17.69394874572754,20.68941307067871,8.717552185058594,14.819056510925291,3.361847400665283,0.5807150602340698,-3.952362537384033,3.4522063732147217,3.342916250228882,2.339862108230591,-2.304295778274536,3.529257297515869,-2.706815242767334,2.279659986495972,-2.396159410476685,3.332526683807373,-6.175225257873535,1.0642637014389038,-6.985516548156738,-0.7578588724136353,-4.731869220733643,-0.0745480507612228,-2.6816577911376958,0.2003856301307678,-3.287635326385498,-2.602467536926269,-4.279829025268555,0.8460513353347778,-2.910820722579956,3.0561344623565674
9,-335.28466796875,135.94985961914062,33.24198532104492,10.309525489807127,11.068028450012209,31.92057037353516,27.248136520385746,30.59619903564453,20.805709838867188,25.38789939880371,16.997434616088867,20.30693626403809,9.005355834960938,14.921392440795898,3.809227466583252,1.0464390516281128,-4.410666465759277,3.806167125701904,3.83125901222229,2.30450177192688,-2.4299800395965576,2.879412174224853,-2.608211040496826,2.103158950805664,-2.6374754905700684,2.764784336090088,-6.3963727951049805,0.985442876815796,-6.709567070007324,-0.918196141719818,-4.996836185455322,-0.148132786154747,-2.9339637756347656,0.3216190338134765,-3.03468918800354,-2.382736921310425,-4.079965591430664,0.9552347660064696,-2.9456653594970703,3.7423715591430655
9,-335.3636474609375,135.45057678222656,33.0410041809082,11.405412673950195,11.536581993103027,31.77521514892578,26.55721664428711,30.979833602905277,20.60479164123535,25.16997337341309,16.742847442626953,20.79265594482422,8.835210800170898,14.665515899658203,3.91483998298645,0.4459052085876465,-4.982381343841553,3.7778143882751465,4.403555393218994,2.5776236057281494,-2.516925811767578,2.4615440368652344,-2.5882315635681152,1.9234405755996704,-2.5419936180114746,2.511082649230957,-6.116428375244141,1.8951287269592283,-6.661463737487793,-0.8091526031494141,-5.4106221199035645,-0.1789036393165588,-3.0862176418304443,-0.3036196529865265,-2.857143878936768,-2.4085187911987305,-3.77522349357605,0.7481761574745178,-2.4828760623931885,3.2050235271453857
9,-334.53472900390625,134.8575439453125,33.012020111083984,11.42446994781494,12.020770072937012,31.706043243408203,25.743186950683597,30.77565574645996,20.972848892211918,24.945417404174805,17.35849952697754,20.991117477416992,8.20128059387207,15.078866958618164,3.905236005783081,0.3604388833045959,-4.805578708648682,3.5333669185638428,4.636439800262451,3.087583065032959,-2.276696920394897,2.358725547790528,-2.5884790420532227,2.338622093200684,-2.6407313346862797,2.324542760848999,-6.124150276184082,1.6868596076965332,-6.407754421234131,-0.5689246654510498,-5.273313522338867,-0.0853715240955352,-2.927699565887451,-0.982240915298462,-2.151665687561035,-2.59270453453064,-4.213250637054443,0.6085852384567261,-1.931417465209961,2.4075095653533936
9,-334.6544189453125,135.13543701171875,33.04115295410156,12.379294395446776,11.279980659484863,31.80028533935547,25.742164611816406,30.073755264282227,20.753854751586918,24.89666557312012,16.75368881225586,21.450164794921875,8.42604923248291,14.81106185913086,3.53523588180542,0.6717463731765747,-4.918342113494873,3.819079399108887,4.520672798156738,3.213416337966919,-2.148155689239502,2.809516668319702,-2.5109689235687256,3.121968030929565,-2.777509450912476,2.432080030441284,-6.675501823425293,0.7405833005905151,-6.547798156738281,-1.1965886354446411,-5.014091491699219,0.2791649401187897,-2.972205400466919,-0.6000529527664185,-2.4087371826171875,-2.347536563873291,-4.187113285064697,0.6989863514900208,-1.777443766593933,2.928741931915283
9,-200.6699981689453,76.99996948242188,-45.55084228515625,3.8178961277008057,-18.04374313354492,16.844112396240234,-5.64605712890625,-4.233517169952393,5.213326454162598,7.3792195320129395,-1.6696597337722778,-0.0493412353098392,-8.142274856567383,-1.504105567932129,-2.1388180255889893,5.299079895019531,-3.1068129539489746,8.114958763122559,-2.434542179107666,3.676563024520874,7.722896099090576,0.5736181139945984,-7.062027454376221,4.391654014587402,2.143640756607056,10.389159202575684,-0.2765124440193176,1.8611475229263303,-1.7909585237503052,1.9528158903121948,-2.4202468395233154,-2.751578092575073,1.0716556310653689,6.823349475860596,-3.3660924434661865,5.034571170806885,1.3490699529647827,9.207414627075195,-2.154857397079468,-1.2593523263931274
9,-189.46902465820312,81.03440856933594,-47.067996978759766,1.036840319633484,-21.663780212402344,15.583958625793455,-5.000262260437012,-4.001837253570557,3.797565698623657,7.212951183319092,-2.7349839210510254,-0.2103142440319061,-8.44253921508789,-1.427111268043518,-1.1944104433059692,4.904294490814209,-2.330840587615967,7.938784122467041,-2.354294538497925,1.8680963516235352,6.840878009796143,1.476948380470276,-5.731541156768799,4.919732570648193,2.358426570892334,8.552528381347656,-0.9178832173347472,2.6554880142211914,-1.388801336288452,3.2870895862579346,-2.559241533279419,-2.495742082595825,0.5807401537895203,6.00454568862915,-3.58786940574646,4.927454471588135,1.767124056816101,8.672470092773438,-1.3084440231323242,0.2113597691059112
9,-179.12576293945312,86.49675750732422,-46.1727294921875,-0.0865470767021179,-23.514938354492188,14.968558311462402,-4.967750072479248,-3.9849352836608887,1.127893567085266,5.187737941741943,-3.978803396224976,0.4029178619384765,-7.701954364776611,-1.426037073135376,-0.9764668941497804,3.866430282592773,-3.8453891277313232,7.80738353729248,-2.573646545410156,0.3626008331775665,6.430534839630127,1.8361371755599976,-5.267268180847168,4.63671875,1.3187949657440186,7.014984130859375,-0.9112492203712464,3.794546842575073,-0.5246159434318542,5.187057971954346,-2.049384593963623,-2.227071523666382,0.82052081823349,5.236286640167236,-3.903007030487061,5.622921466827393,1.3950797319412231,7.902449607849121,-1.9288870096206665,0.368559718132019
9,-177.1365509033203,93.14102935791016,-41.43505859375,0.3529027700424194,-25.373029708862305,11.087159156799316,-6.514716148376465,-5.150165557861328,0.2262319475412368,3.963910579681397,-2.171682357788086,3.313990592956543,-6.193419456481934,-2.199729681015014,-2.120533943176269,2.743342876434326,-5.434864044189453,7.329333782196045,-3.7076148986816406,0.0326736867427825,4.886058807373047,1.6035526990890503,-4.452467918395996,3.4485414028167725,0.2633077800273895,6.891923427581787,-1.688949704170227,3.4036874771118164,0.6569955348968506,5.472286701202393,-2.062779903411865,-2.425431728363037,0.4565889537334442,4.873948574066162,-3.957499027252197,5.652729511260986,0.4703988432884216,7.2319111824035645,-2.0205044746398926,1.4144781827926636
9,-180.23182678222656,94.7520523071289,-43.13883590698242,-1.7820239067077637,-24.19965362548828,11.454102516174316,-6.08732271194458,-5.166614055633545,2.412250280380249,6.27058744430542,-0.0828533917665481,4.293078899383545,-7.967190742492676,-3.6614201068878174,-3.5533969402313232,2.5023789405822754,-2.4591166973114014,8.884712219238281,-4.540637493133545,-0.0987260937690734,3.7457664012908936,2.0099802017211914,-3.822545766830444,1.4836000204086304,-2.2162115573883057,6.496152877807617,-1.3204275369644165,3.2991714477539062,-1.1383243799209597,2.341925621032715,-2.909951686859131,-0.8298462629318237,0.6617425680160522,5.07072639465332,-3.7554197311401367,4.655246257781982,-0.2173312902450561,5.8280558586120605,-1.7071690559387207,2.2987759113311768
9,-192.44064331054688,86.32576751708984,-45.22299575805664,0.8456976413726807,-21.12019157409668,13.17093276977539,-5.483879089355469,-4.702678203582764,6.193073749542236,8.451001167297363,-1.3977283239364624,4.619679927825928,-7.972989082336426,-3.622502565383911,-3.8789916038513184,2.1310911178588867,-1.2204525470733645,11.396512985229492,-3.3421497344970703,0.5227510929107666,4.894895553588867,2.49613618850708,-3.7631032466888423,2.606207609176636,-1.074007272720337,7.183998107910156,-0.9877602458000184,3.2975001335144043,-1.9200843572616575,1.488300085067749,-3.1742238998413086,-0.1537302732467651,1.6210967302322388,5.52379322052002,-3.811385154724121,4.83684778213501,-0.22386434674263,5.562662601470947,-2.3294014930725098,2.3976473808288574
9,-208.74490356445312,76.45901489257812,-40.96532440185547,6.318599224090576,-19.57212829589844,11.399267196655272,-5.312449932098389,-3.614109516143799,6.423497676849365,8.12901496887207,-1.7367656230926514,5.048027038574219,-4.778338432312012,-1.85749351978302,-3.7770283222198486,1.8451640605926516,-2.591890335083008,11.488255500793455,-1.991226077079773,2.129948139190674,6.585006713867188,1.898344039916992,-4.804340839385986,5.064801692962647,2.9192562103271484,8.757165908813477,-1.5563989877700806,2.748626470565796,-0.9819605946540833,2.3471474647521973,-4.203270435333252,-2.3430161476135254,1.49202561378479,6.247585296630859,-2.996605396270752,6.353652000427246,1.1198254823684692,6.323295593261719,-2.5117406845092773,1.6212729215621948
5,-90.49432373046876,140.3820037841797,-35.46006774902344,-5.541667461395264,-15.607537269592283,-4.971405982971191,-10.950538635253906,-3.546394824981689,-15.175820350646973,-6.681293964385986,-10.273248672485352,-0.4280426800251007,-5.213759422302246,-3.7713468074798575,-11.3214111328125,-6.301433086395264,-12.328363418579102,-1.2399961948394775,-7.308390617370605,0.5002308487892151,-12.859047889709473,-6.917829513549805,-8.791410446166992,4.319069862365723,5.820586204528809,17.231658935546875,6.088512897491455,3.821267127990722,-5.329310417175293,2.0624520778656006,3.328667640686035,9.187012672424316,1.8366717100143437,-2.4271161556243896,-6.087993621826172,-0.2718340456485748,2.1027073860168457,3.852335214614868,-1.6386767625808716,-3.1909780502319336
5,-90.66075134277344,139.57521057128906,-35.28120040893555,-5.26961612701416,-14.997733116149902,-5.100201606750488,-10.461761474609377,-3.528548240661621,-15.420621871948242,-7.461129188537598,-10.690255165100098,-0.5638118982315063,-4.972649097442627,-3.107717514038086,-11.324951171875,-6.455477714538574,-12.116796493530272,-1.2361012697219849,-7.229220390319824,0.3096100389957428,-12.574345588684082,-6.539506435394287,-8.771355628967285,4.818636894226074,6.194819927215576,17.933935165405273,6.396810531616211,3.3744447231292725,-5.813817977905273,2.126497983932495,3.5011260509490967,9.456986427307127,1.8114535808563232,-2.6778039932250977,-6.62091875076294,-0.0799082964658737,2.636836528778076,3.7127082347869873,-1.818886160850525,-3.3903751373291016
5,-89.68560028076172,140.26087951660156,-34.92871856689453,-4.5759053230285645,-14.020174980163574,-4.943380832672119,-10.001838684082031,-3.414820432662964,-14.80884075164795,-6.754912376403809,-9.876612663269045,-0.5521208643913269,-5.081428527832031,-3.106829881668091,-12.086535453796388,-6.483020305633545,-11.325780868530272,-0.7398344874382019,-7.280811309814453,0.2318028807640075,-12.30037784576416,-7.102821826934815,-9.554317474365234,4.299654960632324,5.518320083618164,17.868227005004883,5.983982563018799,4.997385501861572,-5.31977653503418,3.148836851119995,4.224344730377197,8.784444808959961,1.3298057317733765,-3.3266806602478027,-7.213473320007324,-0.3981759250164032,2.695382595062256,3.632433652877808,-1.3866361379623413,-2.572373628616333
5,-90.5563735961914,139.39404296875,-34.768978118896484,-5.300445556640625,-14.122987747192385,-5.4244771003723145,-10.32565975189209,-3.4337546825408936,-14.81350040435791,-6.766349792480469,-10.112966537475586,-1.3952001333236694,-5.765206336975098,-3.623832225799561,-12.35787582397461,-6.512922286987305,-12.063273429870604,-1.3890767097473145,-7.58406925201416,-0.2653818428516388,-12.57463264465332,-6.840358734130859,-9.322863578796388,4.790302276611328,5.866893291473389,17.587295532226562,5.913497447967529,4.724875450134277,-5.166332244873047,3.4246129989624023,4.247735977172852,8.870810508728027,1.7525850534439087,-3.1699748039245605,-6.954536437988281,-0.792887806892395,2.130147695541382,3.2745249271392822,-1.2408790588378906,-2.785892963409424
5,-89.94808197021484,138.955322265625,-34.30093765258789,-5.299009323120117,-13.891345024108888,-5.428671360015869,-10.196163177490234,-3.476082801818848,-15.055562019348145,-6.918536186218262,-10.280588150024414,-1.2548223733901978,-5.954437255859375,-3.469224214553833,-12.055377960205078,-6.586906909942627,-12.016971588134766,-1.7247861623764038,-7.634778499603271,-0.1297333538532257,-12.59762477874756,-6.5370612144470215,-9.058841705322266,5.15053129196167,5.52940559387207,17.181781768798828,6.2119140625,4.138156890869141,-5.777505397796631,3.0619611740112305,4.054231643676758,8.481789588928223,1.5224167108535769,-3.462871551513672,-7.26180362701416,-1.139878273010254,2.149544239044189,3.3669521808624268,-1.5633265972137451,-2.998465061187744
5,-88.94955444335938,139.5279083251953,-34.744049072265625,-5.380367755889893,-13.731730461120604,-5.06847095489502,-10.089129447937012,-4.138283729553223,-15.4537992477417,-6.650091648101807,-9.591428756713867,0.1936947554349899,-4.9380621910095215,-3.132931470870972,-12.039130210876465,-6.269414901733398,-11.301224708557127,-1.1019607782363892,-7.93531322479248,-0.1658510863780975,-12.576448440551758,-6.223958969116211,-8.913451194763184,5.05197811126709,5.714858055114746,17.904836654663086,6.238063812255859,3.853443384170532,-6.062354564666748,2.6274659633636475,3.623913049697876,7.851712226867676,1.0795412063598633,-3.3153107166290283,-6.886050701141357,-0.2092254310846328,3.0687265396118164,3.985450983047485,-1.369813084602356,-2.9524383544921875
5,-89.36843872070312,139.0936279296875,-35.58491134643555,-5.4204277992248535,-14.319380760192873,-5.073692321777344,-10.501073837280272,-4.29858922958374,-15.362310409545898,-6.909580707550049,-9.784875869750977,0.388742446899414,-4.109132289886475,-2.62953519821167,-11.651963233947754,-5.83635950088501,-11.126002311706545,-0.945775270462036,-7.637706756591797,0.0517399832606315,-12.237349510192873,-6.308316230773926,-8.954306602478027,4.719020843505859,5.57935905456543,17.648889541625977,5.966309070587158,3.903937339782715,-5.762258052825928,2.5344481468200684,3.3080358505249023,7.95132303237915,1.344711422920227,-2.5035533905029297,-6.579673767089844,-0.0857403576374054,2.571802854537964,3.8268308639526367,-1.3820974826812744,-2.5642640590667725
5,-90.1392822265625,138.82144165039062,-35.72658157348633,-5.150364398956299,-15.129149436950684,-5.586270332336426,-10.32310962677002,-3.646826982498169,-15.0299711227417,-6.895386219024658,-10.286880493164062,-0.1765608191490173,-4.467450141906738,-2.4785473346710205,-11.286389350891112,-5.8623046875,-11.2028169631958,-0.9652196764945984,-7.085543632507324,0.4260655641555786,-12.046119689941406,-6.87801456451416,-9.293135643005373,4.547250270843506,5.33552885055542,16.949199676513672,5.691246032714844,3.817126035690308,-5.728054046630859,2.014179944992065,3.2916760444641118,7.994402885437012,1.2906029224395752,-2.0944318771362305,-6.800782680511475,-0.795630931854248,2.030465841293335,3.454331636428833,-1.2758411169052124,-2.6049745082855225
5,-90.55279541015624,139.20388793945312,-36.121238708496094,-4.665564060211182,-14.724260330200195,-5.573254108428955,-10.114614486694336,-3.604551553726196,-15.029452323913574,-8.011098861694336,-10.897455215454102,-1.1688759326934814,-5.547089576721191,-3.572399377822876,-11.348593711853027,-6.2353196144104,-11.756861686706545,-1.2831408977508545,-7.445071220397949,0.1150922626256942,-12.925704956054688,-6.499908447265625,-8.856744766235352,4.797640800476074,6.192426681518555,17.571308135986328,5.98748254776001,3.5490481853485107,-5.415888786315918,2.807502269744873,3.830804109573364,9.348092079162598,1.4990296363830566,-3.185335636138916,-7.031260013580322,-0.39291712641716,2.9012115001678467,3.504980564117432,-1.8843969106674197,-3.6609020233154297
5,-89.69329833984375,139.74655151367188,-36.529518127441406,-4.745789527893066,-14.470817565917969,-5.2677388191223145,-9.867798805236816,-3.631046056747437,-14.758910179138184,-7.363853454589844,-10.440446853637695,-1.105199694633484,-5.289795398712158,-4.119330406188965,-11.677989959716797,-6.639013290405273,-11.884398460388184,-1.2352951765060425,-7.558161735534668,0.0376653298735618,-12.912240982055664,-6.466361999511719,-8.874370574951172,4.500817775726318,5.595860958099365,17.200504302978516,6.129885673522949,4.193750858306885,-4.863471031188965,3.0915448665618896,3.838387966156006,9.238469123840332,2.035220146179199,-2.9634783267974854,-6.774693489074707,-0.5022114515304565,2.8858625888824463,3.904276371002197,-1.1407495737075806,-3.3394775390625
5,-90.09605407714844,139.16746520996094,-36.81370162963867,-5.709350109100342,-14.912270545959473,-5.27493143081665,-9.913708686828612,-3.329022169113159,-14.4475679397583,-6.757983207702637,-10.209819793701172,-0.9900025725364684,-4.582058429718018,-3.148214817047119,-11.403746604919434,-6.690367698669434,-11.959513664245604,-1.1092592477798462,-7.199896812438965,0.4562813341617584,-12.267942428588867,-6.846545696258545,-9.333765983581545,4.043023109436035,4.901264667510986,17.04235076904297,6.096089839935303,4.349978923797607,-5.114362716674805,2.992396116256714,3.8244149684906006,8.91750717163086,2.2335140705108643,-2.679455280303955,-6.671243667602539,0.1088203489780426,2.994004487991333,4.414986610412598,-0.698053777217865,-2.8066349029541016
5,-90.00708770751953,139.5037078857422,-35.64595031738281,-5.248536109924316,-15.228650093078612,-5.659735679626465,-10.356188774108888,-3.4516842365264893,-14.58514404296875,-6.857684135437012,-10.616398811340332,-0.7074148058891296,-5.051041126251221,-2.804731130599976,-11.846206665039062,-6.759460926055908,-12.082334518432615,-1.2154688835144043,-7.788500785827637,0.3438455164432525,-12.62549114227295,-7.110579967498779,-9.431214332580566,4.540856838226318,4.907671928405762,17.063854217529297,5.762011528015137,4.284656047821045,-5.3251633644104,3.4096248149871826,3.883204460144043,8.458849906921387,1.408785104751587,-3.19892954826355,-6.889495372772217,0.0207061003893613,3.115370512008667,3.9290051460266113,-1.0878443717956543,-2.8925323486328125
5,-89.57429504394531,139.74942016601562,-34.69308853149414,-5.174051284790039,-14.900588035583496,-6.145370960235596,-10.650155067443848,-4.200750350952148,-14.798124313354492,-7.071621894836426,-10.523407936096191,-0.5987305641174316,-4.889098644256592,-3.0318102836608887,-12.257963180541992,-6.9670186042785645,-12.347887992858888,-1.5828166007995603,-7.938782691955566,0.349240779876709,-12.713449478149414,-6.9758782386779785,-9.60958480834961,5.171597003936768,5.396900177001953,17.126888275146484,5.650622367858887,3.732002019882202,-5.864960670471191,3.109428882598877,3.7914493083953857,8.47990894317627,1.3412928581237793,-3.0004220008850098,-6.870483875274658,-0.6144999861717224,3.0839593410491943,3.518754005432129,-1.298978567123413,-3.216746091842652
5,-89.3212661743164,139.32760620117188,-34.838966369628906,-4.752098560333252,-14.195298194885254,-5.72386646270752,-10.261738777160645,-3.7698488235473633,-15.15694808959961,-6.862332820892334,-10.043526649475098,-0.3419975638389587,-4.528362274169922,-2.5147225856781006,-11.490155220031738,-6.40700626373291,-12.383831024169922,-1.2283557653427124,-7.533187389373779,0.3406805992126465,-12.734487533569336,-7.161970138549805,-10.094097137451172,5.00785493850708,5.562785625457764,17.449722290039062,5.75766134262085,4.428900718688965,-5.394008159637451,2.874018907546997,3.472947597503662,8.313931465148926,1.3691521883010864,-2.509160280227661,-6.731714248657227,-0.8637126684188843,2.7936668395996094,3.5895023345947266,-1.1206846237182615,-3.034080982208252
5,-89.31249237060547,139.27540588378906,-34.64458084106445,-4.133391857147217,-13.649687767028809,-4.98951530456543,-9.7001371383667,-3.260685682296753,-15.528667449951172,-6.732312679290772,-9.865708351135254,0.232888787984848,-4.875148296356201,-2.654437065124512,-11.3782377243042,-5.9754319190979,-12.130650520324709,-1.1264114379882812,-8.04094409942627,-0.1000483632087707,-12.804673194885254,-6.96366548538208,-9.978300094604492,5.268317699432373,5.970391273498535,17.618003845214844,5.928360939025879,4.673206329345703,-5.527404308319092,2.557807922363281,2.647326946258545,7.666778564453125,0.9940229058265686,-2.965763807296753,-6.689592361450195,-0.4282816648483276,3.176489353179932,3.598881959915161,-1.3143012523651123,-3.0375750064849854
5,-89.58716583251953,139.83876037597656,-34.77132797241211,-3.724363088607788,-13.571876525878906,-4.7137131690979,-9.640666007995604,-3.088590621948242,-14.929828643798828,-6.869857311248779,-10.289998054504396,-0.2139301598072052,-5.232806205749512,-3.196221351623535,-11.993491172790527,-6.3500494956970215,-11.717485427856444,-0.8089866042137146,-7.866124153137207,0.3746831715106964,-12.536649703979492,-6.793224334716797,-9.748129844665527,4.850387573242188,5.422481060028076,17.50994110107422,5.760387420654297,4.415511131286621,-6.078247547149658,2.7216598987579346,3.296088933944702,8.146993637084961,0.9478528499603271,-3.452520608901977,-7.320452690124512,-0.3917959034442901,3.0826804637908936,3.786670207977295,-1.827991247177124,-3.013117551803589
5,-259.9762268066406,129.63685607910156,-18.558218002319336,28.402650833129883,-5.6545186042785645,16.967588424682617,5.299627780914307,6.303441524505615,3.6123766899108887,1.5628411769866943,-0.3873206973075866,1.1707665920257568,-0.3544062077999115,10.024909973144531,-0.2225449532270431,3.3006153106689453,-9.75816535949707,-3.4329981803894043,-8.299063682556152,2.8660738468170166,-5.365990161895752,-4.169746398925781,-11.28505039215088,0.8215479254722595,-2.8912832736968994,0.5234614610671997,-4.539179801940918,5.27353048324585,-1.816509485244751,-5.732619285583496,-8.866774559020996,2.50950288772583,-2.3375799655914307,-2.4964115619659424,-3.7770426273345943,-0.4091742634773254,-6.725009918212891,0.0865279585123062,3.455332040786743,1.5787992477416992
8,-264.1044616699219,58.18426132202149,-12.498343467712402,-34.380592346191406,-52.47383499145508,50.92021560668945,26.003171920776367,37.25967025756836,1.360336422920227,2.9657440185546875,-7.617602348327637,18.588916778564453,10.69013500213623,7.187910079956055,-9.784995079040527,5.180479049682617,-4.99169397354126,10.873918533325195,7.584451675415039,11.734244346618652,1.6323308944702148,-0.5318501591682434,-1.3858507871627808,0.620928168296814,-1.4570043087005615,6.761326313018799,-0.3635897040367126,6.456454277038574,2.2612621784210205,8.234869956970215,1.0006496906280518,4.8125739097595215,-4.381691932678223,-0.1096945777535438,-3.121328830718994,4.0423583984375,2.096076011657715,6.352184295654297,0.3316088020801544,2.775691270828247
8,-265.0702819824219,59.57281875610352,-12.052923202514648,-34.12512969970703,-50.83417510986328,50.080326080322266,27.04512596130371,37.53522491455078,0.4737661778926849,2.2476203441619877,-7.126248836517334,18.976362228393555,10.48770809173584,8.123682022094727,-9.667075157165527,4.532774448394775,-5.671212673187256,10.62185001373291,7.377377033233643,11.445881843566896,1.7958168983459473,-0.3876160085201263,-1.5150028467178345,0.2267254143953323,-1.96723747253418,6.233124732971191,-0.4473627209663391,6.404087543487549,2.5382080078125,8.286979675292969,1.3364063501358032,4.995461463928223,-4.148632526397705,-0.2738237380981445,-3.167153835296631,3.75651216506958,1.1287972927093506,5.68563985824585,-0.1261181533336639,2.4006383419036865
8,-267.0577697753906,56.06031036376953,-14.367419242858888,-33.73464584350586,-50.02386474609375,55.33956146240234,31.1822452545166,40.61458587646485,3.5605711936950684,3.439703226089477,-7.848876953125,16.975631713867188,8.534748077392578,5.181883811950684,-12.359436988830566,3.556718349456787,-6.574609756469727,11.18824291229248,8.676076889038086,12.738027572631836,3.1887729167938232,0.9046792984008788,-0.0831423178315162,0.3890483975410461,-2.983242511749268,5.6061625480651855,-1.2173157930374146,5.392657279968262,1.6444377899169922,8.617805480957031,1.7881494760513306,5.721617698669434,-3.914085149765015,-0.0939090028405189,-2.69032883644104,4.492143630981445,1.086483597755432,5.903625965118408,-0.1830947548151016,2.386331796646118
8,-257.9281921386719,55.96644592285156,-11.91610050201416,-33.931854248046875,-49.57172393798828,46.41124725341797,27.511070251464844,34.69477462768555,0.6218034029006958,0.8572158217430115,-5.6255364418029785,17.529521942138672,11.861692428588867,6.931737899780273,-8.001583099365234,5.032097339630127,-3.438683271408081,12.190120697021484,9.455033302307127,11.72128200531006,3.128863573074341,-0.5292564034461975,-1.3547306060791016,-0.9069830179214478,-2.542428970336914,5.134588718414307,-0.5349751114845276,7.324169158935547,3.2559807300567627,10.183770179748535,4.064794063568115,6.302783966064453,-3.245803117752075,0.7595205903053284,-3.135960102081299,3.9831790924072266,1.044607400894165,4.82257890701294,-0.9917738437652588,2.6589839458465576
7,-169.13169860839844,89.93846893310547,51.30351257324219,21.190553665161133,11.525961875915527,1.3046096563339231,5.851198196411133,27.35125160217285,0.2862559556961059,12.974950790405272,7.404842376708984,8.208051681518555,2.8131017684936523,-4.941151142120361,-0.1860737055540084,-2.068708896636963,-12.71611785888672,1.7041538953781128,-8.430152893066406,-0.4303314089775085,-10.348234176635742,5.206510543823242,-4.321385860443115,-1.480333924293518,-2.013782024383545,-2.139413833618164,-3.007366895675659,-3.604562282562256,-2.551835775375366,0.4087227284908294,-3.078739881515503,0.9360246658325196,1.373220443725586,1.0968774557113647,-7.080310821533203,-0.7912946939468384,-7.352530479431152,0.9508559107780457,-1.392242431640625,2.182003259658813
7,-169.18955993652344,91.59139251708984,51.39891052246094,22.745399475097656,11.37531852722168,1.293947458267212,5.198712348937988,28.11851119995117,-0.1533548980951309,13.381731033325195,5.871870994567871,7.913166522979736,1.1361517906188965,-7.103877067565918,-1.4122967720031738,-4.347529411315918,-12.844112396240234,2.9418179988861084,-7.552251815795898,0.6451313495635986,-10.621829986572266,5.838321208953857,-4.663525581359863,-2.770781278610229,-3.227372646331787,-1.5818506479263306,-0.8220227360725403,-2.6439201831817627,-0.7469491362571716,0.5886633396148682,-4.283866882324219,0.802893340587616,-0.0812624916434288,-0.3670568764209747,-6.849790096282959,-0.5676132440567017,-7.40543794631958,0.4105351269245147,-1.7445344924926758,1.0204834938049316
7,-190.34732055664065,89.63055419921875,50.967044830322266,22.28453826904297,11.979742050170898,1.9490209817886357,5.404002666473389,27.96697235107422,-1.389535903930664,13.219393730163574,7.024104118347168,6.583066463470459,-0.111495703458786,-9.218685150146484,-2.935704231262207,-6.001925468444824,-12.043097496032717,2.574704885482788,-7.847742557525635,1.164541721343994,-11.565508842468262,4.746664524078369,-5.189775466918945,-4.867798328399658,-4.407943248748779,-2.34341049194336,0.2803293764591217,-2.4484519958496094,-0.0183587931096553,-0.1192885786294937,-5.869750499725342,2.051072120666504,-1.0723559856414795,-0.5801332592964172,-7.071629047393799,1.759220838546753,-6.961200714111328,-0.1984004229307174,-1.379520297050476,0.175281286239624
7,-203.1043243408203,83.99673461914062,47.55991363525391,18.35780143737793,11.61843967437744,2.708284854888916,7.667236328125,28.458465576171875,-2.7970097064971924,11.728014945983888,10.016084671020508,7.248746871948242,0.0837002694606781,-8.793286323547363,-2.486546754837036,-4.9271416664123535,-12.748796463012695,1.360774040222168,-7.775186538696289,1.5195002555847168,-11.799473762512209,2.1805098056793213,-6.495562553405762,-5.377189159393311,-4.199649333953857,-2.5819010734558105,-0.2729391753673553,-2.929591655731201,-0.5054668188095093,-0.1658787876367569,-7.0941338539123535,2.4044029712677,-0.0460679121315479,0.9046292304992676,-6.1462273597717285,3.272906541824341,-6.375924110412598,-0.7652513980865479,-1.428136944770813,1.2297998666763306
7,-199.9499664306641,81.71869659423828,47.46299362182617,17.868167877197266,11.563057899475098,2.4653048515319824,7.055343627929688,27.692602157592773,-2.973315954208374,12.351037979125977,10.901334762573242,8.862747192382812,-0.06182711571455,-7.430422782897949,-2.6949501037597656,-3.49211049079895,-13.554460525512695,0.9248052835464478,-8.942818641662598,1.677799105644226,-10.854483604431152,2.019726037979126,-6.644301414489746,-6.6504387855529785,-4.367517948150635,-2.4174063205718994,-0.0709598734974861,-3.174509048461914,-0.5262556076049805,0.5191856026649475,-7.083130359649658,1.4124042987823486,-0.2864953875541687,0.935492217540741,-6.267569065093994,3.173710346221924,-6.0666913986206055,-1.2188458442687988,-1.7782360315322876,1.535839319229126
7,-196.58645629882807,80.08926391601562,48.38764953613281,18.758359909057617,10.672686576843262,1.0847917795181274,7.247905254364014,28.93327140808105,-3.152286529541016,13.491987228393556,10.789533615112305,8.833475112915039,1.36515212059021,-6.141839981079102,-3.0720560550689697,-3.1706430912017822,-13.620208740234377,-0.0528905354440212,-10.880132675170898,-0.5965190529823303,-12.033650398254396,2.4742777347564697,-4.802238464355469,-7.233670711517334,-3.947967767715454,-1.9733858108520508,-0.461333155632019,-2.6933391094207764,-0.5486862063407898,0.4358480870723724,-5.209714889526367,1.1868375539779663,-0.5424728393554688,0.8209207057952881,-7.707493305206299,4.024679183959961,-5.456203937530518,-0.9121467471122742,-2.247292995452881,1.935370683670044
7,-192.7483062744141,80.51045227050781,48.43134307861328,18.284151077270508,10.54605484008789,-0.113988421857357,8.953665733337402,30.76499557495117,-2.1101040840148926,12.976398468017578,9.984527587890623,8.158170700073242,1.6306402683258057,-4.901735782623291,-3.6344573497772217,-4.22006368637085,-14.352469444274902,-1.491897463798523,-10.387768745422363,-1.874892354011536,-13.068785667419434,2.679630994796753,-4.185973167419434,-6.17522668838501,-3.941581964492798,-1.9408577680587769,-1.018475890159607,-1.955557465553284,-0.6127274632453918,-0.1903855204582214,-3.959161043167114,0.4937068521976471,-0.46302130818367,1.1396982669830322,-8.495132446289062,4.11658239364624,-4.95682430267334,-0.1171049028635025,-2.6838979721069336,2.506805181503296
7,-193.19281005859372,81.97412109375,48.817996978759766,16.958675384521484,10.229850769042969,-0.7689891457557678,8.780646324157715,31.06025695800781,-2.265049695968628,12.01635456085205,9.81147575378418,8.216060638427734,1.773048758506775,-5.466668605804443,-3.737318754196167,-5.496933937072754,-13.750349044799805,-1.0061694383621216,-8.894264221191406,-1.483145833015442,-13.140413284301758,2.8394758701324463,-4.331820011138916,-5.956161975860596,-4.065262317657471,-3.1548409461975098,-0.7527006268501282,-2.065408229827881,-0.7763784527778625,-0.606817364692688,-3.768972396850586,0.2697705030441284,-0.318129688501358,1.7118897438049316,-8.652518272399902,3.816524028778076,-4.724888324737549,0.6956629157066345,-3.100114583969116,2.720667839050293
7,-196.0547790527344,82.51592254638672,47.41445159912109,17.467166900634766,10.829950332641602,0.5938732624053955,8.711600303649902,30.926362991333008,-2.7672441005706787,12.722003936767578,10.5416898727417,8.074339866638184,2.390947103500366,-6.11521053314209,-3.559453248977661,-6.210299491882324,-12.438605308532717,-0.9500890374183656,-10.122868537902832,-0.6980159878730774,-11.550722122192385,4.41118860244751,-4.055906772613525,-6.6703290939331055,-4.364930152893066,-3.376569986343384,-1.7881176471710205,-2.388254165649414,-0.0695458576083183,-0.228114902973175,-4.627171993255615,0.7487475275993347,-0.5633471608161926,1.2699180841445925,-7.21053409576416,3.246569395065308,-5.919336318969727,0.3518213629722595,-2.709773540496826,2.5853400230407715
8,-341.222900390625,67.43931579589844,-65.060791015625,-8.555846214294434,-47.13172912597656,6.218782424926758,-19.43467712402344,1.5497498512268066,-21.805843353271484,-6.276591777801514,-17.39569091796875,-20.062360763549805,-15.541897773742676,18.16119384765625,24.42012023925781,39.09164810180664,22.050996780395508,13.428874015808104,13.855879783630373,4.461404323577881,-8.746670722961426,-20.57200050354004,-26.312746047973636,-0.0365144945681095,3.1695539951324463,-6.173367977142334,-16.928890228271484,15.040863037109377,37.31122970581055,-1.9797431230545044,-41.38101959228516,-11.4346923828125,34.36280822753906,30.225473403930664,4.485779285430908,9.503681182861328,-1.4092055559158323,-34.237701416015625,-26.651168823242188,35.5267219543457
8,-336.8028869628906,61.11356735229492,-66.01652526855469,-14.449819564819336,-57.30937957763672,10.839174270629885,-25.172176361083984,0.3028153777122497,-24.95035552978516,-11.654290199279783,-14.790072441101074,-17.468463897705078,-19.39877700805664,13.657075881958008,16.185890197753906,41.83381271362305,32.33066177368164,20.684457778930664,19.62188720703125,0.5742006301879883,-12.27283000946045,-24.32468032836914,-28.33856010437012,0.8884219527244568,4.479744911193848,-8.51608943939209,-21.855201721191406,14.401719093322754,39.788124084472656,0.2467309236526489,-44.50371551513672,-18.42485618591309,31.67388343811035,35.97357940673828,13.518701553344728,5.665704727172852,-2.83658766746521,-34.130767822265625,-29.527149200439453,33.75141906738281
8,-375.0194396972656,90.34234619140624,-56.09973907470703,-6.393784046173096,-40.06272506713867,13.274869918823242,-12.323625564575195,5.251783847808838,-16.039087295532227,-4.6677069664001465,-13.888711929321287,-20.887985229492188,-9.453103065490724,14.79189395904541,16.141536712646484,30.593544006347656,19.767074584960938,12.591219902038574,13.027177810668944,1.1139575242996216,-9.418667793273926,-17.164142608642578,-20.02471351623535,2.9031736850738525,6.227274417877197,-6.540646076202393,-16.6058292388916,17.168127059936523,37.96176528930664,1.696142077445984,-37.79601287841797,-17.311059951782227,24.887184143066406,27.986745834350582,10.73210620880127,9.904176712036133,2.857579469680786,-27.759424209594727,-22.556379318237305,29.53546524047852
8,-349.03582763671875,71.60018920898438,-64.12579345703125,-18.438451766967773,-52.44862365722656,9.92299747467041,-22.656694412231445,0.5277822613716125,-23.94454765319824,-10.699302673339844,-15.982583999633787,-17.723064422607422,-13.545315742492676,13.311158180236816,17.055519104003906,37.27280426025391,24.820388793945312,16.5645694732666,17.091455459594727,4.453915119171143,-12.864117622375488,-19.73017883300781,-22.33712577819824,1.2582244873046875,5.403929710388184,-6.22910737991333,-22.57372093200684,21.25205421447754,36.76801681518555,0.8146012425422668,-40.28670120239258,-19.485490798950195,32.15195083618164,30.24622917175293,13.427684783935549,12.203930854797363,-2.3003525733947754,-30.8041934967041,-26.737882614135746,29.5966854095459
8,-336.7046813964844,80.09457397460938,-64.0066909790039,-12.54830837249756,-47.83430099487305,11.693195343017578,-18.123329162597656,1.6462243795394895,-24.25568580627441,-8.280933380126953,-14.951602935791016,-20.442392349243164,-12.740365982055664,13.27881145477295,16.231895446777344,38.933895111083984,22.985151290893555,13.462637901306152,17.523778915405273,2.5648317337036133,-13.675965309143066,-21.01077461242676,-22.37615966796875,1.7642741203308103,4.814633369445801,-7.667427539825439,-22.878576278686523,20.615602493286133,34.71378707885742,-0.5412487387657166,-40.05132293701172,-19.810081481933597,30.51889419555664,28.600570678710938,12.307818412780762,10.728878021240234,-0.895091712474823,-32.50142288208008,-25.688142776489254,28.3034782409668
8,-71.41111755371094,27.06386375427246,-3.702038288116455,24.76896476745605,-13.667107582092283,32.282859802246094,-8.6854887008667,9.308491706848145,-12.625932693481444,1.3906526565551758,-1.3115733861923218,2.718345165252685,-1.9803470373153689,0.6014139652252197,-4.200728893280029,0.038424365222454,-1.940075159072876,2.544728994369507,3.424110412597656,3.2793753147125244,-0.3111747205257416,1.175732970237732,0.1431857496500015,2.374721050262451,-4.362020969390869,1.635689616203308,-2.88242506980896,3.379945993423462,0.6526532769203186,5.102450370788574,2.3026843070983887,3.176893949508667,0.6581037044525146,3.1502199172973637,-4.9294962882995605,6.323144912719727,-2.9973576068878174,3.481345891952514,1.9584193229675293,-1.082490086555481
8,-77.05825805664062,30.075681686401367,-4.265866279602051,25.589555740356445,-12.511571884155272,31.864444732666016,-9.707978248596191,8.680103302001953,-12.85808277130127,3.930508852005005,-1.8125550746917725,1.1533184051513672,-2.6810786724090576,2.17173171043396,-3.4737234115600586,-0.6040308475494385,-1.6529849767684937,3.9244232177734375,2.5979554653167725,2.706292152404785,0.2620719373226166,0.9478645324707032,-0.502529501914978,2.556941270828247,-4.172382354736328,1.5156846046447754,-3.015000104904175,1.0781103372573853,0.5010787844657898,5.369938850402832,1.96266770362854,3.597304105758667,1.1607258319854736,2.2694170475006104,-5.721551418304443,5.87314510345459,-1.958224296569824,1.3028041124343872,2.081261396408081,-1.2017337083816528
8,-78.93328857421875,35.581764221191406,-7.64786958694458,25.02265930175781,-9.645606994628906,31.77393341064453,-12.09233283996582,11.98027515411377,-10.95984172821045,4.709568500518799,-0.8391576409339905,1.4506843090057373,-3.175804615020752,1.3541923761367798,-2.2269465923309326,0.4922152459621429,-0.8551408052444458,3.925706386566162,1.7000808715820312,3.4477732181549072,0.761909008026123,0.6858574748039246,1.309520602226257,2.5628576278686523,-5.185337543487549,1.9808831214904783,-2.792982578277588,0.1470059901475906,1.6519454717636108,5.6502790451049805,2.309295177459717,3.702922105789185,0.1964699923992157,1.1546229124069214,-4.967112064361572,7.093761920928955,-0.925321102142334,1.5036261081695557,1.8733898401260376,-1.3327325582504272
8,-74.2452392578125,35.686031341552734,-9.326650619506836,26.913667678833008,-9.281376838684082,30.09669685363769,-12.41392993927002,12.4904146194458,-11.194244384765623,4.890415668487549,-1.153459072113037,1.6279441118240356,-2.437202215194702,0.8383423686027527,-4.489559173583984,0.8184200525283813,-0.0784352496266365,2.1228816509246826,1.3034929037094116,4.616257667541504,1.8003712892532349,0.962145209312439,1.13542902469635,2.9393086433410645,-4.909831523895264,2.744529485702514,-2.5556697845458984,2.0542945861816406,3.0791969299316406,5.656289577484131,1.9722108840942385,5.0254340171813965,-1.0068418979644775,-0.2630088329315185,-5.344589710235596,6.639801502227783,-0.9833734631538392,1.2048219442367554,1.2133489847183228,-1.091160774230957
8,-69.05658721923828,27.458106994628903,-7.690014839172363,29.81183624267578,-10.961334228515623,29.20784950256348,-11.85210418701172,12.64688491821289,-9.833182334899902,3.9946775436401367,-3.3786489963531494,1.4355438947677612,-2.705087661743164,2.0065948963165283,-9.201292991638184,-0.4081404209136963,2.0465610027313232,-0.2613689005374908,0.0336274616420269,6.550841808319092,3.2088403701782227,1.633931040763855,-0.6489095687866211,1.9246509075164795,-1.7082750797271729,2.542283535003662,-3.897064685821533,3.7022409439086914,3.852236747741699,5.616504669189453,-0.9060298204421996,3.448038339614868,-0.013288464397192,-1.193795084953308,-7.174482822418213,6.296889305114746,-1.1832033395767212,0.5317790508270264,0.4376789033412933,-0.7622342705726624
8,-72.21240997314453,31.268627166748047,-5.693231105804443,29.260669708251957,-11.12478733062744,29.53362274169922,-10.812658309936523,12.29057788848877,-9.5287504196167,5.082037448883057,-2.5292675495147705,1.087360143661499,-3.882470369338989,2.748307228088379,-8.856762886047363,-2.166585683822632,2.510444641113281,1.0447711944580078,1.0189969539642334,8.01594352722168,3.556795835494995,3.882809638977051,-1.1204941272735596,-0.1467844396829605,-1.2069809436798096,1.5427250862121582,-3.531951427459717,2.988271474838257,2.197333812713623,6.003290176391602,-0.7140577435493469,1.63224196434021,0.231102168560028,-1.6965659856796265,-7.785161972045898,4.553422927856445,-2.412763357162476,0.4957783818244934,-0.1737470179796219,0.0360483862459659
8,-79.82838439941406,35.64486312866211,-0.9004696607589722,29.38800048828125,-10.636138916015623,30.971590042114254,-10.487748146057127,10.376775741577148,-11.66670036315918,6.18949031829834,-1.4704442024230957,-0.7648225426673889,-3.3381779193878174,3.743602991104126,-5.679491996765137,-0.7948539853096008,-0.3042116463184356,1.8913897275924685,2.0948660373687744,8.167652130126953,3.566962718963623,4.168539524078369,-0.2079368978738784,-0.3267339468002319,-4.154399871826172,1.9739044904708865,-1.048725962638855,1.6711987257003784,-0.1626673936843872,5.652460098266602,1.336701512336731,2.5954058170318604,-0.103388175368309,-0.7199708223342896,-6.74014139175415,3.910619735717773,-4.4875807762146,0.1910253465175628,1.0756298303604126,-0.2242395430803299
8,-91.07058715820312,34.554466247558594,4.621627330780029,30.87822914123535,-10.234234809875488,31.15614891052246,-11.79362678527832,9.006223678588867,-11.000659942626951,5.503051280975342,-2.016376495361328,0.0187734700739383,-1.54084575176239,4.696177005767822,-3.0158462524414062,0.1828694939613342,-2.0929293632507324,3.1136314868927,1.5439801216125488,8.059072494506836,4.069667339324951,2.829002857208252,-0.2261917740106582,0.6174127459526062,-3.974344491958618,2.298178672790528,-1.1373109817504885,0.4121556878089905,-0.5636845231056213,4.723229885101318,0.0562465414404869,2.420942783355713,0.2409167438745498,0.9258659482002258,-5.9672160148620605,3.908254384994507,-6.096530914306641,-0.0651076436042785,0.663218080997467,-0.139115959405899
8,-90.71693420410156,37.16208267211914,7.307155132293701,29.13826560974121,-10.372331619262695,28.74629211425781,-15.199530601501465,8.794353485107422,-9.901302337646484,5.060651302337647,-2.880808591842652,0.6775482892990112,-0.6477013826370239,3.033587694168091,-4.239664554595947,-1.097977876663208,-2.245816469192505,4.335526466369629,0.9259983897209167,6.481391906738281,2.632972478866577,2.6642215251922607,-0.7698012590408325,0.5715239644050598,-4.155591011047363,0.4925204515457153,-2.9960761070251465,-0.1982584595680236,-0.9819928407669068,3.701880931854248,-0.2686811685562134,2.310131788253784,0.0835450813174247,1.1279029846191406,-5.857706069946289,2.58772611618042,-6.049034118652344,-1.021263837814331,-1.338154911994934,-0.0466737709939479
8,-86.80703735351562,46.485801696777344,8.461668968200684,25.574018478393555,-9.5917387008667,27.07274055480957,-16.94070816040039,9.135418891906738,-10.314379692077637,5.497539520263672,-3.800350189208984,1.0370302200317385,-0.1632322967052459,0.3418828845024109,-5.541013717651367,-0.7227702140808105,-2.312692880630493,3.8350698947906494,-1.3904013633728027,3.2506470680236816,2.157249927520752,3.7387421131134033,-1.0226837396621704,-0.2608716189861297,-5.067239761352539,0.5519306659698486,-3.009877443313598,-0.4768740236759186,-2.067439556121826,4.072993755340576,1.0228326320648191,3.813111782073975,-0.0120437713339924,0.1519356220960617,-5.326410293579102,1.4837380647659302,-5.285835266113281,-0.3329543769359588,-1.7162270545959473,-0.0448776073753833
8,-70.80281066894531,35.64627456665039,-3.784083127975464,25.67374992370605,-13.80617618560791,32.86155319213867,-19.10618782043457,8.09748363494873,-9.627095222473145,2.288696527481079,-3.087629556655884,1.36323082447052,-1.5015501976013184,0.0540591329336166,-5.211837768554688,-0.3818067014217376,-1.849488377571106,2.146876096725464,-0.199995756149292,4.088342189788818,2.969080924987793,0.4013055860996246,0.4982892870903015,1.9193012714385984,-5.118494510650635,1.766242265701294,-3.442805528640747,1.0227885246276855,-1.6381278038024902,1.963795781135559,0.1841281652450561,3.0384347438812256,-1.921221375465393,-1.4792171716690063,-6.997513294219971,2.2652220726013184,-2.838996410369873,-1.907570242881775,0.0338836722075939,-2.577746868133545
8,-74.99903106689453,33.64180374145508,-2.7409942150115967,27.182018280029297,-14.012286186218262,33.54836654663086,-18.951229095458984,8.856812477111816,-10.743524551391602,1.1865084171295166,-2.148391008377075,0.3726949393749237,-1.2873400449752808,0.5810267329216003,-5.155489444732666,0.8830586075782776,-1.0671581029891968,1.2553448677062988,0.8435533046722412,6.168232440948486,1.888834834098816,-0.030543552711606,0.8641603589057922,2.234769821166992,-4.696835994720459,2.570723533630371,-3.040270566940308,1.6966419219970703,-1.822858214378357,1.0744372606277466,-1.4728915691375732,2.6458253860473637,-0.8161940574645996,-0.780584990978241,-7.597400665283203,3.311466932296753,-2.440393209457397,-2.346618413925171,0.566222071647644,-3.9071316719055176
8,-68.71131896972656,28.077194213867188,-3.0871670246124268,30.441648483276367,-14.306835174560549,31.99226951599121,-16.050729751586914,10.13416862487793,-12.718341827392578,-0.0466345138847827,-2.5899341106414795,-0.1650795489549636,-1.6465009450912476,1.930959224700928,-4.62577486038208,0.5907658934593201,-0.7951321601867676,1.246079683303833,2.3675031661987305,6.369510173797607,0.1360406130552292,1.2895060777664185,2.0286288261413574,0.9098432064056396,-4.768579959869385,3.507399082183838,-2.3899810314178467,2.7741587162017822,-3.052863597869873,0.9681878685951232,-2.041274309158325,1.98178505897522,-0.4401118159294128,-0.6201616525650024,-7.608124732971191,3.67234206199646,-2.196492910385132,-2.016921281814575,1.2828813791275024,-3.86210298538208
8,-65.22161102294922,26.787860870361328,-2.116698980331421,30.98496437072754,-13.750514030456545,31.104381561279297,-12.129246711730955,11.415630340576172,-13.348739624023438,1.3698160648345947,-2.4557526111602783,-1.421836495399475,-2.920019149780273,3.4286704063415527,-5.1570587158203125,-2.1086409091949463,-0.0987427234649658,1.1328343152999878,1.3872368335723877,5.749309062957764,-0.3163687288761139,2.920106649398804,2.004135847091675,1.1116347312927246,-4.022780418395996,3.4889049530029297,-2.423080921173096,2.353166103363037,-2.736746311187744,1.4105618000030518,-2.447551965713501,2.1126067638397217,-0.5229413509368896,-0.6043182015419006,-6.7735915184021,2.9464752674102783,-2.2552907466888428,-1.44343900680542,2.21531343460083,-2.776974439620972
8,-63.28565216064453,32.58502578735352,-2.9813807010650635,29.587656021118164,-14.022513389587402,29.565824508666992,-12.207868576049805,9.91900634765625,-12.975692749023438,3.463491201400757,-2.017411470413208,-2.400453329086304,-3.307396411895752,5.215811252593994,-5.927815437316895,-3.098930835723877,0.4488050937652588,1.1518638134002686,-0.0504651367664337,5.582684516906738,-0.5168922543525696,3.065514087677002,1.2396997213363647,1.622979998588562,-4.831980228424072,2.6859235763549805,-2.5327842235565186,1.7734706401824951,-1.6239389181137085,2.875739812850952,-0.9016631841659546,1.6928828954696655,-0.4962065517902374,-0.5619833469390869,-6.039409637451172,3.380664587020874,-3.077935218811035,-0.2777715027332306,2.7667181491851807,-2.513247489929199
8,-67.0995864868164,34.15568161010742,-3.79423189163208,30.59929847717285,-14.298506736755373,27.896900177001957,-12.558122634887695,8.679862022399902,-12.323698043823242,5.072357177734375,-2.248398542404175,-1.9245753288269043,-1.7536183595657349,5.939985275268555,-6.105636596679688,-2.363121747970581,1.2869952917099,1.7374933958053589,0.3245851695537567,6.554427146911621,-0.7057372331619263,2.019364833831787,1.818853616714477,1.402196764945984,-5.28209924697876,1.6137566566467283,-3.910844326019287,1.6062629222869873,-1.3840409517288208,3.294049024581909,1.591571807861328,2.358114719390869,0.3015111982822418,-0.9860931634902954,-7.124884128570557,3.460236072540283,-4.773210525512695,0.4291934072971344,3.079831600189209,-2.1441094875335693
8,-74.34024810791016,31.259714126586918,-2.2690491676330566,32.513153076171875,-12.148763656616213,28.770442962646484,-11.263646125793455,8.642867088317871,-12.725117683410645,6.305749416351318,-3.091844081878662,-1.6512571573257446,-0.6462453603744507,6.060830593109131,-6.1937432289123535,-1.253250002861023,1.7187323570251465,0.8691470623016357,0.7577646970748901,6.843118667602539,-0.9731432795524596,2.866728544235229,1.5724847316741943,1.3639365434646606,-3.919652223587036,2.2414586544036865,-3.770495891571045,0.8103119134902954,-2.7418251037597656,2.034201145172119,1.491877555847168,2.4957642555236816,0.7171719074249268,-1.633081555366516,-7.699273586273193,2.9903676509857178,-4.848049640655518,0.4860062003135681,1.8433470726013184,-1.883433818817139
8,-74.98296356201172,36.30893325805664,-1.692955732345581,30.293346405029297,-13.34831428527832,28.235126495361328,-11.280488967895508,8.467231750488281,-12.765421867370604,6.961115837097168,-3.430835962295532,-1.5173914432525637,-0.6517388224601746,4.395626544952393,-7.06903886795044,-0.5310203433036804,0.4932751059532165,-0.3075374662876129,0.9066807627677916,6.65997838973999,-0.8777173161506653,4.65939998626709,0.6943684220314026,0.2877567410469055,-3.95591139793396,2.4138808250427246,-2.902971744537353,1.5494273900985718,-3.026995182037353,2.0400757789611816,1.3096386194229126,0.9939376711845398,-0.4184677600860595,-2.953588485717773,-7.199306011199951,2.972689151763916,-4.4058451652526855,0.7790505290031433,0.0646808594465255,-1.511504054069519
8,-70.75669860839844,43.66622543334961,2.46155333518982,29.10082244873047,-13.745837211608888,28.41136360168457,-11.469831466674805,8.66840648651123,-12.03778839111328,5.619798183441162,-3.739211320877075,-0.4872641265392303,-2.480445146560669,1.9185924530029297,-7.4999098777771,-1.709156513214111,-1.274675726890564,-0.3254846036434173,0.1767662763595581,5.401658535003662,-1.479791522026062,3.4975571632385254,-1.113063097000122,-1.24903404712677,-4.015588283538818,1.335118055343628,-3.428743362426758,2.3207943439483643,-2.4277498722076416,1.5154967308044434,0.3790484368801117,0.4778374135494232,-0.5864607691764832,-2.8447015285491943,-6.526062488555908,3.029249668121338,-4.924300193786621,0.6045031547546387,-0.5871003270149231,-2.3009822368621826
8,-60.40415954589844,32.13134765625,-5.165309429168701,29.004863739013672,-15.57363986968994,29.8509521484375,-14.793745040893556,9.275348663330078,-11.510448455810549,4.676984786987305,-2.8468339443206787,1.4608943462371826,-0.5210205912590027,2.3817508220672607,-6.2566819190979,-0.8970966935157776,0.6461519002914429,0.5310964584350586,1.059152126312256,5.861062049865723,0.953302562236786,2.9315900802612305,2.532744169235229,2.0727617740631104,-5.023240566253662,2.670527935028076,-4.32548189163208,0.7317157983779907,-0.8923618793487549,0.7273092865943909,-0.8233550786972046,3.0840585231781006,-1.643467664718628,-0.2993765473365783,-6.736082553863525,2.9163835048675537,-2.381642818450928,0.1823856979608535,2.512645483016968,-2.9753637313842773
8,-50.11761474609375,30.407501220703125,-2.289374828338623,28.638294219970703,-14.74506378173828,31.19524383544922,-13.458231925964355,7.164144992828369,-14.999263763427734,3.9964678287506095,-2.2728071212768555,-0.6023969054222107,-1.3718113899230957,2.736793041229248,-6.808975696563721,-1.4341243505477903,0.6758632063865662,-0.0839396566152572,1.5614150762557983,5.393731594085693,-2.032273530960083,4.702744483947754,1.3347057104110718,1.9969711303710935,-4.1934356689453125,0.7685846090316772,-5.040415287017822,1.7416224479675293,-0.9689249992370604,1.0052329301834106,-0.5112981796264648,2.9410173892974854,-0.4949505627155304,-0.6097232103347778,-7.4288434982299805,4.078227996826172,-4.0937323570251465,1.0368247032165527,2.580596685409546,-2.736197233200073
8,-56.32352828979492,33.182037353515625,-0.0170571878552436,26.865758895874023,-16.012025833129883,28.638282775878903,-12.70659065246582,7.171636581420898,-16.960664749145508,4.115452289581299,-2.8956615924835205,-2.091906309127808,-1.139575719833374,1.3241652250289917,-7.223043441772461,0.1547594964504242,0.3019585609436035,-0.1353622674942016,1.6011289358139038,5.288661956787109,-2.6991703510284424,5.323102951049805,0.9722707271575928,1.3019652366638184,-4.458930015563965,0.2765006721019745,-5.798496723175049,0.9410233497619628,-0.9191142916679382,0.662769615650177,0.0740819498896598,1.6723636388778689,-0.7234141826629639,-0.7950136661529541,-7.610244274139404,4.525036811828613,-4.677884101867676,1.2813447713851929,1.0353353023529053,-2.641359806060791
8,-60.4870719909668,32.631710052490234,-0.1569141149520874,25.44605255126953,-15.495108604431152,28.330249786376957,-13.119375228881836,6.965051174163818,-16.75725555419922,4.430211067199707,-3.693619728088379,-2.1730637550354004,0.5808128118515015,1.934347152709961,-7.534669399261475,0.7330319285392761,-0.3303904831409454,0.5033379793167114,2.4558265209198,5.518603324890137,-1.250596284866333,4.474913597106934,0.8407093286514282,1.5655641555786133,-4.791513919830322,1.2319941520690918,-4.83361291885376,-0.291918396949768,-0.9518897533416748,0.6502123475074768,-0.735514223575592,0.107861615717411,-2.015675544738769,-1.5581992864608765,-7.000553131103516,3.838736295700073,-4.039908409118652,1.520991325378418,8.288697426905856e-05,-1.6347144842147827
8,-60.750938415527344,29.972898483276367,-1.4273450374603271,27.585512161254883,-14.099076271057127,29.724395751953125,-12.378186225891112,7.051064968109131,-15.549413681030272,5.365046501159668,-3.2676515579223637,-1.0521248579025269,0.1656078249216079,2.2885727882385254,-7.368947505950928,-0.1695443242788314,-0.9678730368614196,1.812209963798523,3.4341320991516118,6.3691229820251465,-0.7045500874519348,4.611860275268555,0.567981481552124,1.9608628749847408,-3.422964572906494,1.5229506492614746,-3.361478805541992,0.2947288155555725,-1.2576984167099,0.8446283340454102,-1.707666516304016,-0.1614855229854583,-2.033917188644409,-1.8897544145584104,-6.5697197914123535,3.814398765563965,-3.49526596069336,2.2810330390930176,0.4534006416797638,-1.4038479328155518
8,-61.646575927734375,29.94038391113281,-0.1550053060054779,28.72756767272949,-13.978330612182615,29.425323486328125,-10.409501075744627,8.074081420898438,-15.452425003051758,5.966151714324951,-2.597299098968506,-0.7561511397361755,-0.2406429648399353,2.0391457080841064,-6.890899658203125,1.1089085340499878,-0.6460514068603516,2.3914968967437744,3.210299253463745,6.800949096679688,-0.564784586429596,5.28903341293335,0.7079252600669861,2.764577627182007,-2.116382360458374,0.9459712505340576,-2.93672776222229,-0.2600729763507843,-1.3645209074020386,0.8404451012611389,-0.7956737875938416,0.7416399717330933,-1.9513771533966064,-1.590625882148743,-5.699380397796631,5.151769161224365,-3.17275619506836,3.28603196144104,0.6978989839553833,-1.6936043500900269
8,-67.18807220458984,33.78584289550781,2.5258724689483643,27.23263931274414,-12.593003273010254,30.13834953308105,-9.747709274291992,8.520524978637695,-14.785303115844728,5.26305103302002,-2.20686674118042,-0.9555141925811768,-1.2210187911987305,2.5486032962799072,-5.53574275970459,1.3215510845184326,0.0575608722865581,2.947366952896118,2.600080728530884,6.237177848815918,-0.4870688021183014,5.818047046661377,0.903406023979187,3.1965091228485107,-2.2222230434417725,0.4519866704940796,-3.347550392150879,-0.5606370568275452,-1.3153913021087646,2.1222801208496094,-0.0201665628701448,1.361344337463379,-1.0366721153259275,-1.3736838102340698,-4.934290885925293,5.712992191314697,-2.664347648620605,3.668710231781006,0.4250636100769043,-1.7835471630096436
8,-74.90966796875,33.47763442993164,5.445284366607666,25.75189018249512,-11.816829681396484,30.597780227661133,-11.46834659576416,10.408509254455566,-12.699540138244627,3.620884895324707,-2.4346354007720947,-0.5957754850387573,-4.390661716461182,2.542579412460327,-3.400264024734497,-0.0076552042737603,-0.6005269289016724,4.5990753173828125,3.771496295928955,5.178946495056152,0.4128230214118957,4.5083909034729,-0.2539876699447632,2.271843194961548,-2.730367422103882,-0.2629119157791137,-4.276076793670654,-0.074570283293724,-1.975414991378784,1.2919130325317385,-0.686863124370575,-0.1919153481721878,-0.9854721426963806,-1.8890444040298464,-5.894017696380615,4.65073823928833,-2.7147741317749023,2.922736167907715,-0.3296999931335449,-1.8719003200531008
8,-86.73844909667969,37.21367645263672,4.918919086456299,23.036216735839844,-11.30568504333496,30.029624938964844,-12.40296745300293,11.065783500671388,-12.242228507995604,3.32776403427124,-2.873843193054199,-1.1579543352127075,-6.030575275421143,2.1190316677093506,-3.0854380130767822,-0.0540918670594692,-1.7605499029159546,4.209033966064453,3.648155927658081,4.000942707061768,1.563145637512207,3.702723979949951,-1.2323089838027954,0.2088238894939422,-4.1976637840271,-0.100303053855896,-4.119796276092529,-0.0911364257335662,-1.7232104539871216,0.4644584357738495,-0.5710530281066895,0.4062885344028473,-1.205252766609192,-0.9523526430130004,-6.018821239471436,3.387537002563477,-2.846735000610352,2.4850528240203857,-0.7530021667480469,-1.3420950174331665
8,-61.87281036376953,31.37725257873535,0.4232915043830871,26.636924743652344,-13.728086471557615,32.01865768432617,-13.989383697509766,9.487123489379885,-16.500452041625977,-0.6701310873031616,-1.3307474851608276,-1.081467866897583,-1.07397723197937,1.7046765089035034,-7.625901699066162,0.6620275974273682,-0.8799916505813599,1.0141596794128418,2.0229973793029785,4.832827091217041,1.0757060050964355,2.6063826084136963,4.187821865081787,2.882510185241699,-7.082226753234863,2.3837902545928955,-4.2682719230651855,0.8293483257293701,1.0338340997695925,0.2797495126724243,-0.8112616539001465,2.544671535491944,-2.745920419692993,4.775080680847168,-5.597356796264648,2.0478832721710205,-2.691633462905884,0.7368393540382385,2.28358793258667,-3.161127805709839
8,-72.85196685791016,34.117088317871094,6.409656524658203,21.473865509033203,-11.98578643798828,31.123533248901367,-14.671180725097656,10.322627067565918,-16.385164260864258,-0.9065105319023132,-1.5903221368789673,-1.258614420890808,-1.0777373313903809,1.3975740671157837,-5.979658126831055,-0.1181220039725303,-2.518272876739502,3.5055220127105717,1.846303939819336,3.943843364715576,0.7586384415626526,3.3153209686279297,2.7394487857818604,2.916079044342041,-6.778918743133545,2.850247859954834,-4.397166252136231,-0.0874639973044395,-0.1210639849305152,-1.5639253854751587,-1.4461621046066284,1.870538592338562,-2.571860313415528,3.182816982269287,-4.825527667999268,2.6067042350769043,-2.932971239089966,1.3183380365371704,0.9368426203727722,-2.27386474609375
8,-77.02851867675781,32.21310043334961,5.705903053283691,24.70396041870117,-12.638677597045898,31.899873733520508,-12.95840835571289,9.88449764251709,-15.627578735351562,-0.29925736784935,-1.3145760297775269,1.6898826360702517,-1.458018779754639,2.310011148452759,-5.284412384033203,-0.2982723414897918,-1.1168792247772217,3.3420684337615967,2.787787914276123,5.667196750640869,-0.668624997138977,5.1873087882995605,0.9089444279670716,1.8505929708480835,-6.440710544586182,2.3767714500427246,-4.192126274108887,1.4571738243103027,-2.075216770172119,-0.704231321811676,-0.8133675456047058,1.1109824180603027,-1.7446197271347046,1.9528210163116453,-5.265105724334717,3.218047857284546,-3.844061851501465,1.0894842147827148,1.0706121921539309,-2.563666343688965
8,-70.93089294433594,29.62415313720703,4.062301158905029,26.95284652709961,-13.065229415893556,31.352209091186523,-13.90895652770996,8.206145286560059,-15.51789665222168,-1.3471359014511108,-1.997896790504456,4.408355712890625,-3.1999685764312744,2.053579807281494,-4.759781360626221,0.0374830178916454,0.0510445535182952,2.7369577884674072,0.8185625076293945,6.635459899902344,-0.7189901471138,4.995257377624512,-0.3322423100471496,0.2873710095882416,-6.252425670623779,1.3786760568618774,-4.195015907287598,1.9643529653549197,-2.9130027294158936,0.2901660501956939,0.1140531003475189,0.1698642969131469,-1.1689956188201904,1.189192295074463,-6.157542705535889,3.442464590072632,-4.508336544036865,1.1784615516662598,0.0799314454197883,-3.2395918369293213
8,-74.73065948486328,30.00553703308105,5.490065574645996,26.99282455444336,-12.470773696899414,30.031408309936523,-16.195493698120117,8.630877494812012,-14.079919815063477,-1.9728537797927856,-2.6939451694488525,5.268755912780762,-4.416560173034668,1.2014975547790527,-4.089992046356201,0.472004622220993,0.1396004110574722,3.1439695358276367,-0.264948695898056,7.409675121307373,0.1607532352209091,3.4174163341522217,-0.852540135383606,-0.4289551675319671,-6.149857044219971,1.4598532915115356,-3.6255483627319336,0.5432828068733215,-2.937476396560669,0.1919160485267639,0.6953582167625427,-0.1544293016195297,-1.167349100112915,0.6786629557609558,-6.471802234649658,4.546889781951904,-4.684474945068359,1.2366877794265747,-1.0003085136413574,-3.211848497390747
8,-77.20773315429688,31.63881492614746,4.742844581604004,26.94736671447754,-12.053536415100098,30.09781646728516,-15.02113151550293,9.458017349243164,-14.127836227416992,-1.0333045721054075,-2.504356861114502,4.619871139526367,-4.360199451446533,1.5979405641555786,-3.743415594100952,0.683526337146759,0.9365367293357848,2.896730661392212,0.0643970146775245,7.878276824951172,-0.1609423160552978,3.4979984760284424,-0.8018720149993896,-0.6292896866798401,-5.9987664222717285,1.50213885307312,-2.974138736724853,0.243087038397789,-3.026686906814575,0.5729986429214478,1.3156108856201172,-0.1911413967609405,-0.9315198063850404,0.4666495323181152,-5.854726314544678,5.42405891418457,-4.68420934677124,1.319169282913208,-0.3227119147777557,-2.141960620880127
8,-80.2349624633789,30.914196014404297,4.527222156524658,27.230003356933597,-10.671792984008787,31.5454216003418,-14.02989673614502,8.796819686889648,-13.656158447265623,-0.3733421862125397,-1.7611641883850098,4.334350109100342,-4.567737102508545,3.5488083362579346,-2.513108015060425,0.4932204782962799,0.8571628928184509,2.798142194747925,-0.0823676511645317,7.063851833343506,-1.1648222208023071,3.941373825073242,-1.7308287620544434,-1.34102463722229,-4.049122333526611,2.184941530227661,-3.4876708984375,1.250369429588318,-3.15923285484314,0.501534104347229,1.9792600870132449,0.989407241344452,0.0820873007178306,0.2851524949073791,-5.559901237487793,5.921864986419678,-4.419291973114014,0.5049479603767395,-0.5109702944755554,-2.3031580448150635
8,-82.98489379882812,31.145326614379883,6.188845634460449,28.35516357421875,-7.992924213409424,31.424732208251957,-13.32124137878418,8.283836364746094,-12.1076078414917,0.113322265446186,-3.3598427772521973,4.070505619049072,-3.88456392288208,3.808218479156494,-1.1291661262512207,-0.4087981879711151,0.1176260784268379,3.599187135696411,-0.810265064239502,6.41787052154541,-2.136988639831543,4.063632011413574,-2.0135750770568848,-0.8492148518562317,-2.3251962661743164,3.3810415267944336,-2.880054235458374,1.71318519115448,-2.747999906539917,1.3219906091690063,2.342301845550537,1.655927658081055,0.5884770750999451,0.3586256206035614,-5.043707847595215,5.427802085876465,-4.457390308380127,0.9850730299949646,-1.07895827293396,-1.9942071437835691
8,-77.84107208251953,32.8861198425293,8.35349178314209,30.21888542175293,-12.708740234375,29.791208267211918,-19.70128059387207,10.454619407653809,-10.125588417053224,0.8222208023071289,-1.8219685554504397,2.3256099224090576,1.759369730949402,3.833765745162964,-2.9652693271636963,0.2928827404975891,-0.5282148122787476,2.439284563064575,-0.6448178887367249,7.52596378326416,-0.9274720549583436,2.4894134998321533,0.9790673851966858,1.720382571220398,-6.048344135284424,4.045834541320801,-1.4317153692245483,0.7173640727996826,0.4458125531673431,0.5435636639595032,1.7629355192184448,3.962966203689575,-1.7787964344024658,1.395469307899475,-5.6361083984375,3.659626245498657,-0.6559810042381287,0.8800447583198547,1.0885703563690186,-1.892177700996399
8,-95.4953842163086,35.67741775512695,13.116792678833008,29.456472396850582,-11.165362358093262,30.511499404907227,-16.653785705566406,12.539298057556152,-10.48758316040039,1.6812938451766968,-0.3358691036701202,2.479471445083618,2.3836803436279297,3.338714122772217,-2.079371213912964,0.6260554194450378,-1.125958800315857,4.979464530944824,1.359139323234558,8.909424781799316,0.6307662725448608,3.870201826095581,1.8084176778793333,1.7545320987701416,-5.8693366050720215,4.847175598144531,-2.24180269241333,0.3251367509365082,1.053602695465088,0.6656060814857483,1.7677435874938965,4.202302932739258,-1.136814832687378,1.9047802686691284,-4.678618431091309,3.080660343170166,-0.3125625848770141,1.4061801433563232,-0.1904269605875015,-1.307163953781128
8,-100.53478240966795,36.08317565917969,11.930013656616213,29.368728637695312,-10.07002067565918,31.109764099121094,-16.790428161621094,13.51712417602539,-11.42573070526123,1.8924880027771,1.1790106296539309,1.9381753206253047,1.222277045249939,3.679682493209839,-1.8105148077011108,0.2055647373199463,-2.0754451751708984,3.7545106410980233,1.9015979766845703,8.625149726867676,0.5238543152809143,3.302968978881836,1.7440916299819946,1.6437102556228638,-6.833868503570557,5.202076435089111,-2.564243793487549,-0.0143773732706904,1.177560329437256,-0.660862147808075,0.6142016053199768,3.1119959354400635,-1.999071717262268,1.747189164161682,-4.956464767456055,3.495232105255127,-1.2806180715560913,0.0415814332664012,-1.151606798171997,-1.8434232473373413
8,-96.11441040039062,34.10874938964844,10.772048950195312,29.687824249267575,-9.912251472473145,30.6536865234375,-18.032655715942383,11.247517585754396,-12.523866653442385,1.5472023487091064,0.3446621298789978,0.5452229976654053,-0.846440315246582,3.885611057281494,-1.4373234510421753,-0.9664539694786072,-1.4866633415222168,3.426042318344116,1.1465280055999756,8.102408409118652,-0.8870158791542053,2.878964424133301,0.809171199798584,1.6303790807724,-6.673579216003418,4.2288594245910645,-2.2701539993286133,-0.5697558522224426,0.8252554535865784,-0.8107995986938477,-0.1152217537164688,1.8772789239883425,-2.659219980239868,1.224237322807312,-5.665818691253662,4.283059120178223,-2.6436707973480225,-0.2592993974685669,-0.6822453737258911,-3.201613187789917
8,-96.96515655517578,34.474464416503906,9.107181549072266,29.045610427856445,-9.231818199157717,29.911909103393555,-17.833227157592773,9.791708946228027,-13.354683876037598,2.2770111560821533,-0.100362941622734,1.347105622291565,-2.829307556152344,3.2770473957061768,-1.5087329149246216,-2.5436320304870605,-1.221266508102417,4.195309162139893,1.0545737743377686,8.778182029724121,-0.7134413719177246,3.9524645805358887,-0.9121063947677612,1.0622767210006714,-5.513782501220703,2.0770270824432373,-2.574892282485962,-0.7625304460525513,-0.4766605794429779,1.0261770486831665,-0.1217505857348442,1.5374916791915894,-3.0476999282836914,-0.3815086185932159,-6.109689712524414,4.043875694274902,-3.919599771499634,0.1282214522361755,0.4840739667415619,-2.7729427814483643
8,-104.00159454345705,37.22040557861328,7.737320423126221,26.397077560424805,-7.207639694213867,31.02747344970703,-16.636693954467773,9.832079887390137,-13.647793769836426,2.824518918991089,-0.7732186913490295,0.9249142408370972,-1.8731008768081665,3.205726146697998,-1.5403934717178345,-1.821714162826538,-1.2037286758422852,4.775033473968506,0.3126900196075439,7.454056262969971,0.506038248538971,3.7556984424591056,-2.8203375339508057,1.0254976749420166,-5.1823344230651855,1.883786916732788,-2.102345466613769,-0.6429770588874817,-1.81517231464386,1.1481657028198242,-0.4196833670139313,2.2364892959594727,-2.25570011138916,-1.208476185798645,-5.006706237792969,3.6023237705230717,-4.6228790283203125,0.0810240358114242,-0.8342048525810242,-1.469588041305542
8,-98.9575424194336,41.16267395019531,5.102361679077148,24.142520904541016,-5.628807067871094,29.99702835083008,-17.425371170043945,7.897983074188232,-14.313270568847656,3.3710505962371826,-2.4087185859680176,-0.3410503566265106,-1.3334968090057373,2.9500348567962646,0.5670738220214844,-1.1690531969070437,-3.385672092437744,4.874848365783691,-0.0597783364355564,5.23367166519165,0.4334468841552734,4.615106105804443,-2.601218938827514,1.2974679470062256,-5.21938943862915,2.514124631881714,-0.9417149424552916,-1.0436437129974363,-2.071007490158081,-0.0689412727952003,-0.6829782128334045,2.4819931983947754,-1.3289669752120972,-0.4027938544750213,-3.45280385017395,2.8587846755981445,-4.513742923736572,0.3944458663463592,-3.573129177093506,-1.248132824897766
8,-84.93411254882812,42.16568374633789,1.0523204803466797,23.59453773498535,-6.87527322769165,28.025962829589844,-18.417869567871094,6.3386640548706055,-15.532593727111816,4.36616849899292,-2.31133246421814,0.1341371238231659,-2.1031928062438965,3.194127082824707,1.0935450792312622,-2.7014269828796387,-4.721243381500244,3.5713024139404297,-0.1777261346578598,4.395481109619141,0.3304184973239898,5.653892517089844,-1.3176084756851196,2.031980276107788,-5.093871116638184,1.5849117040634155,-0.6824813485145569,-1.198068380355835,-1.7968852519989014,-0.2698075473308563,-1.4116100072860718,1.817183494567871,-0.5528606176376343,-0.2750959098339081,-3.4952688217163086,2.517263889312744,-3.883834838867188,0.336911529302597,-4.3091139793396,-0.8502029776573181
8,-77.84819030761719,43.74583053588867,5.355690002441406,24.818546295166016,-9.396679878234863,25.789411544799805,-18.25365257263184,7.587098121643066,-14.114118576049805,2.3765249252319336,-2.559617280960083,1.9973556995391848,-2.061614751815796,2.753211259841919,-0.1935110390186309,-2.8012800216674805,-3.655449151992798,2.284921884536743,-1.3539782762527466,3.960974931716919,-1.9661203622817995,4.945549488067627,-2.558375120162964,1.2520478963851929,-4.568281173706055,0.6836155652999878,-0.7819201350212097,-0.0780468955636024,-1.7762902975082395,-0.0226659160107374,-1.3354642391204834,0.9434266090393066,-0.2306585311889648,-0.2230627685785293,-3.908545732498169,2.817573070526123,-3.2273027896881104,1.7697467803955078,-2.525423526763916,0.2098108679056167
8,-158.52098083496094,136.85316467285156,-1.4382344484329224,30.767566680908203,-11.275981903076172,6.174600601196289,-7.391990184783935,3.667470216751098,-6.839266777038574,-3.26802659034729,-12.732681274414062,-11.498223304748535,-10.272807121276855,-1.933454513549805,-6.978655815124512,-10.525278091430664,-15.074259757995604,-5.535003185272217,-0.9509608745574952,16.550811767578125,12.83841323852539,-0.7703416347503662,-11.65991497039795,-7.023437023162842,-4.5988874435424805,4.1280388832092285,1.15653395652771,6.367446422576904,-1.6688625812530518,-7.427388668060303,-10.825484275817873,-0.7688536643981934,2.563297748565674,-0.1377017498016357,-9.054967880249023,-5.874794006347656,-3.1121163368225098,-0.2565895020961761,0.3162063956260681,9.581889152526855
8,-171.44285583496094,142.8878936767578,-1.0155346393585205,32.36819839477539,-3.730151653289795,5.51036262512207,-8.268213272094727,2.1224286556243896,-8.77759075164795,0.2554116547107696,-8.6002836227417,-9.501256942749023,-9.164682388305664,-4.079110145568848,-4.4856791496276855,-2.9252004623413086,-5.963333606719971,-0.8727532625198364,-0.1681881994009018,5.383743762969971,-1.5526515245437622,-10.703140258789062,-14.702396392822266,-8.101909637451172,-4.978938579559326,1.9990650415420528,2.202282667160034,6.428965091705322,-3.0836775302886963,-4.125613689422607,-6.889004230499268,1.2064810991287231,0.1969093829393386,0.2764110565185547,-1.1190780401229858,-0.665273129940033,-3.0767292976379395,-1.191514253616333,0.0378473550081253,4.588150024414063
8,-173.75119018554688,144.0713348388672,-1.9144287109375,32.88151931762695,1.33223557472229,7.580085754394531,-7.867205142974853,-1.0700654983520508,-7.6402106285095215,-5.024179935455322,-9.423776626586914,-1.6122112274169922,-5.382144451141357,-0.6634470820426941,-5.7769389152526855,-2.813467741012573,-7.486275672912598,-5.798271179199219,-8.696306228637695,-3.1512885093688965,-7.244925498962402,-8.231155395507812,-9.644645690917969,-0.5539268255233765,-3.204005002975464,-1.257272481918335,-3.6591076850891113,1.9710749387741089,-2.637106418609619,-0.0599916949868202,-6.143229961395264,1.2959986925125122,1.7395790815353394,3.8164408206939697,0.2294965088367462,0.4933103919029236,-4.169271945953369,-1.861802339553833,2.3955187797546387,9.235011100769045
8,-208.61672973632807,139.29664611816406,4.952920436859131,29.855209350585938,-1.7186812162399292,5.683103561401367,-9.180253028869627,-1.4670543670654297,-8.140397071838379,-2.304022312164306,-5.21181058883667,-1.1541740894317627,-1.1154305934906006,4.639699459075928,-2.5484347343444824,-4.881726741790772,-12.350471496582031,-8.10151195526123,-5.159459114074707,3.412557363510132,1.1856484413146973,-0.9136839509010316,-7.106448173522949,-3.2286295890808105,-4.190098762512207,2.80987811088562,4.069193363189697,11.704107284545898,7.005812168121338,2.489267349243164,-7.031860828399658,-4.939190864562988,-5.539795398712158,-3.125898838043213,-5.367940902709961,-3.0879337787628174,-5.127609729766846,-4.519469738006592,-3.784144401550293,7.7227253913879395
8,-199.12649536132807,136.25735473632812,2.4966704845428467,31.54053497314453,-5.731315612792969,4.352519512176514,-8.362446784973145,-1.2654203176498413,-5.6929450035095215,-2.1567142009735107,-8.829680442810059,-3.82279634475708,-3.3594794273376465,5.493627548217773,-3.6511738300323486,-10.31417465209961,-13.508649826049805,-9.563682556152344,-6.350079536437988,8.43144416809082,4.545988082885742,0.0820499509572982,-3.353752374649048,-0.5021029114723206,-4.100839138031006,0.7160893082618713,1.6035041809082031,11.443358421325684,3.2833619117736816,-3.35917067527771,-12.34971809387207,-5.315700531005859,-1.0704498291015625,2.2019739151000977,-2.6908650398254395,-1.2770532369613647,-3.0016143321990967,-2.8399322032928467,-5.000514984130859,4.933080673217773
8,-204.6178436279297,141.4020538330078,8.72911548614502,30.85658836364746,-1.0635321140289309,4.60146951675415,-8.604182243347168,-1.2178858518600464,-7.625347137451172,-2.3791189193725586,-6.7670578956604,-4.302172183990479,-4.993721008300781,2.5839502811431885,-6.514044284820557,-9.556986808776855,-10.67877197265625,-7.798301696777344,-7.634778499603271,5.127135753631592,3.6191251277923584,-1.0021061897277832,-4.145407199859619,-0.4551333487033844,-2.087041139602661,1.5395063161849976,0.1498869061470031,7.358320236206055,-1.025710940361023,-6.174876689910889,-14.46612548828125,-5.535871505737305,-1.2358779907226562,3.2809441089630127,-0.997359812259674,-0.2595985233783722,-2.2552762031555176,-2.568409204483032,-2.466195106506348,4.304751396179199
8,-183.9444580078125,129.244384765625,4.322571754455566,29.1484375,-1.081209421157837,6.975857734680176,-8.60880184173584,-1.5103380680084229,-9.279502868652344,-0.3016692698001861,-9.014028549194336,-9.782703399658203,-11.311966896057127,-2.971637964248657,-8.806417465209961,-9.427470207214355,-9.270256996154783,-1.6547927856445312,1.1186223030090332,10.903630256652832,7.942893028259277,4.514872074127197,-2.5095889568328857,-1.4560762643814087,-6.414070129394531,-1.4861319065093994,-1.8317168951034544,4.658673286437988,-3.5279152393341064,-6.010404109954834,-9.85796070098877,3.670013666152954,2.417744874954224,1.4171981811523438,-8.249483108520508,-5.318039894104004,-1.335127592086792,1.99616539478302,-1.9495835304260252,3.4478206634521484
5,-118.0742645263672,145.164306640625,-14.815390586853027,7.1046528816223145,12.138081550598145,15.828946113586426,7.246793746948242,17.60331916809082,8.98181438446045,18.224336624145508,2.093752384185791,7.686363220214844,4.328946113586426,8.809015274047852,2.9253530502319336,6.510153770446777,3.998537302017212,5.138016223907471,-0.6750959157943726,3.5351076126098637,-2.9890782833099365,6.003856658935547,-0.6276304125785828,2.5114171504974365,-3.8684349060058594,4.606866359710693,-1.814419627189636,2.088622808456421,-0.7752321362495422,2.6063551902771,-1.626499891281128,1.167693018913269,-1.43182635307312,-0.0411229878664016,-4.665190696716309,1.2373967170715332,-3.608827829360962,-0.7065960168838501,-3.90277910232544,1.6776373386383057
5,-130.5713348388672,150.3783416748047,-7.375057697296143,7.62677526473999,16.425233840942383,14.034067153930664,10.196015357971191,20.576330184936523,10.510743141174316,19.73658561706543,9.165639877319336,9.705451965332031,6.750935077667236,11.583128929138184,4.66598653793335,5.785965442657471,2.9290809631347656,7.554841995239258,2.9422149658203125,3.0495879650115967,-0.3548025488853454,7.802683353424072,1.5741028785705566,3.992709398269653,-0.5518065690994263,3.590146780014038,-0.4703458249568939,3.859419822692871,-0.7703835368156433,2.001744270324707,-0.8793702125549316,1.7064801454544067,-1.5214921236038208,0.4686168730258941,-1.5242093801498413,2.4629220962524414,-1.672313928604126,-0.5027104616165161,-1.5099494457244873,1.049643635749817
5,-132.2876434326172,152.1304931640625,-6.055185794830322,5.517894744873047,14.527459144592283,14.956707000732422,10.90502643585205,20.18292999267578,10.838152885437012,19.09288024902344,8.993366241455078,9.607104301452637,5.954474925994873,10.756532669067385,5.6586785316467285,6.155757427215576,2.530129194259644,5.616565704345703,2.8455300331115723,3.837558269500733,0.4007266163825989,8.009538650512695,2.45122504234314,4.450319766998291,-0.3523121178150177,3.989102125167847,-0.34039968252182,3.813302516937256,0.6038141846656799,2.87785267829895,-1.2722973823547363,1.2620878219604492,-0.8453248143196106,0.5305383205413818,-1.575736165046692,2.032618284225464,-1.672998547554016,0.2307110428810119,-2.264913320541382,-0.1930969804525375
5,-123.75755310058594,148.16734313964844,-8.168135643005371,1.1781861782073977,11.13090991973877,18.808523178100582,10.14517593383789,19.25408744812012,3.583509922027588,14.410552978515623,3.4581894874572754,8.347050666809082,1.235373854637146,3.41502046585083,3.036613702774048,3.826000452041626,1.4458673000335691,1.7804062366485596,-3.4700560569763184,6.444640636444092,-3.244124412536621,3.666940212249756,-2.2863664627075195,4.009066581726074,-4.099934101104736,2.455386161804199,-3.037126064300537,-1.143695831298828,-3.7504050731658936,-1.844093680381775,-2.810384511947632,0.0744778290390968,-3.972455501556397,1.5611920356750488,-3.746693849563599,1.497980713844299,-3.140915632247925,2.4181466102600098,-2.056096315383911,1.0535918474197388
7,-131.7124481201172,160.4875946044922,-72.67028045654297,-2.079824924468994,20.55178642272949,9.798328399658203,6.214461326599121,17.6551456451416,11.33881378173828,5.661837100982666,-2.864267587661743,19.425687789916992,-15.21063232421875,3.71896243095398,-4.510202407836914,-8.639863967895508,-20.355573654174805,-1.1857023239135742,-5.774614334106445,-1.112034797668457,-2.262998104095459,2.3552181720733643,-6.866133213043213,-1.2769399881362915,0.5597139000892639,10.526351928710938,2.6701197624206543,-0.5422760248184204,-7.926750183105469,5.926925659179688,-6.727560997009277,-3.487452983856201,-5.25743579864502,-1.4169925451278689,-0.2337861955165863,9.38557243347168,-7.50119161605835,-6.95531177520752,-3.462585210800171,-3.81982421875
7,-104.41600799560548,152.42417907714844,-75.8262939453125,-2.8733718395233154,19.28838539123535,11.271324157714844,6.532718181610107,17.929147720336914,12.265542984008787,6.143260955810547,-2.1746997833251958,19.856475830078125,-16.72134780883789,3.0789506435394287,-4.792474746704102,-10.338244438171388,-21.980037689208984,-1.3847945928573608,-6.663166522979736,-1.9233862161636357,-2.953277826309204,1.0624171495437622,-7.723565101623535,-2.229018449783325,-0.1073140278458595,10.957414627075195,2.441300392150879,-0.7565116882324219,-7.374384880065918,6.991805553436279,-6.150368690490723,-2.151660680770874,-5.699071407318115,-1.541804552078247,-0.5292272567749023,8.41531753540039,-8.527009963989258,-7.699162483215332,-2.830604076385498,-2.6451706886291504
7,-115.9594955444336,151.36599731445312,-72.73640441894531,-2.882575035095215,21.59725570678711,10.177489280700684,6.317816257476807,18.559497833251957,8.912524223327637,4.3575310707092285,-3.621727466583252,21.957107543945312,-14.925840377807615,3.19596529006958,-5.617320537567139,-11.353148460388184,-24.2299919128418,-4.124900341033936,-4.918301105499268,-0.8484605550765991,-2.413313388824463,2.6215980052948,-9.362055778503418,-3.5216665267944336,0.6571540832519531,13.70033073425293,3.3288919925689697,-0.7570675611495972,-5.939545631408691,5.585321426391602,-7.24911642074585,-4.702295780181885,-9.04023551940918,-3.62809419631958,-0.2165830731391906,10.158615112304688,-7.708168029785156,-8.212395668029785,-4.738543510437012,-4.062473297119141
7,-126.68269348144533,153.27749633789062,-72.76797485351562,-2.389400005340576,21.803205490112305,10.511271476745604,7.459145069122314,19.628347396850582,9.62797737121582,5.088161945343018,-2.6759033203125,21.678730010986328,-14.922041893005373,2.418578147888184,-7.093966007232666,-11.684882164001465,-25.58168601989746,-3.9681692123413086,-4.748210430145264,-0.2301894128322601,-1.5101395845413208,2.0354042053222656,-9.636592864990234,-4.754632949829102,-0.4478687942028045,13.227095603942873,3.077247142791748,-1.5119783878326416,-7.1855950355529785,6.134559631347656,-7.23392915725708,-4.226459503173828,-9.414401054382324,-3.1152658462524414,-0.4598385095596313,10.2294282913208,-7.335447788238525,-8.783681869506836,-4.237880229949951,-2.7825984954833984
7,-133.58396911621094,154.88356018066406,-72.64384460449219,-1.6690990924835205,22.602907180786133,12.108572006225586,9.61716079711914,21.252796173095703,11.136038780212402,6.075559616088867,-2.643991708755493,20.612993240356445,-15.428452491760254,3.0813496112823486,-8.196770668029785,-13.007555961608888,-25.022872924804688,-2.802310943603516,-3.710947275161743,-0.4109132289886474,-2.526768922805786,0.7336379885673523,-9.502808570861816,-3.834605216979981,0.1828453689813614,13.196480751037598,3.9948134422302246,0.6367010474205017,-6.315788269042969,6.701766490936279,-7.44480037689209,-4.73591947555542,-9.568008422851562,-3.757176399230957,-1.514531135559082,8.947112083435059,-8.426703453063965,-9.887187004089355,-4.525521278381348,-2.7888545989990234
7,-88.14248657226562,148.32740783691406,-74.96685028076172,-3.3919684886932373,19.630571365356445,13.79332160949707,6.030029773712158,18.104209899902344,11.310051918029783,4.98079776763916,-2.0736799240112305,20.330154418945312,-17.112539291381836,2.849411725997925,-4.677436828613281,-11.468235969543455,-22.623580932617188,-2.932445287704468,-8.171515464782715,-3.670646905899048,-4.516226768493652,-0.3116856813430786,-8.68063735961914,-3.333915948867798,0.5208039283752441,12.100824356079102,3.3327667713165283,0.3149238526821136,-6.204254627227783,7.765520095825195,-5.612476348876953,-1.3471097946166992,-5.64240837097168,-2.3779642581939697,-0.4431585073471069,7.372661590576172,-8.96742057800293,-9.03091526031494,-4.003246784210205,-2.5078415870666504
7,-82.2251205444336,145.76907348632812,-74.79206848144531,-3.014320611953736,19.305992126464844,13.068270683288574,4.322060108184815,17.5650577545166,10.866666793823242,3.552945375442505,-3.863704919815064,19.820451736450195,-17.347307205200195,3.154632806777954,-4.056866645812988,-10.978199005126951,-22.372039794921875,-3.170904874801636,-8.326788902282715,-4.271003246307373,-4.372743606567383,-0.1908552348613739,-8.545326232910156,-2.081752300262451,2.1352360248565674,14.039836883544922,5.053791046142578,1.2229739427566528,-5.684491157531738,7.82235050201416,-6.212905406951904,-1.7643979787826538,-4.55943775177002,-1.2668126821517944,0.9572842121124268,8.588350296020508,-8.287118911743164,-9.20891284942627,-4.953662872314453,-3.2446420192718506
7,-83.37625122070312,145.3386688232422,-75.04061889648438,-3.1603384017944336,18.064868927001957,11.061100006103516,3.980159044265747,17.744075775146484,11.584386825561523,5.425879001617432,-4.15377950668335,18.18088722229004,-17.820877075195312,4.174010753631592,-2.9213387966156006,-9.83403205871582,-21.62451171875,-2.821744918823242,-7.928730487823486,-3.4532058238983154,-4.250190734863281,-1.0776368379592896,-9.599167823791504,-2.410968780517578,1.493367075920105,13.712656021118164,4.833235740661621,0.6427896022796631,-6.5039472579956055,8.363940238952637,-5.554043769836426,-1.128833293914795,-3.498288869857788,0.2072468400001526,1.4965442419052124,9.227837562561035,-7.64030122756958,-7.754622459411621,-3.867777347564697,-2.731329202651977
7,-90.20397186279295,147.31173706054688,-72.96199035644531,-2.365680456161499,19.15648651123047,11.183259963989258,3.428394556045532,17.55995750427246,12.09330940246582,8.70406723022461,-1.999900460243225,18.31256866455078,-16.435123443603516,5.595761775970459,-2.842238664627075,-10.981040954589844,-22.27494430541992,-3.2787654399871826,-7.361270427703857,-2.2086238861083984,-3.884041786193848,-1.0353870391845703,-9.596187591552734,-2.1054792404174805,0.4986733794212341,12.123961448669434,3.717485666275024,0.1420608758926391,-6.160678386688232,8.116411209106445,-5.840781211853027,-1.8934080600738523,-4.641920566558838,-1.1599408388137815,0.3861045241355896,8.253592491149902,-8.060434341430664,-7.517588138580322,-3.819948434829712,-2.3201706409454346
7,-100.30480194091795,149.01429748535156,-71.52073669433594,-0.3569093942642212,19.427404403686523,12.163533210754396,4.292916774749756,18.95794677734375,14.0637788772583,10.36238956451416,-1.2846136093139648,19.6898193359375,-15.132850646972656,6.812071800231934,-3.326852798461914,-12.11092472076416,-22.245004653930664,-3.351680278778076,-7.426641941070557,-2.0139153003692627,-2.676476001739502,0.8725708723068237,-8.694375038146973,-1.213286280632019,0.2960447072982788,10.786815643310549,2.421024799346924,0.276444137096405,-5.348744869232178,7.951858997344971,-5.884466648101807,-3.0605196952819824,-4.859272003173828,-1.4902260303497314,-1.1059492826461792,7.513177871704102,-8.767701148986816,-7.519041061401367,-4.086099147796631,-2.990783452987671
7,-106.23733520507812,147.2723388671875,-73.86628723144531,0.9098033308982848,18.7764835357666,11.203472137451172,5.079473972320557,19.186857223510746,14.111377716064451,9.073895454406738,-2.449863910675049,20.839942932128903,-15.238913536071776,5.795993328094482,-5.584934711456299,-13.03597354888916,-21.28964614868164,-1.2824949026107788,-5.926397800445557,-0.8983638286590576,-2.0867903232574463,0.4885865449905395,-10.720593452453612,-3.2736051082611084,-0.3160355389118194,11.430475234985352,2.382667064666748,0.0809664577245712,-5.813845634460449,8.37082290649414,-5.549098014831543,-3.543482542037964,-6.381171226501465,-2.1899070739746094,-0.0901278480887413,9.368722915649414,-7.170069217681885,-7.125357151031494,-4.241035461425781,-3.2416021823883057
7,-102.12268829345705,143.50282287597656,-75.43653869628906,-0.3988092541694641,18.211334228515625,9.456242561340332,4.308343410491943,18.320728302001957,13.168112754821776,7.64619779586792,-3.3486320972442627,21.38787841796875,-16.06389617919922,5.18373966217041,-6.089213848114014,-14.22822380065918,-21.61809539794922,0.0012939540902152,-4.276895999908447,-1.297902226448059,-3.815139770507813,-0.8510008454322815,-12.055063247680664,-3.530916690826416,0.8144349455833435,14.005605697631836,3.710386037826538,0.1058105826377868,-6.092476844787598,7.251989841461182,-6.487145900726318,-5.285888671875,-8.795747756958008,-3.7971324920654297,1.828303337097168,11.702177047729492,-6.342757701873779,-7.038196086883545,-4.113683700561523,-2.337721586227417
7,-106.42987060546876,146.15420532226562,-74.06832885742188,-1.599396824836731,19.68630027770996,9.499034881591797,4.5522780418396,17.622642517089844,11.23657512664795,6.544363021850586,-3.529526948928833,22.508974075317383,-15.649645805358888,5.137303829193115,-4.696117401123047,-12.571582794189451,-21.92988586425781,-2.408724546432495,-4.903229236602783,-1.967270374298096,-4.373064041137695,1.004346489906311,-10.17026424407959,-2.5144331455230717,1.4702361822128296,14.410489082336426,3.557279109954834,0.133149042725563,-5.275471210479736,5.902283191680908,-6.946297645568848,-5.418520450592041,-8.805562973022461,-3.961373805999756,0.8437892198562622,11.13571071624756,-7.205140113830566,-7.326260566711426,-4.073181629180908,-3.2828760147094727
9,-17.795040130615234,-5.851748466491699,-61.98712921142578,-14.95809841156006,-23.50795555114746,-9.53860092163086,-11.3834810256958,-3.251838445663452,-12.518442153930664,-6.075690746307373,-7.991427421569824,-9.056986808776855,-15.054553031921388,-4.907997131347656,-4.216293811798096,-1.3699519634246826,-6.078047275543213,6.123433589935303,-2.9440019130706787,8.108078002929688,3.5288586616516118,9.7551851272583,5.03444766998291,7.146335601806641,1.992756724357605,2.95610785484314,3.155625820159912,4.782641410827637,-0.2372289597988128,1.9936710596084597,-4.442262172698975,0.1067989096045494,-9.22238540649414,0.0512437783181667,-3.728925466537476,-1.1316890716552734,-6.126519680023193,0.3814422190189361,-4.838905811309815,0.442722737789154
9,-190.93153381347656,11.594558715820312,-41.82247924804688,-2.049463987350464,-16.094655990600586,-1.698288083076477,-13.086188316345217,3.857571840286255,0.6226494312286377,-0.6541948914527893,-2.3778438568115234,-3.766945123672485,-7.281324863433838,0.1695054769515991,-1.1696107387542725,-1.431567668914795,-7.574234485626221,6.000271797180176,-3.949639320373535,3.269218683242798,-1.4681012630462646,6.156770706176758,0.5780515074729919,4.301152229309082,-0.2123195230960846,2.328923463821411,-0.1571569740772247,4.764483451843262,-0.7297274470329285,4.037510395050049,0.7822362780570984,3.1323611736297607,-3.261425256729126,1.2092028856277466,-1.0994774103164673,1.250615119934082,-2.2571020126342773,2.9406328201293945,-1.2260735034942627,0.8191999197006226
9,-82.85025787353516,7.749606132507324,-53.56387710571289,-10.92218780517578,-21.733591079711918,-6.422077655792236,-15.264286994934082,2.4282546043396,-2.69913911819458,-4.367516994476318,-4.8744893074035645,-7.763379573822021,-11.238184928894045,-2.630387544631958,-3.7623813152313232,-4.158596992492676,-9.94125270843506,5.024416923522949,-4.645886898040772,2.2740049362182617,-2.4067587852478027,5.895339012145996,0.4831159710884094,6.118905544281006,0.4853292107582092,4.496222019195557,2.167323589324951,5.9930100440979,-0.5118076801300049,4.602365493774414,0.5832954049110413,3.8679354190826416,-2.785200595855713,2.279226779937744,-0.689429521560669,1.704784274101257,-1.522688627243042,3.378484010696411,-1.4359471797943115,1.667042851448059
9,-26.174375534057617,98.77687072753906,5.124876022338867,29.9775505065918,9.106256484985352,16.936630249023438,3.741090297698975,3.160238027572632,1.8957802057266235,6.483930587768555,-3.233725070953369,-1.050185203552246,-3.1003432273864746,1.4621567726135254,-3.653277158737183,-2.085538148880005,-5.923540115356445,3.0168352127075195,-4.915951728820801,1.6302435398101809,-5.501448631286621,-0.1895969808101654,-2.9051320552825928,3.138105154037476,-3.507219076156616,-0.1328608989715576,-2.358638048171997,1.138294339179993,-3.7847046852111816,1.358989953994751,-5.898322582244873,3.840155601501465,-5.339933395385742,0.0735218152403831,-5.159700870513916,-1.014429211616516,-4.417767524719238,0.2957029342651367,-4.294092655181885,-0.7060315608978271
9,-21.85367584228516,99.05680847167967,5.511030673980713,30.190017700195312,8.078232765197754,16.35879898071289,3.672333002090454,3.284785747528076,1.7369328737258911,6.779433250427246,-3.23722243309021,-0.7377479076385498,-3.410971164703369,1.6353094577789309,-3.961479425430298,-2.208251714706421,-5.509239196777344,3.305678129196167,-4.709709644317627,1.458296775817871,-5.521200180053711,-0.7104732990264893,-3.652993679046631,3.170278310775757,-3.708442211151123,-0.0734583213925361,-2.4552340507507324,0.8252956867218018,-3.742462635040283,1.293284893035889,-5.656749248504639,3.9519317150115967,-5.379014015197754,-0.3051950335502624,-4.648787975311279,-1.0203840732574463,-4.459832668304443,0.2624770700931549,-4.151610851287842,-0.5207154154777527
9,-23.72891998291016,99.3397979736328,5.515058994293213,29.69115257263184,7.800013542175293,16.215524673461914,3.3908610343933105,2.7542266845703125,1.3719629049301147,6.9901933670043945,-3.1594133377075195,-0.3931298553943634,-3.217927932739258,1.6577434539794922,-3.6489455699920654,-1.8462918996810915,-5.71737813949585,2.853611946105957,-5.22184419631958,1.5863945484161377,-5.502272605895996,-0.5074398517608643,-3.444332838058472,3.2883505821228027,-4.108650207519531,-0.2621577680110931,-2.495255470275879,0.6791331768035889,-3.789966821670532,1.5799877643585205,-5.42528772354126,4.134576320648193,-5.190085887908936,-0.3809466063976288,-4.602571487426758,-0.9674537181854248,-4.509839057922363,0.1004146486520767,-4.230991840362549,-0.4806988537311554
5,-229.59149169921875,158.82102966308594,-34.386226654052734,35.267974853515625,-9.483651161193848,12.176190376281738,-2.440502405166626,-5.814228057861328,-6.005035877227783,-6.521967887878418,-9.719468116760254,3.4381625652313232,-2.1594221591949463,-4.317967891693115,-2.716470241546631,2.5087733268737797,3.074878454208374,1.4264675378799438,-3.6820576190948486,3.16550612449646,-0.9623296856880188,2.1313555240631104,-1.2207145690917969,-2.0781595706939697,-4.823732376098633,3.559159278869629,0.513834536075592,6.497328758239746,-5.793572902679443,-5.9585442543029785,3.391045093536377,14.017295837402344,4.513740539550781,-1.2162221670150757,-7.692015171051025,-2.95976185798645,-5.518000602722168,7.043450832366943,8.827597618103027,7.836026191711426
5,-273.1492004394531,179.15957641601562,-19.41455841064453,32.41292953491211,-16.153886795043945,7.637974739074707,-1.5456207990646362,-5.550288200378418,-4.983541011810303,0.632205069065094,-5.076024532318115,15.813129425048828,-6.664691925048828,-0.9190642237663268,0.928156852722168,1.6925498247146606,-0.9334782361984252,4.89606237411499,0.1613013595342636,0.9452264308929444,1.3566430807113647,4.881273746490479,0.2671346366405487,3.126319408416748,1.977363348007202,5.545514106750488,1.449479341506958,8.016798973083496,3.5373873710632324,2.955188274383545,-0.9544618725776672,1.6199517250061035,3.8436315059661865,5.160155773162842,-2.9950180053710938,3.5219550132751465,0.9995714426040648,4.131689071655273,-1.7194228172302246,0.1250279992818832
5,-247.05972290039065,169.1136016845703,-28.465160369873047,42.57672882080078,-10.142348289489746,9.192885398864746,-3.680644989013672,-15.78599452972412,-10.36270809173584,-3.8741214275360103,-8.955855369567871,2.7952706813812256,-7.157117366790772,1.2644388675689695,1.1757644414901731,9.724420547485352,9.991796493530272,5.2160964012146,-2.537080764770508,3.146036386489868,-3.839120388031006,5.48590087890625,-3.999308824539185,-2.5563433170318604,-5.673185348510742,0.5295225977897644,7.224996089935303,3.4345510005950928,-7.796000003814697,-1.6579383611679075,2.0617880821228027,5.99619197845459,-0.4926295578479767,-0.3980937898159027,-1.8440163135528564,-1.177130103111267,-3.684017419815064,2.5189077854156494,4.966287612915039,-2.1491219997406006
5,-242.6433868408203,167.0248565673828,-28.38652992248535,45.786903381347656,-13.259902954101562,16.3287296295166,-1.0326708555221558,-13.913862228393556,-9.008736610412598,0.4353007078170776,-5.178931713104248,3.2012946605682373,0.0976738929748535,4.540631294250488,-0.5995811223983765,5.202317714691162,7.331597328186035,2.397436141967773,-1.1055302619934082,0.1116014719009399,-0.4591226875782013,5.154186248779297,0.5307798385620117,-0.5168605446815491,-0.660586953163147,6.482052326202393,5.353114604949951,1.7108349800109863,1.8641471862792969,5.594482421875,3.04445481300354,2.6745779514312744,-0.7239593267440796,1.6832873821258545,0.3843686878681183,1.9252289533615112,3.977506637573242,4.342806816101074,-4.069363594055176,-5.50352668762207
5,-249.92352294921875,169.08782958984375,-24.11823272705078,42.01805114746094,-14.33121109008789,11.154810905456545,-2.0889413356781006,-13.928725242614746,-8.804561614990234,-0.3842007517814636,-5.532308578491211,2.8945980072021484,-6.200545787811279,3.095320224761963,4.968979835510254,5.345062255859375,4.752557277679443,1.6174143552780151,-2.2441565990448,2.4955618381500244,2.364046573638916,-1.4978504180908203,-1.968644142150879,-1.6909204721450806,3.0981075763702397,8.457677841186523,3.450270175933838,3.7927615642547607,5.345042705535889,3.974266767501831,-3.1939425468444824,-0.9600651860237122,2.57553505897522,0.6190297603607178,-1.7639189958572388,-0.1388515681028366,1.1024067401885986,3.2063002586364746,0.6249040365219116,-3.234028577804565
5,-249.0524139404297,167.06613159179688,-12.144810676574709,38.82013702392578,-10.39277458190918,7.084774494171143,-6.823324680328369,-16.70546531677246,-5.860432147979736,-2.015479564666748,-9.01793098449707,9.413408279418944,-7.3733134269714355,2.553451538085937,4.690678119659424,4.117709159851074,0.0238205567002296,-0.411745548248291,0.3654608726501465,6.466064453125,-2.2860848903656006,-1.0085947513580322,-7.316726684570312,-2.0244593620300293,-1.1369736194610596,4.080872058868408,7.961298942565918,7.8837199211120605,-1.6067460775375366,0.4816188514232635,-2.516008138656616,6.1278181076049805,3.444255113601685,-2.537633180618286,-4.287186622619629,-1.755151629447937,-6.911736965179443,6.339718341827393,7.968513011932373,2.431964874267578
10,-250.1697235107422,100.5500946044922,-44.690208435058594,-24.099016189575195,-25.708383560180664,-0.6563240885734558,-18.76002311706543,-18.696208953857425,1.0489155054092407,4.1595234870910645,-6.719177722930908,12.718587875366213,10.055384635925291,10.2958345413208,0.1151128336787223,-0.1511652022600174,-3.704000949859619,-2.3711047172546387,5.3246917724609375,11.194573402404783,5.976842403411865,5.441827774047852,9.597803115844728,3.653375625610352,4.571218490600586,4.8035383224487305,2.146167993545532,-1.2110154628753662,1.9976344108581543,3.145504951477051,-2.585538387298584,-1.1636919975280762,-0.1258971840143203,-1.2569880485534668,2.3063082695007324,2.3179290294647217,0.812769889831543,1.2941662073135376,-0.0420325845479965,3.710772037506104
10,-287.3356018066406,111.30992889404295,-45.33624649047852,-16.651945114135742,-24.867450714111328,6.091614246368408,-28.55971336364746,-13.153496742248535,3.205827474594116,-5.55075216293335,-1.719569206237793,14.047648429870604,3.150937080383301,7.43035364151001,-5.569676399230957,-2.1015119552612305,0.3254553377628326,-2.2763211727142334,6.64786434173584,-0.0044080591760575,4.2378764152526855,9.638545989990234,6.164720058441162,3.529103994369507,2.91471266746521,0.7561741471290588,-3.4737799167633057,-3.960512399673462,-0.675858199596405,1.2807713747024536,-5.398150444030762,0.003641911316663,6.237226486206055,4.654444217681885,1.4529120922088623,1.942937970161438,-0.4385692477226257,1.1346824169158936,-0.7549071311950684,-1.0693097114562988
10,-413.8706665039063,101.9421157836914,-17.615774154663086,-8.304794311523438,-18.455102920532227,10.709561347961426,-16.574371337890625,-0.7087722420692444,6.935819149017334,-1.477918028831482,-7.512145042419434,5.555804252624512,-3.6259398460388175,2.8553900718688965,-2.576256513595581,9.897643089294434,6.5957865715026855,-0.6771098971366882,-1.4948917627334597,4.929396152496338,-3.2387216091156006,-2.2193660736083984,0.0624782145023345,-2.505155086517334,-1.5565667152404783,-0.3201913237571716,1.0801829099655151,-1.7922084331512451,-1.2070432901382446,2.4580795764923096,3.120307683944702,1.3190157413482666,-2.247637987136841,1.229300618171692,3.515498638153076,3.695430278778076,0.9396035075187684,2.260325193405152,-3.941656827926636,-2.673511266708374
10,-352.6841125488281,112.17347717285156,-52.74823760986328,-15.099806785583496,-25.886777877807617,5.5103068351745605,-21.15627670288086,-4.77091121673584,10.521856307983398,0.0063347788527607,-4.49835729598999,15.816535949707031,3.6684393882751465,7.0924811363220215,-0.9251280426979064,6.262866020202637,-3.36894154548645,-8.48828411102295,2.0230581760406494,9.899742126464844,-0.5424188375473022,-2.872854232788086,-2.4901959896087646,0.120365671813488,0.9231184720993042,3.252753973007202,-0.8646538257598877,2.518542051315308,-0.9616879820823668,2.2730026245117188,2.348469018936157,0.6781178712844849,-1.3185991048812866,1.0702555179595947,-0.433634489774704,0.5146664977073669,-0.5899373888969421,2.9589474201202397,1.3751530647277832,-0.2341536581516266
10,-269.1603698730469,134.41407775878906,-20.02591133117676,-10.430255889892578,0.5050352215766907,10.69581127166748,-8.132625579833984,1.6060466766357422,7.129141330718994,1.0231873989105225,2.24222731590271,12.809144020080566,9.591540336608888,8.338155746459961,6.977421760559082,10.876358032226562,13.197629928588867,4.626622200012207,5.536186695098877,6.098850250244141,1.560334086418152,0.8158556818962097,5.685269355773926,4.1119384765625,3.3493316173553467,4.2806267738342285,3.949739456176758,3.60313892364502,0.8829684257507324,-0.8611880540847778,2.1122424602508545,3.203866958618164,3.057464361190796,1.2855587005615234,1.560435771942139,3.156998634338379,2.101503849029541,2.757401943206787,1.0282174348831177,3.697164058685303
10,-322.7098083496094,139.08108520507812,-10.758448600769045,13.916145324707031,2.2906501293182373,18.522735595703125,-1.59703528881073,3.6847174167633057,5.2648701667785645,6.256228446960449,2.331216335296631,17.38426399230957,12.253585815429688,13.72953987121582,7.430037975311279,6.452768802642822,9.67360496520996,7.646517753601074,6.83372688293457,5.2158379554748535,6.023691654205322,4.667932510375977,5.070561408996582,2.669865131378174,5.983854293823242,4.885527610778809,2.638436317443848,2.1057288646698,2.8526976108551025,0.1040664389729499,1.019405961036682,3.6178925037384033,3.088141441345215,2.02802848815918,-0.7273017168045044,1.7695153951644895,1.5769129991531372,1.4728310108184814,1.6804029941558838,3.4027884006500244
10,-325.77667236328125,118.57487487792967,-12.609695434570312,5.737504959106445,8.203938484191895,14.731425285339355,4.4071784019470215,4.91785192489624,6.917098045349121,13.28128433227539,8.146490097045898,18.960325241088867,9.914846420288086,3.470919370651245,7.605818748474121,11.930174827575684,9.940478324890137,9.330799102783203,10.284552574157717,8.089263916015625,5.535665035247803,0.3526805341243744,1.9909676313400269,0.9738084077835084,1.09142005443573,2.98710298538208,0.6023772358894348,0.5619942545890808,2.9596221446990967,3.5511064529418945,3.8746633529663086,0.3275134265422821,2.822568655014038,5.266924858093262,2.9954748153686523,2.8264455795288086,1.5782018899917605,2.8089370727539062,-1.2790734767913818,0.7844252586364746
10,-281.47320556640625,137.91827392578125,-25.089818954467773,-7.9742608070373535,-0.9845708012580872,5.266883850097656,-8.321739196777344,-6.934342384338379,-8.719536781311035,1.595540165901184,2.642040491104126,10.554428100585938,7.890451431274414,6.617375373840332,3.344691276550293,3.289217472076416,5.971022129058838,1.6946430206298828,3.600847005844116,6.170945167541504,3.770702123641968,0.882053017616272,2.518819808959961,4.4860711097717285,4.921231269836426,0.9717585444450378,4.109644412994385,4.118054866790772,0.9644623398780824,3.023685932159424,4.349887847900391,2.879501819610596,2.228092670440674,3.11240816116333,4.881625175476074,3.4600989818573,1.7551167011260986,3.727815628051758,3.0944182872772217,3.3046677112579346
10,-312.8080749511719,130.37213134765625,-11.809778213500977,-3.881833076477051,-14.443233489990234,-2.183475971221924,-2.634608030319214,10.131644248962402,-1.8699653148651123,6.989820957183838,1.583953857421875,9.016036033630373,3.3479840755462646,5.838555335998535,0.3596526980400085,1.537818193435669,-3.079416990280152,2.846343755722046,-1.3877909183502195,2.3866677284240723,-3.4427313804626465,4.771396160125732,-1.7596997022628784,4.66241979598999,-0.7180583477020264,3.7372467517852783,-1.6856060028076172,3.2530934810638428,-1.5858378410339355,2.4329376220703125,-1.8436462879180908,2.8454980850219727,-0.8988106846809387,3.1390931606292725,-0.738893985748291,2.998165845870972,-1.2440614700317385,2.9436824321746826,-1.442341685295105,1.7253819704055786
10,-328.1355895996094,124.12422943115234,-14.51145076751709,-8.95414924621582,-12.281118392944336,-2.023809671401977,0.2985486984252929,8.5227689743042,-2.3529906272888184,6.588033199310303,0.9573073387145996,7.876344203948975,2.968202829360962,5.8141703605651855,1.775250792503357,3.609428644180298,0.8311771154403687,3.270915269851685,-3.756450653076172,1.5166438817977903,-2.577911615371704,4.422338962554932,-2.802250385284424,3.901926279067993,-1.2756617069244385,3.433956384658813,-0.180899292230606,6.008914470672607,0.3683643937110901,3.561743259429932,-1.0934919118881226,4.137165546417236,0.0188218597322702,2.994747877120972,-1.5037602186203003,2.817573308944702,-1.005586862564087,2.9059176445007324,-1.21733295917511,2.468632221221924
10,-300.08447265625,120.74844360351562,-19.560039520263672,-6.638121604919434,-17.115386962890625,-5.2389326095581055,-4.726987838745117,10.140998840332031,-3.649146318435669,5.919228076934815,-1.938451886177063,6.2063469886779785,3.1147305965423584,7.507811069488525,3.2202727794647217,3.8518877029418954,-1.5700987577438354,2.0016896724700928,-4.087358474731445,1.6517770290374756,-4.257177352905273,2.738832950592041,-3.0794734954833984,4.328200340270996,-0.6144639849662781,4.763896942138672,-0.1427436769008636,4.723470687866211,0.2807918488979339,3.3651065826416016,-1.6127514839172363,2.979478120803833,-0.9577714204788208,2.91762375831604,-0.981758713722229,3.514477014541626,-0.4961298108100891,3.07826828956604,-0.5064588785171509,2.7726025581359863
10,-314.8160095214844,126.64611053466795,-20.24148750305176,-9.62179470062256,-17.736841201782227,-3.961771965026856,-2.616633176803589,8.011221885681152,-6.221147537231445,5.079156398773193,-3.030546188354492,5.372964859008789,2.83195161819458,6.616274356842041,3.1810224056243896,3.603629112243652,-1.8621468544006348,1.84892213344574,-3.253536462783813,2.3418498039245605,-4.395742893218994,3.35306978225708,-1.7430527210235596,4.864386081695557,0.2880407869815826,5.027105808258057,-0.3826098442077636,4.635868549346924,-0.0248479731380939,2.735368490219116,-1.1283767223358154,3.396176338195801,-0.709026038646698,3.1330714225769043,-1.014184832572937,3.038984060287476,-0.5683860182762146,2.59560489654541,-1.7857989072799685,3.033581256866455
10,-341.189453125,135.7076873779297,-8.853403091430664,-5.987360954284668,-14.69097137451172,-2.156994104385376,-0.6383321285247803,9.453532218933104,-1.3028888702392578,6.673357963562012,-0.5380994081497192,6.096507549285889,2.0413620471954346,5.916697978973389,2.280917167663574,3.4801599979400635,-2.490049123764038,1.8441283702850344,-2.739089250564575,2.6528542041778564,-1.365230679512024,4.848750591278076,-1.9906909465789795,3.484822988510132,-0.8299058079719543,5.047149658203125,-0.7548355460166931,3.4054982662200928,-0.5846104025840759,3.172297716140747,-1.0666440725326538,2.5330047607421875,-1.7419896125793457,2.652693271636963,-0.664860725402832,2.947786569595337,-1.0509916543960571,2.5056867599487305,-1.9779744148254397,1.092516303062439
10,-337.0341491699219,138.27481079101562,-13.311441421508787,-10.25667667388916,-10.673791885375977,-1.259833574295044,-0.5845624804496765,9.786735534667969,-2.679102897644043,7.547399997711182,0.9936942458152772,7.835746765136719,2.246802568435669,3.915414333343506,0.3905577361583709,3.2274322509765625,-1.2711474895477295,3.640180349349976,-2.207483530044556,1.739548921585083,-2.369190454483032,3.6567773818969727,-2.949691772460937,3.787254810333252,-1.2483723163604736,3.899960994720459,-0.9301327466964722,4.25526762008667,-0.5530288815498352,2.618082046508789,-1.6899807453155518,3.492088794708252,-0.8607848286628723,1.7733831405639648,-1.6076266765594482,3.372800350189209,-0.4212129116058349,3.370489835739136,-1.5736764669418335,1.79954993724823
10,-331.3260803222656,139.2379608154297,-18.4185791015625,-8.35077953338623,-10.828041076660156,-2.388655424118042,-0.1210551187396049,8.03818416595459,-2.521433115005493,6.614913463592529,-0.1971804648637771,6.171870708465576,1.5954662561416626,3.642223834991455,1.1923646926879885,3.173079013824463,-0.5794427394866943,3.9565083980560303,-1.1356910467147827,2.671311616897583,-2.543745994567871,3.016985416412353,-2.833063840866089,4.091792106628418,-1.3335859775543213,3.9182560443878174,-0.8006733059883118,4.690160751342773,-0.159291610121727,3.1616880893707275,-0.8270695209503174,3.988276243209839,-0.8116757869720459,2.008902311325073,-0.9473316073417664,3.64632248878479,-0.8044413328170776,3.15236496925354,-1.4567943811416626,2.8020923137664795
10,-361.7674865722656,134.21095275878906,-11.571585655212402,-9.444503784179688,-13.977250099182127,-1.7648907899856567,-2.206336259841919,11.471756935119627,-3.2894866466522217,6.497289180755615,-1.8253154754638672,4.620133399963379,0.6896198391914368,4.225534915924072,1.7398550510406494,4.009378433227539,-1.087029218673706,4.474337577819824,-1.1400567293167114,4.506645679473877,-1.6443747282028198,4.411160945892334,-3.108474016189575,4.175841331481934,0.3567084670066833,4.563299655914307,-1.1193194389343262,4.422829627990723,0.0283908285200595,3.2499022483825684,-1.2124360799789429,3.4151344299316406,-0.293842613697052,3.0843210220336914,-1.5146926641464231,2.923274278640747,-0.476213127374649,3.638893365859986,-0.9147155284881592,1.7912389039993286
7,-129.96495056152344,104.40226745605467,-39.746070861816406,-0.0666811391711235,11.367188453674316,6.19952917098999,-2.4973573684692383,-0.9468384981155396,-6.071450710296631,3.9399492740631104,0.2751921415328979,4.206397533416748,-6.042449474334717,2.1136739253997803,-2.643184185028076,-0.4491161704063415,-6.824714660644531,3.4060816764831543,-3.35409951210022,2.3921453952789307,-6.213590621948242,-3.3245997428894043,-6.823156833648682,1.9615153074264529,-2.7329649925231934,3.041034460067749,-3.5665245056152344,-0.1606470197439193,4.977491855621338,9.666403770446776,-3.2162961959838867,0.3117122054100036,-4.459652900695801,3.557847738265991,-0.0812122449278831,1.3756734132766724,-3.8405797481536874,-0.7344847917556763,-5.899469375610352,4.413658142089844
7,-118.13477325439452,85.42494201660156,-24.18963623046875,14.597352981567385,-4.557575225830078,1.7889734506607056,-5.164146423339844,4.838701248168945,-1.926546335220337,7.841243743896484,1.3700766563415527,-0.8862571716308594,-8.377815246582031,1.7945111989974976,-3.468881845474243,3.335445642471313,-2.766632318496704,6.624236583709717,-1.4206525087356567,2.6388134956359863,-2.313520669937134,-1.1805506944656372,-8.871223449707031,-1.4477797746658323,-3.4452388286590576,1.7696254253387451,-2.152665853500366,2.434706926345825,-3.6294968128204346,1.962828516960144,-2.93196177482605,1.8508270978927608,-2.5455830097198486,1.541691541671753,-3.4666378498077397,-0.5609447956085205,-5.635721683502197,-2.023794889450073,-2.904758930206299,-1.140996336936951
7,-123.96701049804688,84.5084228515625,-20.522594451904297,13.330001831054688,-4.581062316894531,-0.0879086628556251,-7.875187873840332,5.559432506561279,0.200769305229187,6.971448421478272,-0.4225769937038421,-2.2218494415283203,-9.14281940460205,1.4992855787277222,-3.589119911193848,2.736999750137329,-3.767476558685303,6.593989849090576,-0.6705232262611389,1.7966974973678589,-6.103769779205322,-4.25895357131958,-9.33169651031494,-1.0123634338378906,-3.809991598129273,1.641551494598389,-4.170741558074951,1.152225375175476,-4.084758281707764,0.881932258605957,-3.4051692485809326,2.7701048851013184,-1.7934002876281738,1.884102702140808,-3.658803701400757,0.30635666847229,-5.294226169586182,-2.1114275455474854,-3.3419814109802246,-0.8589257001876831
7,-104.2777862548828,84.35736846923828,-21.1137809753418,11.36933708190918,-3.991798639297485,-0.7453153729438782,-8.87589168548584,4.566193103790283,-1.0359350442886353,4.563961505889893,-4.253202438354492,-5.6566162109375,-8.760497093200684,1.2420334815979004,-4.782966613769531,1.3712464570999146,-5.522346496582031,5.377532005310059,-2.472445249557495,-2.861227035522461,-9.98527717590332,-5.085574150085449,-9.172015190124512,-2.461062431335449,-5.913469314575195,0.0476261973381042,-6.195712566375732,0.1055237874388694,-5.091199398040772,-0.6177274584770203,-4.159749984741211,2.1813113689422607,-2.1234188079833984,1.605757474899292,-3.4990074634552,0.7378062605857849,-5.190683841705322,-2.5092926025390625,-4.65447473526001,-0.5825031995773315
7,-106.0781021118164,82.83433532714844,-22.451547622680664,11.613943099975586,-2.904160976409912,-0.2630853056907654,-10.561906814575195,4.061270713806152,-0.0626368001103401,5.089393615722656,-5.043337821960449,-5.134864330291748,-7.820433139801025,1.4254592657089231,-5.755011558532715,-0.9503144025802612,-5.263530731201172,5.408005714416504,-4.553664207458496,-4.602132797241211,-8.85916519165039,-2.3410892486572266,-8.687376976013184,-3.141195774078369,-6.190431118011475,0.2965686023235321,-6.000198841094971,0.6392428874969482,-5.372870445251465,0.9341660141944884,-1.710495948791504,1.954991698265076,-3.568333148956299,1.1189359426498413,-4.1282572746276855,0.0599984414875507,-5.6977362632751465,-2.312808990478516,-4.208328723907471,-0.4603715538978576
7,-122.72042846679688,77.3380355834961,-22.731491088867188,8.779375076293945,-4.504147529602051,1.6245113611221311,-13.121721267700195,1.5037575960159302,-3.060678005218506,7.535126686096191,-2.598945379257202,-0.7620934247970581,-10.598224639892578,0.3750346302986145,-3.1034326553344727,2.793831348419189,-5.648579120635986,5.472057342529297,-3.0459096431732178,0.9425567388534546,-3.9601895809173584,-2.666489362716675,-8.774128913879395,-1.5409493446350098,-4.102438449859619,-1.938890099525452,-5.38943338394165,-0.864406406879425,-2.591732978820801,3.924329042434693,-2.233285903930664,3.109916925430298,-1.352191686630249,3.356252431869507,-4.290767669677734,0.8318594098091125,-6.151076316833496,-0.4777780771255493,-4.440898418426514,-1.1787354946136477
7,-137.0423126220703,74.81454467773438,-23.02811813354492,9.557781219482422,-5.322636127471924,2.4777398109436035,-14.012495040893556,0.9086386561393738,-2.9198622703552246,6.538444519042969,-3.094526767730713,1.6252176761627195,-9.30813694000244,0.0940954387187957,-1.590062141418457,3.395265817642212,-4.5455193519592285,5.560085773468018,-3.848440170288086,1.4288547039031982,-2.11812162399292,-1.1379355192184448,-8.942523002624512,-0.5780348777770996,-2.616818189620972,-1.0300997495651243,-4.138656139373779,-0.3531563282012939,-3.333072662353516,3.8582918643951416,-1.2963738441467283,3.0214638710021973,-3.12382173538208,1.991805076599121,-3.827418088912964,2.495213747024536,-5.053948879241943,0.248148575425148,-2.281480073928833,0.6309969425201416
7,-115.27352905273438,87.52434539794922,-19.459117889404297,6.116361141204834,-3.0791256427764893,-0.2492862790822982,-9.351747512817385,3.930415391921997,1.0492823123931885,6.062039852142334,2.195120334625244,3.6011440753936768,-5.3231072425842285,4.080790042877197,-4.299048900604248,-0.0461865253746509,-1.909645199775696,6.209291934967041,-3.1736996173858643,2.3931448459625244,-1.655209183692932,1.2237544059753418,-5.663323879241943,-0.2883318364620209,-1.5250449180603027,2.1442604064941406,-2.524049997329712,2.555302143096924,-4.128734588623047,0.4822896122932434,-2.320589542388916,3.599859952926636,-3.988368034362793,-0.7683510184288025,-5.117452621459961,0.1768413782119751,-4.849122524261475,-0.4151233434677124,-2.1520626544952397,1.260835886001587
7,-108.16957092285156,84.9294204711914,-21.937162399291992,4.4455156326293945,-4.589493274688721,-2.4471046924591064,-9.461481094360352,4.650998592376709,1.4833201169967651,6.854608058929443,2.409928798675537,1.6804949045181274,-7.316205978393555,1.6485655307769775,-4.7438836097717285,1.8675376176834104,-3.721144199371338,3.1374356746673584,-3.575817584991455,3.2205443382263184,-2.0195720195770264,-1.4248685836791992,-9.56525421142578,-0.1207899376749992,-0.0091222859919071,2.2620532512664795,-2.7479586601257324,1.7476277351379397,-4.682304382324219,0.2176723182201385,-3.4107954502105717,2.310708284378052,-5.26384973526001,-2.538163900375366,-5.516284465789795,-0.6914750337600708,-5.048444271087647,-0.8997630476951599,-1.6753977537155151,1.7827215194702148
7,-112.67778778076172,83.43077087402344,-22.610572814941406,4.557337284088135,-4.0363593101501465,-3.241652011871338,-9.57930850982666,3.9574267864227295,0.785254955291748,7.600565433502197,2.5601844787597656,0.5744923949241638,-8.533928871154785,0.9860337376594543,-3.725203514099121,3.040592193603516,-3.4580562114715576,3.2885029315948486,-4.797794342041016,2.954205274581909,-1.5202012062072754,-2.0232958793640137,-9.95102310180664,1.4717450141906738,1.6581690311431885,2.808155298233032,-2.495560646057129,1.7226978540420532,-5.095748901367188,-1.074848175048828,-4.341017723083496,2.396890163421631,-4.5433220863342285,-0.818450391292572,-4.284146308898926,0.2333935797214508,-3.9844624996185294,-1.317315936088562,-3.2345542907714844,1.8728185892105105
7,-114.11933135986328,85.9217529296875,-17.900249481201172,4.211364269256592,-1.9885557889938357,-0.6017963290214539,-13.13664722442627,4.483112812042236,2.317495822906494,4.660426616668701,4.06040620803833,3.676226377487183,-6.76010799407959,2.59014105796814,-3.51008939743042,2.3981008529663086,-2.749220609664917,3.394296169281006,-5.349001884460449,1.1663050651550293,-2.404202938079834,-2.5040645599365234,-9.840599060058594,0.556291937828064,-1.4667435884475708,0.4937584400177002,-4.196486473083496,3.6487669944763184,-2.946514844894409,1.0445442199707031,-3.055612802505493,4.255772113800049,-2.2902793884277344,0.5957155823707581,-4.700092792510986,-0.3453360497951507,-3.666536331176758,0.6534984111785889,-4.296286106109619,-0.1610859781503677
7,-109.53633880615234,86.69132232666016,-17.027507781982422,6.3149733543396,-2.471153259277344,-1.0628840923309326,-12.139242172241213,1.8440343141555784,-1.083690881729126,2.4759891033172607,0.3088856637477875,0.3729020357131958,-7.485791683197021,2.468475818634033,-3.982383728027344,-0.3530912101268768,-2.8657562732696533,5.267319202423096,-3.830697536468506,-0.035346895456314,-2.85171890258789,-1.0140706300735474,-6.174132347106934,0.2514058649539947,-2.0048696994781494,1.441274881362915,-3.523768424987793,0.9194238185882568,-4.406201362609863,0.381395012140274,-4.222690105438232,2.056508779525757,-0.9408761858940125,3.916290760040283,-1.4073336124420166,1.2861512899398804,-4.700859069824219,0.305713415145874,-3.821572780609131,-1.492640733718872
7,-80.12813568115234,81.67749786376953,-19.675411224365234,5.024087905883789,-1.994709014892578,-3.728296995162964,-15.608885765075684,-0.2715012729167938,-3.155134439468384,1.149452567100525,-2.21193528175354,-4.206332683563232,-10.163050651550291,3.140961170196533,-3.5876340866088867,-1.1947141885757446,-5.400076866149902,4.200165748596191,-4.414905548095703,-1.3338626623153689,-4.615091323852539,-0.0364688597619533,-5.034958839416504,-0.9400572776794434,-3.71848464012146,-0.3674010932445526,-5.598244667053223,0.2729508280754089,-5.856529235839844,-0.0538133159279823,-2.5860414505004883,3.8192272186279297,-2.6454334259033203,1.9370675086975095,-2.0735597610473637,0.7019619941711426,-5.663536548614502,-2.3083090782165527,-3.91105842590332,-1.7357112169265747
7,-44.14895248413086,70.6906967163086,-28.32218170166016,5.593338966369629,-3.715518951416016,-4.2254133224487305,-13.353689193725586,-0.3720103800296783,-4.95802116394043,1.8594833612442017,-3.058237314224243,-3.93468713760376,-10.599884033203123,2.5474002361297607,-3.6826562881469727,-2.712271451950073,-6.290321350097656,3.2730906009674072,-5.41655969619751,-0.2438824623823166,-3.723044395446777,1.687852144241333,-5.206828594207764,-1.0579737424850464,-5.037440776824951,-1.1483627557754517,-4.556973934173584,0.8651981353759766,-4.182052135467529,1.8182212114334104,-1.1859151124954224,3.7202341556549072,-3.7211835384368896,0.4993482828140259,-4.425087928771973,0.0104158604517579,-6.016923427581787,-4.471614837646484,-4.341108322143555,-2.375652313232422
7,-12.053083419799805,62.76578140258789,-38.39031982421875,6.844846725463867,-4.827484130859375,-5.69508171081543,-11.029648780822754,1.3741744756698608,-7.517147541046143,1.61515212059021,-4.382491588592529,-0.8136662244796753,-10.250931739807127,0.3687036335468292,-5.792785167694092,-3.763417482376098,-5.834553718566895,3.141667127609253,-6.246255874633789,1.9794862270355225,-3.774609088897705,-0.434891015291214,-7.601792335510254,-0.5126340985298157,-5.80987024307251,-1.5878344774246216,-3.1968443393707275,1.2821762561798096,-3.1847269535064697,1.8899667263031008,-2.644223690032959,1.4200645685195925,-2.460234403610229,2.3801844120025635,-4.639861583709717,0.334330290555954,-6.698974609375,-4.094785213470459,-5.25592851638794,-2.3085415363311768
7,-28.343551635742188,56.99555206298828,-45.9814453125,6.644776821136475,-4.382042407989502,-8.201081275939941,-12.200006484985352,4.207033634185791,-9.384145736694336,3.251188278198242,-4.686614513397217,0.4216895997524261,-11.733911514282228,1.1500452756881714,-5.181995391845703,-4.039011478424072,-4.559821128845215,2.308598279953003,-6.836668491363525,2.8083159923553467,-3.657392263412476,-0.6475672125816345,-7.969439506530762,-0.1057580262422561,-5.482578754425049,-1.896822929382324,-3.305574893951416,2.2699978351593018,-2.7912368774414062,2.414095401763916,-1.6796945333480835,0.9858807921409608,-2.612855195999145,3.274764060974121,-2.997251272201538,1.3065098524093628,-6.396698951721191,-2.4018375873565674,-4.621317863464356,-0.6997501850128174
7,-95.55376434326172,47.42023086547852,-50.30863952636719,8.133119583129883,-2.31296443939209,-6.958730220794678,-8.963257789611816,7.302909374237059,-9.415288925170898,6.253944396972656,-3.4248666763305664,0.7034081220626831,-13.413800239562988,2.7520182132720947,-2.12405776977539,-2.964960813522339,-3.581995248794556,1.8811068534851076,-5.564336776733398,3.009361267089844,-2.6269218921661377,-0.4682889580726623,-8.219649314880371,0.1706913262605667,-5.008249282836914,-1.3274627923965454,-2.695716857910156,2.686084032058716,-1.9850132465362549,3.6025869846343994,-0.9263237714767456,1.430835843086243,-2.3908729553222656,3.076361656188965,-2.7152462005615234,3.0991995334625244,-5.359970569610596,-1.2028772830963137,-3.97880220413208,0.2356918007135391
5,-360.9419250488281,151.92562866210938,-29.818315505981445,-25.43926048278809,-14.36126708984375,-9.941248893737791,-30.17130470275879,2.3219285011291504,-1.3345903158187866,-7.247377872467041,-10.225502967834473,4.72522497177124,4.199932098388672,-3.733651161193848,-10.007649421691896,3.9390032291412354,13.020649909973145,17.718406677246094,11.557941436767578,11.400023460388184,11.538772583007812,0.6650125980377197,-3.648366451263428,0.6304845213890076,5.085973739624023,1.712167263031006,-2.0252504348754883,-0.1077285930514335,-1.144481182098389,2.3528199195861816,1.930966854095459,2.874147891998291,-1.1378421783447266,3.4825310707092285,2.32073187828064,3.606806755065918,-2.991966724395752,0.2792188823223114,4.962206840515137,3.0174379348754883
8,-350.4826354980469,77.47117614746094,-24.564821243286133,40.27804565429688,13.85702896118164,15.292000770568848,10.601998329162598,5.971733093261719,3.174278736114502,3.3184096813201904,-0.3072657287120819,-0.7031452059745789,-2.9299275875091557,-0.5861366391181946,-2.598109006881714,-1.8726863861083984,-3.46023178100586,-4.5627970695495605,-4.743801116943359,-2.934478282928467,-4.406708717346191,-1.9822208881378172,-4.293238162994385,-3.3181729316711426,-3.632565498352051,-2.711742162704468,-3.7713756561279297,-1.9019891023635864,-2.688312292098999,-2.4787371158599854,-3.588345050811768,-1.7097549438476562,-1.6267882585525513,-0.3686390221118927,-1.836363673210144,-1.2267177104949951,-0.5979340672492981,-1.1765753030776978,-1.99757981300354,-0.4314738512039184
8,-446.8748168945313,100.75164794921876,-24.412403106689453,32.21331024169922,6.450936317443848,13.441770553588867,18.45527648925781,6.829864978790283,7.473133087158203,9.865598678588867,0.5399138331413269,12.631085395812988,4.960147857666016,5.116612911224365,-2.498047351837158,2.8670287132263184,0.4291466474533081,10.551020622253418,-2.6123294830322266,0.3627428710460663,-3.5089516639709477,7.918817043304443,-1.9903804063797,1.1965930461883545,-4.332021236419678,1.216323733329773,-4.585673332214356,1.1128673553466797,-0.0986706092953682,1.6014584302902222,-4.041374683380127,4.370083808898926,0.1520895510911941,-0.0713986083865165,-4.844677925109863,1.7447950839996338,-3.387247323989868,1.923187613487244,-1.0015517473220823,-1.040505290031433
8,-463.2716674804688,100.55725860595705,-14.94029426574707,38.54073715209961,8.101788520812988,14.618905067443848,14.858575820922852,8.190335273742676,6.535082340240479,14.44823932647705,4.047278881072998,4.778031826019287,-2.843333005905152,3.360559701919556,-1.1617997884750366,8.556468963623047,5.774518966674805,5.797854423522949,-4.883519649505615,3.587442636489868,-0.6608297824859619,5.006166934967041,-4.482069969177246,1.6051621437072754,-3.762564182281494,1.6449470520019531,-3.470917224884033,0.6711570620536804,-0.9352999329566956,1.763145089149475,-2.791855335235596,1.7794607877731323,-2.8948144912719727,0.7255476117134094,-3.698405504226685,3.072556257247925,-1.858306169509888,0.4551239013671875,-4.0054931640625,1.126079797744751
8,-436.7472839355469,103.15680694580078,-30.421464920043945,49.91814804077149,3.0154309272766118,16.201637268066406,15.280025482177734,7.808825969696045,8.875836372375488,7.607294082641602,-1.060504674911499,5.454826354980469,-0.8248287439346313,0.4615107178688049,3.0099618434906006,5.8948845863342285,-3.1174182891845703,7.588339328765869,3.5587289333343506,3.051734209060669,-9.928043365478516,3.205409526824951,-1.2326836585998535,3.3767576217651367,0.0088751465082168,5.463172912597656,-4.044454097747803,0.0811491534113884,3.971834659576416,0.843818187713623,-6.122329235076904,4.157238006591797,-2.0225038528442383,0.7472162842750549,-1.8001141548156738,-0.3869213163852691,-2.6429359912872314,2.048395872116089,-5.808159351348877,1.197981834411621
8,-427.9847412109375,100.71875,-24.374282836914062,30.03799057006836,17.935623168945312,10.747784614562988,18.332324981689453,6.698344707489014,2.967503786087036,6.576047897338867,-3.3396129608154297,13.961934089660645,3.7471909523010254,2.7033166885375977,-3.8679609298706055,2.723705530166626,0.230864867568016,5.475040435791016,-2.69839859008789,4.107522487640381,1.6421046257019043,3.74198579788208,-4.895648002624512,2.589322090148926,-1.9109702110290527,1.9499967098236084,-1.5800774097442627,1.8016537427902224,0.2520589232444763,2.148376226425171,-1.7129497528076172,1.901461601257324,-1.774144172668457,1.2516437768936155,-3.940378189086914,0.7349907159805298,-4.418212413787842,1.567312240600586,-0.9245740175247192,0.2088652104139328
8,-420.1831665039063,95.71818542480467,-25.195634841918945,32.480323791503906,13.51764965057373,8.267298698425293,15.47137451171875,8.848335266113281,5.121318340301514,8.430079460144043,-0.5702383518218994,10.803340911865234,2.77798843383789,2.100297689437866,-3.1773483753204346,3.964001893997192,-2.2893075942993164,1.0312466621398926,-3.6829354763031006,7.205080986022949,3.3937106132507324,4.133870124816895,-3.968225479125977,3.3390467166900635,-2.152149200439453,1.0098869800567627,-1.10187828540802,2.24678635597229,-0.5702300071716309,1.9050498008728027,-0.4190077185630798,1.492351770401001,-2.7078425884246826,1.7079774141311646,-3.706439256668091,0.698509156703949,-2.8902618885040283,0.3769213855266571,-3.198663711547852,1.5721086263656616
8,-482.6808166503906,114.94258880615234,-20.362022399902344,41.31639099121094,11.820491790771484,17.83287239074707,15.928473472595217,7.882498741149902,12.610201835632324,8.886595726013184,0.8386139869689941,7.110373973846436,0.5512998700141907,1.0915000438690186,-1.0434014797210691,5.042249202728272,2.472801923751831,7.198238849639893,-3.4303183555603027,1.6393733024597168,-4.0241475105285645,4.677195072174072,-4.56749153137207,3.512457609176636,-2.6751084327697754,-0.2331805527210235,-3.1961169242858887,0.7875717282295227,-1.4914804697036743,1.1917016506195068,-1.7411315441131592,1.525537371635437,-4.710981369018555,1.8709032535552976,-3.2159173488616943,0.9116417169570924,-1.659190058708191,1.932021141052246,-3.453723669052124,0.0654135048389434
8,-496.9505920410156,114.53939819335938,-22.13650131225586,38.74221420288086,10.321831703186035,16.28128433227539,16.68946647644043,8.355639457702637,11.379233360290527,9.99543571472168,4.007918834686279,10.527963638305664,-2.992618560791016,-0.5283759832382202,1.645593523979187,10.08932113647461,1.173931360244751,5.5791754722595215,-2.5915393829345703,6.967935085296631,-4.252127647399902,-0.8560746312141418,-6.044799327850342,2.330241441726685,-2.223230123519897,1.3527296781539917,-1.4763060808181765,1.89044451713562,-1.7680681943893433,-0.2319122105836868,-2.7875938415527344,1.3752286434173584,-3.207894325256348,2.2808425426483154,-3.47148060798645,1.4554237127304075,-0.2485954463481903,1.6646859645843506,-1.7820820808410645,0.8901854753494263
8,-496.8044738769531,118.3502960205078,-20.061952590942383,41.04973220825195,11.593631744384766,14.823315620422363,17.746055603027344,5.824862957000732,4.06407642364502,11.0012845993042,0.8710981607437134,12.64938259124756,2.437680959701538,3.186767578125,0.252575546503067,8.452509880065918,2.8129706382751465,8.33420467376709,-1.7375222444534302,2.1295080184936523,-4.226818084716797,1.5228511095046997,-5.590985298156738,3.1744420528411865,-2.690763473510742,0.6644437909126282,-3.310211658477783,0.5117886662483215,-2.0419747829437256,0.6176472306251526,-2.878258228302002,2.426387071609497,-3.6732354164123535,0.3776620328426361,-3.035307645797729,1.0885831117630005,-3.934593677520752,1.193998098373413,-1.2369496822357178,0.0961019694805145
8,-143.07818603515625,159.52024841308594,-19.86222648620605,8.88785171508789,1.19502854347229,28.713302612304688,18.841949462890625,23.673423767089844,-12.532737731933594,11.336370468139648,5.615168571472168,13.83305549621582,-2.4802725315093994,7.013845443725586,4.033567428588867,8.997292518615723,7.534651756286621,8.016764640808105,-1.2066932916641235,-0.9530822038650512,2.725087881088257,-0.2018655836582183,-2.8059213161468506,6.365065574645996,1.5535444021224976,0.0607433170080184,-1.8534122705459597,1.4485485553741455,-1.1241116523742676,-0.8080629706382751,-0.4116203784942627,1.3139103651046753,-1.4832547903060913,3.030880928039551,1.146072506904602,2.004335641860962,1.2433127164840698,3.821850061416626,-0.0649724081158638,1.7490103244781494
8,-130.06460571289062,158.09681701660156,-19.07415771484375,6.990560531616211,-0.3810478746891022,29.14711570739746,16.955196380615234,26.063522338867188,-9.719676971435549,12.034286499023438,2.692790031433105,12.5006742477417,-1.5801962614059448,8.417223930358887,2.2263667583465576,9.892022132873535,6.98687219619751,8.462241172790527,1.367131590843201,1.954594373703003,-0.5390610694885254,-1.2868537902832031,-3.9037797451019287,6.933069705963135,2.877509117126465,1.452864646911621,-3.4263484477996826,1.5536859035491943,-0.9108809232711792,-0.635046124458313,-2.0847339630126958,0.4460366368293762,-0.9029461741447448,2.2770142555236816,-0.5690584778785706,2.0765833854675293,0.532539427280426,3.433092832565308,-0.4467048346996307,0.5522950291633606
8,-131.73382568359375,161.22325134277344,-21.041269302368164,6.178814888000488,-2.6078758239746094,26.584209442138672,11.814242362976074,26.47700500488281,-7.526895046234131,11.759140968322754,4.1731791496276855,12.562745094299316,-1.069088578224182,5.077860355377197,2.244226455688477,8.244192123413086,6.487244129180908,10.51199722290039,3.611495733261109,1.0111703872680664,-1.365225076675415,-1.337530255317688,-2.331430673599243,5.5493879318237305,1.1251276731491089,3.551923513412476,-0.583260178565979,2.076657772064209,0.3372176587581634,-1.0275760889053345,-2.9634265899658203,-0.1808029562234878,-0.9176809787750244,2.0876522064208984,-0.822546124458313,1.659255862236023,1.0374683141708374,2.779690742492676,-0.7249562740325928,-0.1935210973024368
8,-138.43844604492188,155.5320587158203,-30.01630210876465,4.129894256591797,-0.0289839375764131,31.583595275878903,13.280061721801758,22.994138717651367,-10.502758979797363,15.121187210083008,6.616384506225586,14.174840927124023,-4.711308479309082,1.7938339710235596,3.576141834259033,6.478421211242676,5.724465370178223,8.980592727661133,2.25286078453064,2.950178623199463,0.94426167011261,-3.870509624481201,-1.85483717918396,5.303359508514404,2.095878839492798,5.664953708648682,-1.7476224899291992,1.7753616571426392,0.0995025634765625,-0.932754933834076,0.5519688129425049,-1.9600635766983032,-1.4627223014831543,3.0735018253326416,1.4683793783187866,2.6902763843536377,1.8098139762878416,2.2154994010925293,-1.4479440450668335,2.247936487197876
8,-123.46967315673828,145.8567352294922,-25.18307113647461,8.435667991638184,5.9998779296875,33.67710876464844,14.496081352233888,22.32455444335937,-9.709033012390137,12.12193775177002,3.0680627822875977,15.166203498840332,-3.477536678314209,5.1002702713012695,6.188615798950195,8.83875846862793,6.255276679992676,7.199795722961426,1.594452738761902,5.878987312316895,0.9402663111686708,-3.5945634841918945,-4.689985752105713,5.13340425491333,1.830486536026001,4.920145988464356,-3.082612991333008,2.6028892993927,-1.2354447841644287,-1.4213796854019165,0.5080451965332031,-2.1734941005706787,-1.8599295616149905,3.3157098293304443,0.594580352306366,3.200827121734619,1.6694964170455933,2.400608539581299,-1.1531261205673218,3.2873239517211914
8,-95.26544189453124,138.32810974121094,-14.513681411743164,13.799192428588867,5.981098175048828,29.37504196166992,9.839780807495115,24.30491828918457,-5.623637676239014,8.422327041625977,-0.62667316198349,16.41128158569336,1.214284062385559,5.742155075073242,3.197994947433472,9.135851860046388,5.5410475730896,8.354604721069336,2.603259563446045,3.655675888061523,-3.3714895248413086,-0.992518424987793,-5.920349597930908,4.087305068969727,-1.2123007774353027,2.518406867980957,-1.4096989631652832,3.3174502849578857,-2.2520010471343994,-1.5292960405349731,-3.2557790279388428,0.7842022776603699,-1.3600436449050903,3.1763782501220703,-0.646108865737915,3.952372074127197,2.0435447692871094,4.368228912353516,0.2956874072551727,0.959753692150116
7,-76.90467834472656,191.9481506347656,-48.58551025390625,13.515389442443848,-23.019012451171875,-5.547764301300049,-13.929478645324709,-3.2908432483673096,-13.478428840637209,-7.546957969665527,-8.39871597290039,-1.3337260484695437,-6.27496862411499,-0.1187379211187362,-5.463505268096924,1.9919650554656985,-5.3655924797058105,1.3621598482131958,-0.2809314131736755,1.6932919025421145,-2.3286454677581787,0.1595468521118164,-5.917599201202393,-1.4875705242156982,-4.989902019500732,0.8173577189445496,-1.7097989320755005,1.3538116216659546,-1.6942195892333984,0.5626496076583862,-1.3368042707443235,0.0506559796631336,-2.82996153831482,0.0894744023680687,-1.41983962059021,1.4138685464859009,0.0347234420478343,2.0710041522979736,0.9246362447738647,1.2680425643920898
7,-22.337432861328125,140.1607666015625,-36.28775024414063,10.384793281555176,-16.131629943847656,-1.3904575109481812,-10.559885025024414,-0.8239169716835022,-9.448857307434082,-4.138893127441406,-6.981306552886963,-0.3929583430290222,-3.266338586807251,1.5580765008926392,-4.121037006378174,2.226125240325928,-1.8502365350723269,2.622665882110596,-0.7476742267608643,2.274681806564331,-1.704537272453308,1.5401742458343506,-3.1696786880493164,-0.4899808466434479,-2.3115122318267822,2.079420328140259,-1.3471571207046509,1.014803409576416,-1.8106529712677,1.996119260787964,-0.50739586353302,1.785987377166748,-1.6435352563858032,1.2492926120758057,-1.050681471824646,2.1254546642303467,0.3575405180454254,1.816559910774231,-0.3129700720310211,1.7160313129425049
7,-16.520605087280273,137.3321075439453,-23.926576614379883,17.349706649780273,-20.439922332763672,-2.434664249420166,-11.773673057556152,-3.032172203063965,-12.2268705368042,-4.374110221862793,-9.0490083694458,-0.7727258801460266,-6.251121520996094,0.7651805877685547,-6.565123081207275,1.2873985767364502,-5.084394454956055,1.6680597066879272,-2.2786340713500977,2.3773744106292725,-2.210781574249268,1.7759966850280762,-3.3747308254241943,1.1126712560653689,-2.890181064605713,2.1642563343048096,-1.11090886592865,2.646265745162964,-1.2783443927764893,2.890719175338745,-0.3182413876056671,1.384696125984192,-2.320564031600952,0.7305790781974792,-0.9260244369506836,3.321617841720581,0.2920402288436889,2.020862579345703,-0.2882280051708221,0.7527028322219849
7,-47.654441833496094,173.0688018798828,-35.88255310058594,21.018951416015625,-19.122488021850582,-4.34420108795166,-11.348166465759276,-2.6665689945220947,-9.592543601989746,-6.834351539611816,-7.781289577484131,-2.926663398742676,-6.204825401306152,1.4753000736236572,-6.985130310058594,1.2106279134750366,-4.238401889801025,0.3930370509624481,-3.0414953231811523,1.3235689401626587,-2.5936942100524902,0.0028252964839339,-3.0861990451812744,0.9164858460426332,-3.131263256072998,1.8772798776626587,-1.9871740341186523,1.308472752571106,-0.4869637489318847,1.6862729787826538,-1.5613183975219729,0.8627840280532837,-2.333397150039673,1.6539595127105713,-1.033039689064026,2.8433468341827397,-0.3766565024852752,0.5552809238433838,-1.330644130706787,0.5622784495353699
7,-27.77978134155273,162.18643188476562,-48.6522102355957,9.287467956542969,-15.2689790725708,1.051451563835144,-10.599649429321287,0.5646263360977173,-11.087526321411133,-3.9224116802215576,-7.195040702819824,-1.344968318939209,-6.718393802642822,1.9525843858718872,-7.384171485900879,3.541615724563598,-4.172254085540772,2.1609060764312744,-3.1058058738708496,2.210668563842773,-5.064816951751709,-0.1134075671434402,-5.261261463165283,0.7510058879852295,-3.639403581619263,2.7537758350372314,-1.399403095245361,2.006993532180786,-2.398167848587036,1.283369064331055,-2.144019603729248,1.1511576175689695,-3.2829713821411133,1.0919320583343506,-1.951909065246582,2.7405989170074463,-2.294642448425293,-0.0522988475859165,-1.883610725402832,1.8240152597427368
7,-20.198894500732425,141.15650939941406,-41.44680404663086,9.637872695922852,-13.916305541992188,1.4525213241577148,-11.271218299865724,-1.8729643821716309,-11.077184677124023,-0.371565580368042,-7.378059387207031,-0.6595327258110046,-6.315587520599365,1.7425440549850464,-5.686724662780762,2.5125577449798584,-6.320031642913818,0.5135520100593567,-3.961103677749634,0.5312404036521912,-3.708547115325928,0.1668241769075393,-4.4670729637146,0.8828685879707336,-3.706809759140015,1.9471105337142944,-2.0098893642425537,2.3159334659576416,-1.4674930572509766,1.2369192838668823,-2.155900239944458,0.3786589801311493,-2.6368894577026367,1.426946759223938,-2.529416084289551,2.064993381500244,-0.7499160170555115,1.032073974609375,-1.0321201086044312,2.447583675384521
7,-17.197765350341797,127.7742919921875,-37.15991973876953,6.176416397094727,-16.4990177154541,-1.8349746465682983,-11.156311988830566,-1.9990290403366089,-8.957952499389648,-2.88992691040039,-6.57666015625,-1.100487470626831,-4.130293369293213,1.0693259239196775,-3.596001148223877,3.307281970977783,-1.444798231124878,2.348823547363281,-0.9369360208511353,2.2239394187927246,-2.717973232269287,0.0457339212298393,-3.02494478225708,0.9037803411483764,-1.6267491579055786,2.1780500411987305,-0.6716071963310242,1.532273530960083,-1.462632417678833,1.9497106075286863,-0.8251519203186035,0.9410814642906188,-2.0360631942749023,1.7801393270492554,-0.8548774719238281,2.413615465164185,-0.4700657725334167,1.1399447917938232,-1.0075536966323853,1.4416451454162598
7,-15.442400932312012,128.7020263671875,-35.956016540527344,5.788748741149902,-16.308979034423828,-2.688301086425781,-10.49410629272461,-1.93927800655365,-8.932818412780762,-4.053126811981201,-6.726710796356201,-0.5207868218421936,-3.7325305938720703,0.715229868888855,-4.070470809936523,3.027545928955078,-2.096362590789795,2.8140957355499268,-0.8094677329063416,2.113722324371338,-3.0129497051239014,0.2478010654449463,-3.202254295349121,0.954896092414856,-1.7812721729278564,2.451598644256592,-1.0614432096481323,1.3405545949935913,-2.239475965499878,2.181809663772583,-1.123141169548035,1.21996009349823,-1.7921271324157717,1.591810941696167,-1.0874156951904297,2.3459584712982178,-0.4844674468040466,1.3339015245437622,-0.9820946455001832,1.6218589544296265
7,-20.812013626098636,130.76577758789062,-34.15372085571289,10.640081405639648,-14.76461696624756,-1.400336742401123,-9.768540382385254,-0.8458952307701111,-8.318131446838379,-4.225353240966797,-5.744572639465332,-0.2626770436763763,-2.9439690113067627,0.7423749566078186,-2.924609661102295,3.549567699432373,-1.0665342807769775,2.5887913703918457,-0.5582278370857239,1.0873217582702637,-2.6863901615142822,-0.1115572601556778,-3.182530403137207,0.9111238121986388,-1.1005784273147583,2.71963119506836,-1.3151551485061646,1.413227081298828,-1.0453380346298218,1.7388157844543457,-0.0526296123862266,1.1839046478271484,-1.7773517370224,1.4572526216506958,0.2682714462280273,2.8507001399993896,-0.7875673174858093,1.1099576950073242,-0.844575822353363,1.032395362854004
7,-23.931957244873047,134.880126953125,-37.24186706542969,9.136242866516112,-17.1575927734375,-2.603858709335327,-11.023897171020508,-1.750452995300293,-9.399818420410156,-4.044233798980713,-6.771015644073486,-0.4686196744441986,-3.0761873722076416,0.2457011491060257,-3.553140163421631,3.1392581462860107,-1.2113312482833862,2.499361515045166,-0.5661715269088745,1.0045710802078247,-2.997307300567627,0.5165743231773376,-2.483481407165528,1.2536232471466064,-1.2168798446655271,2.2080695629119877,-1.3354017734527588,1.241796612739563,-1.9974559545516968,1.929532647132873,-0.7110806107521057,1.2744221687316897,-1.7814154624938965,1.507069110870361,-0.1613360345363617,2.2477777004241943,0.0295857563614845,1.413359522819519,-0.8954437971115112,1.064962387084961
7,-29.89603614807129,139.2863311767578,-37.25079727172852,8.046887397766113,-16.17035675048828,-3.418142318725586,-11.344329833984377,-1.4093509912490845,-9.03608226776123,-4.757779598236084,-6.673846244812012,-0.9966875910758972,-3.755025386810303,0.7380824685096741,-3.560300588607788,2.764948844909668,-1.645106315612793,2.1644208431243896,-0.7449055314064026,1.1891064643859863,-3.653685569763184,-0.4329748749732971,-2.968502283096313,1.0018987655639648,-1.3892555236816406,2.129298686981201,-1.3591893911361694,0.798707127571106,-1.780678153038025,1.834903597831726,-0.5245473980903625,1.49583899974823,-1.8667553663253784,1.554444432258606,-0.0351146161556243,2.462441682815552,-0.1846754550933838,1.1851224899291992,-0.907171070575714,0.8658491969108582
7,-27.57303237915039,136.78460693359375,-33.568939208984375,7.084002494812012,-13.597567558288574,-2.4680516719818115,-9.685087203979492,-1.2615412473678589,-7.354435920715332,-3.8313002586364746,-5.654686450958252,-0.8071382641792297,-2.935549736022949,1.1767624616622925,-3.4268953800201416,3.525341510772705,-1.3716038465499878,2.5851449966430664,-0.6344078183174133,1.2460473775863647,-3.472240209579468,-0.1688843220472335,-2.4966683387756348,1.4516531229019165,-1.6057699918746948,2.298720598220825,-1.2923029661178589,0.8795072436332703,-1.193449854850769,2.207676410675049,-0.7934434413909912,1.2477967739105225,-1.6924715042114258,1.6824326515197754,-0.5696923136711121,2.6088883876800537,-0.3722733557224273,0.9856115579605104,-0.9598277807235718,0.9183688163757324
7,-38.27770233154297,147.5024871826172,-38.86943817138672,8.993420600891113,-16.404953002929688,-3.1172049045562744,-10.006141662597656,-2.184053897857666,-8.20580768585205,-4.595355987548828,-5.976552486419678,-1.6727107763290403,-2.8652124404907227,0.0104630747810006,-3.714892864227295,3.496342182159424,-0.5236182808876038,2.27231764793396,-0.6079311370849609,0.3843194544315338,-3.1964986324310303,-0.2045664936304092,-1.917688250541687,1.7735087871551514,-1.1390867233276367,1.7548199892044067,-1.3761045932769775,0.8799228668212891,-0.8865236639976501,1.7399243116378784,-0.8548837900161743,0.3896682858467102,-1.5249912738800049,1.6754738092422483,-0.197810024023056,2.176328420639038,-0.1702433675527572,0.9402486085891724,-0.6799448728561401,0.8308866620063782
7,-35.607608795166016,159.27964782714844,-43.14853286743164,13.178422927856444,-14.648640632629396,-0.684715747833252,-8.982306480407715,-2.073940753936768,-7.427102088928223,-3.641322135925293,-6.126163005828857,-1.7467111349105835,-4.051762580871582,1.1033720970153809,-5.1189799308776855,2.9787163734436035,-1.9430105686187744,1.3742759227752686,-1.977370023727417,0.2221117615699768,-3.265241861343384,-0.5690571069717407,-3.509042978286743,0.4301809072494507,-2.545242547988892,1.7499333620071411,-1.384366750717163,1.298194169998169,-0.9897133111953736,1.292595148086548,-1.4128212928771973,0.284895658493042,-2.0233314037323,1.1855653524398804,0.0886619463562965,2.567471742630005,-0.5035176277160645,0.7197984457015991,-0.7486035823822021,1.372905135154724
7,-30.032516479492188,152.10964965820312,-41.73751831054688,13.812935829162598,-14.448653221130373,0.536777913570404,-9.495444297790527,-1.3073360919952393,-7.492900371551514,-2.8967018127441406,-5.942219734191895,-0.7510228753089905,-3.925770998001098,1.3533291816711426,-4.848331451416016,3.391266345977783,-2.100582838058472,1.788605809211731,-2.012031078338623,1.2517327070236206,-3.1188390254974365,0.2082441002130508,-3.473813056945801,0.4296510815620422,-2.529344320297241,2.3014373779296875,-1.2059993743896484,1.784767508506775,-1.4619179964065552,1.6878859996795654,-1.005078673362732,0.9488569498062134,-2.6573150157928467,1.0152544975280762,-0.2116090804338455,3.0318782329559326,-1.0717780590057373,0.8243661522865295,-1.2345356941223145,1.1404107809066772
7,-41.97358703613281,155.43638610839844,-39.892574310302734,10.701789855957031,-17.267541885375977,-3.3552167415618896,-10.092823028564451,-2.0982909202575684,-8.357206344604492,-5.89948034286499,-5.827708721160889,-1.1574543714523315,-3.1169145107269287,-0.3015645742416382,-3.9946603775024414,2.656318664550781,-1.1853337287902832,2.0214996337890625,-0.5395033955574036,1.7784696817398071,-2.8537614345550537,-1.0039745569229126,-3.360877275466919,-0.0656366050243377,-1.4167675971984863,2.138343095779419,-0.9921415448188782,0.5627468824386597,-1.6173714399337769,1.3582454919815063,0.2470620274543762,0.9408429265022278,-2.059832811355591,1.1095298528671265,0.3905330896377563,2.510685682296753,-0.6293059587478638,0.9891703128814696,-0.5733864903450012,0.6344372630119324
7,-32.3056526184082,148.30987548828125,-35.6514892578125,11.37374496459961,-15.122872352600098,-2.235241651535034,-9.048357009887695,-0.9637523293495178,-8.132826805114746,-5.461232662200928,-5.590132236480713,-0.2664356529712677,-3.1007869243621826,0.6748151779174805,-3.847367763519287,3.085178852081299,-1.0982232093811035,2.4373762607574463,-0.6110609769821167,1.4161534309387207,-2.575977325439453,-0.8268568515777588,-4.186215400695801,0.0151630472391843,-1.6929229497909546,2.240292549133301,-1.605371594429016,0.6371721625328064,-1.52828049659729,1.301400899887085,0.2218097001314163,1.5165398120880127,-1.7333356142044067,1.1970607042312622,0.1150571703910827,2.336045503616333,-0.8113372325897217,0.9560026526451112,-0.6304691433906555,0.7552622556686401
7,-37.89210891723633,152.8560791015625,-37.77743148803711,10.262840270996094,-14.92027473449707,-3.954875230789185,-9.770530700683594,-0.798690140247345,-8.129595756530762,-5.295446872711182,-6.153128147125244,-1.014183759689331,-3.0069212913513184,0.4302981495857239,-4.688786506652832,2.3557345867156982,-1.519862413406372,1.2802839279174805,-0.8152070045471191,2.269744634628296,-1.051403284072876,1.0853900909423828,-3.4154932498931885,-1.28643536567688,-3.889394760131836,1.0136995315551758,-1.1489969491958618,0.5952263474464417,-1.310571551322937,1.0588524341583252,-0.6355153322219849,0.6589574217796326,-1.6076771020889282,1.9281426668167116,-0.8702850341796875,1.707942008972168,-0.2422843128442764,1.2944337129592896,-1.0738229751586914,0.823274552822113
7,-27.353281021118164,142.6464385986328,-41.24380111694336,11.96559238433838,-15.719056129455566,-0.931954264640808,-10.0299072265625,-2.7596867084503174,-7.860471248626709,-5.310227394104004,-7.209253787994385,-1.437527775764465,-1.9194271564483645,1.4624593257904053,-3.861332416534424,0.359190970659256,-1.5609527826309204,2.504051685333252,-0.9306891560554504,1.282094120979309,-1.8186544179916384,0.4570041298866272,-2.840290069580078,-0.6329095959663391,-2.5750088691711426,1.955586314201355,-0.2625759840011596,1.2357102632522583,-0.1819508075714111,1.5732536315917969,-0.7511022686958313,1.0815064907073977,-1.5967018604278564,1.1551170349121094,-0.7827740907669067,1.3846609592437744,-0.3658351898193359,1.595334768295288,-0.2047440260648727,0.8601542711257935
7,-50.9029541015625,167.60069274902344,-37.74544143676758,11.905183792114258,-15.161036491394045,-4.653729438781738,-9.985655784606934,-1.5827804803848269,-7.530759334564209,-6.152210235595703,-7.672807693481445,-2.011125326156616,-4.187613487243652,0.9681276082992554,-5.384791374206543,2.272859573364258,-2.38877010345459,0.6995592713356018,-1.5392364263534546,0.9312256574630736,-1.8777931928634644,1.4448723793029783,-3.1306087970733643,-1.5443965196609497,-4.826186180114746,0.3292770087718963,-1.520111918449402,1.6139640808105469,-0.6272796988487244,0.0756973549723625,-1.5028390884399414,1.346274733543396,-1.006951093673706,1.3004494905471802,-1.3820295333862305,1.2126381397247314,-0.8115456104278564,0.9140673875808716,-1.1242002248764038,-0.0511521138250827
7,-44.16522216796875,167.6240234375,-37.66579818725586,13.86615753173828,-13.487037658691406,-2.7870981693267822,-8.977838516235352,-1.3877816200256348,-6.188272476196289,-4.986230850219727,-6.928028106689453,-1.1914198398590088,-2.5890510082244877,1.158522605895996,-6.313839435577393,1.3680826425552368,-2.280130386352539,0.7170162796974182,-1.810996413230896,1.0486938953399658,-0.9030534625053406,0.537299633026123,-3.6355583667755127,-1.811421632766724,-4.893905162811279,0.5644921064376831,-1.4440476894378662,0.4447759091854095,-0.7489445805549622,1.6871033906936646,-0.5857642292976379,1.203658103942871,-1.0055184364318848,1.822290539741516,-0.6015461087226868,2.649202346801758,-0.1856834590435028,1.0902739763259888,-0.7949496507644653,0.3429688513278961
7,-35.18806838989258,162.0449981689453,-29.235918045043945,18.703659057617188,-11.870644569396973,-4.551097869873047,-9.400774002075195,-0.4475343823432922,-8.483304977416992,-2.960571050643921,-8.603017807006836,-1.1982228755950928,-6.91039514541626,1.2143914699554443,-7.6855034828186035,1.9819886684417725,-4.180209159851074,0.9444591403007508,-3.099794149398804,1.6435670852661133,-3.764355182647705,0.6341413855552673,-3.9338693618774414,1.347117900848389,-4.110277652740479,2.828728199005127,-1.9103879928588867,0.9931959509849548,-1.856905817985535,2.365079164505005,-0.3714156746864319,2.045029163360596,-2.5914738178253174,0.8155575394630432,-1.169852614402771,2.9572131633758545,-0.8773009181022644,0.837128758430481,-1.323129415512085,0.6247000098228455
7,-41.89034652709961,169.2721710205078,-31.963926315307617,19.251842498779297,-15.634095191955566,-4.46417760848999,-9.880926132202148,-0.3446119427680969,-8.231254577636719,-5.02821683883667,-9.15188694000244,-1.69499409198761,-6.077867031097412,2.110267639160156,-6.575973987579346,1.1926426887512207,-4.391201496124268,1.958924651145935,-2.4458584785461426,1.1931781768798828,-2.680983781814575,-0.2804946005344391,-3.2813503742218018,1.5117437839508057,-3.9855470657348633,3.275243759155273,-2.080739498138428,1.1359596252441406,-1.4588396549224854,2.431357145309448,-0.411351591348648,2.665496349334717,-2.7112131118774414,0.983303725719452,-1.3420919179916382,3.396394968032837,-0.6432507038116455,1.3664240837097168,-0.5961843132972717,1.3693299293518066
7,-47.09872055053711,170.99288940429688,-36.605934143066406,22.156213760375977,-17.81211280822754,-4.946230888366699,-10.93298625946045,-1.551922082901001,-10.216300010681152,-5.384366035461426,-9.59653663635254,-1.7602561712265017,-7.633781909942627,1.558521747589111,-8.006756782531738,2.605997085571289,-4.090054512023926,1.0895445346832275,-2.8016748428344727,0.8074909448623657,-3.227040529251098,0.8505336046218872,-2.831618309020996,0.8102276921272278,-4.568724155426025,1.2014994621276855,-1.8564820289611816,1.6042859554290771,-2.049001932144165,1.7139554023742676,-1.2437994480133057,0.9382341504096984,-2.2858402729034424,1.1722058057785034,-1.3913637399673462,2.9140663146972656,-0.310437947511673,1.1799135208129885,-0.7767536044120789,1.0492324829101562
7,-21.557432174682617,143.03363037109375,-23.341205596923828,16.554779052734375,-9.610411643981934,-7.302448749542236,-12.199636459350586,-0.4192754924297333,-11.559243202209473,-1.9174085855484009,-11.83955192565918,-0.9964733719825744,-6.198754787445068,2.5946738719940186,-6.293140888214111,0.4859648048877716,-3.718456268310547,1.9254677295684812,-3.569349765777588,1.2118791341781616,-4.822816848754883,1.145821452140808,-3.862001657485962,1.763127684593201,-4.187746047973633,2.693138599395752,-2.9816997051239014,1.4017250537872314,-2.32532000541687,3.1430954933166504,-0.8238531947135925,1.841843008995056,-3.3356242179870605,1.1056432723999023,-1.6237226724624634,3.4987213611602783,-1.9777145385742188,1.968657732009888,-2.028328657150269,1.997464656829834
5,-273.0682067871094,153.21261596679688,-26.6068172454834,6.127495765686035,-16.199392318725586,-12.741790771484377,-16.83085823059082,-2.187227964401245,-6.493784427642822,7.541808128356934,-3.782068490982056,-0.8623272776603699,0.2369258254766464,4.29541015625,-0.8169770836830139,-1.5170842409133911,-8.608787536621094,2.7159533500671387,-2.475758552551269,-0.5275050401687622,-5.802125930786133,-3.670058727264404,-7.175980091094971,-2.877283811569214,1.1608916521072388,3.12900710105896,-0.997801959514618,0.3739881515502929,-4.553904056549072,-0.0651008710265159,-4.50135612487793,-1.398427128791809,-5.556346893310547,0.8290653824806213,-2.5213887691497803,-4.423040866851807,-5.67921781539917,-2.489356279373169,-3.5355629920959477,-3.84780502319336
5,-180.9680938720703,96.82785034179688,-19.331148147583008,17.725425720214844,-8.452685356140137,-10.061208724975586,-27.143266677856445,4.00640344619751,-8.669970512390137,3.772922992706299,-5.977046489715576,2.828991413116455,-4.973503589630127,5.7586541175842285,-3.926963806152344,-0.6486918926239014,-10.70082187652588,2.219292640686035,-3.242523670196533,-1.0192526578903198,-7.6674580574035645,-1.755396008491516,-7.229427337646484,-1.7898324728012085,-2.851219654083252,0.6632822751998901,-5.462960243225098,3.2807750701904297,-3.246819019317627,1.8523030281066892,-6.480307102203369,-0.4299541711807251,-4.686210632324219,-1.080747365951538,-6.0887227058410645,-3.8869128227233887,-5.330623626708984,-3.4807233810424805,-5.1043243408203125,-1.2129274606704712
5,-280.4062194824219,174.02166748046875,-11.369939804077148,7.105233192443848,-6.158586502075195,-3.775390625,-17.892356872558594,1.0670602321624756,-8.952051162719727,4.464033603668213,-5.302332401275635,-0.439633846282959,-2.552680492401123,3.660331964492798,-5.314615249633789,-2.400965452194214,-5.597735404968262,-2.574899196624756,-4.5209479331970215,0.4129658639431,-6.471649169921875,-2.5138540267944336,-5.481410026550293,0.9764472842216492,-2.1892032623291016,3.4606170654296875,-2.3832433223724365,0.953423023223877,-1.7842624187469482,0.3031001091003418,-3.26102876663208,-0.0271556824445724,-3.49599838256836,-0.4898473620414734,-2.0266058444976807,-0.8437680006027222,-2.8555593490600586,-0.5707988142967224,-2.24739146232605,0.4310770332813263
9,-327.0765686035156,119.84935760498048,-36.804779052734375,16.05166244506836,-22.400035858154297,-3.970161676406861,-17.827667236328125,-12.718600273132324,-9.560111045837402,3.928065299987793,-4.398999214172363,-1.529322624206543,-4.176363945007324,1.87984836101532,-8.384007453918457,-5.857434749603272,-6.274292469024658,0.0358181111514568,-4.902740955352783,0.0022225794382393,-8.772001266479492,2.015199422836304,-4.306561470031738,-1.783950686454773,-3.967278718948364,-3.5232861042022705,-2.331307411193848,-1.4170880317687988,-5.680344104766846,-1.2495142221450806,-3.097015619277954,-1.901177763938904,-4.163110256195068,-2.0445749759674072,-3.5249977111816406,-1.676932454109192,-3.729337692260742,-1.392472267150879,-2.0599961280822754,0.4992515742778778
9,-315.19012451171875,122.1413116455078,-45.16703796386719,15.722020149230955,-28.363609313964844,1.588761329650879,-7.746677875518799,-10.281991958618164,-13.186994552612305,-0.5227696299552917,-15.682621002197266,-2.5248618125915527,-0.1136254295706749,8.535239219665527,-5.027400016784668,-7.780848026275635,-7.290975570678711,-6.186358451843262,-5.0821075439453125,2.6426570415496826,-5.381752014160156,1.0494413375854492,-6.100265502929688,-3.01728892326355,-2.901217460632324,-3.9227802753448486,-4.739398002624512,-1.5400673151016235,-5.547948360443115,1.478535771369934,-2.414264917373657,-5.874311923980713,-5.638994216918945,-1.814667105674744,-3.713683843612671,0.121661365032196,-2.68941593170166,-1.060027003288269,-3.1983487606048584,-0.212086871266365
9,-347.6414489746094,125.0432586669922,-39.81945037841797,13.57708740234375,-21.880645751953125,6.24070930480957,-6.55192232131958,-4.148281574249268,-13.278210639953612,1.3015589714050293,-13.28103733062744,-3.795140504837036,-1.440886616706848,9.815900802612305,-3.1256096363067627,-6.606616020202637,-10.836116790771484,-8.880491256713867,-8.054903984069824,0.2306335121393203,-4.752645015716553,2.765918970108032,-2.946664810180664,-0.777675449848175,-4.061466217041016,-1.14107346534729,-5.398742198944092,-2.067376613616944,-5.908283710479736,-0.0087927673012018,-3.1837151050567627,-5.351509094238281,-6.062789916992188,-1.1563243865966797,-3.1500418186187744,1.2793443202972412,-3.516375064849853,-1.422088623046875,-4.659510135650635,0.16838139295578
9,-310.23974609375,114.75621032714844,-31.55803680419922,12.583147048950195,-20.18672752380371,3.625919342041016,-6.095237255096436,-9.158098220825195,-7.582755088806152,5.551292896270752,-1.6927294731140137,1.124900460243225,-8.89186954498291,-0.6488763689994812,-10.486654281616213,-7.493096351623535,-10.371798515319824,-1.7881417274475098,-3.319931507110596,8.285490989685059,-7.523699760437012,2.116626739501953,-7.008808135986328,-7.72237491607666,-10.101740837097168,-1.4905788898468018,-2.4164507389068604,-2.4369144439697266,-8.092175483703613,-3.6505186557769775,-4.517216682434082,-1.2651063203811646,-6.155229568481445,-2.890383243560791,-4.157285690307617,1.253508687019348,-5.240176677703857,-0.276467502117157,-2.23050308227539,1.0274850130081177
9,-362.3431701660156,128.8665313720703,-36.56499099731445,10.232924461364746,-16.795787811279297,3.892814874649048,-14.50723934173584,0.4142303466796875,-6.902199745178223,6.671618938446045,-6.791520118713379,-6.05335807800293,-11.096096992492676,3.906121253967285,-6.726703643798828,-4.530633926391602,-1.2706477642059326,0.1268501132726669,-2.4198455810546875,2.567443609237671,-1.9912950992584229,0.713976263999939,-4.907628536224365,-0.4099971354007721,-3.2575066089630127,-0.4740921556949615,-6.56118631362915,0.957753598690033,-1.141856670379639,0.0477188192307949,-7.561328887939453,-3.644421100616455,-2.295250415802002,0.7011607885360718,-2.105272054672241,0.6277670860290527,-3.6765024662017822,-1.8868368864059448,-3.973757266998291,-1.6234723329544067
9,-371.3195495605469,140.3656463623047,-38.78866195678711,13.602262496948242,-12.978610038757324,9.232619285583496,-1.3764925003051758,-3.30793833732605,-7.909649848937988,6.153889656066895,-4.823793411254883,0.3122044801712036,-2.2234482765197754,6.7408552169799805,-4.546923637390137,-1.9624112844467163,-8.634544372558594,-4.242361068725586,-7.896358966827393,-1.4811004400253296,-8.314079284667969,-0.005927818827331,-4.8910813331604,-1.7826298475265503,-3.6145715713500977,-0.7678641676902771,-5.928890705108643,-2.4004180431365967,-7.947483062744141,-3.067318916320801,-5.534436702728272,-2.432889938354492,-6.230611324310303,-3.8373537063598633,-5.150029182434082,-0.8621338605880737,-5.323529243469238,-0.7087337970733643,-1.7820628881454468,-1.9546880722045896
9,-330.7397155761719,122.1190414428711,-21.487817764282227,21.96153259277344,-19.00480842590332,4.023376941680908,-5.779788494110107,1.1141589879989624,1.0553078651428225,11.9697265625,-6.446596145629883,-1.4894500970840454,-8.949238777160645,4.2891387939453125,-7.827089309692383,-1.9643518924713133,-7.163989067077637,2.423744440078736,-4.456902027130127,-3.867188215255737,-11.112499237060549,-1.5402060747146606,-10.183094024658203,-2.2879128456115723,-3.7344934940338135,-3.478882074356079,-7.93880558013916,-0.923650562763214,-8.209135055541992,-1.256278157234192,-4.566524982452393,-5.9697370529174805,-9.579317092895508,-0.2680502533912658,-5.278738975524902,-0.1453803181648254,-4.638813495635986,0.9973190426826476,-3.273348569869995,-2.6520235538482666
9,-330.0148620605469,129.20762634277344,-24.805927276611328,18.92994499206543,-17.113601684570312,14.852520942687988,2.0825629234313965,-0.5381866693496704,-5.328848838806152,7.772666931152344,-2.544794797897339,8.984045028686523,0.8089450597763062,8.081202507019043,-5.084955215454102,-4.9542765617370605,-8.246073722839355,-1.4557781219482422,-10.396668434143066,-5.568075656890869,-11.6709623336792,-1.2647967338562012,-5.430024147033691,-2.711733341217041,-9.664802551269531,-5.987217426300049,-7.966689109802246,-3.701381206512451,-9.92072868347168,-4.40462589263916,-7.000163555145264,-3.146612405776977,-6.931615352630615,-0.6107085943222046,-4.9188337326049805,0.534081757068634,-4.040099143981934,-1.2423349618911743,-4.879165172576904,-1.859136819839477
7,-67.3989486694336,-14.056808471679688,-53.488525390625,0.4363440573215484,-30.76424598693848,0.3535381257534027,-18.309314727783203,-8.82988166809082,-17.099105834960938,-14.043042182922363,-8.63178539276123,3.858452558517456,3.848114013671875,2.245955228805542,-7.735894680023193,-2.7788004875183105,-8.637754440307617,-1.0114753246307373,-9.428034782409668,5.835855960845947,-11.950246810913086,-4.8499956130981445,-6.504113674163818,4.5996503829956055,1.0119982957839966,4.452101707458496,-0.2594329416751861,6.1047682762146,1.6034905910491943,6.190658092498779,-2.917637586593628,1.079832673072815,0.696146547794342,0.5242841839790344,-4.630955696105957,0.7396147847175598,-0.7528924942016602,-2.4567604064941406,-6.794930934906006,-1.1938507556915283
9,-508.0857849121094,146.2003173828125,28.933277130126957,13.249235153198242,2.485607862472534,-1.34286630153656,-4.841462135314941,-3.623642921447754,-2.02640962600708,0.9745813608169556,1.4929178953170776,1.9529352188110352,0.7567123770713806,-1.4009002447128296,-5.442275047302246,-8.118997573852539,-9.993837356567385,-7.631026744842529,-6.070849418640137,-3.801677942276001,-2.1140918731689453,-0.3607549667358398,-0.3170854747295379,-1.2542861700057983,-3.5825953483581543,-5.143690586090088,-6.661547660827637,-6.239112377166748,-6.664260387420654,-4.778645038604736,-3.001887559890747,-0.9620963335037231,-0.2749601900577545,0.6602767705917358,-0.1796386390924453,-1.0179951190948486,-3.763456344604492,-4.4393815994262695,-5.102486610412598,-4.580912590026856
9,-490.866455078125,150.95716857910156,26.29521751403809,11.843524932861328,5.444458961486816,-1.6589244604110718,-5.067576408386231,-2.140222787857056,-1.5206010341644287,-0.2312099039554596,1.0553776025772097,2.058028221130371,0.3471248745918274,-0.3226042985916137,-3.394592761993408,-6.533405780792236,-8.71897029876709,-6.789244651794434,-5.844461917877197,-3.8413760662078857,-1.8878235816955569,-0.0108177373185753,-0.1704010814428329,-0.964009404182434,-3.4430007934570312,-4.544875144958496,-5.802733898162842,-5.3802876472473145,-6.194670677185059,-4.356847763061523,-2.633019208908081,-0.5347947478294373,0.1667447835206985,0.8804649710655212,-0.1701103746891021,-1.2604341506958008,-3.1699817180633545,-3.46964430809021,-4.380382061004639,-4.39979887008667
9,-471.0714416503906,158.4419403076172,18.61227035522461,16.661489486694336,4.97102165222168,-2.88154935836792,-4.465703964233398,-2.327080011367798,-1.277164340019226,0.230836272239685,1.8232734203338623,0.6819718480110168,-0.1766989529132843,0.3977636694908142,-3.695082426071167,-7.440721035003662,-8.718666076660156,-5.507223606109619,-5.594805717468262,-4.108959674835205,-2.2445974349975586,-0.65908282995224,-1.067354679107666,-1.3575162887573242,-2.269469976425171,-4.218923568725586,-5.794713497161865,-5.094768047332764,-6.560642719268799,-4.664093017578125,-2.3433852195739746,-0.1389500647783279,0.1992107331752777,0.6076828241348267,-0.7625071406364441,-1.4991885423660278,-3.0842061042785645,-4.1331706047058105,-4.85284423828125,-4.2077507972717285
9,-465.3214111328125,160.22071838378906,24.298851013183597,10.859253883361816,3.3351433277130127,-2.7225141525268555,-5.536609172821045,-3.385223865509033,-1.5906676054000854,0.4264004230499267,1.851309299468994,1.8721671104431152,1.7145769596099854,-0.1843106001615524,-3.149639129638672,-7.073376655578613,-9.43869972229004,-6.915252208709717,-5.1612420082092285,-4.06891393661499,-2.8809304237365723,-0.6898277401924133,-0.4564522504806518,-1.1471879482269287,-3.7096896171569824,-4.499523162841797,-4.734116554260254,-4.886865615844727,-5.856307506561279,-4.248299598693848,-3.1528475284576416,-1.3756855726242063,-0.4648047983646393,0.2792043089866638,-0.969507932662964,-0.8673890829086304,-2.850258111953736,-4.203686714172363,-5.239946842193604,-3.4627010822296143
9,-429.6301879882813,159.33700561523438,-1.497215747833252,7.026813983917236,0.9052370190620422,-7.677487373352051,-10.089181900024414,-4.680743217468262,-4.455065727233887,-0.8438515067100525,0.0146558647975325,1.5937252044677734,-0.3854508697986603,-1.9062970876693728,-5.477429866790772,-8.627873420715332,-10.758917808532717,-7.220369815826416,-5.871480941772461,-4.401151657104492,-2.646622896194458,0.2423262447118759,-1.0278687477111816,-1.7091376781463623,-4.071105480194092,-5.371890068054199,-5.863749504089356,-4.591555118560791,-5.593431949615479,-4.640478610992432,-3.2485907077789307,-1.0938767194747925,-1.1534818410873413,0.2515817582607269,-0.2016199231147766,-0.4196785986423492,-3.3204331398010254,-4.642677307128906,-5.1067399978637695,-3.4576315879821777
9,-452.9345397949219,155.9114532470703,10.500149726867676,7.414063930511475,3.506566047668457,-4.309613227844238,-7.948495864868164,-3.753593921661377,-2.7123422622680664,1.3189501762390137,1.6780006885528564,3.320669412612915,1.029410719871521,-1.7196677923202517,-4.427366733551025,-7.358404636383057,-9.96175765991211,-7.173429489135742,-5.832172393798828,-4.106862545013428,-1.4646689891815186,1.0979348421096802,0.4231617450714111,-1.6403871774673462,-4.459770202636719,-5.148688316345215,-6.590251445770264,-5.5657639503479,-6.127708911895752,-3.2697811126708984,-2.792412042617798,0.0123266400769352,-0.4165801107883453,-0.5182816982269287,-0.6027970910072327,-0.5494899153709412,-2.61513090133667,-4.308517932891846,-5.411643981933594,-3.821016550064087
9,-435.4673156738281,163.1514434814453,7.806528568267822,7.831018447875977,4.09541130065918,-4.523650646209717,-8.422014236450195,-4.429192066192627,-3.906010627746582,-0.3986295163631439,1.1931631565093994,1.6704659461975098,0.1124181523919105,-1.9354959726333616,-6.267320156097412,-8.443559646606445,-10.381248474121094,-7.215311050415039,-6.959640502929688,-4.68408203125,-2.319526195526123,1.3049577474594116,0.8664486408233643,-1.6844030618667605,-4.388218879699707,-4.651421546936035,-5.662664890289307,-4.889787673950195,-5.799721717834473,-3.642011642456055,-3.428188800811768,-1.1186081171035769,-1.1337217092514038,0.0938276574015617,-0.783036470413208,-1.2953412532806396,-3.802992343902588,-4.1774115562438965,-5.337413311004639,-4.087192058563232
9,-462.1361083984375,166.7019805908203,17.723834991455078,10.04759693145752,4.979031085968018,-2.024036169052124,-4.586371421813965,-2.074385404586792,-2.3439557552337646,0.9808669686317444,1.2815392017364502,2.9814021587371826,1.0246915817260742,-0.5039929747581482,-4.779609680175781,-7.580194473266602,-9.34396266937256,-7.516844272613525,-6.530422210693359,-3.465596914291382,-1.5637532472610474,1.2685600519180298,0.2875320017337799,-1.280580997467041,-4.621976852416992,-5.820207595825195,-6.06227445602417,-5.821168422698975,-6.64183235168457,-5.394261360168457,-3.590158462524414,-1.1090441942214966,-0.4697616100311279,0.6137903928756714,0.1872738152742386,-0.8174576759338379,-3.660164594650269,-4.514567852020264,-5.406046390533447,-4.170197010040283
9,-415.8474426269531,168.67320251464844,-7.031222820281982,15.353036880493164,1.837174892425537,-6.941114902496338,-5.91624116897583,-4.810295581817627,-3.828105926513672,-0.3029701709747314,-2.076723098754883,0.9673798084259032,-1.919223427772522,-1.818114280700684,-5.7300801277160645,-7.542786121368408,-9.65272617340088,-7.079270839691162,-5.707746982574463,-3.5184481143951416,-2.979296922683716,0.0697947964072227,-1.2659467458724976,-1.7415152788162231,-4.535937309265137,-5.368907928466797,-6.712221622467041,-4.782134056091309,-7.028930187225342,-3.463550329208374,-1.9853745698928835,-0.220911368727684,-0.0174253024160861,0.2483169436454773,0.0412545278668403,-0.2396405935287475,-3.540055513381958,-3.3032448291778564,-4.717607498168945,-3.580900192260742
9,-435.6771240234375,145.26837158203125,2.5448386669158936,12.387872695922852,6.641188144683838,3.690552473068237,-2.629246473312378,-2.946376085281372,-3.3890810012817383,1.1112782955169678,-0.1076019257307052,-0.9084351062774658,-6.010851860046387,-4.623745441436768,-3.0638763904571533,-1.751980185508728,-7.39222526550293,-7.024709701538086,-6.546643257141113,-3.5448172092437744,-3.41788101196289,-4.104160785675049,-6.411512851715088,-3.796151161193848,-0.7449026703834534,-1.650719404220581,-5.4473958015441895,-5.860828876495361,-6.819215297698975,-0.6044625639915466,-1.872220993041992,-2.985255479812622,-2.823723793029785,-1.965295672416687,-1.431959629058838,-0.728878915309906,-3.6094915866851807,-3.9186270236968994,-3.847531318664551,-1.917050838470459
10,-233.2809295654297,112.67535400390624,-5.82759428024292,25.399566650390625,17.639019012451172,0.5443618893623352,-7.05545711517334,11.51752471923828,10.94782829284668,0.4720187783241272,-1.5055288076400757,19.85460662841797,0.5796628594398499,-5.22971773147583,1.9001182317733765,3.384993553161621,-10.328988075256348,-4.273085594177246,3.395232677459717,8.538736343383789,-16.018617630004883,3.856718063354492,8.834836959838867,6.470677852630615,-6.552853107452393,3.741558790206909,4.102229118347168,0.218243733048439,-9.74867057800293,6.003189563751221,1.9255467653274536,-3.923891544342041,-3.177897453308105,4.214868545532227,-1.419389724731445,-1.0305784940719604,-1.1808639764785769,6.570711135864258,-8.668492317199707,0.1156378537416458
10,-238.44908142089844,111.48717498779295,-3.479868173599243,27.35630416870117,17.522247314453125,4.51803731918335,-1.549999475479126,13.973115921020508,12.66557788848877,-2.1481313705444336,-2.1229584217071533,17.098291397094727,-6.761226177215576,-6.956133842468262,0.4871534705162048,4.878813743591309,-4.650297164916992,-3.818602800369263,2.980412244796753,7.715726375579834,-14.879535675048828,6.21833086013794,3.7035722732543945,3.647451877593994,-5.269987106323242,7.512246608734131,-0.8504949808120728,-1.973491668701172,-6.253588199615479,7.573322772979736,0.753239631652832,-3.6489956378936768,-0.3716841638088226,3.4383764266967773,-3.2674949169158936,0.1964053958654403,-2.4385006427764893,3.7300989627838135,-6.91696834564209,0.3186322748661041
10,-169.7025604248047,101.7996063232422,-30.211225509643555,21.199438095092773,-2.0408620834350586,3.397719144821167,-4.255784034729004,7.951464653015137,-0.5756113529205322,3.928952932357788,-3.373936653137207,4.967793941497803,5.52017879486084,1.95126748085022,-3.944331645965576,1.044109582901001,-3.594587802886963,6.4476704597473145,3.820361852645874,5.19132661819458,-9.640995025634766,0.94576495885849,7.219590187072754,11.002589225769045,-2.651250123977661,-0.1548449397087097,-0.8131587505340576,4.947318077087402,-9.719487190246582,-0.6501345038414001,2.306000232696533,1.1304048299789429,-8.624250411987305,0.2996515333652496,2.381788730621338,2.7009589672088623,-2.897255182266236,6.706907272338867,-6.603472709655762,-0.811179518699646
10,-188.59597778320312,127.94542694091795,-33.95771408081055,37.33904266357422,11.3867826461792,4.51376485824585,5.558836460113525,6.453745365142822,5.888702869415283,6.723024368286133,-1.1543859243392944,11.767852783203123,-6.126536846160889,0.5853756666183472,-2.457979202270508,1.7566616535186768,-4.535960674285889,-1.0692965984344482,-3.169804334640503,-2.716905355453491,-14.678751945495604,4.312227725982666,10.22984790802002,4.154454708099365,-3.0779898166656494,5.119937419891357,-4.405731201171875,-5.211531639099121,-12.749078750610352,6.164187908172607,4.12686824798584,-1.4138271808624268,-10.68905258178711,-1.3400591611862185,1.952182650566101,4.477410793304443,-7.648989200592041,-0.0800600424408912,-1.8805181980133057,2.4755380153656006
10,-221.662841796875,129.939697265625,-30.130807876586918,25.133882522583008,-0.4129818677902221,8.91618537902832,-0.6901689767837524,6.883480548858643,9.425233840942385,9.11710262298584,-2.6548972129821777,7.217626571655273,-7.52141809463501,3.2335808277130127,-0.5993744730949402,2.033647060394287,-0.1924932450056076,-1.4185912609100342,-4.116358280181885,3.9824607372283936,-9.722613334655762,3.415675640106201,4.636303424835205,4.72576904296875,-3.3325116634368896,5.200166702270508,-1.133682131767273,-1.0106974840164185,-7.670009136199951,5.715229034423828,3.493886947631836,-0.5749799013137817,-7.620152473449707,-0.1717549562454223,0.8471994400024414,1.966981053352356,-5.6820454597473145,2.235059261322021,-1.070451021194458,0.4656938910484314
10,-117.5098648071289,104.79885864257812,-35.02838134765625,26.261070251464844,-19.37667655944824,10.190518379211426,-3.342029094696045,15.64377784729004,1.4087854623794556,4.606157302856445,-12.884531021118164,3.063312768936157,-6.757566928863525,7.183071613311768,-6.911905288696289,-1.7044594287872314,1.8606034517288208,-2.5701286792755127,-7.369733810424805,0.5922227501869202,-8.224289894104004,3.897676467895508,6.728567123413086,8.007304191589355,0.8557624816894531,5.252830982208252,-5.547868728637695,1.2388451099395752,-2.0292351245880127,5.878504753112793,3.534670352935791,-0.2962197661399841,-4.028497695922852,-3.1714205741882324,2.7237019538879395,0.7941580414772034,-4.707425117492676,1.3112688064575195,2.24405574798584,1.827848076820373
9,-141.68692016601562,136.0575714111328,-10.77946949005127,-15.463440895080566,-30.36855125427246,-5.088480949401856,-19.16652488708496,-2.55536150932312,-16.810548782348633,-14.232516288757324,-17.748069763183594,-0.7408185601234436,-7.617719650268555,3.6017332077026367,-1.966983675956726,8.841272354125977,7.438201427459717,2.318992376327514,1.3243143558502195,0.0984940305352211,-8.401939392089844,-0.3301357626914978,-5.524124622344971,-0.9033885598182678,-4.675155162811279,1.8148415088653564,-5.501532554626465,-2.216082811355591,-2.5059547424316406,-1.6084774732589722,-2.6726737022399902,0.2260545045137405,-4.175859451293945,-0.3307398855686188,-3.6473989486694336,0.5890995860099792,-1.0263240337371826,-0.3809806108474731,-2.5250844955444336,-0.2512190639972687
9,-145.64117431640625,138.92489624023438,-8.970619201660156,-16.643047332763672,-30.447620391845703,-5.893606185913086,-17.414093017578125,-2.067482709884644,-14.767254829406738,-10.78009033203125,-17.874752044677734,-3.338595151901245,-8.779876708984375,6.68246603012085,-0.7382707595825195,5.0546488761901855,3.285873413085937,4.185638427734375,3.9045116901397705,-2.022831439971924,-8.45158863067627,-0.4486499428749084,-7.29833984375,-2.6113522052764893,-3.6301474571228023,0.8093903660774231,-6.438418865203857,-1.7976452112197876,-3.372574806213379,-1.3325250148773191,-1.66253662109375,-0.7573181986808777,-5.184208869934082,0.3153384327888489,-4.168186664581299,1.6124510765075684,-1.3994814157485962,-1.3401960134506226,-2.6385786533355717,-1.1945040225982666
9,-158.76364135742188,135.77464294433594,-9.885245323181152,-15.852612495422363,-27.53202247619629,-5.497375965118408,-16.36479949951172,-1.9532787799835205,-11.088072776794434,-13.057013511657717,-18.68582344055176,-0.0532314777374267,-6.0205488204956055,4.364933013916016,-2.089296340942383,4.99899435043335,5.100840091705322,5.6119160652160645,3.5769364833831787,-2.1573452949523926,-9.54057502746582,-2.147425413131714,-6.191537380218506,-3.2707231044769287,-3.9841058254241934,1.1959246397018433,-7.264723300933838,-1.731765866279602,-2.751725912094116,-1.2928065061569214,-2.5612637996673584,-1.12521493434906,-4.389562129974365,0.4284281134605407,-2.5809271335601807,1.267080783843994,-2.2512691020965576,-1.5995949506759644,-3.717021226882935,-0.4719111621379852
9,-32.62710952758789,-20.330379486083984,-33.0693473815918,-20.94779586791992,-14.585084915161133,-22.030296325683597,-10.692336082458496,-11.356529235839844,-3.36623764038086,0.6182823181152344,-3.135927677154541,3.865690231323242,-2.087207317352295,1.8411283493041992,-1.924204707145691,-2.567897319793701,-0.4385857880115509,1.8895034790039065,-3.050034046173096,-4.34011697769165,-4.947115898132324,4.0292744636535645,-7.062514305114746,-0.6865302920341492,-4.577903747558594,7.912475109100342,-0.6347217559814453,5.642144680023193,-1.367740035057068,4.46378755569458,1.2665128707885742,4.802933216094971,-1.4249309301376345,2.405697822570801,-2.95061993598938,1.713233232498169,-2.813788890838623,0.0532898008823394,-3.470694065093994,0.4243634045124054
9,-12.0386323928833,-24.742876052856445,-31.070940017700195,-13.89447784423828,-8.224817276000977,-14.30395221710205,-5.289829730987549,-8.03771686553955,2.799877405166626,10.460935592651367,1.293570637702942,9.15853786468506,1.8228623867034912,6.410026550292969,0.044369913637638,1.707034945487976,-0.1965245753526687,6.6602463722229,-1.6650967597961426,-1.957760453224182,-0.7915055155754089,5.734435081481934,-5.337546348571777,0.247394248843193,-5.12783145904541,11.042731285095217,1.1182023286819458,9.861069679260254,0.2369151413440704,8.358268737792969,5.044839859008789,3.7077152729034415,-0.878996729850769,1.2696707248687744,-3.57645845413208,1.4420968294143677,-2.6303014755249023,-0.2343157976865768,-3.802917242050171,-1.707756280899048
9,-68.923828125,-15.462282180786133,-36.98553085327149,-11.05097198486328,-10.954584121704102,-14.299699783325195,-6.431499481201172,-9.348209381103516,0.0300681926310062,3.8611114025115967,0.2348900884389877,10.782293319702148,-1.9573620557785036,8.518936157226562,-4.035044193267822,-0.0761201009154319,1.1068047285079956,1.7734122276306152,-1.619420051574707,2.98634934425354,-1.208200454711914,4.374688625335693,-4.748263359069824,2.0454206466674805,-1.059061884880066,6.395607948303223,0.8999871015548706,9.149704933166504,-2.047060489654541,4.05869197845459,2.65708589553833,1.603078842163086,-1.3581725358963013,3.459747791290283,-1.4639003276824951,1.3920944929122925,-1.222875714302063,0.9544627666473388,-0.87056964635849,0.3512166142463684
9,-7.837128639221191,-21.991941452026367,-28.856067657470703,-9.24906063079834,-7.062979698181152,-9.713133811950684,-1.9966944456100464,-6.79271125793457,1.8563159704208372,13.470194816589355,2.8744242191314697,13.5795316696167,4.432988166809082,9.605619430541992,2.090662002563477,5.170101165771484,1.172127366065979,8.490157127380371,-1.237981200218201,0.4060522615909576,-1.0703033208847046,5.861363410949707,-2.4102783203125,2.9574615955352783,-2.9539337158203125,11.561890602111816,1.6701843738555908,10.738081932067873,-0.0436980202794075,8.35831356048584,5.2115559577941895,3.685695171356201,-0.8503966331481934,1.3021042346954346,-2.6824471950531006,0.5238345861434937,-2.529123306274414,0.5668171644210815,-2.372643232345581,-1.5310053825378418
9,-2.281502723693848,-25.753063201904297,-30.037879943847656,-12.128077507019045,-12.703136444091797,-12.300089836120604,-6.674101829528809,-11.865924835205078,-4.386691093444824,7.267423629760742,-5.038183212280273,8.83266830444336,2.4977128505706787,8.508877754211426,1.735797643661499,4.647907733917236,2.133734703063965,5.080763816833496,-2.2194318771362305,-2.031550884246826,-4.805069446563721,2.9729812145233154,-3.2231035232543945,2.922283411026001,-3.093125581741333,11.54795742034912,0.2915644645690918,10.604696273803713,1.401769518852234,7.2133402824401855,3.5903241634368896,2.5641088485717773,-0.0909337997436523,0.6539971232414246,-1.595637321472168,-0.1396757364273071,-2.796334981918335,-1.2508922815322876,-1.7585865259170532,-0.2102657556533813
9,-0.9466282725334167,-29.831172943115234,-34.07997512817383,-14.786382675170898,-16.923545837402344,-16.8182430267334,-13.670827865600586,-15.856280326843262,-5.427258968353272,3.6896860599517822,-9.98630428314209,3.285007953643799,-0.5476903319358826,6.37178897857666,-2.4526560306549072,-0.3704082369804382,0.7328147888183594,2.458773136138916,-2.3214802742004395,-2.9744174480438232,-6.02699089050293,2.290950059890747,-7.174437999725342,0.8124369382858276,-6.036553382873535,11.038938522338867,-1.1063425540924072,9.372307777404783,1.2416505813598633,5.699376106262207,3.3728747367858887,0.6541174650192261,1.0959467887878418,0.4424932897090912,-1.3994779586791992,-0.481537401676178,-2.592705249786377,-4.088048458099365,-2.209266185760498,0.3662777543067932
9,-27.57651138305664,-27.265247344970703,-36.699161529541016,-16.410263061523438,-16.231931686401367,-20.859235763549805,-13.777109146118164,-16.32480812072754,-5.941122531890869,1.6951158046722412,-9.20988941192627,1.709456443786621,-1.928545594215393,5.178239822387695,-5.87856388092041,-2.810588836669922,-1.2520856857299805,1.0702691078186035,-3.89180064201355,-0.2225567549467086,-6.462024211883545,3.5530335903167725,-8.209290504455566,-0.5961621403694153,-4.885632991790772,8.373533248901367,-1.203881859779358,5.849489688873291,-0.4004664719104767,3.534687757492065,1.3561673164367676,1.1792949438095093,-0.136642187833786,1.8915971517562864,-2.2539687156677246,0.3001527488231659,-2.6791763305664062,-2.91611385345459,-2.0896902084350586,1.2991459369659424
9,-45.70513916015625,-20.637056350708008,-37.635040283203125,-15.782562255859377,-14.94098949432373,-20.1573429107666,-10.434444427490234,-14.03254508972168,-4.698407173156738,1.6379975080490112,-5.372261047363281,4.081423759460449,-1.6370919942855835,6.177128791809082,-5.148740768432617,-1.686817646026611,-0.90324205160141,2.038666248321533,-4.342795848846436,3.478111267089844,-5.250555515289307,4.755229473114014,-5.409480094909668,-0.9889388680458068,-1.6995044946670532,5.8855462074279785,-0.4744223058223724,3.35414457321167,0.5131916999816895,1.8778470754623413,0.0709002688527107,2.177595615386963,-1.176859974861145,4.195815563201904,-2.544801712036133,2.028097629547119,-2.026355504989624,0.1477155685424804,-1.126511812210083,2.9479281902313232
9,-24.81327247619629,-19.857460021972656,-35.349613189697266,-14.813067436218262,-17.229148864746094,-19.162111282348636,-12.127546310424805,-13.370222091674805,-4.766509056091309,1.6080909967422483,-4.092576026916504,6.3558759689331055,0.1801792681217193,8.452903747558594,-3.764135360717773,-0.7964262366294861,1.624552845954895,2.096651792526245,-0.9144080877304076,0.4523227214813232,-4.009649753570557,3.434763193130493,-3.8692567348480233,1.0779924392700195,-2.440368890762329,8.607101440429688,0.8807047605514526,6.450957298278809,1.460818648338318,3.734345436096192,4.167241096496582,2.375303030014038,0.9391582012176514,3.5223147869110107,-1.8833084106445312,1.8755970001220703,-1.1300978660583496,0.6337110996246338,-1.1296851634979248,1.811492919921875
9,-7.209247589111328,-19.585947036743164,-31.895442962646484,-13.586030960083008,-17.782081604003906,-17.16218376159668,-12.421195030212402,-11.494802474975586,-3.1558501720428467,3.0598576068878174,-2.905629396438598,6.84370756149292,2.66150975227356,10.64181900024414,-2.877406358718872,0.98053377866745,2.934120416641236,2.4889070987701416,1.0491137504577637,-2.3478004932403564,-1.893972635269165,2.7068185806274414,-4.108686447143555,3.2349133491516118,-2.8298165798187256,11.81174087524414,2.162407398223877,9.059653282165527,0.2203893512487411,6.303330421447754,7.395190238952637,2.198227643966675,1.0486955642700195,1.8264464139938357,-1.5781956911087036,0.9732738137245178,-1.2998700141906738,-0.4599312245845794,-2.391960620880127,-1.2946983575820925
9,-18.822031021118164,-16.778234481811523,-30.79707908630371,-13.04592990875244,-15.650331497192385,-15.332230567932127,-9.869808197021484,-9.767755508422852,-0.0123877329751849,4.123703002929688,-0.6413002014160156,8.215496063232422,2.0846195220947266,11.154296875,-2.609635353088379,2.5716447830200195,3.4071340560913086,4.501996994018555,0.364578366279602,1.3098232746124268,0.0515276752412319,3.867894411087036,-3.515028715133667,3.815380573272705,-0.9791022539138794,10.097777366638184,2.404648303985596,8.439058303833008,-0.6149892210960388,6.172520160675049,6.133523941040039,2.8528294563293457,-0.1650841385126114,3.3707070350646973,-0.7266958355903625,1.7540875673294067,-0.629672646522522,0.4551510214805603,-1.176372528076172,-0.7413815855979919
10,-117.84123992919922,102.53532409667967,-6.707137107849121,15.35387134552002,3.312582492828369,3.4745490550994877,1.3426071405410769,-4.31088924407959,-0.6184486150741577,-5.498064041137695,6.144344806671143,-11.64286994934082,-9.450934410095217,-1.280970811843872,-11.644946098327637,2.701875686645508,-21.610197067260746,1.2441431283950806,-18.254343032836918,-3.789927482604981,-5.6406121253967285,-5.022678852081299,-12.345582008361816,-0.4995217621326446,-11.319665908813477,1.7273707389831543,-10.827919960021973,12.25627326965332,-7.19516134262085,1.219335436820984,-0.3779570758342743,-5.087854862213135,5.028933525085449,3.634322166442871,4.0382843017578125,1.504431962966919,-0.1029239743947982,8.090534210205078,6.692797183990479,-2.909120798110962
10,-129.96038818359375,121.39198303222656,-20.4853572845459,19.97104263305664,-4.992816925048828,5.288753509521484,1.087350606918335,-0.972098469734192,-6.142691135406494,3.8582780361175537,-5.366054058074951,-12.059800148010254,-3.312097787857056,-2.804285287857056,-14.23838996887207,1.9022934436798096,-9.405843734741213,3.4682071208953857,-7.452634811401367,-4.133093357086182,-9.020723342895508,-2.120312213897705,-4.181241989135742,-0.8952876329421997,-10.667068481445312,2.019850730895996,-8.812844276428223,2.5806806087493896,-9.220516204833984,3.0474581718444824,5.115135669708252,6.05903959274292,4.232424736022949,-1.209306001663208,-2.279883861541748,1.161673665046692,-1.3722044229507446,4.926835536956787,6.057598114013672,0.2751578986644745
10,-189.2076416015625,122.32986450195312,-15.963966369628906,15.18952465057373,-0.9986047744750975,15.124308586120604,1.935584664344788,1.4094594717025757,-1.647163152694702,4.966855049133301,-1.1020939350128174,7.379611968994141,-5.478858470916748,1.7676866054534912,-6.588821887969971,2.1897029876708984,-4.339813232421875,-1.2899799346923828,-5.262764930725098,1.2715775966644287,-2.379150629043579,-0.5972304344177246,-4.158594608306885,-0.5651683211326599,-6.037456035614014,1.7008432149887085,-5.614006996154785,2.7008893489837646,-5.635456562042236,0.3833540976047516,-2.2314348220825195,-0.4053708910942077,-1.0018402338027954,1.6471672058105469,-1.9842610359191892,1.6786142587661743,-1.9120384454727173,2.563223123550415,-1.7515050172805786,0.152917593717575
10,-273.2552490234375,142.959716796875,-19.618087768554688,17.118181228637695,-4.979977607727051,5.025536060333252,-5.961378574371338,0.6622705459594727,-0.6442331075668335,5.880527973175049,-0.5076187252998352,2.100183725357056,-1.799231767654419,2.819939613342285,-7.511505603790283,3.7234585285186768,-3.85189700126648,5.150372505187988,-5.7299652099609375,0.753452479839325,-2.385108470916748,-1.3129650354385376,-3.326472043991089,5.8797125816345215,-6.062559127807617,3.292595148086548,-4.948512554168701,4.469385147094727,-4.0969438552856445,4.155129432678223,2.5505077838897705,3.87898325920105,1.0331835746765137,1.3703765869140625,0.0866064205765724,3.9430043697357178,-1.915022850036621,5.259130477905273,4.023488521575928,3.0550317764282227
10,-166.75527954101562,132.22276306152344,-22.768348693847656,25.47755622863769,-0.460219532251358,7.798466682434082,-4.293782234191895,4.579854965209961,-3.016138792037964,2.488522529602051,0.2104506343603134,-1.80958092212677,-1.1070979833602903,2.963467836380005,-9.445731163024902,4.82195520401001,-8.096796989440918,2.083559274673462,-10.6105318069458,-0.0890964642167091,-5.886533260345459,-2.37205171585083,-6.446128845214844,-1.247637391090393,-7.553400993347168,0.7998824119567871,-8.756945610046387,5.29645299911499,-6.183128833770752,3.178882122039795,-1.4728713035583496,0.9425390958786012,-1.0903596878051758,-0.5950940251350403,-1.1185013055801392,1.2178136110305786,-2.0918169021606445,2.658088207244873,1.702803373336792,-1.4206730127334597
10,-202.8795166015625,133.9984130859375,-25.54337501525879,24.52726173400879,3.0931434631347656,6.945462226867676,-7.443964958190918,0.8235470056533813,-1.1490432024002075,0.6268843412399292,0.8757373690605164,-3.653240203857422,-5.870354175567627,1.6760659217834473,-7.949032306671143,2.108116149902344,-12.190943717956545,0.6729696393013,-9.88495922088623,-0.8777608871459961,-4.6705498695373535,-1.9814070463180544,-7.656033992767334,-2.887320041656494,-8.363031387329102,-0.9561346769332886,-11.188655853271484,4.898069381713867,-4.881358623504639,1.327521562576294,-1.7552001476287842,-1.7278997898101809,-1.233124613761902,0.90455824136734,-0.8869866132736206,2.0220797061920166,1.3822565078735352,5.278154373168945,4.699130058288574,-0.4262376129627228
8,-233.7572326660156,126.03650665283205,-28.15304374694824,30.19952964782715,15.103959083557127,21.939573287963867,18.884597778320312,4.8664727210998535,7.886391639709473,12.379143714904783,-2.9788200855255127,10.662156105041504,-2.423357486724853,7.679095268249512,5.273022651672363,6.735015392303467,6.899211883544922,4.6096038818359375,-2.3826534748077397,2.0813310146331787,-2.1095340251922607,2.5704989433288574,-3.9982545375823975,2.712520837783813,-0.7671639919281006,2.2116737365722656,-3.299101591110229,4.005519390106201,3.621406555175781,3.7441232204437256,-6.7465596199035645,4.281610012054443,4.713088512420654,6.36314582824707,-3.233654260635376,2.750513792037964,-4.207600593566895,-5.831543922424316,-5.497910976409912,7.639321327209473
9,-123.53849029541016,126.80864715576172,-28.36780166625977,30.36256217956543,14.925236701965332,22.09647560119629,18.755374908447266,5.025435447692871,7.873050212860107,12.343457221984863,-3.207378387451172,10.718232154846191,-2.42415714263916,7.927247524261475,5.196648597717285,6.673399448394775,6.918092250823975,4.629576683044434,-2.5140559673309326,1.9933557510375977,-2.125699996948242,2.480079174041748,-4.022302150726318,2.5594141483306885,-0.7258326411247253,2.2918848991394043,-3.3689026832580566,4.0340256690979,3.6142303943634033,3.541301250457764,-7.117465972900391,4.241303443908691,4.758632183074951,6.530697345733643,-3.219820499420166,2.7904205322265625,-4.279077053070068,-5.856096267700195,-5.58030366897583,7.716434478759766
8,-11.43903923034668,10.528478622436523,-65.64458465576172,-11.751276969909668,-17.65606689453125,-1.5015733242034912,-23.47345733642578,-3.664753675460816,-15.042985916137695,-3.399024486541748,-11.094633102416992,5.484558582305908,-4.4803338050842285,-2.4531021118164062,-7.288869380950928,6.161221504211426,2.1578097343444824,7.098593235015869,-2.8279776573181152,5.897165298461914,-5.534111976623535,-4.52102518081665,-6.427188396453857,0.2447457015514373,-4.996146202087402,-2.89816689491272,-1.9672973155975344,-1.030947208404541,-5.822739124298096,2.9141945838928223,-4.826175212860107,1.744862079620361,-3.5567846298217773,1.19862699508667,-4.792681694030762,1.0589170455932615,-1.1012494564056396,3.549455404281616,-0.509294867515564,3.937258720397949
8,11.302781105041504,9.627740859985352,-66.20266723632812,-14.36029052734375,-13.2802734375,1.284828543663025,-22.73405647277832,-6.421423435211182,-16.651107788085938,-2.6404213905334477,-13.437000274658203,5.7423272132873535,-7.398890972137451,-5.194944381713867,-8.43321704864502,7.411176681518555,2.954644203186035,7.652433395385742,-2.0438337326049805,10.439379692077637,-3.143798589706421,-3.897392511367798,-8.053107261657715,-1.304835557937622,-7.475849628448486,-5.241575241088867,-2.4897048473358154,-1.662040948867798,-8.359129905700684,1.4607961177825928,-4.255204677581787,-0.1534332931041717,-6.399315357208252,1.8014582395553589,-4.137185096740723,3.3730647563934326,1.065982699394226,6.458463668823242,1.608828902244568,5.376311302185059
8,-7.453711986541748,12.276649475097656,-62.72975158691406,-15.318099975585938,-11.416132926940918,2.0780203342437744,-22.51754379272461,-6.714850902557373,-16.772056579589844,-1.475302815437317,-14.360907554626465,4.9378533363342285,-8.906270980834961,-6.441416263580322,-8.895960807800293,5.880942344665527,1.4936610460281372,6.3120880126953125,-1.5146205425262451,12.02058219909668,0.0836353600025177,-1.4460049867630005,-8.034127235412598,-1.0476428270339966,-7.018731117248535,-3.707743883132935,-2.9332544803619385,-2.733443021774292,-9.358741760253906,-0.4746721684932709,-4.677752494812012,-1.5580204725265503,-8.495491027832031,1.0728846788406372,-3.753934383392334,4.10216236114502,1.0046875476837158,7.15922212600708,4.430482864379883,7.935995578765869
5,-146.1168212890625,138.6584930419922,-19.59019660949707,3.071896314620972,-24.821176528930664,-0.2905375063419342,-18.29115867614746,-7.856802463531494,-13.353432655334473,-6.235314846038818,-11.419158935546877,-4.8457350730896,-9.276623725891112,-6.8449225425720215,-7.830109119415283,-6.151471614837647,-11.96394157409668,-4.328662872314453,-7.591651439666748,-3.005877017974853,-7.426186084747314,-1.658042550086975,-6.560144901275635,2.6281492710113525,-3.124128818511963,0.903615951538086,-3.448753833770752,0.7456067800521851,-4.776204586029053,1.3193153142929075,-3.8460869789123535,-1.091257929801941,-3.008129596710205,1.6948760747909546,-4.933981895446777,-1.1757956743240356,-5.484829902648926,-0.5607799887657166,-2.5763280391693115,-0.8778533339500427
5,-115.0528564453125,131.48069763183594,-23.23434066772461,0.6983570456504822,-20.08191680908203,-1.9766820669174197,-18.762908935546875,-8.05489444732666,-15.57186508178711,-6.230983734130859,-11.50738525390625,-4.615846633911133,-8.301414489746094,-9.271472930908203,-8.38338851928711,-6.939135551452637,-14.616166114807127,-5.775204181671143,-7.561783313751221,-1.7893332242965698,-6.577910423278809,-0.5291051268577576,-5.4074225425720215,2.08943510055542,-4.565345764160156,-0.7075404524803162,-3.926703453063965,0.7087337970733643,-5.30819034576416,-0.6962319016456604,-7.044557571411133,-2.379852771759033,-4.236475944519043,-0.2831967175006866,-5.561157703399658,-1.6558103561401367,-5.001246929168701,-0.5446831583976746,-2.9577085971832275,1.4000784158706665
5,-134.50137329101562,133.7841796875,-22.115665435791016,-2.8782434463500977,-21.450214385986328,0.2162833660840988,-19.08253288269043,-6.790236473083496,-13.783793449401855,-6.599846363067627,-10.856260299682615,-4.315513610839844,-5.4180426597595215,-5.815837383270264,-7.289493560791016,-4.95384407043457,-12.990758895874023,-4.49251651763916,-7.800088882446289,-2.7996366024017334,-7.461039066314697,-0.0979103222489357,-6.027595043182373,1.7695504426956177,-2.606963634490967,1.3686307668685913,-2.4189252853393555,0.0340235158801078,-7.544347286224365,-2.1018340587615967,-3.9783120155334473,-1.0263546705245972,-4.623363018035889,-0.3260571658611297,-5.282860279083252,-0.6840446591377258,-5.664474010467529,0.3015653491020202,-1.148055076599121,1.2779444456100464
5,-131.35501098632812,134.20452880859375,-37.48356246948242,-7.722548484802246,-25.72342300415039,1.318599820137024,-24.90928077697754,-9.420023918151855,-13.02110481262207,-3.9920284748077393,-10.938377380371094,-3.660556316375733,-5.153197288513184,-5.589681625366211,-7.141941547393799,-5.469650745391846,-8.6469144821167,-4.99570369720459,-8.503680229187012,-1.613057255744934,-6.141716003417969,-0.3494697511196136,-4.752316474914551,2.1239137649536133,-4.393415927886963,0.2264759093523025,-4.221095085144043,0.1786582171916961,-4.237579345703125,0.9787930846214294,-2.436694622039795,0.728228747844696,-3.611024618148804,1.441244125366211,-3.167916774749756,1.0661602020263672,-2.899409055709839,1.5546677112579346,-2.5563008785247803,1.1438735723495483
5,-148.85546875,140.99911499023438,-24.01064682006836,3.5033531188964844,-19.0185604095459,3.4068918228149414,-21.95694351196289,-7.572981834411621,-14.462292671203612,-7.872933864593506,-9.875452995300291,-5.9245924949646,-10.015567779541016,-6.487766265869141,-7.650500774383545,-5.519682884216309,-9.949928283691406,-3.5793890953063965,-7.649375915527344,-2.870107412338257,-8.99502944946289,-0.9373025298118592,-7.261499881744385,-0.0988156497478485,-2.8352012634277344,0.1883517950773239,-6.119808673858643,-2.140529155731201,-5.126744747161865,0.5818286538124084,-5.802391529083252,-3.4401323795318604,-3.9855377674102783,1.963605880737305,-4.844560146331787,0.0650558695197105,-4.209468364715576,0.6177964806556702,-4.079723358154297,-3.125927209854126
5,-147.5559539794922,139.8239288330078,-22.85918235778809,3.963317632675171,-19.55878448486328,2.8208601474761963,-21.97004508972168,-6.619027137756348,-16.602203369140625,-9.070611953735352,-11.092370986938477,-7.674416542053223,-11.187790870666504,-4.251333713531494,-6.600026607513428,-5.97276496887207,-9.19097137451172,-4.558574676513672,-9.620100021362305,-3.5267765522003174,-8.070942878723145,-1.9836386442184448,-6.574703693389893,0.8161086440086365,-4.658116817474365,0.1706717163324356,-4.082181453704834,-1.208505630493164,-3.8575828075408936,1.4281362295150757,-5.333210468292236,-3.307541608810425,-4.11972188949585,2.5283398628234863,-3.648700714111328,-0.667696475982666,-2.9451825618743896,0.7116098403930664,-6.037040710449219,-3.9061858654022217
5,-539.5311279296875,162.22213745117188,-27.113752365112305,23.57841110229492,18.98652648925781,-1.5960216522216797,5.692679405212402,16.51698112487793,3.847094774246216,4.516021728515625,8.151312828063965,9.904335975646973,5.255144119262695,9.206976890563965,6.993049144744873,6.996416568756104,0.3506720662117004,1.3943192958831787,-0.1013469025492668,2.3253748416900635,-2.395479440689087,0.846059262752533,-2.081160545349121,-0.5217589139938354,-3.2845935821533203,1.611378788948059,-2.5433523654937744,2.0048577785491943,-2.947625160217285,0.3918168842792511,-3.556090831756592,-0.973709225654602,-1.8043402433395384,1.7172808647155762,-3.0915675163269043,1.182533860206604,-3.905529260635376,0.8093507885932922,-2.121291160583496,1.4321638345718384
5,-529.8626708984375,171.42471313476562,-30.992900848388672,25.480478286743164,18.1250114440918,-2.4381766319274902,5.664408206939697,17.476579666137695,2.7893495559692383,4.828331470489502,6.905224323272705,8.252266883850098,2.53191351890564,7.523386478424072,4.217620849609375,5.208587646484375,-0.256521612405777,1.6281991004943848,-3.371881484985352,1.0961456298828125,-2.916093111038208,3.367076873779297,-1.901253700256348,-1.0811582803726196,-5.013103008270264,0.924538552761078,-2.415926933288574,0.0065854983404278,-1.4223921298980713,2.4666216373443604,-2.513681411743164,-1.8704159259796145,-1.4885398149490356,1.1298153400421145,-1.260871648788452,1.4203096628189087,-3.9119620323181152,-0.6296321749687195,-1.5344674587249756,0.7320602536201477
5,-415.636962890625,178.28054809570312,-28.859073638916016,36.30743789672852,-9.380569458007812,0.0659499317407608,-3.901680707931519,12.726072311401367,-1.466170310974121,1.2710351943969729,1.3779500722885132,4.607698440551758,4.129439830780029,2.742156744003296,8.226439476013184,3.308947801589966,1.1412140130996704,-2.56335186958313,-3.423214197158813,-0.7615877389907837,0.0809549689292907,3.8875725269317623,0.2662592232227325,-2.241057872772217,-4.276823043823242,-2.903860569000244,-4.181188106536865,-1.3219410181045532,-3.664367198944092,2.440706491470337,-0.8241374492645264,-3.592776298522949,-4.579301834106445,0.0552586764097213,-1.6290489435195925,-0.6828765273094177,-3.238816738128662,0.1704223304986953,-3.154561281204224,-1.1348892450332642
5,-491.00982666015625,180.3046722412109,-30.617435455322266,21.141326904296875,20.11751747131348,6.055118560791016,3.1397738456726074,7.798692226409912,0.9021937251091005,7.484954357147217,7.829030036926269,6.058887004852295,2.3952362537384038,7.754761695861816,6.489435195922852,0.5270275473594666,-3.738250732421875,-4.00486421585083,-5.340832233428955,-1.6462786197662354,-2.747237205505371,-0.300810307264328,-5.609470367431641,-2.091644287109375,-3.0044522285461426,-1.9005743265151975,-4.424586296081543,1.0765501260757446,-1.278767466545105,1.914656162261963,-0.8829615116119385,-0.1386658996343612,-0.8492088913917542,-1.3750797510147097,-0.4723595082759857,2.156550884246826,-2.392703056335449,-0.5240465998649597,-3.026315927505493,1.5279314517974854
9,-192.49594116210935,-3.5855727195739746,-16.638456344604492,13.8681001663208,4.018015384674072,13.844863891601562,1.0715453624725342,6.4350457191467285,-6.6241774559021,5.37307596206665,-2.7464523315429688,1.8337056636810305,-1.2862118482589722,6.371688365936279,-6.998347282409668,3.456286907196045,-10.056987762451172,-3.52307653427124,-5.993499279022217,-3.341510772705078,-8.041163444519043,2.958422899246216,-8.185866355895996,4.849702835083008,-7.68392276763916,-2.109237670898437,-5.807315826416016,-4.020754337310791,-1.89490807056427,-4.847154140472412,-5.609318733215332,-3.987549066543579,-1.8328896760940552,1.5996012687683103,-3.028125286102295,0.2352765947580337,-2.8633716106414795,-1.1044455766677856,-0.0210831481963396,5.301138877868652
9,-188.77386474609372,9.703476905822754,-2.2593088150024414,19.58959007263184,2.0231144428253174,20.84813117980957,1.2565404176712036,2.485185384750366,-6.563771724700928,0.92713463306427,-5.508533000946045,-1.3511525392532349,-3.137080669403076,4.0017499923706055,-11.072938919067385,4.177572727203369,-10.316390991210938,-6.570783615112305,-11.32536506652832,-5.34516191482544,-10.1040678024292,3.3847973346710205,-8.049381256103516,3.8502352237701416,-8.163883209228516,-0.6416478157043457,-5.060322284698486,-2.172895908355713,-1.7547534704208374,-4.350831985473633,-8.563944816589355,-5.625088214874268,-1.503538966178894,1.981906771659851,-4.9195966720581055,-4.409865379333496,-4.491220951080322,-2.407976627349853,-0.1787645816802978,6.828628063201904
9,-164.7557830810547,8.234528541564941,2.757704257965088,19.780067443847656,-1.4397468566894531,12.280068397521973,-3.858922004699707,-0.972121238708496,-5.217767715454102,0.5078163146972656,-6.584656238555908,-0.6669164896011353,-3.3617732524871826,6.611898422241211,-7.819981098175049,1.435693860054016,-13.603744506835938,-7.8575849533081055,-8.283206939697266,-5.597970008850098,-12.504467964172363,2.7834863662719727,-9.448469161987305,3.9917125701904297,-6.4972758293151855,-2.3113255500793457,-6.705716609954834,-3.455275058746338,-3.2988030910491943,-6.412875652313232,-5.9828619956970215,-3.47004771232605,-2.5172061920166016,2.4475884437561035,-4.137701988220215,-4.024092197418213,-2.8709402084350586,-2.696585893630981,-1.7895427942276,5.206048488616943
9,-141.7982940673828,3.57197904586792,-3.787812232971192,14.34142017364502,-1.1852511167526243,9.668566703796388,-2.668303966522217,0.1585595458745956,1.834746241569519,1.9011075496673584,-3.615563154220581,5.679599761962891,-6.68527889251709,12.045889854431152,-2.9678938388824463,0.110163040459156,-17.93266487121582,-8.247709274291992,-7.720773696899414,-9.686777114868164,-14.852567672729492,0.5392913222312927,-12.96992015838623,3.439938545227051,-6.534339904785156,-5.396129608154297,-6.867159843444824,-4.441794395446777,-3.4656238555908203,-8.184813499450684,-4.7852959632873535,-3.1410279273986816,-3.457540988922119,1.602088212966919,-2.8615663051605225,-2.60022521018982,-0.7517633438110352,-1.0732046365737915,-2.3459973335266118,5.117075443267822
9,-105.15087890625,16.039270401000977,-10.019333839416504,5.783206462860107,-2.7676730155944824,17.139705657958984,-1.0578079223632812,2.512173652648926,5.222853660583496,0.6552908420562744,0.7692428231239319,10.604722023010254,-7.265078067779541,14.591156005859377,-0.4785757660865783,-2.647703170776367,-16.605287551879883,-11.07794189453125,-8.855432510375977,-13.472400665283203,-14.027950286865234,-1.1373203992843628,-15.522960662841797,2.7364628314971924,-8.587886810302734,-5.922138690948486,-4.234910488128662,-4.538520336151123,-5.542695045471191,-8.358345031738281,-5.856173038482666,-6.270453453063965,-5.45082950592041,-2.475480079650879,-3.7244083881378174,-2.732126951217652,0.0558694154024124,0.5430930852890015,-1.5412505865097046,5.354878902435303
9,-70.83236694335938,39.96392440795898,0.6835729479789734,8.057243347167969,-4.9013671875,25.916078567504883,-5.972499370574951,2.4003448486328125,0.7583324313163757,-2.140212297439575,0.4874361157417297,10.116236686706545,-6.894298553466797,11.729694366455078,-2.0102193355560303,-6.778313159942627,-15.26434326171875,-18.71133041381836,-8.834733963012695,-16.36695098876953,-12.105254173278809,-1.783509373664856,-16.42666244506836,1.3845294713974,-8.558119773864746,-4.119089603424072,-3.576228380203247,-4.116287708282471,-6.142763137817383,-8.072158813476562,-5.91523551940918,-7.479785919189453,-5.90987491607666,-3.4225285053253174,-4.462629318237305,-1.8668187856674197,0.9179899096488952,1.383743166923523,-1.0314013957977295,4.959085464477539
9,-68.47479248046875,54.95678329467773,12.055782318115234,16.259252548217773,-1.6253339052200315,31.746139526367188,-7.438842296600342,0.7748464345932007,-1.5439846515655518,-2.917948007583618,-1.4865983724594116,11.486041069030762,-9.163159370422363,9.259045600891112,-6.385447025299072,-8.842617988586426,-17.396257400512695,-23.86762809753418,-11.967208862304688,-19.32555389404297,-11.802827835083008,-2.3052759170532227,-16.948158264160156,0.4511774182319641,-7.036355972290039,-2.320614814758301,-3.815831184387207,-2.643571138381958,-4.204716205596924,-7.610082149505615,-4.52713680267334,-7.017699718475342,-4.681227207183838,-2.5355024337768555,-4.122960567474365,-0.8494075536727905,2.349052906036377,1.5799994468688965,-0.3935860097408294,5.860633850097656
9,-71.38939666748047,55.194950103759766,13.039161682128906,14.874102592468262,-2.460489273071289,35.230106353759766,-1.1150659322738647,2.705242872238159,-2.250478506088257,3.522654294967652,1.0949426889419556,12.900249481201172,-10.887065887451172,11.211743354797363,-6.221213817596436,-8.086957931518555,-18.516143798828125,-22.64063835144043,-12.892334938049316,-17.88705062866211,-13.605135917663574,-1.426763653755188,-18.11772727966309,0.4823938310146332,-8.34880256652832,-3.4970202445983887,-5.852842330932617,-3.862962007522583,-4.770792007446289,-9.95915699005127,-4.888277530670166,-9.012195587158203,-5.871119976043701,-3.0505945682525635,-4.13763952255249,-2.118462085723877,2.28987455368042,1.80933690071106,0.9784530997276306,6.603198051452637
10,-379.2134704589844,73.99887084960938,27.803741455078125,29.720123291015625,15.21183967590332,14.186440467834473,4.394247055053711,23.133934020996094,5.968940258026123,25.410621643066406,-1.7861181497573853,7.807711601257324,-1.469387769699097,8.410099029541016,2.0963656902313232,0.4210059344768524,-3.470509529113769,5.057204723358154,-6.871623516082764,-6.324019908905029,-4.372940540313721,3.554970979690552,-0.5259486436843872,9.753488540649414,4.177931308746338,5.774429798126221,-4.204667568206787,3.901567935943604,-4.427194118499756,-4.4954447746276855,-17.14112091064453,-5.050420761108398,-4.677106380462647,3.3099751472473145,-4.102756500244141,-0.1531773507595062,-3.843814849853516,2.6022191047668457,-9.085092544555664,-5.552723407745361
10,-391.86236572265625,75.95077514648438,24.40517807006836,28.94070053100586,15.460932731628418,11.885391235351562,6.041782855987549,23.47517967224121,7.292378902435303,26.646373748779297,0.6664217710494995,8.219959259033203,-1.3393834829330444,9.249103546142578,0.6703251600265503,-0.5193886756896973,-1.6594524383544922,6.135487079620361,-4.667581081390381,-6.737419605255127,-5.699428558349609,3.814230680465698,-0.4594320952892303,7.555290222167969,2.211698532104492,3.682873487472534,-4.30389928817749,3.333076477050781,-7.011337757110596,-4.604758262634277,-17.59827995300293,-6.417173862457275,-5.705046653747559,3.754779577255249,-4.614442348480225,0.6254220604896545,-0.6263613700866699,1.5467348098754885,-10.98568344116211,-6.46325159072876
8,-342.6786499023437,163.0948486328125,-39.28056716918945,10.926727294921877,-25.990318298339844,10.822168350219728,-4.54079532623291,5.313180923461914,-0.222555786371231,4.422072410583496,3.714928388595581,5.9572062492370605,1.8014247417449951,1.077604055404663,1.651626706123352,5.574007511138916,3.113286256790161,9.26036548614502,4.768113136291504,8.257987022399902,5.463116645812988,6.040956497192383,2.953272581100464,4.939020156860352,-1.204535722732544,4.646484851837158,1.8393688201904297,4.437912940979004,0.7047194838523865,3.802244663238525,0.1610399633646011,2.9540371894836426,1.2900365591049194,1.9544801712036133,-0.1456402391195297,1.45473313331604,-0.792994499206543,3.641755342483521,1.4177910089492798,1.830575704574585
8,-355.7176208496094,166.79522705078125,-36.72374725341797,9.686477661132812,-22.33747100830078,9.606938362121582,-5.030941963195801,3.4345850944519043,2.2894816398620605,6.105855941772461,1.5297642946243286,2.589995861053467,4.953670024871826,5.494568347930908,5.291345119476318,7.8891825675964355,4.109861850738525,5.243635654449463,0.5965253114700317,8.836792945861816,4.234542846679688,4.391622543334961,1.1574803590774536,4.063216209411621,1.0233968496322632,6.330285549163818,3.630951166152954,5.513906955718994,1.1231709718704224,3.587498664855957,0.5703108906745911,1.8964024782180784,1.3790069818496704,2.7479910850524902,0.5661299824714661,1.964438199996948,-0.2976023554801941,1.7128212451934814,0.3881012499332428,1.7903836965560913
8,-356.6481628417969,170.0406951904297,-39.98991394042969,7.828832149505615,-24.446882247924805,9.071956634521484,-5.047394275665283,5.302292823791504,-0.3710864186286926,4.886239528656006,2.0861833095550537,-1.35511314868927,2.5744645595550537,1.379352569580078,-1.748203158378601,5.664708614349365,4.110292911529541,10.695592880249023,4.313486576080322,9.342110633850098,-0.2407175004482269,1.2843061685562134,-0.1460502445697784,5.18370246887207,-2.5890817642211914,4.01797342300415,3.275358200073242,6.06808614730835,-0.6004416346549988,-0.6613777279853821,-1.8284218311309812,4.197871208190918,0.3712478876113891,2.789641857147217,-0.6771478056907654,2.242426633834839,-2.284238576889038,0.7389959692955017,-0.3479982912540436,4.068875789642334
8,-344.4073486328125,169.7483367919922,-41.34122085571289,10.117326736450195,-24.481098175048828,10.932008743286133,-1.539821743965149,4.424640655517578,2.3924360275268555,3.948712110519409,-2.9056620597839355,-4.736297130584717,1.5242992639541626,5.697674751281738,1.1437722444534302,5.336047172546387,4.560860633850098,9.014431953430176,3.750542640686035,9.815711975097656,1.5001192092895508,0.4361049234867096,-1.2495787143707275,3.9542934894561768,-3.5858395099639893,3.5569376945495605,2.314318418502808,4.029692649841309,-3.2068166732788086,-0.2694183588027954,0.3590358793735504,5.04996919631958,1.9595943689346316,2.441746711730957,-0.8085218667984009,2.479553461074829,-1.6365783214569092,1.0108407735824585,-0.2782987952232361,3.185633659362793
8,-341.80889892578125,165.4578094482422,-38.6598014831543,12.97607707977295,-25.026439666748047,7.7837605476379395,-4.232460498809815,0.203369140625,1.495223879814148,6.409662246704102,-4.179268836975098,-0.4765012860298157,1.4005030393600464,4.879332065582275,0.9385154843330384,4.112823486328125,8.968024253845215,7.816700458526611,2.914274215698242,11.574076652526855,3.392483949661255,3.3033998012542725,-2.6030094623565674,2.221886157989502,-1.801809310913086,5.521622180938721,0.4309512972831726,1.646076202392578,-2.008264541625977,2.8625731468200684,-0.0599819459021091,4.747671604156494,1.666752815246582,2.7707109451293945,0.3850726187229156,2.0010361671447754,-1.1523438692092896,2.285132884979248,0.2285319864749908,2.3801770210266118
8,-363.8115539550781,161.44186401367188,-22.182971954345703,13.807051658630373,-22.383617401123047,8.32703685760498,-6.758649349212647,4.024898052215576,0.4816462397575378,1.9496394395828247,-1.9901468753814695,0.4787558913230896,1.543448567390442,1.81844162940979,1.5075966119766235,8.871317863464355,8.635598182678223,7.741725921630859,2.007934808731079,6.099005222320557,-0.4229699373245239,1.9044160842895508,2.6580047607421875,6.1132402420043945,-1.2354289293289185,3.358670473098755,1.4747490882873535,3.7941083908081055,0.0223143715411424,1.925807356834412,0.7488114237785339,2.828563928604126,0.3546227216720581,1.7200013399124146,-0.9263984560966492,0.0225412677973508,-0.6750594973564148,1.8225343227386477,-1.9623141288757324,1.6599032878875732
8,-367.5810852050781,165.26589965820312,-31.85266876220703,7.284717559814453,-19.74436378479004,9.250767707824709,-4.913368701934815,2.661757707595825,3.865021228790283,7.359785556793213,5.348838806152344,-0.4197379350662231,1.267888426780701,6.649781703948975,6.399949550628662,3.314825773239136,4.310762882232666,6.508087635040283,2.7239832878112797,6.253997802734375,2.305703401565552,4.734427452087402,4.591697216033936,5.849350452423096,0.669696569442749,2.348906993865967,3.627814054489136,5.102889060974121,2.003635883331299,1.0362411737442017,0.1197734549641609,2.102136611938477,0.9887128472328186,1.3290330171585083,0.7420718669891357,2.0984930992126465,0.1821380406618118,1.811245799064636,1.745377540588379,3.543426275253296
8,-308.9935302734375,162.15902709960938,-52.141868591308594,4.456028461456299,-28.96690368652344,4.041412353515625,-9.536602973937988,-0.1166318356990814,0.9855454564094543,3.7174346446990967,0.580130934715271,1.539662480354309,5.132451057434082,6.750526905059815,5.927231788635254,7.850017070770264,3.54543137550354,2.4858829975128174,-0.98662930727005,6.511127471923828,0.3169859647750854,2.603002548217773,2.8286619186401367,4.5246453285217285,1.0878384113311768,5.8942084312438965,0.1189727336168289,1.241362690925598,-1.8150888681411743,1.884198307991028,-0.6290730237960815,1.388539433479309,0.3535733222961426,3.680844783782959,1.928414225578308,1.6432061195373535,1.408328413963318,3.046562433242798,-0.1616621017456054,0.4675438404083252
10,-108.28211212158205,123.33908081054688,26.51781845092773,17.398164749145508,-23.55835723876953,13.618371963500977,-6.486640930175781,7.643037796020508,-11.648926734924316,1.1459804773330688,-2.321386814117432,9.286672592163086,-6.695021629333496,-3.5823185443878174,-18.858383178710938,-1.7525618076324463,-3.2195730209350586,-1.7931724786758425,-9.964547157287598,1.0886437892913818,-4.581443309783936,-1.656442165374756,-3.5488970279693604,-4.696894645690918,1.1015686988830566,-1.9443089962005613,-3.522073268890381,-1.7780288457870483,-0.9361188411712646,0.8327422738075256,2.3228883743286133,-0.7566753625869751,-1.9060500860214236,0.3603142201900482,-1.939806342124939,-3.183404922485352,-0.3662469685077667,-1.1242811679840088,-4.714629173278809,-3.2376980781555176
9,-114.97624969482422,108.86502075195312,-2.4584801197052,27.65230941772461,-4.454456329345703,16.684057235717773,4.287745952606201,9.534051895141602,3.91009521484375,5.041023254394531,-4.805962562561035,3.4348976612091064,1.2365069389343262,-4.970600605010986,-1.652397394180298,-2.162987232208252,-7.2256550788879395,4.673603057861328,-6.17542839050293,0.810088038444519,-8.480814933776855,-0.759555995464325,-6.015588283538818,5.368783950805664,-1.6148743629455566,3.976778030395508,-4.224405288696289,4.078978061676025,-3.726867437362671,1.402055025100708,-3.937131643295288,1.1935718059539795,-1.1361792087554932,3.4775948524475098,0.5279260277748108,4.436768054962158,0.2073754072189331,1.2299283742904663,-3.945991754531861,1.132918119430542
9,-121.46561431884766,112.32891845703124,0.1309461593627929,28.19891357421875,-0.8273509740829468,17.965639114379883,4.020391464233398,10.140820503234863,2.316746950149536,3.629273176193237,-2.934865713119507,4.525784492492676,0.402906209230423,-3.443784475326538,-2.8868229389190674,-2.822319269180298,-5.700378894805908,4.961507797241211,-6.145713806152344,-0.2424746602773666,-7.651364326477051,1.9519227743148804,-3.6287567615509033,4.746368408203125,-3.6092522144317623,2.57291030883789,-4.885317325592041,2.829441547393799,-1.132043719291687,2.5830326080322266,-4.722089767456055,0.4983900785446167,-1.1018742322921753,3.788248300552368,-0.6259958148002625,4.297795295715332,-0.3246985077857971,1.6282910108566284,-4.004179000854492,2.9672646522521973
9,-93.2205810546875,102.78425598144533,-5.626270771026611,26.93170928955078,0.3417179882526397,16.98967742919922,-0.5489860773086548,5.453506946563721,2.297133207321167,6.569177150726318,1.3157404661178589,8.236531257629395,4.935601711273193,0.669427752494812,-2.340001344680786,-2.280871152877808,-7.642274856567383,2.780945062637329,-7.596822261810303,0.5131920576095581,-6.8155903816223145,1.3551323413848877,-3.7332284450531006,4.546192646026611,-1.5386844873428345,4.293616771697998,-3.7884817123413086,2.847048759460449,-1.048315167427063,1.162145495414734,-5.968990802764893,0.4122694730758667,-0.4995903968811035,3.895244598388672,-0.6723950505256653,2.0580523014068604,-2.180396556854248,3.132695436477661,-1.016515016555786,0.5617424249649048
9,-66.76917266845703,97.19966888427734,-5.416233539581299,24.273338317871094,-2.235072135925293,16.055028915405273,0.0092595601454377,5.109079360961914,-0.0106092682108283,4.876334190368652,0.6792131662368774,4.924097537994385,2.190526247024536,0.7711700201034546,-1.3282315731048584,-0.8767046332359314,-4.821117401123047,3.4283933639526367,-6.11503267288208,1.5243908166885376,-6.858160018920898,-0.8074618577957153,-6.381757736206055,2.4828431606292725,-3.597742080688477,2.786418914794922,-3.413995742797852,2.1565229892730717,-3.510994911193848,0.7328397631645203,-3.085977077484131,2.7398712635040283,-2.01875638961792,3.125478744506836,-1.3445886373519895,0.8257996439933777,-3.907142639160156,1.8698832988739011,-0.9974293112754822,3.9613795280456543
9,-69.63088989257812,82.01956176757812,-6.313201904296875,25.126039505004883,0.5850829482078552,13.58384895324707,-1.9908052682876587,5.311541557312012,-2.5407726764678955,1.503714680671692,-2.3348264694213867,-0.9544749855995178,-2.117361545562744,0.2149921059608459,-4.126172065734863,-0.1212124228477478,-5.072780132293701,2.1643612384796143,-4.711560726165772,2.3130898475646973,-6.316531181335449,0.1993378251791,-7.767507553100586,1.848249435424805,-3.8689332008361816,0.1753801107406616,-6.10624361038208,1.2173303365707395,-2.6570186614990234,-1.002192735671997,-7.529013156890869,-0.5239898562431335,-1.4544774293899536,2.5982298851013184,-1.2760376930236816,3.447902202606201,-3.0548102855682373,1.0425633192062378,-1.13384211063385,5.517334938049316
9,-210.2237701416016,98.63965606689452,6.5843610763549805,34.57038116455078,-3.539360284805298,18.895050048828125,1.9535183906555176,6.741610527038574,-2.152268886566162,6.9105963706970215,-0.968227207660675,2.165568590164185,2.826759099960327,1.4199261665344238,-2.68265151977539,-3.177420139312744,-3.6241962909698486,3.746937990188599,-2.128680944442749,2.049557685852051,-5.4498677253723145,-0.0159605164080858,-4.964219093322754,3.371300458908081,-4.382605075836182,0.9108870625495912,-3.947312831878662,-0.1988209187984466,-3.837649345397949,-0.3236432373523712,-2.4045441150665283,2.443185329437256,-0.5669600963592529,4.287734031677246,-0.4677109122276306,4.11412239074707,-2.7525434494018555,-2.5875473022460938,-2.385788679122925,6.543521881103516
8,-182.2618865966797,168.6505889892578,-1.25117027759552,3.735095500946045,-6.175989627838135,16.08763885498047,8.878232955932617,4.3339457511901855,-2.276654958724976,11.682172775268556,0.8157142996788025,-0.8039414882659912,-6.760103702545166,6.948817729949951,-7.593896865844727,-0.1410517990589141,-3.5436370372772217,1.1927305459976196,-6.115199089050293,5.858824729919434,-7.481882095336914,1.3105664253234863,-6.83480978012085,1.0063962936401367,-5.096231460571289,4.089416980743408,1.2829910516738892,0.7707528471946716,-1.9057568311691284,0.472249299287796,-6.550856590270996,2.2261664867401123,-3.1711108684539795,-1.812920928001404,-5.013150215148926,3.730774164199829,-2.197420120239258,3.4928317070007324,0.0373391732573509,2.3580799102783203
8,-185.96847534179688,171.7662811279297,8.29098129272461,12.107342720031738,-3.1607825756073,20.432435989379883,14.826416969299316,4.298525333404541,2.2140588760375977,12.312003135681152,8.25800895690918,0.8658660054206848,0.3159207105636596,6.735386848449707,-3.481236457824707,-0.8320635557174683,1.5210349559783936,-0.085460640490055,-4.512502193450928,5.465864658355713,-3.772587299346924,0.808085024356842,-2.30846643447876,3.245023250579834,-1.4056739807128906,2.265624761581421,3.163470506668091,1.848955154418945,0.0954348593950271,1.9863156080245967,-4.147693157196045,3.8271210193634033,-0.4168595671653747,1.644067645072937,-0.6575695276260376,2.7593648433685303,-0.951696515083313,2.3871452808380127,1.995017886161804,1.2090173959732056
8,-187.8315277099609,171.13560485839844,6.598695755004883,10.889559745788574,-3.824834108352661,20.022262573242188,11.54847240447998,2.3078954219818115,0.1469806581735611,10.271889686584473,5.036534786224365,-1.8469595909118648,-2.8745672702789307,4.957117080688477,-5.8193888664245605,-2.326127529144287,-1.508108139038086,-2.795982360839844,-7.418821334838867,3.8870906829833984,-6.251797199249268,0.0970615968108177,-3.895674705505371,1.8950061798095703,-3.523745536804199,1.366774320602417,3.130152463912964,2.0171220302581787,0.1679180711507797,1.4442479610443115,-4.573040962219238,3.15574049949646,-0.7787768244743347,2.04048752784729,-1.188966989517212,3.434837102890014,-1.7147992849349976,2.639150381088257,1.275287389755249,1.0241835117340088
8,-195.4465789794922,180.29046630859372,-2.621246814727783,12.461706161499023,-4.880093574523926,23.163787841796875,10.699063301086426,6.439507961273193,-0.4560075998306274,11.560215950012209,5.5835490226745605,1.1661349534988403,-1.8194568157196045,3.398419141769409,-4.742692947387695,-1.8169834613800049,-1.8058500289916992,-0.1174808889627456,-7.034184455871582,5.952929496765137,-6.8047966957092285,-0.2671801149845123,-5.437129020690918,1.961351990699768,-1.891635775566101,2.04764723777771,1.0612090826034546,3.254822015762329,-1.234750270843506,1.2905808687210083,-5.672620296478272,0.3416358232498169,-1.5433812141418457,-0.6723730564117432,-2.793917655944824,2.6431427001953125,-2.0097076892852783,2.845442771911621,-0.2607878744602203,0.949070930480957
8,-171.76426696777344,177.79559326171875,-14.031072616577148,8.038583755493164,-7.628120899200439,16.01025390625,8.641536712646484,1.7679108381271362,-6.165492057800293,6.7082929611206055,4.73972225189209,-6.879600524902344,-0.6281464099884033,5.5353617668151855,-9.409544944763184,-3.977441310882568,-1.997350811958313,-0.8270816802978516,-10.204916954040527,2.410578727722168,-8.876322746276855,0.1210966184735298,-8.594687461853027,-0.8985623121261597,-4.338284492492676,4.296981334686279,1.2222484350204468,0.897003710269928,-0.3686806261539459,1.2055953741073608,-6.593714714050293,0.0760926008224487,-4.6992292404174805,-1.0731955766677856,-2.962833881378174,4.4872002601623535,-2.9443490505218506,2.659521102905273,-1.4544501304626465,0.7162354588508606
8,-177.30078125,168.91165161132812,0.2336249351501464,9.289779663085938,-6.161107540130615,21.757322311401367,11.139657974243164,6.319644927978516,1.626995086669922,11.04766082763672,3.942792415618897,0.5753180980682373,-5.159057140350342,6.512053966522217,-6.220791816711426,0.1604188233613968,-0.3133294284343719,0.7320771217346191,-5.886301517486572,6.68557071685791,-6.26123046875,1.4938806295394895,-5.326634883880615,4.089498519897461,-3.525634765625,3.8077449798583984,2.6999754905700684,0.7797515392303467,-2.105905055999756,2.6474368572235107,-4.178535461425781,3.1572554111480717,-1.767707586288452,0.7067539691925049,-2.525315761566162,4.617249965667725,-2.359806776046753,3.1479413509368896,0.1441814601421356,2.2489123344421387
8,-246.7175750732422,113.93122863769533,-13.110137939453123,4.697894096374512,-3.28926157951355,-6.985485553741455,-7.187227725982666,-6.583624362945557,1.0781627893447876,-2.7623438835144043,-3.820576906204224,1.1865419149398804,2.8930702209472656,5.677701473236084,9.534814834594728,5.637833595275879,-7.151537895202637,4.85213565826416,1.2006428241729736,5.599985599517822,-5.281016826629639,-6.123996257781982,-9.044459342956545,-4.52139139175415,-0.3984643518924713,3.193281888961792,-4.751557350158691,-1.6005290746688845,-1.015921711921692,1.7154990434646606,-0.1467852294445037,4.2749552726745605,2.976015329360962,3.803791046142578,-0.7187620997428894,0.7169843316078186,-1.3579833507537842,1.673945069313049,-2.134312629699707,-0.21236252784729
8,-121.32461547851562,114.8046646118164,-45.366329193115234,-21.63400077819824,-15.954513549804688,-16.720415115356445,-17.106544494628906,-7.467543601989746,-4.437826156616211,0.4076620936393738,-3.2941248416900635,3.000894069671631,0.0599499307572841,4.653867244720459,7.743542194366455,5.904375076293945,-6.550525665283203,6.8647780418396,4.008257865905762,4.4218058586120605,-3.940303087234497,-4.176652908325195,-6.745039463043213,0.2287118732929229,1.97576904296875,5.280942916870117,-0.8034406900405884,1.546850085258484,1.0269160270690918,5.330307483673096,3.561299085617065,6.105550765991211,2.9985718727111816,4.473402976989746,2.6033902168273926,4.427432537078857,-0.3584865629673004,0.893987238407135,-0.5673800110816956,0.3798442184925079
8,-129.2271270751953,125.1208038330078,-43.743412017822266,-23.699907302856445,-14.536299705505373,-16.254117965698242,-14.9180326461792,-4.195438385009766,-4.93174934387207,1.7501438856124878,-3.07802152633667,6.700088024139404,4.6268310546875,5.167096138000488,6.780595302581787,5.279784679412842,-5.170681476593018,1.237674593925476,1.1907389163970947,2.8797643184661865,-4.125356674194336,-5.268221855163574,-4.432787418365479,2.59639835357666,1.4458673000335691,3.323739051818848,1.0575244426727295,3.1021406650543213,-0.815606415271759,2.528836727142334,4.154624938964844,4.748385429382324,1.4653565883636477,5.286840915679932,0.9164623022079468,1.3032567501068115,-1.7417231798171997,-0.3094618320465088,-2.3875343799591064,0.8184409737586975
10,-199.8449859619141,111.6586456298828,-22.96928024291992,16.073976516723633,-9.147588729858398,-9.655938148498535,-26.053098678588867,1.7298238277435305,-9.321709632873535,5.409305095672607,-6.747043609619141,-0.2399514317512512,-2.609544277191162,4.594841480255127,-3.255292654037476,-1.2538830041885376,-9.930448532104492,4.730401515960693,-2.170027017593384,-0.9055464267730712,-6.902242183685303,-2.834189414978028,-7.57320499420166,-3.400679111480713,-2.4133307933807373,-0.3821963667869568,-3.3372457027435303,1.8344149589538572,-3.1631875038146973,1.508916258811951,-6.973025321960449,0.3436033725738525,-4.732802867889404,-0.1516805291175842,-5.988760948181152,-4.803442001342773,-5.688955783843994,-5.092798233032227,-5.214520454406738,-3.958960294723511
10,-182.0446014404297,97.3376007080078,-20.096052169799805,16.797203063964844,-7.170146465301514,-9.603233337402344,-27.06675338745117,4.864205360412598,-9.4424467086792,3.533959150314331,-5.897178649902344,2.6016972064971924,-5.061695098876953,6.690637111663818,-3.781481742858887,0.3263080716133117,-10.621965408325195,1.7459073066711426,-3.147280216217041,-1.3907965421676636,-7.167510986328125,-2.4402120113372803,-7.791032791137695,-1.549327373504639,-3.18526029586792,2.3711090087890625,-5.015085697174072,4.1689958572387695,-2.2822248935699463,2.32759165763855,-5.198657035827637,-0.817261278629303,-4.497690677642822,-1.4487473964691162,-5.410046100616455,-3.5141375064849854,-5.912844657897949,-2.6040756702423096,-5.2307305335998535,-0.9072344303131104
10,-260.7415771484375,149.88731384277344,5.04865312576294,4.391903400421143,-11.4033784866333,-4.796492099761963,-12.36670207977295,-2.068347215652466,-9.783300399780272,5.866306304931641,-2.8167521953582764,6.296128749847412,0.9468193650245668,8.07371711730957,1.5643455982208252,0.638691246509552,-2.4237325191497803,-3.988047599792481,-7.069940567016602,-2.7511117458343506,-7.343123435974121,-5.7926459312438965,-8.084379196166992,-4.4994964599609375,-1.1235496997833252,3.7238614559173584,0.955837607383728,0.3664006888866424,-2.0885229110717773,-0.7711716294288635,-2.128835201263428,-3.475213527679444,-8.037858009338379,-5.490662097930908,-4.814594268798828,-3.7238924503326416,-4.192360877990723,-1.9327088594436648,-2.536051034927368,-3.1002984046936035
10,-282.1582946777344,170.69020080566406,-10.654993057250977,7.009315490722656,-6.824955940246582,-2.451942682266236,-16.88545036315918,1.6923799514770508,-8.155226707458496,5.866264343261719,-4.779410362243652,0.4960359930992126,-1.7562326192855835,3.6449151039123535,-5.779324054718018,-2.2082576751708984,-5.674876689910889,-2.1254608631134038,-4.1102399826049805,1.0316835641860962,-6.3791279792785645,-2.1320598125457764,-4.917571544647217,0.5506752133369446,-1.7730636596679688,3.395972490310669,-3.0234947204589844,1.0842055082321167,-2.0368459224700928,0.0307101104408502,-3.0439164638519287,0.0478502847254276,-3.533130168914795,-0.2618839144706726,-1.712619662284851,-0.4640664756298065,-2.630105495452881,-0.8397860527038574,-1.961417317390442,0.51144939661026
10,-337.0787658691406,117.17709350585938,-30.70747184753418,8.4260835647583,-20.97642135620117,1.559856414794922,-10.627920150756836,-7.573385238647461,-19.695331573486328,4.628012657165527,-11.761204719543455,-8.49189567565918,-5.955791473388672,3.1194214820861816,-7.579671859741211,-3.331925868988037,-5.276252746582031,-1.2736624479293823,-8.12146282196045,-3.5062248706817627,-10.922844886779783,3.9874348640441895,-2.564639091491699,-0.0632127523422241,-4.681907176971436,1.1684620380401611,-3.760855197906494,0.841547429561615,-5.397871494293213,1.0449742078781128,-4.207501411437988,0.8229407072067261,-2.7399072647094727,1.0099681615829468,-4.945030212402344,-0.6467713713645935,-5.934577465057373,0.9464898109436036,-3.961571216583252,2.370023727416992
10,-307.4945373535156,110.38905334472656,-37.64866256713867,14.364339828491213,-30.76127815246582,7.472854614257812,-15.424510955810549,-6.977888107299805,-6.202407360076904,-2.813318014144897,-7.708618640899658,-12.867393493652344,-7.013671875,5.693591594696045,-5.193840026855469,-0.5183199644088745,-8.141031265258789,-4.417687892913818,-9.3709077835083,2.1689345836639404,-12.233662605285645,2.49032998085022,-3.3082971572875977,-1.572757124900818,-4.2649407386779785,-0.7054577469825745,-6.23861026763916,1.891127586364746,-5.02723503112793,-1.703215718269348,-6.664534568786621,-2.391066789627075,-2.1874780654907227,-1.0063154697418213,-2.1750104427337646,-0.3436409831047058,-5.671621799468994,-0.5190511345863342,-4.066269874572754,1.1787980794906616
10,-371.8046875,144.3966064453125,-16.06229019165039,9.150313377380373,-29.312105178833008,-8.848085403442383,-11.689984321594238,-4.797444343566895,-7.823709964752197,2.9045889377593994,-7.0888671875,0.3231860995292663,-1.9253414869308472,3.675663471221924,-7.046510696411133,-4.949183940887451,-7.722846984863281,-2.757290363311768,-1.5734866857528689,1.919955372810364,-7.4652581214904785,-1.4850603342056274,-4.767618179321289,-3.3329336643218994,-6.371908664703369,-3.044018030166626,-4.728950023651123,-2.7190029621124268,-9.139217376708984,-3.613464593887329,-5.323666572570801,-2.207315683364868,-4.226073741912842,-2.075716972351074,-3.995222568511963,-2.614048957824707,-3.7131621837615967,-0.5530923008918762,-3.613827705383301,0.718201220035553
10,-318.5888671875,109.24900817871094,-33.01619338989258,15.742834091186523,-22.342884063720703,2.7403483390808105,-4.851648807525635,-9.662835121154783,-5.725668907165527,6.295024871826172,-5.254856586456299,3.1372578144073486,-10.327272415161133,-2.058583974838257,-10.02379035949707,-7.937079429626465,-10.362935066223145,1.5695815086364746,-4.263372898101807,6.858516216278076,-8.330896377563477,0.2691064774990082,-5.242355823516846,-4.290348052978516,-7.371761322021484,-2.880676507949829,-3.8056700229644775,-4.954490184783936,-8.08208179473877,-3.4222514629364014,-6.120851516723633,-1.4913461208343506,-4.601473331451416,-1.867893099784851,-3.313068628311157,0.5507391095161438,-5.454530239105225,1.0370887517929075,-3.23415207862854,-0.6201833486557007
10,-368.4388427734375,123.64690399169922,-13.474600791931152,25.975908279418945,-14.830187797546388,4.280545234680176,-4.667539119720459,0.0675941407680511,0.1654712855815887,8.451472282409668,-8.511492729187012,-1.3310707807540894,-8.688741683959961,6.296167850494385,-4.177258014678955,1.2858762741088867,-6.512679100036621,-2.87902307510376,-6.906685829162598,-3.920541048049927,-10.185524940490724,3.101889133453369,-6.006734371185303,-3.545822858810425,-7.945819854736328,-3.7150611877441406,-7.042054176330566,-1.1130541563034058,-9.640462875366213,-2.998351812362671,-4.644099235534668,-2.423056125640869,-6.815545558929443,-1.40861713886261,-8.326042175292969,-2.757723331451416,-5.090260982513428,-2.1518404483795166,-3.23107385635376,-1.4676440954208374
10,-387.9505920410156,119.00623321533205,-5.903172969818115,23.77251434326172,-13.49818229675293,6.942620754241943,-8.299798011779785,3.019136428833008,-5.41879415512085,9.740132331848145,-3.0927574634552,1.3375259637832642,-6.153217792510986,3.594722270965576,-6.114439964294434,-2.6253719329833984,-7.516471862792969,-0.5645906925201416,-6.808088302612305,-1.484229326248169,-8.951559066772461,1.867226004600525,-7.571223258972168,-2.3712587356567383,-4.696422576904297,-0.8025315403938293,-6.754833221435547,-1.7786850929260254,-8.393477439880371,-0.2556541264057159,-4.759925842285156,-1.837579846382141,-7.605508327484131,-1.877047300338745,-6.646172523498535,0.1240192949771881,-4.359636306762695,-0.4553661346435547,-3.584944725036621,-1.5583171844482422
10,-387.89300537109375,129.48748779296875,-3.7149100303649902,17.82411766052246,-8.299656867980957,3.546052932739258,-14.01855182647705,-1.899404764175415,-9.712366104125977,7.1147871017456055,-4.027096748352051,0.4424130618572235,-6.882232666015625,1.1618499755859375,-5.961916923522949,-4.048618793487549,-8.011723518371582,-0.9613141417503356,-6.014404296875,-1.17425537109375,-8.70189094543457,0.4653656780719757,-6.698605060577393,-1.639726638793945,-5.1855340003967285,-1.8532423973083496,-6.988007545471191,-2.3045475482940674,-7.284521102905273,-1.2903248071670532,-4.256320953369141,-0.2237900793552398,-3.456073760986328,-0.6178423166275024,-5.2018632888793945,-2.1545732021331787,-6.373288154602051,-2.809940814971924,-4.491456985473633,-2.144264936447144
10,-350.4429626464844,128.492431640625,-24.04966354370117,10.63021183013916,-7.57314395904541,3.287607192993164,-3.082319021224976,-2.848212718963623,-0.0690923258662223,-2.2267332077026367,-0.4177817702293396,-1.6170297861099243,-0.3248084485530853,4.264022350311279,-2.775965690612793,-7.311708927154541,-7.013883590698242,-6.93110990524292,-7.731518745422363,-2.716649055480957,-4.424254894256592,-1.0222692489624023,-4.262899875640869,-8.334567070007324,-5.219531059265137,-2.9067108631134038,-5.907474517822266,-6.9691267013549805,-7.848435401916504,0.574666440486908,0.4473578035831451,-7.150418758392334,-8.419262886047363,-6.879645824432373,-5.1189799308776855,-2.8645291328430176,-2.550448179244995,0.0608513019979,-4.393406391143799,-5.8187761306762695
8,-194.8182830810547,89.15181732177734,-9.040910720825195,28.972532272338867,9.810178756713867,4.569632530212402,-5.134578227996826,7.097249507904053,-12.557456970214844,0.6983258724212646,-5.431459426879883,-5.228346824645996,-6.260848045349121,-1.142253279685974,-2.529681921005249,2.5875744819641118,-0.5378237366676331,-0.0081473449245095,1.380060791969299,-0.4076134860515594,-8.071659088134766,-0.4120646119117737,-2.3359808921813965,0.0654820948839187,-2.546228170394897,-1.5031898021697998,-5.608626842498779,-1.9591550827026367,-4.620645523071289,-0.5690894722938538,-5.886551856994629,-1.3349263668060305,-2.9066526889801025,-0.7696034908294678,-1.899889588356018,-1.4400299787521362,-1.8831311464309688,1.4958937168121338,-1.301602482795715,1.0856695175170898
8,-243.7782287597656,81.09288787841797,-17.686317443847656,17.567171096801758,6.778993129730225,8.020870208740234,-0.1500964164733886,11.802356719970703,-14.163701057434082,-6.913064956665039,-0.9096810221672058,0.3632026314735412,-3.882188320159912,2.703925371170044,-2.2219398021698,-0.3996732831001282,-3.929903268814087,-1.6694350242614746,-2.623849391937256,-3.167741298675537,-4.01036548614502,3.4712929725646973,-1.3281471729278564,-3.517699956893921,-1.9415258169174197,-1.527367115020752,-6.169524192810059,-0.1418190598487854,-2.316138982772827,-0.948628544807434,-2.98663592338562,0.2678567767143249,-4.4372148513793945,-0.9226230382919312,-1.6428124904632568,-0.4827356338500976,-3.349387884140014,-1.7685461044311523,-0.8055911064147949,0.2516792416572571
8,-244.6934509277344,87.99638366699219,-13.476954460144045,27.8197021484375,9.957138061523438,3.7175133228302,-5.986239433288574,6.616898059844971,-14.006719589233398,-0.305081158876419,-4.184248447418213,-5.393080234527588,-5.988894939422607,-0.4388559758663177,-1.968393087387085,2.8642287254333496,-0.3322294652462005,-0.1549991220235824,1.3255277872085571,0.2752408981323242,-7.781778335571289,-2.114398717880249,-1.4070477485656738,-0.9744904637336732,-2.6427226066589355,-1.8899329900741575,-5.150035381317139,-1.6581729650497437,-3.6615800857543945,-0.83052659034729,-5.2523956298828125,-1.8673503398895264,-2.2898213863372803,-1.122633695602417,-1.7758318185806274,-1.081633448600769,-1.0913207530975342,0.4678322374820709,-1.682839035987854,0.1399257779121399
8,-290.34100341796875,75.90108489990234,-20.506744384765625,15.745643615722656,6.231612205505371,5.8572187423706055,0.7453393936157227,13.21505641937256,-13.838571548461914,-8.883883476257324,-0.0647506490349769,0.3202391564846039,-4.125390529632568,2.7688608169555664,-1.1506881713867188,-0.3909286558628082,-3.6570661067962646,-1.0603910684585571,-2.4722096920013428,-3.637085199356079,-3.7508599758148193,3.782647371292114,-1.169284701347351,-4.233623504638672,-1.27558434009552,-2.140047073364258,-6.350658416748047,-0.1677484810352325,-2.293134450912476,-1.7051910161972046,-2.7049310207366943,-0.1154622435569763,-4.6987714767456055,-1.487604737281799,-0.894805908203125,-1.3139556646347046,-3.0485122203826904,-1.4313313961029053,-0.1516590714454651,-0.1967853903770446
8,-232.2930603027344,94.62786865234376,-7.397656917572021,21.377635955810547,-2.892991304397583,4.88361120223999,-2.90678334236145,11.569235801696776,-9.03102684020996,-2.5552258491516118,-7.134289741516113,-7.428329467773437,-8.965901374816895,-1.0163999795913696,-7.260782241821289,1.5387386083602903,-1.8323391675949097,-0.7846310138702393,-2.0490591526031494,-0.1724476367235183,-2.7195088863372803,-0.31375253200531,-4.131223678588867,-4.667139053344727,-3.175687074661255,-2.7381534576416016,-4.445461273193359,-1.1844923496246338,-3.663839101791382,0.9180337190628052,-2.116549253463745,1.0871498584747314,-2.220273017883301,-1.191219925880432,-3.188636064529419,-2.350534677505493,-3.564288854598999,-1.568050742149353,-1.929909110069275,0.076512336730957
8,-191.13710021972656,97.14493560791016,-8.326302528381348,20.25177574157715,-1.129193663597107,3.997087001800537,0.8608312606811523,3.5317327976226807,-14.00530242919922,0.2153432965278625,-11.865185737609863,-3.8002641201019287,-4.489063262939453,-2.800600051879883,-6.216662406921387,1.265419363975525,-6.777572154998779,0.1591348350048065,-4.840239524841309,-0.3146180808544159,-5.0382914543151855,-2.619892835617065,-5.082838535308838,0.4548691213130951,-6.457616329193115,0.4892888069152832,-5.374836921691895,0.6753894090652466,-2.728301763534546,-0.7090470790863037,-4.072044849395752,-1.9725804328918457,-3.557659864425659,-0.9238412380218506,-2.874997138977051,0.1090378686785698,-1.089350938796997,-0.8731263875961304,-2.0512850284576416,-1.0107709169387815
7,-468.6838073730469,89.03392028808594,-8.270909309387207,20.43806266784668,-3.312173366546631,-15.65434455871582,-2.7357394695281982,4.8595476150512695,-20.370567321777344,2.169217586517334,2.1977314949035645,-1.6820842027664185,-4.849648475646973,6.4990339279174805,-4.8417582511901855,-0.5460189580917358,-5.995426654815674,-2.4984841346740723,-5.742288589477539,1.6034785509109497,-7.349557399749756,1.7583225965499878,4.075195789337158,8.582143783569336,1.1666865348815918,7.365224361419678,1.0461275577545166,-1.6559760570526123,-6.588184833526611,3.463285207748413,-1.6995528936386108,0.2277469187974929,-2.7211854457855225,2.7266690731048584,-5.747644424438477,-1.1163387298583984,-0.4639219343662262,0.9040136337280272,-5.202057361602783,1.1645050048828125
9,-245.26638793945312,102.22091674804688,-26.057418823242188,12.221623420715332,-18.53053092956543,9.485163688659668,-9.806530952453612,1.7210416793823242,-5.38538122177124,0.642175555229187,-1.7776168584823608,-6.6401238441467285,-1.0751419067382812,-1.6237443685531616,-2.968366861343384,5.645322322845459,-7.945084571838379,2.778944730758667,-7.02552604675293,0.0363807007670402,-3.5884952545166016,2.3623247146606445,-2.307570457458496,0.2532932162284851,-3.0336060523986816,-0.5680841207504272,-1.8377296924591064,5.111324787139893,1.523635983467102,5.755008697509766,-1.1348471641540527,0.762855052947998,-5.073318958282471,-0.0946892723441124,-2.16963791847229,2.97327184677124,-3.159154176712036,0.1921868771314621,-3.4838593006134038,1.922781229019165
9,-213.8360290527344,88.3874282836914,-31.457305908203125,17.49461555480957,-17.666152954101562,6.226268768310547,-11.946057319641112,-2.6988182067871094,-10.250405311584473,-2.795908212661743,-10.501091003417969,-6.78986120223999,-4.852588653564453,-4.296780586242676,-3.712750196456909,1.059269666671753,-12.214487075805664,1.0101269483566284,-9.218997955322266,0.7605307102203369,-0.7623564600944519,4.750375270843506,-0.6409226059913635,2.265502691268921,-5.06532621383667,-2.875096559524536,-5.144945621490479,1.7121511697769165,-2.743783473968506,1.499072790145874,-1.7582393884658811,-0.2029822468757629,-4.539404392242432,3.07553505897522,-2.403135061264038,-0.9834103584289552,-4.780616760253906,1.3245099782943726,-1.3428279161453247,2.164760112762451
9,-222.54815673828125,87.3082275390625,-28.177520751953125,14.55996799468994,-20.15167808532715,3.8416666984558105,-11.509451866149902,-5.588670253753662,-9.061841011047363,-3.6553821563720703,-9.604723930358888,-5.05989408493042,-4.898446083068848,-3.782260417938232,-2.92132568359375,3.497979164123535,-9.384454727172852,0.7066583633422852,-9.829927444458008,-1.198445439338684,-4.827652931213379,1.4825656414031982,-3.5387752056121826,1.0280617475509644,-6.238453388214111,-3.103059768676758,-4.983377456665039,2.027307748794556,0.2664324939250946,3.440924406051636,-1.4798603057861328,0.0390172414481639,-5.659455299377441,2.5329902172088623,-3.1574487686157227,0.1571325212717056,-3.685772657394409,0.950673520565033,-4.068793773651123,-0.024238608777523
9,-232.6747894287109,87.0370101928711,-23.76650047302246,12.843338012695312,-19.5838565826416,5.62968111038208,-10.19302463531494,-6.3716139793396,-8.50164794921875,-3.8700509071350098,-11.105554580688477,-3.3670575618743896,-3.8216147422790527,-4.379682540893555,-4.746636390686035,3.0033326148986816,-7.917119979858398,2.854024648666382,-8.223249435424805,0.799102783203125,-4.3440680503845215,2.544145107269287,-3.842527866363525,1.8396536111831665,-4.466582298278809,-0.8728567957878113,-5.212166786193848,0.0744966715574264,-0.5415340662002563,5.288603782653809,-1.651478886604309,-0.5671737194061279,-5.358951091766357,1.777288556098938,-4.074057102203369,-0.0789382457733154,-3.976463794708252,1.909014582633972,-3.229874610900879,0.4590756595134735
9,-225.0125274658203,89.15447998046875,-21.758384704589844,17.783660888671875,-14.90153980255127,10.963244438171388,-7.75633430480957,-1.559024691581726,-4.319706916809082,-2.819598436355591,-8.97656536102295,-2.1048526763916016,-0.5186107158660889,-2.3731675148010254,-2.9261865615844727,4.484593868255615,-7.039688587188721,4.225410461425781,-6.146735668182373,4.696824550628662,-2.1666100025177,4.931150436401367,-2.268268585205078,2.4591426849365234,-2.092270612716675,2.003032684326172,-1.6528552770614624,0.3678485751152038,-2.3857626914978027,3.903317451477051,-2.0739898681640625,0.8122168779373169,-3.4031362533569336,2.904348850250244,-3.714231014251709,0.8716974258422852,-2.6706697940826416,2.8432233333587646,-2.6519775390625,0.5575622320175171
9,-223.0486602783203,96.5729522705078,-22.047365188598636,16.092439651489258,-13.518004417419434,10.26179313659668,-6.868065357208252,-0.8406139016151428,-2.976383924484253,-3.36707067489624,-7.6162800788879395,-0.4187986850738525,-0.9310874938964844,-2.422282218933105,-3.7695696353912354,3.75332260131836,-6.151372909545898,4.205559253692627,-6.567953586578369,3.4474568367004395,-0.5168940424919128,5.979705333709717,-1.9745116233825684,0.7601375579833984,-3.5381219387054443,0.8385094404220581,-1.5180855989456177,0.3494336009025574,-2.587632656097412,2.55902099609375,-2.6532914638519287,1.1697847843170166,-2.5185084342956543,3.061853647232056,-3.242441415786743,0.8923982977867126,-1.8153494596481323,3.093814849853516,-3.445714235305786,-0.3423291146755218
9,-244.95497131347656,106.73680114746094,-25.03922843933105,16.646923065185547,-10.58278465270996,3.6473350524902335,-8.331202507019043,-0.6424524188041687,-3.950786590576172,-1.618839979171753,-6.108640670776367,-2.670045852661133,-3.444314479827881,-3.183809757232666,-6.267654895782471,1.8866270780563357,-5.886023044586182,4.513900279998779,-5.030781269073486,1.794492483139038,-0.3548856377601623,4.45790433883667,-1.7444239854812622,0.3609611690044403,-4.101138591766357,0.2439935058355331,-3.5160117149353027,0.1033788248896598,-3.466529369354248,1.9547299146652224,-2.946650743484497,1.3971657752990725,-1.5263605117797852,2.3490359783172607,-3.0044105052948,0.6706682443618774,-1.574851632118225,3.1546905040740967,-1.7903071641921997,1.0053285360336304
9,-274.4315795898437,202.7027130126953,9.71460247039795,-3.5061850547790527,-6.70939302444458,9.338915824890137,14.566553115844728,-16.510936737060547,-19.339645385742188,-12.235098838806152,-14.808263778686523,-7.82599401473999,-15.757967948913574,-11.049187660217283,-7.52825403213501,-1.1596591472625732,-13.899702072143556,-18.955978393554688,-0.7509416341781616,-5.273932933807373,-11.377129554748535,-8.908894538879395,-3.8932950496673584,-9.607348442077637,-5.610054016113281,-3.159189462661743,-4.692227363586426,0.7454716563224792,-4.43538761138916,-5.416367053985596,-10.689910888671877,-4.835626125335693,-7.773556709289551,-4.585879802703857,-3.90486741065979,-2.7316367626190186,-6.3204522132873535,-1.3685873746871948,-5.046047687530518,0.4467912316322326
9,-261.2772521972656,186.6920928955078,-8.020540237426758,-12.40353298187256,-23.06360626220703,5.447368621826172,23.42009162902832,-4.005119323730469,-11.16885471343994,-8.62309741973877,-12.118663787841797,-7.091773509979248,-17.060718536376953,-12.08159637451172,-11.24505615234375,-2.8967013359069824,-8.755836486816406,-11.050268173217772,4.608725070953369,0.88646399974823,-10.653006553649902,-11.732574462890623,-6.891227722167969,-7.752791404724121,-3.201882839202881,-0.6968809366226196,-4.469335079193115,-2.1162960529327397,-4.208650588989258,-5.196778774261475,-11.871940612792969,-3.687493562698364,-0.6878427267074585,-2.264412879943848,-1.2818758487701416,3.4998552799224854,-2.0189778804779053,-1.0256352424621582,-6.195503234863281,2.550421476364136
9,-262.37469482421875,194.9470977783203,6.499969005584717,-21.041303634643555,-17.191484451293945,2.541860342025757,12.05037784576416,-10.631088256835938,-12.37826156616211,-3.9371354579925537,-9.365395545959473,-10.355515480041504,-16.124799728393555,-15.07875156402588,-6.122138023376465,0.0269474629312753,-13.524127960205078,-19.30331420898437,-1.6762264966964722,-1.1382557153701782,-12.202616691589355,-3.527198076248169,-4.212660789489746,-10.8031005859375,-6.5542755126953125,-1.500555157661438,1.490856409072876,3.035207748413086,1.7841672897338867,-2.853304624557495,-6.8584818840026855,-2.524113416671753,-5.352802753448486,-5.698366165161133,0.646878182888031,-1.5955865383148191,-1.2890748977661133,1.5146212577819824,-5.131197929382324,-0.8074235916137695
9,-204.16905212402344,193.86282348632807,-0.5179200172424316,-34.55343246459961,-28.18505859375,-2.759600877761841,10.633394241333008,-8.80332088470459,-14.1267728805542,-2.316448211669922,-0.4745550453662872,-2.269789218902588,-15.670648574829102,-18.002351760864258,-10.554401397705078,-8.061957359313965,-20.466413497924805,-18.62771415710449,2.0551815032958984,6.667502880096436,-4.976932048797607,-6.241743564605713,-7.269084453582764,-10.055323600769045,-7.18455982208252,-1.270100474357605,-0.0727899819612503,-0.2923282384872436,-2.6076388359069824,-6.318099498748779,-9.00914478302002,-3.4484426975250244,-3.583515882492065,-5.114626884460449,-2.294247627258301,-1.1609196662902832,-3.1509037017822266,-2.018631219863892,-2.624135971069336,3.8497607707977295
9,-257.8666076660156,204.266845703125,-0.4342383146286011,-7.362188816070557,-14.68397045135498,5.058496475219727,18.127878189086918,-13.735814094543455,-16.2508544921875,-6.878021240234375,-11.970965385437012,-4.832977771759033,-9.171083450317385,-8.145074844360352,-8.076254844665527,-2.024880886077881,-14.60080337524414,-21.537784576416016,-0.0851725116372108,0.368426650762558,-11.43447971343994,-8.858203887939453,-7.075972080230713,-13.458399772644045,-6.099627494812012,-3.972134828567505,-6.374459266662598,-1.5717262029647827,0.6930813789367676,-0.6935838460922241,-6.263418674468994,-0.2548801600933075,-0.0949879884719848,-1.232745885848999,-1.5482559204101562,-1.517147660255432,-3.319665908813477,2.211496353149414,-0.8460016846656799,0.4302456378936767
9,-217.0592041015625,204.5388641357422,-10.364039421081545,-18.43239974975586,-20.874486923217773,-1.2815735340118408,13.262421607971191,-14.822345733642578,-12.38352108001709,-2.691645383834839,-9.098784446716309,-4.978020191192627,-15.19682502746582,-13.46391773223877,-1.4270647764205933,-2.660132884979248,-18.8944149017334,-18.20383071899414,-0.4965353310108185,-2.958385705947876,-11.65280055999756,-2.864376783370972,-1.4798940420150757,-6.246078014373779,-6.542889595031738,-5.250904083251953,-1.2216365337371826,3.828747272491455,-0.6456136703491211,-8.116960525512695,-9.493851661682127,-2.606732130050659,-1.3454127311706543,-0.2744402587413788,0.3103071451187134,-0.43349289894104,0.0929825380444526,0.9301072359085084,-5.67401123046875,-3.118670701980591
9,-254.3609161376953,192.5967712402344,-2.673215627670288,-13.371026039123535,-23.45973014831543,-1.263252019882202,17.2103214263916,-10.181134223937988,-17.103788375854492,-5.004106521606445,-8.664874076843262,-7.584962368011475,-10.81470012664795,-6.235300540924072,-8.455121994018555,-0.3004157543182373,-15.142916679382324,-22.28257179260254,-0.9020308256149292,-0.92378032207489,-7.662215232849121,-7.96519660949707,-7.439736843109131,-13.512232780456545,-11.301461219787598,-3.628226757049561,0.3619641959667206,6.578048706054688,0.3317267894744873,-6.20946216583252,-12.651516914367676,-5.2138447761535645,-3.724226951599121,1.7093079090118408,0.4037043750286102,2.9809350967407227,-1.2558151483535769,-0.5529747605323792,-5.106054782867432,-0.6914817690849304
5,-34.877593994140625,163.89366149902344,-18.407791137695312,20.659648895263672,-32.88978958129883,-5.685709476470947,-6.86112117767334,-6.43785572052002,-16.00804901123047,-2.530481338500977,-15.496769905090332,3.636704921722412,-12.720049858093262,1.7792730331420898,-10.220266342163086,2.423459529876709,-5.053233623504639,0.3076032400131225,-3.744788885116577,0.8660120368003845,-2.322674512863159,2.0146005153656006,-4.118758201599121,0.4417343139648437,-2.911033868789673,1.8315541744232176,-1.9191969633102417,1.5243477821350098,-1.8484781980514529,1.6228898763656616,-2.155343770980835,0.7007827758789062,-1.2684345245361328,1.1652239561080933,-0.9451745748519896,2.281810522079468,-0.3847844004631042,1.3778244256973269,-1.8064725399017332,-0.0539330728352069
5,-35.132041931152344,162.16293334960938,-25.40732765197754,22.625917434692383,-31.676061630249023,-9.836237907409668,-8.12677001953125,-7.881722927093506,-14.84657859802246,0.7897850871086121,-17.020992279052734,3.5128262042999268,-15.16571044921875,4.803646564483643,-8.00344181060791,1.772102952003479,-5.509907245635986,0.4498253762722015,-3.7775118350982666,2.5837557315826416,-1.869171977043152,0.6851199269294739,-4.176759243011475,-0.0347038432955741,-3.204200267791748,0.8351494669914246,-2.340933561325073,0.3203018307685852,-1.9766147136688232,2.222405910491944,-0.9105594158172609,0.6598714590072632,-1.869132161140442,1.0015857219696045,-0.4513546526432037,1.8953001499176023,0.0401515923440456,1.7747763395309448,-0.9118609428405762,-0.0670132935047149
5,-25.451780319213867,150.23817443847656,-42.84552383422852,12.768511772155762,-27.512527465820312,0.3535085916519165,-7.769858837127685,-3.781440019607544,-15.497340202331545,0.8269010186195374,-13.048364639282228,4.157614707946777,-12.341503143310549,4.755063056945801,-8.196577072143555,5.268641948699951,-2.15398907661438,2.648511409759521,-2.7415201663970947,2.653284072875977,-3.5368709564208984,0.406065434217453,-4.140025615692139,1.110368251800537,-0.833448052406311,3.1029348373413086,-1.5048489570617676,0.3850175738334656,-3.355476140975952,1.6719300746917725,-1.1411455869674685,0.6150450706481934,-3.0749435424804688,0.1382369548082351,-2.095085620880127,2.656569719314575,-1.736311435699463,1.8597930669784544,-0.6965981125831604,1.5508968830108645
5,-27.089391708374023,156.6436004638672,-46.18877410888672,14.327340126037598,-29.007997512817383,-3.4549689292907715,-6.763862133026123,-5.013157844543457,-14.364559173583984,0.9387224912643432,-11.181944847106934,3.000197410583496,-10.988572120666504,3.881748676300049,-8.12186050415039,3.807995080947876,-4.059749603271484,2.460925579071045,-0.9698328971862792,1.8004008531570437,-2.005000352859497,0.708690881729126,-4.254355430603027,1.149280667304993,-1.1789427995681765,2.510890483856201,-0.4139745235443115,0.5369311571121216,-2.6915292739868164,1.7699131965637207,-0.9812992811203004,2.278272151947021,-1.724094271659851,0.1268291026353836,-0.3442680239677429,1.6799386739730835,-1.2076276540756226,0.2914477884769439,-0.775481104850769,1.488064169883728
5,-30.01638984680176,160.77455139160156,-46.91630935668945,10.48812198638916,-32.151363372802734,-1.7918004989624023,-6.52485466003418,-5.881350040435791,-15.68561840057373,0.4205414354801178,-12.192582130432127,1.5476497411727903,-13.8868408203125,3.230447769165039,-9.3427152633667,2.352372407913208,-4.439799785614014,0.7091920971870422,-3.0627243518829346,1.573384165763855,-4.21820878982544,-0.4368051290512085,-5.113021373748779,-0.3782893419265747,-1.8027616739273071,1.8921362161636357,-1.557936191558838,0.0839683637022972,-3.406001329421997,0.821441113948822,-1.154474139213562,0.8673415780067444,-2.533679246902466,-0.0530810542404651,-2.0803706645965576,1.881386399269104,-1.735331892967224,1.737057089805603,0.1550542265176773,1.0787934064865112
5,-15.15377712249756,138.8036651611328,-35.36746597290039,6.610100746154785,-27.97685813903809,-5.448390483856201,-4.004331588745117,-4.935975551605225,-16.611980438232422,2.3464903831481934,-13.926886558532717,3.2345426082611084,-13.370710372924805,4.217126846313477,-10.05626106262207,4.02060604095459,-3.6147522926330566,1.8285762071609497,-3.5590341091156006,2.784541130065918,-4.102403163909912,-1.0555185079574585,-5.131680488586426,1.1469155550003052,-2.342158079147339,2.178798198699951,-1.6301934719085691,1.0566431283950806,-2.964816093444824,1.496403694152832,-2.350782632827759,1.0229791402816772,-2.794015645980835,-0.3275066316127777,-2.367866277694702,1.291106343269348,-1.822919249534607,1.7458653450012207,-0.2404509931802749,0.1239959001541137
5,-29.87617301940918,156.11326599121094,-45.47292709350586,9.286931991577148,-31.06930351257324,-3.604781866073608,-6.493930339813232,-6.1327714920043945,-15.0385160446167,1.0735732316970823,-10.93026065826416,3.270665645599365,-12.77463150024414,2.9166083335876465,-6.974376678466797,3.2986652851104736,-3.619837522506714,2.3370232582092285,-1.3374751806259155,1.7512075901031494,-4.152638912200928,0.0376670993864536,-4.873549938201904,0.9487984776496888,-2.354132890701294,2.965384006500244,-0.1788750737905502,-0.0375465229153633,-2.4090073108673096,1.33408784866333,-1.249231219291687,0.8315361738204956,-2.357994318008423,0.9014019966125488,-1.064399480819702,1.180599570274353,-1.9199522733688357,0.8442445993423462,0.6025670766830444,1.7500935792922974
8,-17.769472122192383,145.14344787597656,-43.60545349121094,8.187118530273438,-31.36092758178711,-3.244840383529663,-6.444915771484375,-4.2155585289001465,-17.34235191345215,0.7643719911575317,-14.23942756652832,3.533552646636963,-13.438515663146973,4.625199794769287,-8.395687103271484,5.426273345947266,-3.285945415496826,3.676853656768799,-2.206052780151367,1.1169052124023438,-4.725369930267334,1.1584689617156982,-4.15457010269165,1.1122610569000244,-3.0455472469329834,1.660451054573059,-0.8033320903778076,1.502811074256897,-2.13582181930542,2.865917205810547,-2.3589978218078613,0.8851280212402344,-2.0782947540283203,1.2277276515960691,-1.6368062496185305,0.5676255822181702,-2.7044243812561035,1.4078481197357178,-1.2968019247055054,1.0572257041931152
8,-18.661800384521484,140.24267578125,-43.97361755371094,5.263992786407471,-31.019594192504883,-6.030400276184082,-9.012340545654297,-4.9676361083984375,-18.535966873168945,-0.3846404552459717,-12.916641235351562,3.2728493213653564,-14.526005744934082,5.559361457824707,-8.762231826782227,3.7286136150360103,-3.637678861618042,2.608290433883667,-2.592243194580078,1.7456426620483398,-4.288886070251465,0.5875970721244812,-4.68232011795044,1.455491304397583,-2.667607069015503,1.324241280555725,-1.6540814638137815,0.9890367984771729,-2.119173049926758,2.333665132522583,-2.6727333068847656,-0.5084167122840881,-3.5867483615875244,0.5073798298835754,-1.7120604515075684,-0.2598573267459869,-3.2577006816864014,0.0094900475814938,-1.3636577129364014,1.115060567855835
8,-18.50676727294922,137.5937042236328,-44.522499084472656,8.660383224487305,-32.275672912597656,-3.6553122997283936,-11.52562427520752,-5.363108158111572,-16.13924789428711,0.1760118454694748,-14.782243728637695,3.924956798553467,-12.761407852172852,3.348625659942627,-9.123964309692385,3.793308734893799,-3.871728181838989,2.691798686981201,-2.774336338043213,0.7598300576210022,-4.6760687828063965,0.9970090985298156,-4.844588279724121,0.6778054237365723,-4.237820148468018,0.6384885907173157,-1.4199984073638916,1.397070050239563,-1.3361624479293823,1.9556589126586916,-2.858761787414551,-0.3848122060298919,-2.4346349239349365,0.991117298603058,-2.0884368419647217,0.5601469278335571,-3.748758792877197,-0.3555831909179687,-1.8415244817733765,1.361665964126587
8,-26.90444564819336,157.13490295410156,-45.92227935791016,12.023335456848145,-30.060766220092773,-1.9505881071090696,-7.343164443969727,-4.558085441589356,-16.177444458007812,-0.9759305119514464,-11.682365417480469,3.882700920104981,-12.918946266174316,5.347497463226318,-7.732856750488281,3.723732233047485,-4.126097679138184,2.329175472259521,-2.39350962638855,-0.3279396295547485,-4.453926086425781,0.7552438974380493,-3.3316779136657715,0.6690316200256348,-2.2500252723693848,0.9373779892921448,-0.8827449083328247,0.965518355369568,-1.762826681137085,1.3830546140670776,-1.4979276657104492,0.5261763334274292,-2.489651918411255,-0.024941736832261,-1.5631160736083984,0.1006409600377082,-2.652362823486328,0.2572262287139892,-1.3775646686553955,0.3351879119873047
9,-13.703997611999512,137.99903869628906,-43.25510787963867,9.826905250549316,-26.08816909790039,-5.072146892547607,-7.970755577087402,-3.705760955810547,-16.98317527770996,2.3169641494750977,-13.613171577453612,5.53827714920044,-13.507314682006836,4.591695785522461,-7.645701885223389,3.699682950973511,-5.813831806182861,3.647162914276123,-3.330007314682007,2.050745964050293,-3.818817615509033,0.7146106362342834,-6.39348030090332,1.3825414180755615,-3.210511445999145,2.941826105117798,-1.335281491279602,3.65594220161438,-2.7302167415618896,2.616929531097412,-2.24544620513916,1.227092146873474,-1.937801957130432,2.6368298530578613,-1.9983916282653809,0.9470065832138062,-2.3092830181121826,0.9910125732421876,-3.1515448093414307,-0.8491215109825134
9,-13.168572425842283,137.76312255859375,-41.58754348754883,11.767563819885254,-25.58761978149414,-3.010362386703491,-5.491584300994873,-3.918452501296997,-16.841127395629883,2.9834585189819336,-13.807458877563477,6.582346439361572,-14.148736953735352,4.968217849731445,-9.086841583251951,4.729231357574463,-4.764520645141602,1.8347797393798828,-4.226346969604492,3.280151844024658,-4.003400802612305,1.7784900665283203,-6.374438285827637,1.7930362224578855,-3.85209584236145,2.881304979324341,-1.4160401821136477,3.5327155590057373,-2.220073938369751,3.118222951889038,-3.3068788051605225,1.7266193628311155,-1.7271039485931396,1.9411945343017576,-2.8925485610961914,0.4196958541870117,-3.4593231678009038,0.9940250515937804,-3.213238000869751,-0.0191228073090314
9,-6.637811183929443,131.16073608398438,-41.67739868164063,6.581830024719238,-26.850845336914062,-8.488181114196777,-9.267894744873049,-4.334076881408691,-18.31134986877441,0.7166168689727783,-14.88376808166504,5.811004161834717,-15.165104866027832,4.575507164001465,-9.746614456176758,4.31891393661499,-5.282332420349121,2.2495713233947754,-4.1041436195373535,2.5352466106414795,-4.651342868804932,0.8775187730789185,-4.732002258300781,1.6138324737548828,-3.860184907913208,3.3086116313934326,-2.706697463989258,3.726245880126953,-1.2858490943908691,4.20294189453125,-2.4658360481262207,1.968233704566956,-2.9730207920074463,1.443854570388794,-3.169224262237549,1.0671346187591553,-3.5338692665100098,0.3919301629066467,-2.499544143676758,0.7885754108428955
9,-27.24995994567871,152.9365692138672,-43.00043487548828,11.429106712341309,-29.73890495300293,-3.5892653465271,-8.27781867980957,-5.268840789794922,-14.375664710998535,1.0807054042816162,-14.133541107177734,3.0261080265045166,-13.690367698669434,5.785303592681885,-9.050679206848145,1.9236526489257808,-3.4349024295806885,0.8204629421234131,-3.982616424560547,1.0020158290863037,-4.478334903717041,-1.0170414447784424,-5.255687236785889,-1.2797086238861084,-2.019068479537964,0.5395404100418091,-2.0334720611572266,1.6797157526016235,-1.827699899673462,1.1065977811813354,-2.343937397003174,1.4875445365905762,-2.2985360622406006,-0.026138475164771,-2.525139808654785,0.9081586003303528,-0.994209051132202,1.0564826726913452,-1.7761825323104858,1.269051432609558
9,-30.72348022460937,156.2473602294922,-48.05036163330078,7.568151950836182,-33.98044967651367,-2.5337791442871094,-6.812257766723633,-5.203922271728516,-17.512697219848633,1.3904396295547483,-11.11388111114502,1.8022372722625728,-12.793901443481444,5.741812705993652,-8.628571510314941,1.6912133693695068,-4.186672687530518,2.206972599029541,-1.4389511346817017,1.5592930316925049,-2.838315010070801,-0.11014024913311,-5.417517185211182,0.2861562073230743,-2.6191558837890625,1.3010845184326172,-0.6930617690086365,0.9788078665733336,-1.7573446035385132,1.4426615238189695,-0.922631025314331,0.6518860459327698,-3.242842674255371,-0.118065245449543,-2.515542507171631,0.983363687992096,-1.621229648590088,0.445671796798706,-1.402528166770935,0.7399752140045166
9,-2.207209825515747,128.06715393066406,-38.027591705322266,0.9417166113853456,-27.4373836517334,-4.761507034301758,-9.480905532836914,-6.425541400909424,-14.687439918518066,1.6446701288223269,-11.71759033203125,4.944368362426758,-13.903594017028809,5.499607086181641,-8.346863746643066,4.280391216278076,-4.783179759979248,3.188861131668091,-0.8243213891983032,2.950235605239868,-3.1019766330718994,0.5149714350700378,-4.287006855010986,2.0286710262298584,-2.4550626277923584,4.282374382019043,0.3516656160354614,2.198192596435547,-1.833752155303955,4.157847881317139,-1.6580052375793457,2.5424249172210693,-1.22554349899292,1.8092262744903564,0.0380389466881752,4.108457088470459,-2.198183298110962,1.719138264656067,-3.1795613765716557,1.564890742301941
10,-142.07489013671875,-38.27857971191406,-12.331636428833008,3.618372440338135,6.692086696624756,10.613093376159668,-19.562217712402344,4.466862201690674,-9.69895362854004,3.354578018188477,6.4083027839660645,9.88853931427002,2.20896315574646,4.512328624725342,-0.7718268632888794,3.6654765605926514,-4.839568138122559,5.622467517852783,4.505783081054688,6.460723400115967,-6.173261642456055,5.992217063903809,8.306937217712402,3.88707423210144,-2.869071245193481,0.3053116202354431,-2.546083450317383,4.092538356781006,-5.181619644165039,-2.0821216106414795,4.71552324295044,7.7396721839904785,-4.504008769989014,2.4981353282928467,0.4079749584197998,1.2124714851379397,-2.4526662826538086,-8.498268127441406,-1.2478708028793335,8.34610366821289
9,-39.97853469848633,-13.017794609069824,-27.34466552734375,4.580585956573486,-18.751279830932617,-0.5074053406715393,-3.320908546447754,17.0895938873291,-3.2084693908691406,1.2848728895187378,-3.386449098587036,4.867120742797852,4.233316421508789,6.390117168426514,-1.455138087272644,6.021669387817383,-4.494726657867432,4.7067389488220215,-1.1411161422729492,2.583923101425171,-4.963294506072998,5.440870761871338,-3.466559171676636,2.8636181354522705,-0.6162357926368713,3.0068399906158447,-3.341468572616577,-0.2268797755241394,-1.9549493789672847,3.7733678817749023,-3.47224497795105,3.4934542179107666,-4.791728973388672,-0.1486585438251495,-1.474265694618225,1.790480613708496,-2.225407123565674,0.1367396712303161,-1.5211318731307983,-0.8091059327125549
8,-279.6644287109375,85.35726165771484,-36.26648712158203,-19.567852020263672,5.239226818084717,3.5430870056152344,-1.6014065742492676,14.138700485229492,13.724027633666992,11.58258056640625,11.796404838562012,5.58754301071167,-5.060189723968506,-0.9948857426643372,3.5243914127349854,6.855245590209961,-0.5944766402244568,0.7169510722160339,1.5271459817886353,2.872154235839844,-2.7464616298675537,-4.34710168838501,0.1586054116487503,3.4340384006500244,-0.2378012984991073,3.8199596405029297,3.8022327423095694,1.1033908128738403,0.615498423576355,3.479630470275879,0.7788243889808655,-1.828097343444824,-1.0972352027893066,3.4699220657348637,1.876617431640625,2.41756010055542,0.4444614350795746,1.9683746099472048,0.7233898639678955,-0.1113172024488449
7,-148.37217712402344,148.2266845703125,18.60423469543457,15.901704788208008,3.03922438621521,10.9408597946167,6.36420202255249,11.5825834274292,6.221813678741455,10.924999237060549,2.049570322036743,-1.352941393852234,6.468170166015625,12.89452838897705,1.9119973182678225,6.408365249633789,-2.983241558074951,5.490504741668701,-5.009871482849121,-2.897028684616089,-4.043964862823486,4.922076225280762,0.4555040001869201,-1.0335246324539185,-5.671137809753418,5.450381755828857,-1.1643598079681396,1.1851365566253662,-6.781526565551758,-0.3540343046188354,-2.18818998336792,-1.799424409866333,-8.029202461242676,0.2002081871032714,-2.4611589908599854,1.4451353549957275,-1.7790762186050415,3.793869733810425,5.861204624176025,3.743555068969727
7,-143.43789672851562,148.32867431640625,18.34231376647949,16.107046127319336,3.750296115875244,11.99653148651123,5.852584362030029,11.451422691345217,6.895334243774414,11.364055633544922,1.300900936126709,-1.2468631267547607,6.851109504699707,13.14948558807373,2.0939877033233643,6.171018600463867,-3.4564688205718994,5.169103145599365,-6.583404541015625,-2.795045852661133,-3.844557285308838,5.322924137115479,1.8913828134536743,-0.494766891002655,-5.82012939453125,4.7868523597717285,-1.154089331626892,0.6999662518501282,-6.59867525100708,0.1111989542841911,-2.2695322036743164,-1.5442373752593994,-8.686735153198242,0.6442679762840271,-2.140751600265503,1.442659854888916,-3.0383787155151367,3.029127597808838,6.307401180267334,4.255837917327881
7,-143.56187438964844,147.1757354736328,20.130769729614254,15.16791534423828,3.657547950744629,10.557452201843262,5.943403244018555,12.223264694213867,6.39852237701416,12.954595565795898,2.2217438220977783,-2.416656255722046,4.063424110412598,10.544915199279783,1.5111818313598633,7.191044330596924,-2.785827159881592,6.703575134277344,-5.817207336425781,-1.9011343717575075,-3.544677972793579,3.624524354934693,0.5930402278900146,-0.6632416844367981,-6.189220428466797,5.67365026473999,-0.8573319911956787,1.7579052448272705,-6.285905838012695,-0.4022542238235473,-3.547616481781006,-0.3020248413085937,-8.029744148254395,-0.2201464027166366,-2.003507137298584,0.3884275555610657,-2.994448184967041,3.91775107383728,5.973631381988525,2.78019642829895
7,-143.4718017578125,146.35406494140625,21.117895126342773,14.661033630371094,3.442677497863769,10.448250770568848,6.569296360015869,12.656083106994627,6.042990684509277,12.814224243164062,2.5777816772460938,-2.403214454650879,4.371408462524414,9.967196464538574,2.6874632835388184,7.563117980957031,-3.053706407546997,6.726346492767334,-6.288736343383789,-1.6179319620132446,-3.866326570510864,4.025498390197754,0.2068447321653366,-0.7607958912849426,-5.9711079597473145,5.994312286376953,-0.974808156490326,1.7096120119094849,-6.171801090240479,0.0588533468544483,-3.437352180480957,-0.3835784792900085,-7.325632572174072,-0.2302843928337097,-2.8510122299194336,0.0877802222967147,-2.9072835445404053,4.125289916992188,5.982903003692627,2.861526727676392
7,-143.26036071777344,146.0294952392578,21.702430725097656,14.299630165100098,3.244285345077514,10.25720500946045,7.332444190979004,13.08708667755127,6.233998775482178,13.007122039794922,2.587698221206665,-2.02801513671875,4.674530982971191,9.160057067871094,2.835827112197876,7.723106384277344,-3.336946964263916,6.126911640167236,-6.493236541748047,-0.915351390838623,-3.921255588531494,3.676297664642334,-0.7691056728363037,-0.2147467285394668,-5.737859725952148,6.474071502685547,-0.5718386173248291,1.8368229866027832,-5.815876483917236,0.7546476721763611,-3.3024585247039795,-0.2727804481983185,-7.167036056518555,-0.5925593972206116,-3.716334819793701,1.013799786567688,-2.024720907211304,4.235225200653076,5.676054954528809,2.4119772911071777
7,-142.75975036621094,147.1290740966797,21.086320877075195,13.910717964172363,3.276618719100952,9.73029327392578,6.471517562866211,13.17426586151123,6.463884353637695,12.831513404846191,1.837581753730774,-1.6634418964385986,4.478765964508057,9.52927303314209,1.7932062149047852,7.882926940917969,-3.025943756103516,5.995152950286865,-5.517576217651367,-0.9398741126060486,-3.0622925758361816,3.4377472400665283,-0.5346347093582153,-0.0690583884716034,-6.07112979888916,5.565142631530762,-0.2528514266014099,1.8595658540725708,-5.99624490737915,0.3518039584159851,-3.0849125385284424,-0.1527318358421325,-7.902853012084961,-0.8030110001564026,-3.478083848953247,1.5516314506530762,-2.0013463497161865,4.298820972442627,5.493457794189453,2.500021457672119
7,-142.58489990234375,148.7912139892578,20.621492385864254,15.166461944580078,2.975382089614868,10.090197563171388,4.364724159240723,11.961651802062988,6.3375115394592285,13.083535194396973,1.6681991815567017,-1.85809326171875,3.818509340286255,9.870772361755373,1.0643713474273682,7.65355110168457,-2.3924245834350586,7.057640552520752,-5.103802680969238,-1.9713413715362549,-2.9723894596099854,4.214473247528076,0.5924656987190247,-0.2061181962490081,-6.506408214569092,4.5708842277526855,0.0384636856615543,1.880269169807434,-5.789747714996338,-0.4526026844978332,-3.243151426315308,-1.6028265953063965,-8.997735023498535,-0.340342253446579,-2.2148239612579346,2.0658152103424072,-2.763103485107422,3.084042549133301,5.225050449371338,2.8703958988189697
7,-144.79039001464844,149.70863342285156,17.791015625,16.71329116821289,0.9082714915275574,14.0517578125,3.655609607696533,13.16712474822998,6.4744062423706055,12.50803279876709,3.289644956588745,-2.104697227478028,5.168426036834717,10.206222534179688,0.8794410824775696,7.421018600463867,-2.445201873779297,7.868246078491211,-4.305211067199707,-2.1235897541046143,-3.097674608230591,3.116004467010498,0.6822414398193359,-1.4122576713562012,-7.006797790527344,5.174744606018066,-0.1376412659883499,2.0328209400177,-6.1452317237854,-1.091170072555542,-2.456937074661255,-1.7269065380096436,-8.7071533203125,0.3200997710227966,-0.9008277654647828,3.494943857192993,-2.4466373920440674,1.784009337425232,5.260759353637695,2.12392520904541
7,-146.6754150390625,150.11863708496094,15.045015335083008,16.56099510192871,-0.6682911515235901,16.127552032470703,4.074911117553711,13.688150405883787,6.073061466217041,12.073267936706545,3.60287880897522,-1.6106696128845217,6.688956260681152,11.214271545410156,1.0168840885162354,7.302785396575928,-2.864548921585083,6.738404750823975,-4.369500637054443,-2.762427806854248,-3.226294994354248,2.462266206741333,0.1919922977685928,-2.67557144165039,-7.710910797119141,5.531360149383545,0.1990799456834793,2.035184383392334,-6.1593546867370605,-1.2195909023284912,-1.972732424736023,-1.14002525806427,-8.589716911315918,0.9538349509239196,-0.6298725008964539,3.701748371124268,-2.1433253288269043,1.591112732887268,5.695853233337402,2.001807689666748
7,-145.84420776367188,149.97129821777344,16.29295539855957,15.86176586151123,1.0737035274505615,13.61324691772461,4.528339385986328,12.228392601013184,5.284311771392822,12.212204933166504,2.562241792678833,-0.9646576642990112,5.799882888793945,11.42387866973877,1.4129077196121216,6.591908931732178,-2.8405444622039795,5.327164173126221,-5.027358055114746,-2.71760892868042,-3.376295566558838,3.598785161972046,-0.3983798027038574,-2.4262173175811768,-7.967514991760254,5.49073600769043,0.7846644520759583,2.152021169662476,-5.473532676696777,-0.6899616122245789,-3.250673770904541,-1.3182722330093384,-8.78011417388916,1.0826654434204102,-1.171334743499756,2.247889280319214,-2.689744710922241,1.7504138946533203,5.247861385345459,2.334648370742798
7,-144.8173370361328,149.696533203125,17.60577392578125,15.971465110778809,3.222242832183838,13.418730735778809,5.423698425292969,12.086061477661133,4.979090690612793,11.62091064453125,2.31168532371521,-0.2070278078317642,5.067419528961182,11.703401565551758,1.475355625152588,6.288124084472656,-3.241868495941162,4.7591753005981445,-5.111423969268799,-1.7356486320495603,-2.1339807510375977,4.721791744232178,0.4635483026504516,-0.9052569270133972,-7.13974142074585,6.157293796539307,1.194974064826965,2.929067373275757,-5.03587818145752,-0.2400661259889602,-3.609776735305786,-2.1520016193389893,-9.329211235046388,0.3453919589519501,-1.8172879219055176,1.5095964670181274,-2.995497465133667,1.7914079427719116,5.142588138580322,2.59853196144104
7,-144.7139434814453,149.1221160888672,17.52019500732422,16.334068298339844,3.939414978027344,14.002670288085938,6.197952747344971,12.751078605651855,6.162089824676514,11.968894004821776,2.342290163040161,0.0386308096349239,5.034923553466797,11.734827041625977,1.2309030294418335,6.682955265045166,-3.2787885665893555,4.702260971069336,-5.295787811279297,-2.178889751434326,-2.00696325302124,4.794856548309326,1.021717548370361,-0.7094754576683044,-6.77896785736084,5.963436603546143,0.4571857750415802,2.221759080886841,-5.430266380310059,-0.329570472240448,-3.4018702507019043,-2.1700456142425537,-8.641427993774414,0.9201542735099792,-1.2254931926727295,2.241882562637329,-2.472848653793335,2.1405770778656006,5.4515252113342285,2.6102182865142822
7,-144.06393432617188,149.5814666748047,17.53058624267578,16.003000259399414,1.812528371810913,13.134248733520508,5.189960479736328,11.802046775817873,6.930354118347168,11.262683868408203,1.693966031074524,-1.6900396347045898,6.148819923400879,12.283571243286133,2.831493139266968,7.237446308135986,-3.2985360622406006,5.250388145446777,-6.359275341033936,-3.0129952430725098,-3.492882490158081,4.734224796295166,2.066032648086548,-0.4043599963188171,-5.973409175872803,5.076436996459961,-0.5577612519264221,1.956659913063049,-6.143433094024658,0.1821873784065246,-2.4125118255615234,-2.105041265487671,-9.243931770324709,-0.3006001710891723,-2.1216766834259038,1.6215192079544067,-3.4455487728118896,1.7815548181533811,6.215487957000732,4.401977062225342
7,-144.4209442138672,148.9347381591797,16.922847747802734,15.95814037322998,2.480874538421631,13.03269100189209,5.957855224609375,12.519257545471191,7.165027618408203,12.685749053955078,2.9156816005706787,0.2525047957897186,5.081818103790283,11.361536026000977,1.354094624519348,7.15816593170166,-2.537922143936157,5.025418758392334,-5.455625534057617,-2.92036247253418,-2.774044752120972,3.9459965229034415,0.4327535331249237,-1.3783047199249268,-7.503182411193848,4.891983509063721,-0.3004413247108459,0.960842788219452,-6.101613998413086,-0.6227170825004578,-3.0951244831085205,-1.138950228691101,-7.852691650390625,1.6119366884231567,-0.5567376613616943,2.760130882263184,-1.8367637395858765,2.575138568878174,5.348902225494385,2.2845888137817383
7,-144.0651397705078,149.64212036132812,17.160728454589844,15.792154312133787,2.2422869205474854,12.345412254333496,5.321568965911865,11.822709083557127,6.46715259552002,12.183067321777344,2.996296167373657,0.1511597633361816,4.75326681137085,10.720620155334473,1.3297152519226074,7.237120628356934,-1.685753583908081,5.468441486358643,-5.150202751159668,-2.52585506439209,-2.7725746631622314,3.8730294704437256,0.3745855391025543,-1.2226938009262085,-7.165496826171875,5.167126178741455,0.6146141886711121,1.5130277872085571,-6.163690567016602,-0.7322569489479065,-3.07401442527771,-1.231642723083496,-8.758399963378906,0.486036092042923,-1.5045959949493408,1.909416437149048,-1.869010090827942,2.450169086456299,5.481395721435547,2.395655393600464
7,-143.53411865234375,150.1060791015625,17.99127960205078,16.393774032592773,3.687345027923584,12.788057327270508,5.006385803222656,10.92947483062744,5.7894062995910645,12.249624252319336,3.471723794937134,-0.0754727125167846,4.277256488800049,10.75114917755127,1.1256927251815796,7.3423309326171875,-2.0399720668792725,5.698696136474609,-4.466055870056152,-2.1344125270843506,-2.9885528087615967,3.818272590637207,0.4958013296127319,-1.3047001361846924,-6.908229827880859,5.8685302734375,1.4315471649169922,2.583703994750977,-5.446185111999512,-0.5910823345184326,-3.1783998012542725,-1.6656336784362793,-9.26089859008789,0.1283835023641586,-1.4656604528427124,1.682506799697876,-2.5962107181549072,2.3613088130950928,5.73679256439209,2.3556504249572754
7,-142.703369140625,148.34530639648438,18.0917911529541,15.873151779174805,3.4636480808258057,12.895343780517578,5.638478755950928,11.803555488586426,6.042627334594727,13.515966415405272,3.8837969303131104,0.5597462058067322,4.865784645080566,10.852993965148926,1.126714825630188,6.749402523040772,-2.3540830612182617,5.359308242797852,-5.239989757537842,-2.64675521850586,-3.1329610347747803,4.087766170501709,0.9163777828216552,-0.9750255942344666,-6.9607110023498535,4.971883296966553,0.5033973455429077,2.0802316665649414,-4.969584465026856,-0.4466108679771423,-2.6337075233459477,-1.514628291130066,-8.285770416259766,1.2126003503799438,-0.6076230406761169,2.203188419342041,-2.0736613273620605,2.1665282249450684,4.9492669105529785,3.1743757724761963
7,-141.94395446777344,149.0811309814453,19.04507064819336,14.72185230255127,2.3622243404388428,12.188968658447266,5.898937225341797,11.841452598571776,5.320698261260986,12.62559700012207,3.0445055961608887,-0.2139456272125244,3.630273103713989,9.865254402160645,0.7971336841583252,6.273431301116943,-2.7156200408935547,5.7782368659973145,-4.574295520782471,-1.7701433897018433,-2.647722721099853,4.662571907043457,1.060166358947754,-0.8583875298500061,-6.164780616760254,6.064357280731201,1.507529854774475,2.181997776031494,-5.352799892425537,-0.9263136982917786,-2.6804733276367188,-1.079838752746582,-8.845189094543457,-0.0710037797689437,-1.8554749488830569,1.5004847049713137,-2.865877866744995,2.117220640182495,5.262099266052246,2.8867759704589844
7,-141.27459716796875,148.34320068359375,18.68145751953125,14.606612205505373,1.9725536108016968,12.91606330871582,5.933614730834961,12.061941146850586,5.104769706726074,12.483022689819336,3.110116004943848,-0.2324999570846557,3.451345443725586,9.96939182281494,0.6937249898910522,6.321946620941162,-2.5382750034332275,5.743622303009033,-4.188259124755859,-1.3437905311584473,-2.757023572921753,4.352688789367676,0.4494594931602478,-1.33851420879364,-6.503835678100586,6.135111331939697,1.8765535354614256,2.5381526947021484,-5.2513298988342285,-1.2326716184616089,-3.2896735668182373,-1.1369175910949707,-9.005212783813477,-0.2041813433170318,-1.6151500940322876,1.4669362306594849,-2.705533266067505,2.757483720779419,5.749038696289063,2.929396867752075
7,-141.91448974609375,147.06805419921875,18.473621368408203,15.491540908813477,2.8063786029815674,13.35212230682373,5.079524993896484,11.454121589660645,4.309195518493652,11.888236045837402,3.0832223892211914,-0.5806665420532227,4.012869834899902,10.022205352783203,1.1106590032577517,7.073557376861572,-1.2650094032287598,6.156618118286133,-4.416008472442627,-1.525368094444275,-3.135856866836548,4.009232044219971,0.565513014793396,-0.5800120234489441,-6.737637042999268,5.398934841156006,0.8694425225257874,1.8691112995147705,-5.444028854370117,-0.6659688949584961,-3.221964120864868,-1.37297785282135,-9.189603805541992,-0.2303797304630279,-1.653799057006836,1.4776489734649658,-2.810898542404175,2.8985273838043213,5.500350475311279,2.965651750564575
7,-144.73353576660156,152.06993103027344,17.971445083618164,16.643491744995117,-1.3427367210388184,15.670506477355955,3.3148326873779297,12.133538246154783,5.409160137176514,10.333014488220217,2.468999147415161,-2.4458134174346924,5.149182796478272,10.515334129333496,1.768504619598389,8.180376052856445,-2.9707884788513184,6.452420234680176,-4.884079933166504,-3.1752166748046875,-2.725632905960083,3.66222095489502,2.5940661430358887,-0.9688963890075684,-5.804825305938721,5.645681381225586,-1.3189677000045776,2.771403312683105,-5.644793510437012,-0.5953510999679565,-2.2919960021972656,-2.1415164470672607,-9.484618186950684,-0.8524884581565857,-2.3994414806365967,2.4792981147766118,-3.361735343933105,0.700563371181488,6.051443099975586,3.750036001205444
7,-142.7321014404297,147.1674041748047,17.235593795776367,14.565438270568848,3.213021755218506,12.499444961547852,4.619324207305908,13.627691268920898,7.371418476104736,10.428561210632324,4.2903242111206055,0.9339879155158995,3.242713212966919,12.858333587646484,2.5483014583587646,5.330023288726807,-0.8868645429611206,2.4434010982513428,-4.057704448699951,-2.052877187728882,-3.458601951599121,4.216330528259277,-0.8590365052223206,-1.2246037721633911,-8.247723579406738,5.54543399810791,-0.2407076805830001,2.049887657165528,-5.459519863128662,-0.0320956297218799,-3.038330078125,-0.562614381313324,-7.481658458709717,1.317280411720276,-0.6330100893974304,2.356844663619995,-1.8511555194854736,2.7829625606536865,5.41376543045044,1.924044609069824
7,-141.8719024658203,149.09375,17.859779357910156,14.02596378326416,2.1552913188934326,11.830023765563965,4.271495819091797,13.736565589904783,7.875711917877197,10.60698127746582,3.6732544898986816,-0.4766843914985657,2.1769840717315674,11.746208190917969,1.6535180807113647,5.090872764587402,-0.3566749691963196,3.2177913188934326,-2.9896631240844727,-1.1492819786071775,-2.7581160068511963,5.008076190948486,-0.3104612827301025,-0.8013948798179626,-7.718953132629394,6.840240955352783,0.551658034324646,2.5368494987487797,-6.080934047698975,-0.8890612125396729,-3.967375040054321,-2.2813374996185303,-9.530927658081056,0.5721836090087891,-1.2545901536941528,2.1820766925811768,-2.2481746673583984,2.1748857498168945,5.125247478485107,1.845044493675232
7,-142.33447265625,148.54298400878906,18.48204803466797,14.44229793548584,2.5707755088806152,11.766453742980955,4.339268684387207,13.368094444274902,7.416584491729736,10.210607528686523,3.380111694335937,0.5192619562149048,3.4415571689605717,12.31567668914795,1.7992340326309204,5.498097896575928,-0.2057728916406631,3.3095386028289795,-3.4686200618743896,-1.1653891801834106,-2.7293248176574707,4.767765998840332,-0.5875216126441956,-0.920812964439392,-8.2058687210083,6.1448588371276855,0.3241666853427887,2.501537799835205,-6.541177749633789,-0.4576458930969238,-2.7109053134918213,-0.854800820350647,-8.379012107849121,0.6043967604637146,-1.6853734254837036,1.5298378467559814,-2.708552837371826,2.048488140106201,5.510674953460693,1.9495890140533447
7,-142.4948272705078,147.45260620117188,18.73919486999512,14.951897621154783,3.6752560138702393,11.943365097045898,4.459892272949219,13.206740379333496,7.379295825958252,10.594334602355955,3.904675006866455,1.377765417098999,3.4407951831817627,12.809685707092283,3.1423757076263428,6.557900905609131,0.7263787388801575,3.232858657836914,-4.909314155578613,-3.2723021507263184,-3.74601411819458,4.497118949890137,-0.5730118155479431,-0.687018096446991,-8.50625228881836,5.413907051086426,-0.9455402493476868,1.7721152305603027,-5.640744209289551,0.2377459853887558,-2.0124189853668213,-0.0526725016534328,-7.664927005767822,0.54598069190979,-1.8369776010513303,1.1965469121932983,-2.971929788589477,2.255177497863769,5.950584888458252,2.8446786403656006
7,-140.69068908691406,147.69927978515625,19.85692596435547,15.053075790405272,4.421323776245117,11.289674758911133,4.470608711242676,12.889947891235352,7.270313262939453,10.560811042785645,2.577833890914917,0.5219891667366028,3.8772878646850586,14.3271484375,2.457627534866333,4.068770408630371,-0.0937935262918472,4.380960941314697,-3.659543037414551,-2.4412710666656494,-4.087003707885742,5.684945583343506,0.6578776836395264,0.1302158534526825,-7.2193284034729,5.474732875823975,-0.9210197925567628,1.5619351863861084,-6.347048759460449,-0.1163145303726196,-2.5624547004699707,-0.7734397053718567,-9.225337028503418,0.3395291268825531,-1.7199100255966189,1.6389151811599731,-3.2052297592163086,3.2935945987701416,5.245124816894531,3.1489877700805664
7,-139.77659606933594,147.1974639892578,18.2176513671875,14.932687759399414,3.964319467544556,11.739706039428713,4.312322616577148,12.78586483001709,6.587615966796875,9.181530952453612,3.1996216773986816,0.7621468901634216,5.455857276916504,14.606704711914062,2.220165729522705,3.946004629135132,-0.91935533285141,4.580582618713379,-3.7748303413391113,-2.1136958599090576,-4.12872838973999,4.895283222198486,-0.2567900717258453,0.0312552377581596,-7.400249004364014,5.059203147888184,-1.5882529020309448,1.789815068244934,-6.413727283477783,-0.6751317381858826,-2.960909366607666,-0.9936834573745728,-9.15670680999756,0.2846102714538574,-1.6928071975708008,1.9212473630905151,-2.5998551845550537,4.065265655517578,4.8861470222473145,3.135964870452881
7,-144.89639282226562,148.09893798828125,19.09178924560547,14.809045791625977,3.4596662521362305,11.405797004699709,6.109992980957031,10.724225997924805,5.883642673492432,12.99110221862793,3.142119884490967,-0.7769821286201477,3.796103000640869,10.985013961791992,1.09656822681427,6.741672515869141,-2.8066976070404053,5.81175422668457,-6.183732986450195,-1.745984435081482,-2.9292564392089844,4.251895904541016,0.8152734637260437,-1.2246888875961304,-6.122243404388428,5.48687219619751,-0.0664666593074798,2.520169258117676,-5.436883449554443,-0.963503897190094,-3.698259115219116,-0.9760974049568176,-8.542725563049316,-0.3340283930301666,-2.14742112159729,1.1408098936080933,-2.6170308589935303,3.3336260318756104,5.409217834472656,2.60726261138916
7,-144.08091735839844,147.2661590576172,18.832115173339844,14.414319038391112,3.0807619094848637,10.696154594421388,6.317145824432373,11.064172744750977,6.296391010284424,13.356719017028809,3.2727229595184326,-0.4796918332576751,3.950305461883545,11.010482788085938,0.7376778721809387,6.927819728851318,-2.9361793994903564,5.75979471206665,-6.84938907623291,-2.016639947891236,-2.925899028778076,4.000781059265137,0.0088958302512764,-1.88270366191864,-6.798774719238281,5.286235809326172,-0.1566999554634094,2.587735652923584,-5.240920066833496,-0.4898469448089599,-3.36723256111145,-0.8500515222549438,-8.702946662902832,-0.2692740559577942,-1.965480923652649,1.312759280204773,-2.5441908836364746,3.0037083625793457,5.612163543701172,3.0746796131134038
7,-143.86521911621094,147.52272033691406,19.430646896362305,14.547250747680664,3.2660653591156006,10.835472106933594,6.12779426574707,11.894851684570312,6.560531139373779,12.781264305114746,2.411807060241699,-1.2021938562393188,3.801332950592041,11.0582857131958,1.204783320426941,7.534929275512695,-2.6541073322296143,5.74150276184082,-7.104915618896484,-2.3545291423797607,-2.613616704940796,4.227617263793945,1.0475075244903564,-1.0380176305770874,-6.68929386138916,4.725306034088135,-0.6614190936088562,2.4111006259918213,-5.186347007751465,0.0011566001921892,-3.034176111221313,-1.2577087879180908,-8.954137802124023,-0.7758134603500366,-2.514571189880371,0.9531112313270568,-2.96004056930542,3.3430652618408203,6.121408939361572,3.322468042373657
7,-144.2684326171875,147.52684020996094,20.20965003967285,14.993295669555664,3.60990571975708,11.18935203552246,5.968970775604248,11.801506996154783,6.360086441040039,12.540257453918455,2.370236158370972,-1.500870704650879,4.044966220855713,11.93608283996582,1.9337069988250728,7.590975761413574,-2.7045609951019287,5.929638862609863,-6.928619384765625,-2.454312324523926,-2.9027462005615234,4.491138458251953,2.198237895965576,0.0311584919691085,-6.462968349456787,5.166180610656738,-0.0722723081707954,2.387172222137451,-4.883011341094971,-0.5227957367897034,-3.598819732666016,-1.890973448753357,-9.137887001037598,-0.6931537985801697,-2.2422103881835938,1.30535888671875,-3.321094274520874,3.221845388412476,6.060370445251465,3.019265651702881
7,-144.2403564453125,146.92201232910156,19.843280792236328,15.433788299560549,3.7163805961608887,11.151813507080078,6.005167007446289,11.202380180358888,6.2669548988342285,13.204183578491213,2.8467586040496826,-1.2994927167892456,4.288843154907227,11.485431671142578,1.4559454917907717,7.2494797706604,-2.822965145111084,6.131753444671631,-6.528708934783936,-2.603045701980591,-3.754021167755127,3.815026044845581,1.4054465293884275,-0.1816117167472839,-6.411595821380615,5.563380718231201,-0.0257924608886241,2.0417356491088867,-5.369584560394287,-0.6978936791419983,-3.5052731037139893,-1.2212929725646973,-8.756569862365723,0.0208570584654808,-1.5745683908462524,1.4665817022323608,-2.830441236495972,3.0729920864105225,5.64240312576294,2.463765382766724
8,-163.63829040527344,-73.9107894897461,0.2953290045261383,5.924621105194092,-12.98404598236084,7.004130363464356,-10.105204582214355,8.796771049499512,-4.234594345092773,4.222609996795654,-2.231406211853028,7.125732421875,-5.935740470886231,-1.0883251428604126,-9.305747985839844,-3.0488407611846924,-5.979604721069336,5.508541107177734,-16.061838150024414,-4.846302509307861,4.626781463623047,-4.611588954925537,-6.327545642852783,3.993439912796021,3.763407468795776,5.876676082611084,3.323826789855957,2.3646395206451416,-10.585858345031738,-4.847229957580566,7.120789051055908,5.1361985206604,-4.2746100425720215,1.5313583612442017,-9.441998481750488,-5.940999031066895,-2.973743438720703,-4.757578372955322,-15.176435470581056,0.1279390305280685
7,-254.09890747070312,65.88239288330078,-10.49146556854248,17.11966896057129,3.819648265838623,10.77367115020752,4.786190509796143,10.343913078308104,7.346649169921875,9.942098617553713,7.38872766494751,7.088661670684815,5.753241539001465,7.005473613739014,4.805732727050781,7.106968402862549,2.044452428817749,3.286820650100708,0.6908172965049744,3.811112642288208,1.1625757217407229,1.4392473697662354,-0.4306155741214752,1.2369505167007446,0.0911356061697006,1.7809247970581057,1.0676311254501345,2.094722032546997,0.4048077166080475,1.1578706502914429,-1.09831964969635,0.1757353693246841,-0.4650861918926239,1.4161959886550903,0.068931333720684,0.7449783682823181,-1.823792576789856,-0.2957401573657989,-0.8043816685676575,0.2542066872119903
10,-270.2392578125,143.10324096679688,1.4164774417877195,22.467304229736328,11.869166374206545,9.29061222076416,-1.068274974822998,6.482578754425049,1.0630124807357788,6.990145683288574,-5.668956756591797,4.5555195808410645,0.4285517334938049,6.476324081420898,-3.025470018386841,3.964776992797852,-0.7001520991325378,2.1977698802948,-2.0843701362609863,3.725980758666992,-2.550642490386963,0.3652617931365967,-4.057871341705322,1.898525714874268,-3.832728385925293,1.1635656356811523,-1.9044170379638672,3.117960929870605,-4.37977409362793,-0.9251885414123536,-1.8839116096496584,2.9481441974639893,-4.904451370239258,-0.45148566365242,-3.000202417373657,-0.0980247780680656,-4.75037956237793,1.5924246311187744,-0.2392119467258453,0.5002571940422058
10,-193.8936462402344,150.8388214111328,-11.397846221923828,27.237871170043945,13.299954414367676,6.354654312133789,4.940749168395996,10.218786239624023,4.594746112823486,8.892443656921387,-2.549370527267456,7.176344394683838,0.1375448852777481,4.422369003295898,-1.3907511234283447,4.330704212188721,-4.376152038574219,0.7877061367034912,-2.0604116916656494,3.0168206691741943,-5.653590679168701,-1.3159948587417605,-2.678702116012573,4.386846542358398,-3.920346975326538,2.124657154083252,-1.2508713006973269,4.151558876037598,-3.8433027267456055,1.1020176410675049,-0.5544368028640747,2.658857107162476,-4.953646183013916,0.9257394671440125,-3.87595534324646,-0.4641232490539551,-5.276855945587158,1.840709328651428,-1.1876052618026731,-2.4403107166290283
10,-196.18170166015625,171.67709350585938,-24.75413703918457,9.96916389465332,18.806795120239254,18.22882843017578,10.030963897705078,11.65715503692627,1.9370253086090088,7.996096611022949,0.6539396643638611,7.33455753326416,-1.974286198616028,-1.3072549104690552,-0.7735838890075684,8.791030883789062,0.0781999677419662,-0.3737379312515259,-5.079038619995117,2.765625238418579,-1.6203546524047852,-2.9550509452819824,-4.1915059089660645,0.9361172914505004,-4.638157367706299,0.4130715131759643,-1.9344090223312376,-0.2905855178833008,-8.812088012695312,-4.104471683502197,-5.507733345031738,-1.007191777229309,-5.819603443145752,-2.311055898666382,-4.8465256690979,-2.0956709384918213,-4.9953131675720215,0.6293825507164001,-4.313748359680176,-1.858744740486145
10,-205.65696716308597,155.20787048339844,-2.9165356159210205,29.99134063720703,18.16635513305664,8.484200477600098,3.404097080230713,5.465258598327637,2.581636905670166,7.1952223777771,-2.49475622177124,10.934335708618164,2.982264995574951,3.0526180267333984,1.5198843479156494,5.141420364379883,-1.3252192735671997,0.0676242187619209,-2.3221311569213867,2.783632755279541,-5.589751243591309,-4.795981407165527,-4.1993327140808105,3.635629653930664,-5.112410545349121,-2.3813040256500244,-4.174924850463867,0.9862909317016602,-7.315861701965332,-3.7966501712799072,-3.335856676101685,-1.5926185846328735,-8.558509826660156,-2.7260329723358154,-5.236007690429688,-1.4613707065582275,-4.424424648284912,2.963340759277344,-0.3984679281711578,0.7171757817268372
10,-187.46226501464844,143.24090576171875,-3.65995192527771,23.585521697998047,13.255012512207031,9.628620147705078,2.4516072273254395,7.447389125823975,0.3178578317165375,6.979942321777344,-1.826550841331482,7.632726192474365,-1.5566964149475098,4.244024276733398,-3.573129892349243,2.187004566192627,-1.9843164682388303,1.6298750638961792,-4.850185871124268,2.7191686630249023,-4.237480640411377,-0.3730250597000122,-3.938359022140503,2.695561647415161,-3.538578510284424,1.4516185522079468,-3.231712818145752,2.6964173316955566,-3.1529459953308105,2.0826287269592285,-2.787602186203003,0.9960784316062928,-3.4913718700408936,2.326337575912476,-2.265249729156494,0.4166132807731628,-4.498628616333008,1.7647998332977295,-1.6031783819198608,-0.7514219880104065
10,-215.7290954589844,162.55535888671875,-14.975894927978516,22.862274169921875,19.730714797973636,8.80608081817627,5.122559070587158,9.781636238098145,5.544221878051758,9.32113552093506,-3.93058443069458,7.035645961761475,-0.5072166323661804,2.2551231384277344,-0.5633705258369446,3.661815404891968,-3.300613641738892,0.6205230951309204,-2.0143706798553467,2.965819358825684,-3.9483370780944815,-1.87647008895874,-4.135425090789795,2.1937460899353027,-5.564202308654785,-0.5720734596252441,-2.9444668292999268,1.9387129545211792,-4.008636474609375,-1.071590542793274,-2.8762285709381104,2.683138608932495,-4.449134349822998,-1.3026692867279053,-2.3474159240722656,-0.7682507634162903,-4.750339984893799,1.2059189081192017,-3.066579818725586,-1.4893827438354492
7,2.5976948738098145,35.19426345825195,-4.497355937957764,7.764762878417969,-13.364919662475586,-5.700442790985107,-27.67842483520508,-10.47282600402832,-26.085607528686523,-16.255207061767578,-16.924671173095703,-7.851071357727051,-16.737688064575195,-11.711777687072754,-22.8569278717041,-14.155936241149902,-24.53680229187012,-2.8680200576782227,-8.617558479309082,-7.669138431549072,-13.068549156188965,-2.8358986377716064,-8.883710861206055,-0.7304154634475708,-10.77715301513672,-2.9836983680725098,-2.851814031600952,0.2382683157920837,-3.376267194747925,-1.0131125450134275,-2.0447349548339844,-4.323905944824219,-5.558048248291016,1.1329636573791504,-7.910925388336182,1.993977665901184,-6.313300609588623,-0.9949743151664734,-2.2099688053131104,-2.3662664890289307
7,11.762575149536133,39.49228286743164,-5.652778148651123,-0.5535107254981995,-17.034448623657227,-6.346590518951416,-25.78435707092285,-10.950271606445312,-25.26979255676269,-15.979360580444336,-15.514290809631348,-9.393417358398438,-21.226844787597656,-18.66651153564453,-29.731428146362305,-13.049049377441406,-16.89344024658203,-1.86292576789856,-13.745528221130373,-9.646074295043944,-13.769203186035156,-3.276043653488159,-9.603527069091797,-2.323211431503296,-10.71032428741455,-0.9186103343963624,-4.326486587524414,-3.937053680419922,-4.096562385559082,-2.142822265625,-0.6436785459518433,-1.467994213104248,-5.2470011711120605,-1.8962520360946653,-9.510958671569824,3.346423625946045,-4.70491361618042,-0.1748715043067932,-1.241285800933838,-1.020228147506714
7,-2.0974643230438232,38.89998245239258,-3.283386468887329,5.219658374786377,-13.909531593322754,-4.252984046936035,-25.252243041992188,-11.17338752746582,-21.275850296020508,-12.27621364593506,-12.97665023803711,-10.759843826293944,-23.781492233276367,-19.149599075317383,-28.04947662353516,-10.979328155517578,-13.079655647277832,-4.640260219573975,-17.285579681396484,-7.228980541229248,-10.048645973205566,-1.7340539693832395,-10.621413230895996,0.525614857673645,-8.577164649963379,0.233400672674179,-4.3165283203125,-3.534487247467041,-2.223724603652954,-2.9723830223083496,-0.9327086806297302,-1.7325692176818848,-5.9411234855651855,1.4853644371032717,-7.427366256713867,3.462079763412476,-4.270198822021484,-0.0401841215789318,-0.3435879647731781,2.472583770751953
7,6.943953990936279,38.63112258911133,-8.031691551208496,-1.49886953830719,-14.336221694946287,0.0388435795903205,-22.07016372680664,-9.424071311950684,-24.04812431335449,-15.234909057617188,-12.565567016601562,-15.752328872680664,-28.927175521850582,-21.34647750854492,-25.61676979064941,-6.547605991363525,-19.277530670166016,-8.784431457519531,-16.193456649780273,-3.742417335510254,-8.828454971313477,-5.398561000823975,-10.429838180541992,4.741424083709717,-5.329373836517334,-0.4834518134593963,-3.857012271881104,-6.785195827484131,-5.130784034729004,0.3701668977737427,0.2456644773483276,-3.447749376296997,-6.631816387176514,-0.035765741020441,-9.057127952575684,0.1028882712125778,-3.044947862625122,5.035534381866455,0.5756168961524963,-0.8206361532211304
7,-5.038860321044922,39.12215805053711,-11.229267120361328,1.9168518781661987,-15.461129188537598,0.8464707136154175,-20.00119400024414,-8.087056159973145,-17.244380950927734,-11.10745620727539,-19.91221618652344,-19.682138442993164,-29.41112899780273,-16.785123825073242,-23.431610107421875,-8.730172157287598,-20.888784408569336,-6.313625335693359,-10.194994926452637,-5.181985855102539,-10.800850868225098,-4.116938591003418,-7.873663902282715,0.8600237965583801,-5.76033353805542,0.5377282500267029,-4.294222354888916,-5.34468412399292,-3.5295567512512207,-0.0137594100087881,-2.259729146957397,-2.300501823425293,-3.695850610733032,2.1706621646881104,-7.069270610809326,1.6824800968170166,-2.904481649398804,0.2674351930618286,-1.909074544906616,-0.8671613931655884
7,0.7952984571456909,44.22887420654297,-10.626747131347656,-5.662511825561523,-14.005698204040527,6.762416362762451,-21.635541915893555,-8.96568775177002,-17.397998809814453,-13.826353073120115,-25.095556259155277,-22.03891944885254,-28.35550117492676,-12.955321311950684,-26.018335342407227,-11.206865310668944,-16.414297103881836,-5.22537088394165,-8.931146621704102,-6.141459465026856,-9.086045265197754,-4.453020095825195,-8.29073429107666,1.0762454271316528,-7.224833965301514,-4.603374481201172,-2.5767407417297363,0.545464038848877,-0.967989981174469,0.6833885908126831,-3.197793245315552,-1.8004953861236572,-2.8052408695220947,2.089747428894043,-8.386825561523438,2.324812412261963,-5.340020656585693,0.2064442038536071,-2.3292505741119385,-1.7441970109939575
7,3.41408920288086,46.37288284301758,-11.904800415039062,-3.7260706424713135,-21.678903579711918,-0.992036521434784,-16.516016006469727,-8.053966522216797,-21.03961181640625,-17.075532913208008,-27.628440856933597,-20.20395851135254,-24.982561111450195,-12.82861614227295,-29.02977561950684,-15.3734769821167,-16.58722686767578,-4.470828533172607,-12.077466011047363,-4.716131210327148,-8.803024291992188,-5.701610088348389,-7.53803014755249,2.1850006580352783,-13.729606628417969,-3.695945024490357,-1.2966021299362185,1.4750851392745972,-1.597143054008484,1.2446449995040894,-0.3781028687953949,-2.5920681953430176,-6.056861877441406,-2.009827852249145,-13.219786643981934,-1.7178913354873655,-2.83865737915039,2.3459103107452397,-0.3088088929653168,-0.4337429106235504
7,12.796786308288574,43.63458251953125,-14.325608253479004,-3.036594152450561,-22.05091094970703,-1.4770005941390991,-18.42588996887207,-7.474180221557617,-20.001697540283203,-24.779735565185547,-28.317657470703125,-13.429147720336914,-24.872432708740234,-15.87951374053955,-28.24279022216797,-11.970759391784668,-16.11871337890625,-5.189752101898193,-10.093815803527832,-8.109538078308105,-10.339054107666016,0.2136929631233215,-7.218273639678955,-2.5410919189453125,-10.513425827026367,0.3974734842777252,-1.959767818450928,-2.422856569290161,-2.622843027114868,1.3105714321136477,0.4149114787578583,-1.9408276081085205,-8.68732738494873,-0.368938535451889,-9.19919204711914,2.3092660903930664,-2.234835147857666,-1.3888330459594729,-2.7405617237091064,-0.1056235283613205
7,1.7590967416763306,40.04779815673828,-14.426932334899902,-2.03956937789917,-13.250166893005373,1.1258645057678225,-17.666166305541992,-8.473861694335938,-23.11889266967773,-22.9317684173584,-24.4147891998291,-11.692862510681152,-28.25347137451172,-16.760034561157227,-22.027267456054688,-10.711822509765623,-16.951936721801758,-4.004391670227051,-9.08473300933838,-6.05073881149292,-6.76229190826416,-1.2955673933029177,-10.226892471313477,-1.0957911014556885,-8.873963356018066,0.6788283586502075,-4.816758632659912,-3.713810682296753,-3.234791040420532,2.3247361183166504,0.3840488791465759,-0.9073281288146972,-4.325475215911865,1.0865960121154783,-6.511068820953369,1.180131196975708,-5.694243907928467,-2.365044355392456,-3.561363458633423,-3.429719924926758
7,6.632457733154297,44.87022018432617,-14.825356483459473,-5.454751968383789,-15.883245468139648,-3.5691335201263428,-17.960105895996094,-15.18732452392578,-28.89919853210449,-19.63247299194336,-23.37289810180664,-14.14039134979248,-24.601486206054688,-13.415297508239746,-22.5613956451416,-14.513086318969728,-16.46318817138672,-6.1957106590271,-13.901619911193848,-4.999210357666016,-7.928572654724121,-4.721822261810303,-10.922040939331056,1.5963853597640991,-10.835241317749023,0.3409969508647918,-3.843163728713989,-4.200387954711914,-3.202991008758545,1.999094843864441,-0.0268289018422365,-2.1852049827575684,-4.341272830963135,-1.565410614013672,-10.436735153198242,-1.4516468048095703,-5.694936275482178,-0.38262540102005,-3.815665006637573,-0.4252921938896179
9,-249.75164794921875,126.25623321533205,-24.64022827148437,17.31913948059082,22.457273483276367,-4.862541198730469,-7.660201549530029,20.6202392578125,-4.525323390960693,-9.694059371948242,-6.959648609161377,-6.403707504272461,-13.65928077697754,4.60713529586792,-19.83234596252441,-6.330300807952881,-3.414817571640014,-12.172492027282717,-8.396998405456543,6.333552837371826,-10.286147117614746,2.5155935287475586,-1.1244268417358398,-0.2289003431797027,-3.8895208835601807,8.228317260742188,-4.933691024780273,5.927053451538086,-1.7633261680603027,0.4103212356567383,2.31844162940979,3.813786268234253,-3.9657468795776367,6.339648246765137,-3.057849168777466,1.3905385732650757,0.8142232298851013,5.151802062988281,-3.5331361293792725,3.3329522609710693
8,-510.7731323242188,164.65089416503906,-24.99445915222168,3.140017032623291,-2.4282889366149902,20.69496726989746,7.638615608215332,7.97456693649292,3.2022581100463867,6.850964069366455,-0.0876062661409378,5.623683929443359,-3.546616792678833,0.2657849490642547,-1.8804575204849243,3.29699182510376,-3.29483962059021,-0.1117075234651565,-1.7098017930984497,1.09591805934906,-2.311143636703491,0.2308770716190338,-4.051955223083496,0.9471105933189392,-4.052172183990479,0.0439060144126415,-4.742562770843506,0.5201645493507385,-2.7324821949005127,0.9520440101623536,-2.472844362258911,-1.996752381324768,-3.560321807861328,-0.2995184659957886,-3.4971399307250977,-0.1837587803602218,-3.5953516960144043,-0.7356871366500854,-3.541398763656616,-1.1505725383758545
8,-522.1914672851562,166.00035095214844,-17.64965057373047,10.220759391784668,-1.2539429664611816,19.307218551635746,12.16476058959961,10.30746078491211,5.916244029998779,9.458524703979492,5.026127815246582,6.55159330368042,-3.2590339183807373,1.6624449491500854,-1.2144004106521606,3.4001386165618896,-2.354027271270752,0.1696824580430984,-2.4807474613189697,1.162535309791565,-2.486562728881836,-0.94147926568985,-5.496899604797363,0.325873464345932,-4.126392364501953,-0.5497491359710693,-6.527109622955322,-1.467041015625,-3.522810935974121,-0.221105009317398,-4.042474269866943,-3.2252867221832275,-4.6724700927734375,-0.1769673824310302,-3.298859119415283,-1.466773509979248,-3.931994199752808,-0.3437526822090149,-3.992355346679688,-1.4996715784072876
8,-547.5905151367188,179.5102996826172,-14.845252990722656,-11.787856101989746,0.0768926069140434,12.870647430419922,9.589666366577148,7.380009651184082,-1.227915644645691,6.343878269195557,3.879154682159424,4.311714172363281,-5.147378921508789,-1.3073447942733765,-2.385380506515503,3.951804876327514,-3.660443067550659,0.638424813747406,-4.554550647735596,-0.0633286908268928,-0.6041377782821655,0.0382917448878288,-5.451210498809815,0.4423600435256958,-2.950026035308838,0.9648072123527528,-4.91237735748291,-0.9814555644989014,-4.450443744659424,0.3889025747776031,-3.351802110671997,-2.69363021850586,-4.946481704711914,-0.8572131991386414,-3.6188905239105225,-0.5982807278633118,-4.668378829956055,-1.0149701833724976,-3.832953453063965,-0.9670259952545166
8,-546.9070434570312,180.64649963378903,-15.810873031616213,-12.5784330368042,1.4716238975524902,13.269158363342283,8.984675407409668,6.568324089050293,-1.3245537281036377,6.793706893920898,4.09785270690918,4.050302028656006,-6.333061218261719,-0.9475035667419434,-0.7980417013168335,4.028816223144531,-3.573826789855957,1.2007609605789185,-3.88340163230896,0.7261173129081726,-0.1063702553510665,-0.0406469888985157,-5.590343952178955,0.7150248289108276,-2.8192625045776367,0.4530984461307525,-4.853830337524414,-0.4895631968975067,-3.2265007495880127,0.6875895261764526,-3.666491270065308,-2.759502410888672,-4.0754714012146,0.0189827941358089,-3.1038339138031006,-0.3524356782436371,-4.683605194091797,-1.1227797269821167,-3.238537311553955,-0.5291920900344849
8,-546.6009521484375,179.63980102539062,-16.34185218811035,-13.192097663879396,-3.2490665912628174,10.996899604797363,6.321598052978516,8.918930053710938,1.7508622407913208,6.958491802215576,-0.628324568271637,3.34806489944458,-5.4508795738220215,-0.0162824485450983,-3.447307586669922,2.3068110942840576,-5.285974025726318,1.873642086982727,-2.526756048202514,0.5421102046966553,-3.360527276992798,0.3795988857746124,-5.629600524902344,0.589746356010437,-4.458969593048096,0.5497276782989502,-5.5237956047058105,0.2670187652111053,-4.4851975440979,-0.1922042071819305,-5.142422199249268,-0.9054933190345764,-3.4048514366149902,0.9570788145065308,-4.175539970397949,-0.5002998113632202,-4.530205726623535,0.2924967408180237,-3.906386613845825,-0.5824499726295471
8,-543.2315063476562,181.40667724609372,-16.84080696105957,-13.922391891479492,-4.716280460357666,8.880958557128906,5.525975704193115,8.810137748718262,2.493682384490967,8.705880165100098,0.5427303314208984,2.862860202789306,-4.997117042541504,0.0147007852792739,-4.993762493133545,1.847927212715149,-4.582098484039307,1.502346158027649,-2.8360042572021484,0.7036001682281494,-3.350235939025879,0.0448775887489318,-6.306450843811035,-0.4217337071895599,-4.2677531242370605,2.6141951084136963,-3.1765458583831787,1.046579122543335,-5.724477291107178,-1.3155792951583862,-5.870665550231934,-1.3007793426513672,-3.3714370727539062,1.4370543956756592,-3.805601358413696,-0.5501353740692139,-5.36667537689209,0.3820250332355499,-3.268807888031006,-0.3964515328407287
8,-542.0401611328125,186.6643524169922,-18.478479385375977,-18.649688720703125,-1.9288012981414795,13.180604934692385,6.468501567840576,6.391134262084961,-0.8317697048187256,8.604386329650879,2.7783312797546387,4.274788856506348,-5.654745101928711,-1.438600778579712,-4.434391975402832,4.100825786590576,-4.294187545776367,0.5866228938102722,-4.282148361206055,1.0004503726959229,-2.187593698501587,-0.2225402891635894,-8.247686386108398,-2.1489346027374268,-3.779728651046753,4.995920181274414,-0.5858038663864136,3.359539031982422,-4.636030673980713,-2.237278461456299,-7.192673683166504,-3.018444538116455,-4.183567047119141,1.9196313619613647,-3.125671625137329,-0.3318265378475189,-6.855904579162598,-0.3997684419155121,-2.505908966064453,-0.071627028286457
8,-544.69921875,186.30735778808597,-17.00057029724121,-20.088592529296875,-2.373969793319702,14.83842945098877,8.279726028442383,8.022708892822266,-0.8573740720748901,5.438522338867188,0.0576642863452434,4.896260738372803,-4.310330867767334,-1.510197997093201,-4.710475921630859,4.024050235748291,-3.8155479431152335,1.1103910207748413,-4.915462970733643,-0.267770767211914,-2.5686440467834477,0.6861308813095093,-6.62040376663208,-1.7993837594985962,-4.428402423858643,3.741065263748169,-1.7651190757751465,3.418399810791016,-3.848602771759033,-1.7140226364135742,-6.10213041305542,-2.70183539390564,-4.32737398147583,1.6421324014663696,-3.326377868652344,-0.1985044330358505,-5.681704998016357,-1.0310640335083008,-3.159739255905152,0.2074419856071472
8,-550.3712158203125,182.889404296875,-12.980316162109377,-15.963937759399414,-2.4224865436553955,11.855107307434082,5.924065113067627,7.503096103668213,0.4862931072711944,6.477421760559082,-0.3572960197925567,4.974261283874512,-3.349442481994629,0.5914453268051147,-4.0946946144104,2.514290809631348,-5.143101692199707,1.3213852643966677,-4.561157703399658,-0.4368840157985687,-3.428410291671753,1.0463558435440063,-4.48495626449585,0.3186722993850708,-4.6929030418396,0.7608357071876526,-5.206676483154297,1.225206732749939,-3.972001552581787,-0.1076584979891777,-4.350472450256348,-1.137006163597107,-3.8721401691436768,0.8849808573722839,-3.937603712081909,-0.3320859670639038,-4.838871002197266,-0.0742571949958801,-3.4787330627441406,-0.4063085615634918
8,-550.591064453125,183.48812866210935,-10.31863021850586,-13.184914588928224,-3.361736297607422,7.359156131744385,1.837185025215149,7.682217121124268,4.014627933502197,10.194849967956545,1.5816055536270142,5.081869125366211,-3.207656145095825,0.932506024837494,-5.008533477783203,0.9222604632377625,-6.184708595275879,1.9201616048812864,-3.133928060531616,0.7656567692756653,-3.1028220653533936,0.980039119720459,-5.107813835144043,0.5273992419242859,-4.768723487854004,-0.0131070651113986,-6.316576480865479,0.2266800105571746,-3.8877108097076416,0.7978635430335999,-3.5550553798675537,0.017563659697771,-3.742152214050293,0.2233513593673706,-4.483956336975098,-1.0849041938781738,-5.586741924285889,-0.0670871809124946,-3.604336977005005,-0.023225950077176
8,-549.6421508789062,185.03944396972656,-10.862449645996094,-12.98086929321289,-3.7330732345581055,5.46738862991333,0.8558980226516724,9.302879333496094,5.788680076599121,10.557588577270508,1.65162456035614,5.481875896453857,-2.4239742755889893,0.5744847655296326,-6.24112606048584,0.6667546033859253,-5.853046417236328,2.5218217372894287,-2.5121750831604004,0.9732555150985718,-2.7260453701019287,1.4829531908035278,-4.660469055175781,0.8306993246078491,-4.548673629760742,0.0503834746778011,-7.046897411346436,-0.6673533320426941,-4.685264587402344,-0.1158490478992462,-3.934113025665283,-0.1201455667614936,-3.391632556915283,0.5265109539031982,-4.54813289642334,-1.3267123699188232,-6.204038143157959,-0.9797799587249756,-4.846096992492676,-0.0766447633504867
8,-500.0194091796875,163.9813995361328,-18.58968162536621,23.937883377075195,-3.428037166595459,18.17245864868164,11.870349884033203,13.74183750152588,9.209620475769045,10.894885063171388,4.896857738494873,6.750332355499268,-1.301830172538757,3.060784339904785,-1.5865048170089722,0.8353399634361267,-1.6262847185134888,1.42793869972229,-3.3404135704040527,0.4097668528556824,-3.493144989013672,0.418126106262207,-4.894071102142334,0.3036026358604431,-4.327539920806885,-1.0602513551712036,-6.646528244018555,-1.542267680168152,-3.6308248043060303,-0.9897598624229432,-4.10296106338501,-1.0904755592346191,-4.019585609436035,-0.9420924782752992,-3.147970676422119,-1.0854140520095823,-3.5348711013793945,0.6057935357093811,-4.24986457824707,-0.0661632120609283
8,-498.8609008789063,167.28570556640625,-15.101709365844728,25.1524715423584,-4.128255844116211,12.891778945922852,8.559325218200684,14.799386978149414,11.31431484222412,12.61355972290039,5.475322246551514,6.4303364753723145,-0.911797821521759,2.817420959472656,-1.967126965522766,0.3072606027126312,-2.3296618461608887,2.6125147342681885,-1.5145759582519531,0.1560719758272171,-3.059858083724976,1.6329783201217651,-3.157043695449829,1.13939368724823,-4.087526321411133,-1.187975525856018,-5.607677459716797,-0.7727364897727966,-3.0490942001342773,-1.2017526626586914,-3.3228702545166016,0.2718409597873688,-3.038461208343506,-1.267233967781067,-3.3552703857421875,-0.5996857285499573,-3.437564849853516,0.6843923926353455,-2.8372058868408203,0.6364272832870483
8,-529.104248046875,173.275390625,-11.385601043701172,9.9186429977417,-1.1312663555145264,10.23007106781006,8.115867614746094,11.69844913482666,8.290736198425293,10.806001663208008,3.3985164165496826,5.292034149169922,-1.1737005710601809,2.5462145805358887,-2.1107492446899414,1.258690357208252,-3.573068618774414,2.096520185470581,-1.6523782014846802,-0.2209985256195068,-2.7442760467529297,1.292876362800598,-3.356419086456299,0.8740428686141968,-3.937258005142212,-1.227786421775818,-5.217195510864258,-0.2492999881505966,-3.6972620487213135,-1.049225926399231,-3.158931255340576,-0.7655298113822937,-3.4561450481414795,-0.7609806656837463,-4.022189140319824,-0.8722883462905884,-3.7679481506347656,-0.1648226231336593,-2.672659397125244,-0.4634978771209717
8,-548.7964477539062,174.77914428710938,-10.501368522644045,0.8205938339233398,0.3302419185638428,10.528158187866213,6.341259002685547,10.226305961608888,5.117186546325684,8.415092468261719,-0.9285936951637268,3.935999155044556,-2.426899671554565,2.885092258453369,-2.1510162353515625,2.964625835418701,-4.451076507568359,2.2612078189849854,-3.334683656692505,-0.2075262814760208,-3.647352695465088,1.4775301218032837,-3.9407589435577393,1.548668622970581,-4.532987594604492,-0.1413178890943527,-5.924710750579834,0.1424793004989624,-4.845112323760986,0.3002664446830749,-3.951371669769287,-0.7721585631370544,-4.30063009262085,0.1240444257855415,-4.772871494293213,-0.2790287733078003,-4.70190954208374,-0.4338138699531555,-4.4285502433776855,-0.3324304223060608
8,-552.0480346679688,177.16067504882812,-9.62648582458496,-4.928346633911133,0.8643643856048584,10.518346786499023,7.561413288116455,10.87869358062744,5.557261943817139,7.165230751037598,-0.8605635166168213,3.6915862560272217,-1.1157742738723757,2.70776891708374,-1.9749811887741089,1.9631705284118648,-4.227806568145752,1.8685729503631592,-2.9612627029418945,-0.7640677094459534,-2.909998655319214,0.8405596017837524,-2.757025718688965,1.7660187482833862,-3.186037540435791,0.4629646837711334,-5.279051303863525,-0.6167324781417847,-4.125962257385254,-0.0840989798307418,-3.202999353408813,-1.190973162651062,-3.889578342437744,-0.5456708073616028,-4.020735740661621,-0.3597235381603241,-4.219080924987793,-1.0710012912750244,-4.377242565155029,-0.9604501128196716
8,-549.822021484375,179.87777709960938,-12.028603553771973,-12.109946250915527,-1.1378016471862793,13.197795867919922,11.067867279052734,11.20017910003662,2.176766872406006,4.270790100097656,-0.1404518187046051,6.42099142074585,0.3064992427825928,1.1917580366134644,-3.854696750640869,1.6568313837051392,-3.7339298725128174,2.0983707904815674,-3.122891664505005,-1.3212172985076904,-2.6916208267211914,1.3438262939453125,-2.952065944671631,0.5499709248542786,-3.633588314056397,0.4711948037147522,-4.57550573348999,-0.1425477415323257,-3.8251659870147705,-0.7883692383766174,-3.348250389099121,-1.550978422164917,-4.28985071182251,-1.175067901611328,-4.329029083251953,-0.113891027867794,-3.928080558776856,-1.4224534034729004,-5.209153175354004,-1.5902488231658936
8,-549.4876098632812,178.9784393310547,-13.178196907043455,-14.501914024353027,-3.329464912414551,12.282593727111816,10.45702838897705,9.789718627929688,1.822726249694824,4.905313491821289,0.5684614181518555,5.803463459014893,-2.155616283416748,-1.236866474151611,-4.366451740264893,2.986377239227295,-3.272650718688965,1.2876529693603516,-3.385399341583252,-1.484888195991516,-3.304341077804565,0.4074034094810486,-4.515600204467773,-1.0479438304901123,-4.109225273132324,0.1916784644126892,-4.709786415100098,-0.401366114616394,-4.291783332824707,-1.646507978439331,-4.153005123138428,-2.1199870109558105,-4.720265865325928,-1.036897897720337,-4.133162975311279,-0.5239976048469543,-3.862886905670166,-0.958156406879425,-4.931290149688721,-1.6831109523773191
8,-551.64697265625,178.55413818359375,-13.513754844665527,-12.71511936187744,-3.8025290966033936,11.73277473449707,7.514178276062012,8.765563011169434,1.3691785335540771,6.757442951202393,0.1684339940547943,4.409844875335693,-4.777967929840088,-1.059131383895874,-4.249948978424072,4.188373565673828,-5.013384819030762,0.7618067860603333,-4.064332485198975,-0.3247249126434326,-3.6565330028533936,0.5765621066093445,-5.5126633644104,0.0576793029904365,-4.006356239318848,1.0843603610992432,-6.145952224731445,-0.5617998838424683,-5.257281303405762,-0.6505615711212158,-4.523637771606445,-1.4432642459869385,-5.516836643218994,-0.5413715243339539,-4.615908622741699,-0.6800851821899414,-4.71083927154541,0.5624100565910339,-4.677505016326904,-1.574994444847107
7,-259.947509765625,76.68607330322266,17.466453552246094,-2.917959928512573,-13.76307201385498,-5.746496200561523,-0.8593916296958923,6.063852310180664,-4.312283992767334,-0.8544378280639648,-0.1939138621091842,3.4066712856292725,2.5568337440490723,1.7331337928771973,-2.350404739379883,5.124415874481201,-1.2305952310562134,2.2497520446777344,-0.8022782206535339,4.451808452606201,-2.94369912147522,4.164620399475098,-2.5575027465820312,4.743683815002441,-1.95764422416687,4.501776218414307,-3.939095735549927,5.363732814788818,-1.6217360496520996,2.678468942642212,-1.855205774307251,0.997145652770996,-1.7968266010284424,1.560836911201477,-2.282813787460327,0.6612692475318909,-3.227567434310913,1.3757086992263794,-2.855069875717163,1.201470136642456
7,-264.8716735839844,97.18927001953124,-2.1424386501312256,-6.813256740570068,-16.980117797851562,-9.729466438293455,-4.986419677734375,4.649340629577637,-5.5368266105651855,0.445294052362442,-5.432446002960205,1.211372137069702,-3.369934558868408,1.3832592964172363,-5.147815227508545,1.5581954717636108,-1.806243658065796,2.051474094390869,-1.879270911216736,3.2412304878234863,-4.717617034912109,2.576824188232422,-4.450547695159912,2.921947717666626,-3.9474711418151855,2.276851177215576,-2.353774070739746,4.237459659576416,-0.917786717414856,1.1951558589935305,-2.07794451713562,2.8873915672302246,-3.1668200492858887,1.155349850654602,-2.9108269214630127,2.3123083114624023,-0.8822646141052246,1.4790319204330444,-1.7301431894302368,1.257166862487793
7,-253.5950469970703,86.03307342529297,16.033449172973633,-4.4286208152771,-13.9857177734375,-5.290477752685547,0.2021146118640899,5.232542037963867,-6.348719596862793,2.144620180130005,-1.356010913848877,3.95432186126709,-2.290415048599243,3.3084516525268555,-1.7300349473953247,4.397087574005127,-2.095875024795532,3.3643856048583984,-0.7046187520027161,4.255557060241699,-2.8986034393310547,1.8156331777572632,-3.5577480792999268,2.714820384979248,-4.934599876403809,4.568210124969482,-3.537240982055664,3.872180223464966,-1.5172603130340576,1.330832600593567,-0.1588100641965866,1.5072637796401978,-3.497403144836426,1.305817723274231,-2.948878526687622,2.2573022842407227,-3.038084030151367,4.399116039276123,-1.8584139347076416,2.1248576641082764
7,-277.2651672363281,103.24406433105467,8.30600643157959,-5.806794166564941,-4.533626079559326,-3.2816877365112305,-2.128049612045288,6.2702484130859375,-4.483122825622559,2.381711483001709,-4.004742622375488,4.435430526733398,-1.112610936164856,1.5279194116592407,-3.319103956222534,2.868002891540528,0.1114444509148597,3.0139389038085938,-1.2520276308059692,3.7122085094451904,-2.6624844074249268,3.3300323486328125,-2.750293970108032,5.0363054275512695,-0.9196643233299256,3.1543030738830566,-1.9973167181015012,4.640751838684082,-0.3369675874710083,1.5637253522872925,-2.1492865085601807,2.4124979972839355,-2.289313077926636,2.054373979568481,-2.6134040355682373,1.1802544593811035,-2.599968910217285,2.434553384780884,-2.578352928161621,1.0781384706497192
7,-208.867919921875,87.16363525390625,-11.925095558166504,-5.801084995269775,-5.535262584686279,-6.217063903808594,-5.509786128997803,3.752335786819458,-6.21972131729126,0.341069608926773,-3.183623075485229,3.34831166267395,-1.2758516073226929,4.13325309753418,-5.861776828765869,-0.2671904861927032,-3.950976610183716,1.464899659156799,-1.8232436180114744,3.3833000659942627,-5.8043389320373535,1.1731282472610474,-5.600475311279297,0.3847114145755768,-4.741935729980469,1.4589285850524902,-2.273261308670044,2.6589972972869877,-3.944344282150269,2.257606744766236,-2.854951858520508,2.9322309494018555,-3.469612836837769,1.0524977445602417,-2.9526968002319336,1.0364829301834106,-0.936922550201416,3.2345123291015625,-2.746281862258911,1.248785138130188
7,-280.3139953613281,90.58991241455078,-11.076062202453612,-7.618471622467041,-6.132362842559815,0.4788957238197326,3.039566993713379,9.778983116149902,1.499200701713562,6.254098892211914,-1.3319761753082275,2.7462332248687744,-3.941511869430542,1.967024326324463,-1.7983262538909912,1.5591751337051392,-3.929169654846192,1.0506432056427002,-5.225142002105713,-1.258244276046753,-4.923812389373779,0.4694500267505646,-3.63767147064209,-0.6850424408912659,-5.487330436706543,-1.3411866426467896,-6.7453436851501465,-0.6059327125549316,-4.035833358764648,1.146265149116516,-3.675894260406494,-0.3608689904212951,-3.166591167449951,2.3527169227600098,-1.0658152103424072,1.159764528274536,-1.0627655982971191,1.204558491706848,-2.7778868675231934,-0.72721266746521
7,-269.5406799316406,107.14837646484376,-1.4519295692443848,-0.0300127398222684,1.0306572914123535,7.660322666168213,9.878076553344728,15.330279350280762,1.9688928127288816,8.700540542602539,2.356429100036621,5.441679000854492,-1.7103112936019895,4.093852043151856,-1.1779255867004397,3.1144747734069824,-1.1680731773376465,2.95157241821289,-2.529099702835083,1.707718014717102,-1.5981028079986572,1.1585447788238523,-2.524897575378418,1.0425752401351929,-2.748300313949585,1.4757943153381348,-3.4208569526672363,0.6438668966293335,-1.27359938621521,1.5705894231796265,-2.921654224395752,0.6827995777130127,-2.574881792068481,2.936922788619995,0.3975307643413543,0.8820527195930481,-1.9626518487930296,0.764725923538208,-3.5600180625915527,0.2880063056945801
5,-248.5912322998047,112.7624969482422,8.375889778137207,11.310110092163086,5.630937576293945,10.640417098999023,7.491989612579346,10.918183326721191,2.954500675201416,3.042943239212036,-0.1792290955781936,7.202411651611328,3.123697280883789,7.256465435028076,2.606736421585083,6.369736194610596,2.755844831466675,4.86427640914917,0.4159262776374817,2.867397785186768,-1.0467015504837036,1.1147196292877195,-1.6230227947235107,1.175514578819275,-2.359649181365967,1.292528510093689,-1.8632831573486328,-0.2470962107181549,-2.0225493907928467,1.075225591659546,-1.1011021137237549,1.1030625104904177,-2.863924980163574,-1.124150276184082,-1.086888074874878,0.567430317401886,-1.9974621534347532,0.4409942626953125,-0.1882828176021576,0.9216999411582948
5,-199.42762756347656,75.83622741699219,-9.76404857635498,6.6750335693359375,-4.831054210662842,3.3103601932525635,-7.725972175598144,5.84952974319458,-6.408507347106934,-0.827099084854126,-7.892271041870117,2.1984941959381104,-2.958247423171997,2.7315375804901123,0.5654032230377197,5.494678974151611,-0.7073902487754822,2.672929286956787,-3.739976644515991,1.2541718482971191,-3.117926597595215,0.0484027527272701,-5.698002815246582,0.2576964795589447,-4.157963752746582,0.8591187596321106,-2.223503589630127,0.7569426894187927,-3.1703600883483887,0.8040748238563538,-3.303142070770264,1.403990626335144,-2.7099609375,0.1733737289905548,-1.44670569896698,2.603729486465454,-0.6805153489112854,1.3904976844787598,-2.718195915222168,0.9652060866355896
5,-226.92742919921875,72.6036148071289,4.30989933013916,8.503355026245117,-2.575382709503174,3.585127115249634,-3.8318300247192383,5.239298343658447,-4.753179550170898,-0.8478095531463623,-7.21051025390625,1.6743931770324707,-5.585672378540039,-0.6997492909431458,-2.847141742706299,4.110755443572998,-0.2488768100738525,2.293248414993286,-4.016557693481445,-0.096816673874855,-4.919516086578369,-1.7826415300369265,-5.6051530838012695,-0.6310131549835205,-5.863162040710449,0.0764054432511329,-4.549609661102295,-2.531327962875366,-5.453580379486084,-0.4864307045936584,-4.247263431549072,-0.0264143273234367,-4.063890933990479,-0.2865778505802154,-1.9237914085388184,0.949914813041687,-2.538405418395996,1.5967086553573608,-0.8382827043533325,0.8669185638427734
7,-212.89797973632807,189.5496368408203,-18.638425827026367,18.165834426879883,-5.430914878845215,9.531731605529783,-5.7893781661987305,5.290370464324951,-1.0871846675872805,14.130526542663574,0.8185601830482483,4.878158092498779,0.479864627122879,11.20284652709961,2.915675401687622,1.5831048488616943,-5.053461074829102,-2.360157251358032,-4.876941204071045,1.7006702423095703,1.670263409614563,-0.1782257407903671,-4.2048163414001465,-0.6934698820114136,-1.650318264961243,-2.0055630207061768,-2.4136033058166504,-0.5824233293533325,-2.202511548995972,-0.7860561609268188,-0.7056046724319458,-1.7507481575012207,-5.278275012969971,-1.5695348978042605,-1.3257585763931274,1.9603554010391235,-4.48016881942749,-6.246896743774414,-4.702227592468262,-2.539987087249756
7,-210.9507598876953,189.98748779296875,-18.81279563903809,17.292633056640625,-5.951709747314453,9.81931972503662,-7.200314044952393,5.840169906616211,-0.6668571829795837,14.235358238220217,0.6373686790466309,5.238097667694092,-0.4786457121372223,11.638538360595703,2.2298803329467773,2.534876823425293,-5.2538933753967285,-2.4481301307678223,-4.461214065551758,2.029330015182495,1.4920227527618408,-0.246499478816986,-4.930222988128662,-0.0827566906809806,-1.3097457885742188,-1.7863178253173828,-3.9149134159088135,-0.8100471496582031,-2.669290781021118,-1.0549118518829346,-1.106568455696106,-1.838045358657837,-5.602679252624512,-0.8810750246047974,-1.4598561525344849,2.2906737327575684,-4.40531063079834,-5.301644802093506,-4.411506652832031,-2.2992913722991943
7,-209.08108520507807,190.1673583984375,-19.13602066040039,15.547475814819336,-6.0284810066223145,9.703004837036133,-6.962653636932373,6.004380226135254,-0.4701955318450928,13.948713302612305,0.3691253364086151,5.0964860916137695,-0.7478799819946289,11.418486595153809,2.3619906902313232,2.9957833290100098,-5.386167526245117,-2.212141513824463,-4.065260410308838,2.0888397693634038,2.068397045135498,-0.9344441890716552,-5.436472892761231,-0.1726791113615036,-1.0761101245880127,-1.6324766874313354,-4.6927595138549805,-0.8115527033805847,-2.4854040145874023,-1.1680580377578735,-1.2210657596588137,-1.0868490934371948,-5.024871349334717,-0.6123048067092896,-1.7009438276290894,2.4220917224884038,-4.434762954711914,-4.997000694274902,-4.371584415435791,-2.779919147491455
7,-207.9599456787109,190.5129547119141,-19.432222366333008,15.980307579040527,-6.152088165283203,9.536258697509766,-6.250656127929688,6.160935401916504,-0.8856346011161804,13.687129974365234,0.258725106716156,4.705927848815918,-0.4957768321037292,11.060589790344238,2.526758909225464,2.92736291885376,-5.486356735229492,-2.605950117111206,-4.1019439697265625,2.3047916889190674,2.322198867797852,-1.4841142892837524,-5.549482822418213,-0.2522777616977691,-1.270717740058899,-1.6819822788238523,-4.914271831512451,-1.008208990097046,-2.502256155014038,-1.147143006324768,-1.0487574338912964,-1.0059354305267334,-4.813199043273926,-0.6795392632484436,-1.6689497232437134,1.9730069637298584,-4.550197601318359,-5.275977611541748,-4.501535415649414,-2.8195838928222656
7,-208.4443817138672,190.80735778808597,-19.43696403503418,16.08852767944336,-6.562267303466797,9.76314926147461,-6.421632289886475,6.142885208129883,-0.5096827149391174,13.43177890777588,0.4217698574066162,4.795551300048828,-0.2012747228145599,11.447417259216309,2.6675398349761963,2.470583915710449,-5.388087749481201,-2.537394523620605,-4.082784652709961,2.159531831741333,1.707569599151611,-1.4920227527618408,-5.464521884918213,0.0697500631213188,-1.0066310167312622,-2.2852256298065186,-4.450563907623291,-0.586758017539978,-1.9888659715652464,-0.7495554685592651,-0.9749760031700134,-1.1438775062561035,-4.974399089813232,-0.711925208568573,-1.255637288093567,1.813093900680542,-4.974260330200195,-5.7343573570251465,-4.280607223510742,-2.702450752258301
7,-210.6195068359375,190.69210815429688,-18.86947631835937,15.489160537719728,-6.440557479858398,9.449456214904783,-7.201678276062012,5.503793239593506,-0.2274991124868393,13.263813018798828,0.4116085767745971,4.9288506507873535,-0.4110900461673736,11.478306770324709,3.073636531829834,2.044401168823242,-5.826836585998535,-2.7610127925872803,-4.3196868896484375,1.6748300790786743,1.353670954704285,-1.0630104541778564,-5.049664974212647,-0.2688294351100921,-1.246367573738098,-1.8534034490585327,-3.286823272705078,-0.0787379294633865,-1.545577049255371,-0.276158720254898,-0.9199906587600708,-1.4606353044509888,-5.287773132324219,-1.0607776641845703,-1.6795964241027832,2.155400037765503,-4.857845783233643,-5.477566719055176,-4.353360176086426,-2.8469696044921875
9,-312.6540222167969,124.5844955444336,-8.411188125610352,15.259203910827637,3.45478892326355,-1.8140182495117188,-5.659791946411133,1.735947847366333,-6.20283842086792,5.289091110229492,-2.214984893798828,4.219848155975342,-4.0557050704956055,3.868143558502197,-0.6773591041564941,5.371570110321045,-4.978623390197754,0.9946050643920898,-3.312960147857666,2.008183717727661,-1.1545584201812744,3.6923093795776367,-3.4522743225097656,3.338714838027954,-0.2475757896900177,3.38480544090271,-4.190365314483643,2.664762496948242,0.3563996851444244,3.965096473693848,-2.659962654113769,3.929529905319214,3.0019750595092773,4.942981719970703,-2.289135694503784,2.429229974746704,-3.2447967529296875,-0.1053805500268936,-0.1904164552688598,3.1920101642608643
9,-257.7423095703125,138.6892547607422,-18.54154396057129,23.19291114807129,4.2461700439453125,2.4645023345947266,-8.721400260925293,-2.656534433364868,-4.149630546569824,7.700124740600586,-1.946657419204712,6.527632236480713,0.71724933385849,6.992925643920898,-4.075511932373047,6.074650764465332,-6.786867141723633,-2.3371007442474365,-5.628427982330322,0.9260632991790771,-1.213361144065857,4.226369857788086,-6.43614387512207,-0.612422525882721,-0.2016604244709015,3.279834270477295,-6.558009624481201,-1.915478467941284,-0.2887543141841888,4.967860221862793,-4.111100673675537,0.6653626561164856,-2.621245145797729,2.2141075134277344,-5.2595086097717285,1.6407595872879028,-3.425177335739136,-3.1662707328796387,-2.418091058731079,5.765468120574951
9,-267.5158386230469,126.5364761352539,-5.417323112487793,14.58944606781006,5.281503677368164,1.7090171575546265,-7.889244079589844,2.373871326446533,-4.268972396850586,3.4078898429870605,-1.6370797157287598,6.015876293182373,-2.145240306854248,7.7757463455200195,-1.9585847854614256,8.846052169799805,-2.8265867233276367,0.3781025111675262,-2.903689384460449,1.3877286911010742,0.7201831936836243,4.543083190917969,-4.570227146148682,2.919802665710449,2.154771327972412,6.45832109451294,-5.748705863952637,1.8984477519989011,5.042473316192627,5.47704029083252,-4.185450077056885,3.0090410709381104,2.153944492340088,3.1643083095550537,-5.231143951416016,1.6218181848526,-3.692756414413452,-1.6872591972351074,-1.0468761920928955,5.4983391761779785
9,-269.2619934082031,127.0325164794922,-4.93692684173584,11.42287254333496,6.606838226318359,-0.6323312520980835,-8.36052131652832,1.4473679065704346,-3.3301684856414795,4.958718299865723,-1.3685650825500488,5.211259841918945,-3.3397796154022217,6.765130996704102,-0.097895823419094,7.11287784576416,-3.621004104614258,2.1027212142944336,-1.7369229793548584,3.1211421489715576,-0.1557867676019668,3.924434185028076,-5.53330135345459,2.4766573905944824,1.6474525928497314,6.075674533843994,-8.064343452453613,2.029080629348755,4.891976356506348,4.746572017669678,-5.791897773742676,1.70171058177948,1.4491158723831177,3.2170543670654297,-4.562054634094238,2.701302528381348,-3.636662721633911,-2.31813907623291,-1.69364333152771,6.997658729553223
9,-274.3593139648437,124.38574981689452,-6.972678661346436,12.51728343963623,5.300276279449463,-1.1993411779403689,-8.792014122009277,0.508307158946991,-2.194050073623657,8.245625495910645,-0.8065015077590942,5.03037166595459,-3.3647027015686035,5.393747806549072,-1.8973777294158936,6.3276143074035645,-1.5853116512298584,1.4626768827438354,-4.250001430511475,2.308417797088623,-2.911372661590576,3.969960451126098,-4.233592510223389,2.436933279037476,-1.3093078136444092,3.009596347808838,-6.61782693862915,3.651728391647339,1.5342624187469482,2.14717435836792,-4.12681245803833,3.5728752613067627,3.369005918502808,2.539321184158325,-5.365005970001221,1.0598102807998655,-7.167057991027832,1.263335347175598,1.290830373764038,4.938859939575195
9,-266.2122497558594,131.1011199951172,-13.133907318115234,17.586679458618164,4.699556827545166,3.931645631790161,-11.1927490234375,-1.6535083055496216,-4.483047962188721,4.610467433929443,1.9053930044174197,7.509657859802246,-5.059218406677246,8.832154273986816,-0.0622406005859375,5.45279598236084,-9.57843017578125,-3.631922721862793,-5.761588096618652,-0.7892327308654785,-3.040128231048584,1.7811734676361084,-6.839701175689697,-0.3512054681777954,-1.439136266708374,7.504115104675293,-4.725447654724121,-4.241634845733643,-0.4105842113494873,6.947620391845703,-4.763571262359619,-3.737179756164551,-4.532532215118408,4.564270496368408,-4.92716121673584,1.6154314279556274,-2.995357036590576,-7.037707805633545,-5.52433443069458,5.965401649475098
9,-260.6636657714844,138.08245849609375,-11.094290733337402,13.901581764221191,-22.969139099121094,-13.636340141296388,-22.241735458374023,-19.32686424255371,-23.142038345336918,-4.585689067840576,-15.766424179077148,-9.676148414611816,-16.342613220214844,-13.103777885437012,-17.36722183227539,-7.426572322845459,-12.541382789611816,-7.084253311157227,-9.730690956115724,-3.7386648654937744,-8.096197128295898,1.0424436330795288,-8.48241901397705,-2.256643056869507,-7.689447402954102,-0.4219711720943451,-5.076381206512451,-1.668238639831543,-2.29510760307312,-1.6085374355316162,-1.6867859363555908,1.228584051132202,-3.4252328872680664,1.919893860816956,-5.0329999923706055,1.3403630256652832,-1.119147539138794,4.657392978668213,-0.3353163301944732,2.158363103866577
9,-266.17340087890625,136.81092834472656,-24.908287048339844,13.616575241088867,-28.138671875,-17.515052795410156,-21.36920928955078,-17.35927963256836,-21.045448303222656,-9.371785163879396,-16.45713233947754,-10.507827758789062,-16.072690963745117,-13.405964851379396,-20.90829849243164,-11.722733497619627,-16.126419067382812,-8.006988525390625,-10.215453147888184,-5.912287712097168,-8.180928230285645,0.2738769054412842,-4.089175701141357,4.055413722991943,-3.29237961769104,3.223034381866455,-1.9698162078857424,3.068398952484131,0.0789616778492927,-0.7565092444419861,-0.5973244905471802,3.589054822921753,-0.3744777739048004,2.651029109954834,-4.706723213195801,-1.4833433628082275,-2.6904993057250977,-0.0221039429306983,-4.248558521270752,1.693302869796753
9,-226.96165466308597,149.64060974121094,-15.375269889831545,16.76353645324707,-29.319849014282227,-14.205583572387695,-21.562889099121094,-16.641206741333008,-19.471879959106445,-11.115246772766112,-14.923828125,-14.885759353637695,-16.200008392333984,-14.958428382873535,-15.872061729431152,-12.016307830810549,-17.30517578125,-10.337014198303224,-9.345887184143066,-8.043740272521973,-6.366038799285889,-2.566699504852295,-5.684493541717529,-3.2192604541778564,-6.64711856842041,-3.7396585941314697,-4.810224533081055,-1.8273483514785769,-0.0824496895074844,-3.1029884815216064,-1.0308001041412354,1.1745343208312988,1.4820846319198608,2.5581297874450684,-1.3841586112976074,-0.0593967773020267,2.1699342727661133,1.743141531944275,-0.0128045054152607,0.4789475798606872
9,-220.10047912597656,141.05613708496094,-7.89828634262085,10.012551307678224,-26.234769821166992,-11.631769180297852,-23.37950134277344,-13.05742645263672,-27.975461959838867,-10.62488842010498,-15.149765014648438,-12.830399513244627,-26.829837799072266,-15.365488052368164,-19.380704879760746,-11.909523010253906,-15.362810134887695,-11.27744197845459,-11.584310531616213,-7.131156921386719,-5.656309604644775,0.3724153041839599,-7.146458148956299,-2.299445867538452,-5.436864376068115,2.8530595302581787,2.6089060306549072,-0.9950230121612548,-5.686039924621582,-8.49385929107666,-1.723133563995361,4.269406795501709,-2.45340633392334,-0.3040403127670288,-6.765407085418701,-0.6999325156211853,-1.5842972993850708,2.804901361465454,0.091116227209568,0.944676637649536
9,-209.0653381347656,138.39451599121094,-2.2887654304504395,10.432124137878418,-31.095991134643555,-10.270118713378906,-26.626789093017575,-15.121285438537598,-24.048999786376957,-12.454636573791504,-15.395008087158203,-11.849610328674316,-26.39031982421875,-16.446895599365234,-20.64609146118164,-12.015663146972656,-16.015817642211914,-10.665966033935549,-9.563803672790527,-8.76743221282959,-6.072793483734131,-0.2036819905042648,-8.870512008666992,-1.6430025100708008,-6.825282096862793,3.0114362239837646,1.5582033395767212,-2.950880527496338,-2.9211995601654053,-10.86844539642334,-0.1727998703718185,6.311605453491211,0.1152233034372329,0.6404607892036438,-6.1733174324035645,-0.9984599947929382,0.2455734461545944,5.844288349151611,0.6767051815986633,0.4039991497993469
9,-211.6624298095703,145.2478485107422,-12.229100227355955,12.714699745178224,-25.056764602661133,-13.410085678100586,-23.200048446655277,-16.714876174926758,-24.32312393188477,-10.085319519042969,-14.158841133117676,-9.706819534301758,-23.90960502624512,-18.58790779113769,-18.054800033569336,-10.96561336517334,-18.57807922363281,-9.84988784790039,-8.67575454711914,-7.481717109680176,-8.508169174194336,-3.114365100860596,-8.714884757995605,-5.152369022369385,-8.264551162719727,3.227674961090088,0.6863710880279541,-4.497711181640625,-4.105072975158691,-6.116491794586182,-4.362897872924805,1.596958041191101,2.359905958175659,2.4386651515960693,-4.186310291290283,-0.9905301332473756,-2.4290292263031006,3.1594018936157227,1.7498525381088257,1.1886144876480105
7,-237.60696411132807,130.98094177246094,-30.665225982666016,-0.1921441256999969,-14.601476669311523,-8.493019104003906,-12.67257022857666,-9.72787857055664,-10.509476661682127,-10.722101211547852,-6.730194568634033,-9.714021682739258,-7.365669727325439,-3.458005905151367,-4.186275959014893,-0.3934372961521148,0.3603498041629791,-1.0587955713272097,2.103975772857666,-0.1464593857526779,0.7954688668251038,2.0286405086517334,1.5684220790863037,2.4207682609558105,-0.5408565402030945,0.7783780097961426,-0.2545897662639618,-0.0213933829218149,1.2632910013198853,4.039070129394531,-2.602679252624512,0.1669415533542633,-2.1303534507751465,0.9474079012870787,0.3352382183074951,0.4250014424324035,-1.4625006914138794,2.4911253452301025,-0.8668918609619141,4.48315954208374
8,-238.90151977539065,93.72938537597656,-12.245962142944336,12.749835968017578,-21.309614181518555,1.7754684686660769,-10.873205184936523,-5.298951148986816,-5.231128215789795,-9.56598663330078,-1.8980334997177124,-9.005208015441895,-3.925904512405396,0.8466693758964539,-5.838065147399902,2.5839531421661377,3.751147508621216,-2.154479742050171,7.3065972328186035,1.3206409215927124,2.6619796752929688,3.253735065460205,2.2617011070251465,3.726656436920166,0.1926690489053726,0.8729467391967773,1.3695764541625977,0.4447850584983825,1.3134043216705322,3.311314821243286,-1.7129520177841189,1.906989336013794,-2.074267864227295,1.7228386402130127,0.7650124430656433,1.8767187595367432,-0.5700857043266296,3.265692949295044,-1.1424273252487185,4.585662364959717
9,-511.9925842285156,102.25371551513672,26.269689559936523,23.683080673217773,10.356477737426758,8.962103843688965,0.0374884642660617,6.103187561035156,0.662781298160553,4.9806742668151855,-2.987107515335083,12.659961700439451,-5.925537586212158,6.090749740600586,-11.734971046447754,3.39554214477539,4.7566657066345215,1.493079423904419,-5.256008148193359,4.629088878631592,12.242085456848145,0.2235622256994247,-6.233662128448486,7.277749538421631,2.337916612625122,-1.5487252473831177,-0.2582551836967468,12.23618984222412,-3.844967842102051,5.866390705108643,13.497138023376465,9.723610877990724,-6.578546047210693,3.960975646972656,0.7170474529266357,4.493789196014404,5.205993175506592,-6.123240947723389,-6.222759246826172,9.362133026123049
9,-298.8306579589844,115.05404663085938,10.819589614868164,36.91837692260742,9.039968490600586,22.483476638793945,-6.148980617523193,22.254484176635746,6.328490734100342,-1.2188992500305176,-10.053163528442385,16.398141860961914,-4.90261173248291,12.797364234924316,-1.6805720329284668,7.997049808502197,6.0091657638549805,2.3679935932159424,-1.0027748346328735,-1.9961243867874143,6.64049243927002,4.476972579956055,-5.038181781768799,-1.845671772956848,-3.5339772701263428,6.172785758972168,-3.277336359024048,2.364596128463745,8.700904846191406,9.019638061523438,0.479764461517334,0.3391144275665283,2.0387985706329346,6.791252613067627,-0.7869839668273926,0.0991996824741363,3.6645219326019287,3.3122446537017822,-8.098967552185059,-0.6117098331451416
9,-302.1835632324219,114.99665832519533,9.926495552062988,37.51190948486328,7.367593765258789,20.546314239501957,-4.722392559051514,18.030704498291016,5.840311050415039,0.471752792596817,-9.618379592895508,17.435470581054688,-5.414247989654541,12.55256175994873,-2.538076877593994,7.589469909667969,4.789566516876221,3.8622426986694336,0.548189103603363,-2.1916425228118896,4.58661413192749,3.248591661453247,-3.86313271522522,-0.7941434383392334,-1.7343635559082031,8.071142196655273,-3.339848756790161,2.453019857406616,8.693948745727539,8.584867477416992,0.8065460920333862,3.2879674434661865,2.6197073459625244,6.799692630767822,-1.0970468521118164,1.9869589805603027,3.052186727523804,2.7228262424468994,-7.015498161315918,-0.2987356781959533
9,-323.8727111816406,97.04188537597656,6.522118091583252,28.47905731201172,8.053963661193848,27.54156875610352,-6.730985164642334,19.109310150146484,7.11379337310791,-1.3809082508087158,-10.241966247558594,20.621124267578125,-5.280177593231201,14.460176467895508,-4.078821659088135,4.478573322296143,7.284572124481201,1.4635857343673706,1.886051058769226,-3.0667495727539062,10.718623161315918,13.836590766906738,-2.779348134994507,-0.350075751543045,1.3913573026657104,9.820035934448242,-7.007908344268799,-0.9648287296295166,9.949976921081545,9.89618682861328,-4.025856018066406,3.832698345184326,1.7325637340545654,8.11530876159668,-0.4408401846885681,3.1029889583587646,-0.2946546375751495,0.8752678632736206,-3.2838966846466064,3.1795308589935303
9,-332.6190490722656,115.07456970214844,9.553048133850098,24.09712600708008,4.532866477966309,25.84962654113769,0.8363294005393982,20.81534576416016,-3.720116138458252,-1.2377911806106567,-13.885886192321776,17.222429275512695,-5.477083206176758,13.781983375549316,-9.249876976013184,2.8886430263519287,2.2510826587677,4.143935203552246,0.7249996662139893,-4.48150634765625,3.9539716243743896,10.494946479797363,1.713159680366516,-0.4022257924079895,2.088417053222656,9.076333999633787,-7.469007015228271,-1.0977816581726074,5.080641269683838,8.531905174255371,-4.56622314453125,3.0193090438842773,5.16787052154541,12.09078884124756,-5.57906436920166,1.965304017066956,-2.64919114112854,-0.6224649548530579,-0.1796073764562606,2.344467163085937
9,-291.70672607421875,117.471923828125,15.114428520202637,26.130830764770508,7.061739444732666,23.20915412902832,3.005680799484253,23.517148971557617,6.4717278480529785,7.013877868652344,-12.758618354797363,16.618824005126953,-2.039456844329834,12.171656608581545,-6.875045299530029,2.7001852989196777,3.6899449825286874,5.795584678649902,3.781571388244629,-0.9671117663383484,4.891689777374268,4.462858200073242,-0.8493053317070007,1.0190011262893677,0.4315374195575714,6.607461452484131,-4.916584491729736,3.4231948852539062,3.751324415206909,2.867415428161621,-1.2877583503723145,4.16524600982666,2.1212899684906006,4.731638908386231,-1.6742119789123535,-0.2536552846431732,-2.441783905029297,2.8049795627593994,-0.1589588373899459,2.561711549758911
9,-200.5717620849609,87.0435791015625,-31.527389526367188,5.095867156982422,-24.86280632019043,7.484476566314697,-20.907808303833008,4.485982894897461,-5.606703758239746,5.89578914642334,-1.3467955589294434,5.53599214553833,-4.037608623504639,-4.205922603607178,-10.200531005859377,-5.703260898590088,-8.231807708740234,-7.400818824768066,-2.5038390159606934,2.129082679748535,-3.5499415397644043,1.789423942565918,-6.2454328536987305,-0.444144994020462,1.1987110376358032,-3.224856376647949,0.3045953512191772,-2.7768499851226807,0.7528116703033447,0.9029639959335328,-3.986406564712525,1.5419551134109497,-2.9997646808624268,1.4447247982025146,-2.1845712661743164,1.1567593812942505,1.359808325767517,-3.725186824798584,0.0454818345606327,-1.0594640970230105
9,-240.2073211669922,74.33965301513672,-39.67267608642578,8.040411949157715,-24.08747100830078,5.015655994415283,-19.665231704711918,2.777960538864136,-9.020263671875,2.274441957473755,-1.910389065742493,2.979607582092285,-5.966917037963867,-5.933876514434815,-10.075300216674805,-4.438560485839844,-5.013173580169678,-4.405523300170898,-2.635716199874878,0.381235122680664,-2.5340495109558105,4.211305618286133,-5.677431583404541,-2.9444258213043213,0.1791796088218689,-2.9542737007141118,-1.787642478942871,-5.572709560394287,-1.7826669216156006,-1.752042531967163,-4.014739990234375,1.6723326444625854,-2.3394179344177246,1.4006727933883667,-2.624696016311645,0.2340853661298751,0.5541418194770813,-3.1445446014404297,1.2469626665115356,-1.932467103004456
9,-235.7900848388672,82.2214126586914,-32.67061996459961,3.71734619140625,-25.09366226196289,2.3482441902160645,-20.92411422729492,1.673789620399475,-9.27882480621338,-4.095394611358643,-3.67961049079895,-0.1115502044558525,-2.1699609756469727,-5.362382888793945,-11.220565795898438,-3.124066114425659,-6.13634204864502,-8.487568855285645,-4.825763702392578,-1.7905665636062622,-0.7716045379638672,2.2962820529937744,-8.074840545654297,-4.001270771026611,-1.1754006147384644,-2.5857155323028564,-1.6134231090545654,-4.975492000579834,-0.0945342183113098,-2.5902538299560547,-5.09838342666626,-0.6365269422531128,-5.49315881729126,-2.1553454399108887,-4.864768505096436,0.7416650652885437,3.5662319660186768,-1.5673532485961914,1.5745230913162231,-0.4414388239383697
9,-241.630615234375,79.73655700683594,-35.598724365234375,8.773683547973633,-20.753751754760746,2.8298356533050537,-22.8330020904541,1.890682339668274,-8.234912872314453,2.0244102478027344,-1.8032097816467283,-0.2947094142436981,-6.062175750732422,-1.4701448678970337,-9.76136589050293,-3.122027635574341,-6.127321243286133,-8.75692081451416,-3.2745397090911865,-0.5589739084243774,-4.533894062042236,-1.655754566192627,-10.029553413391112,-2.3279263973236084,0.1316662579774856,-3.71346926689148,-0.8925139307975769,-5.511922359466553,-1.2634766101837158,-2.230405807495117,-4.314162254333496,0.0368700735270977,-5.071184158325195,-0.9771801829338074,-3.5693092346191406,1.3112715482711792,0.6622752547264099,-4.065114974975586,0.2948685586452484,-2.079098463058472
7,-223.09429931640625,69.11102294921875,21.10131454467773,28.837432861328125,35.58819580078125,16.643571853637695,23.38096618652344,8.604056358337402,5.439611434936523,11.668530464172363,6.197871685028076,10.40394115447998,-6.097489833831787,6.525378704071045,-9.871097564697266,13.92724609375,24.52835273742676,28.633947372436523,11.36402416229248,1.07384192943573,-23.2790470123291,-6.524990081787109,10.87023639678955,19.14887046813965,0.3169420659542084,-22.94710350036621,-6.25668478012085,10.51852321624756,12.394241333007812,-17.334104537963867,-25.14349365234375,13.80034637451172,27.24640846252441,17.21229362487793,-4.707064151763916,11.683357238769531,0.2365322858095169,-14.289734840393066,-28.744773864746094,24.9525146484375
9,-290.03863525390625,162.54396057128906,-7.288331508636475,44.606101989746094,-11.495814323425291,-12.099160194396973,-12.32587432861328,-5.454886436462402,-22.37294578552246,-2.98427963256836,-10.323156356811523,-0.1233104169368743,-1.841671109199524,-9.122671127319336,-10.744491577148438,-0.5660755634307861,-6.117461204528809,-2.6882381439208984,1.4910675287246704,1.7960186004638672,2.3936808109283447,-0.3456143140792846,-6.344273090362549,-6.110354423522949,-11.879186630249023,-6.879859447479248,-1.8565889596939087,-1.8252111673355105,-2.6197731494903564,4.687900543212891,-1.354006052017212,0.0230872966349124,2.9313323497772217,1.720185160636902,-2.361335277557373,3.920297145843506,-0.9859450459480286,0.0655036866664886,-2.410142421722412,-2.01053786277771
9,-268.8744201660156,167.15708923339844,-10.951412200927734,41.65858840942383,-13.104613304138184,-10.683109283447266,-8.947017669677734,-3.4601337909698486,-24.52144432067871,-8.162922859191895,-12.48272705078125,-4.408689498901367,-9.908966064453123,-5.887288093566895,-5.290826320648193,-7.145972728729248,-6.109317779541016,1.1307194232940674,-6.879120826721191,-3.176551342010498,0.7955061197280884,-4.935582637786865,-7.351882934570312,-3.171097755432129,-12.231106758117676,-7.679793357849121,-3.4224772453308105,-5.767143249511719,-4.985600471496582,2.097633123397827,-3.4521307945251465,-0.898226261138916,-0.8809537291526794,-1.6186442375183103,-1.762232780456543,2.696295499801636,-1.965746521949768,2.040527582168579,-2.020492553710937,-3.130077600479126
9,-312.9002990722656,181.55050659179688,-1.6455596685409546,33.630165100097656,-3.142481803894043,1.191660761833191,-10.160195350646973,-13.874994277954102,-27.960479736328125,-4.079298496246338,-11.768685340881348,-3.9207205772399902,-6.223745822906494,-5.187169551849365,-9.013129234313965,-2.087975263595581,-4.600448131561279,-4.417113780975342,1.4108020067214966,-0.9175722002983092,-1.0178947448730469,1.150904893875122,0.7627328634262085,-4.388842582702637,-6.389831066131592,-3.0318846702575684,-4.4055280685424805,-4.275263786315918,-4.010711669921875,-3.5844476222991943,-5.669307231903076,0.837313711643219,3.859934568405152,4.8707594871521,2.096229076385498,-0.1019919067621231,-2.469911813735962,-2.04736065864563,-2.1022307872772217,-2.80538010597229
9,-268.5496826171875,157.20468139648438,-13.159893989562988,34.892127990722656,-13.67678165435791,-8.01548957824707,-18.24888801574707,-0.8286917805671692,-22.301647186279297,-8.274328231811523,-11.050716400146484,-0.5052085518836975,-9.690895080566406,-1.666103482246399,-5.769290924072266,-8.432860374450684,-5.697086334228516,1.6942967176437378,-1.3822243213653564,-2.208038806915283,-0.0560153238475322,-0.7296033501625061,-4.52902889251709,-3.7125957012176514,-5.706934452056885,-5.763674736022949,-8.62606430053711,-3.4073326587677,-2.093839645385742,2.300511360168457,-1.3447744846343994,3.6011030673980717,-0.8924453854560852,2.3883626461029053,0.4174225628376007,3.11787223815918,-4.442085266113281,-3.839201211929321,-6.9918742179870605,-5.301072597503662
9,-174.69924926757812,141.75514221191406,-16.15199089050293,12.023319244384766,-11.975565910339355,-0.6187714338302612,-22.62248039245605,0.128526896238327,-24.785144805908203,-0.2947796881198883,-16.049562454223633,-5.402771949768066,-11.9956693649292,-6.179313659667969,-9.4267578125,-3.714399814605713,-9.67207145690918,0.7982892394065857,0.4382570385932922,-8.305645942687988,-5.071148872375488,-0.6281048059463501,-7.1788010597229,-3.626491069793701,-3.5906407833099365,-3.866802215576172,-1.1142908334732056,-2.429527997970581,-6.474921226501465,0.5798056125640869,-1.5236382484436035,-1.619726061820984,-2.914444923400879,-0.236019879579544,-5.296738624572754,2.5254926681518555,-3.1462271213531494,-0.2074443846940994,-6.0357184410095215,-2.789971351623535
9,-179.40823364257812,154.30947875976562,-17.54540252685547,3.879894495010376,-18.165775299072266,-1.0005029439926147,-23.33880424499512,-1.3258819580078125,-25.199037551879883,-2.855621099472046,-17.714614868164062,-4.628740310668945,-8.897502899169922,-8.709728240966797,-9.829626083374023,-2.7824223041534424,-8.095991134643555,-2.7286088466644287,-0.4531157910823822,-5.926556587219238,-4.404843807220459,-3.1129302978515625,-4.905572414398193,-1.999372720718384,-3.4496774673461914,-3.900201559066773,-1.4489750862121582,-2.3246958255767822,-6.773724555969238,-0.8813143968582153,-2.045985221862793,-0.479664534330368,-2.094388961791992,0.5943442583084106,-3.17148756980896,2.4130699634552,-3.7500925064086914,1.883230209350586,-3.496652603149414,-1.8301284313201904
9,-182.6158142089844,73.22798919677734,-24.493976593017575,9.126335144042969,7.702983379364014,9.925649642944336,-2.0338542461395264,2.840367317199707,-3.062159538269043,-2.18537712097168,-10.247802734375,-12.666074752807615,-6.232606887817383,0.2370808124542236,2.5518078804016118,22.88080596923828,31.712085723876957,35.69253921508789,10.46078109741211,-2.845599889755249,-14.73434066772461,-1.011386156082153,6.887362957000732,4.800071716308594,-17.883453369140625,-16.609447479248047,-7.323822975158691,5.628759860992432,0.4500209391117096,-3.13287353515625,-4.389535903930664,11.867359161376951,14.782769203186035,15.081740379333496,13.589399337768556,15.707229614257812,6.748064994812012,-10.882452011108398,-13.359066009521484,0.2163974046707153
9,-215.53189086914065,41.06883239746094,6.135675430297852,34.27284622192383,5.593611717224121,-31.46166038513184,18.100318908691406,10.685173988342283,-25.170743942260746,3.2301971912384038,2.420811176300049,-13.21363925933838,-22.28585433959961,11.651019096374512,7.558905601501465,10.35891056060791,9.472736358642578,22.75441169738769,16.95823860168457,7.258161544799805,1.073597431182861,3.862187147140503,-14.02791690826416,-9.6730318069458,-12.799386024475098,-2.4614553451538086,-9.42491054534912,-5.979911804199219,-2.3557848930358887,4.770275592803955,7.6179280281066895,17.189411163330078,6.2223639488220215,-8.069201469421387,13.173421859741213,12.957587242126465,-8.569673538208008,-9.784242630004885,8.939131736755371,10.887409210205078
8,-197.9387664794922,99.1003189086914,-0.3443850576877594,-7.686554431915283,4.289690971374512,-5.215250492095947,-8.317097663879395,-18.79270362854004,-20.130916595458984,-12.087282180786133,-10.152426719665527,-11.816723823547363,-10.467658042907717,-0.5569180846214294,-10.9354829788208,5.177781105041504,-7.649490356445312,-6.941730976104736,-2.9115443229675293,2.550215244293213,3.9974117279052734,2.168576955795288,-6.933961868286133,-2.206386089324951,-3.603606939315796,7.510249137878418,2.3580145835876465,2.541269540786743,-5.182040214538574,0.9266054034233092,-2.911570310592652,-1.2967575788497925,-5.655703067779541,2.86782169342041,-5.841155529022217,3.94278883934021,1.501479148864746,4.402972221374512,-0.6487514972686768,-0.3580115735530853
8,-163.11065673828125,99.90065002441406,-13.772993087768556,-0.025167740881443,7.119376182556152,-11.695645332336426,-16.519987106323242,-18.36561584472656,-18.453035354614254,-15.367088317871094,-7.985567569732666,-5.704059600830078,-13.04682445526123,-5.496734619140625,-13.80178928375244,6.714900016784668,-6.5329999923706055,-9.076184272766112,-8.795353889465332,0.4619542062282562,-2.814004421234131,0.9291959404945374,-9.525482177734377,-3.3430182933807373,-4.339564323425293,9.297460556030272,6.431101322174072,1.3999649286270142,-4.695627689361572,2.402718544006348,-0.4408034980297088,-6.8200273513793945,-14.320168495178224,-0.7476346492767334,2.9454915523529053,6.641636848449707,3.481320858001709,8.870296478271484,8.329269409179688,1.1262892484664917
8,-149.48890686035156,92.71436309814452,-17.85892677307129,-4.030582427978516,3.0445234775543213,-10.5969820022583,-16.48299789428711,-19.403972625732425,-18.82819175720215,-14.099252700805664,-12.359970092773438,-9.050450325012209,-9.946467399597168,-0.9505874514579772,-13.607345581054688,11.141646385192873,-4.575599193572998,-5.681275367736816,-8.366440773010254,-5.341451644897461,-6.416220188140869,-0.6739411950111389,-3.792711496353149,1.5390863418579102,-2.729644536972046,7.687620639801025,3.6772539615631104,0.5339856743812561,-7.486152648925781,0.2679476737976074,2.2863147258758545,0.8798424005508423,-8.604048728942871,1.025256872177124,-0.7558361887931824,6.3815107345581055,0.0823095217347145,1.4653470516204834,3.7099697589874263,1.7086230516433716
8,-154.17413330078125,96.15428924560548,-20.97843170166016,-5.1371026039123535,3.210038185119629,-10.087546348571776,-16.549448013305664,-17.465360641479492,-18.544872283935547,-15.36368179321289,-10.768795013427734,-9.2913818359375,-8.546887397766113,0.024278674274683,-12.800524711608888,13.160550117492676,-2.436533212661743,-5.642220973968506,-5.030271053314209,0.7373421788215637,-5.27280330657959,-0.641666054725647,-8.098161697387695,0.7536051273345947,-3.041512489318848,5.822741508483887,-1.900050401687622,-2.4299652576446533,-4.640190124511719,2.207552194595337,-3.6381101608276367,-5.756464958190918,-6.840133190155029,7.880160808563232,0.945099115371704,7.05208683013916,2.293149471282959,2.4228708744049072,-2.847860813140869,-4.699906826019287
8,-213.0219268798828,135.37237548828125,2.027214527130127,-2.518205404281616,-7.892178535461426,-1.2475814819335938,-10.892264366149902,-8.562341690063477,-18.76405334472656,6.111862182617188,-13.878167152404783,-19.80021095275879,-19.09218406677246,-7.327396869659424,-10.394256591796877,-1.4459385871887207,-11.64813995361328,4.3796162605285645,-12.66006565093994,-6.387845039367676,-2.265871047973633,1.8751753568649288,-12.275864601135254,-3.696132183074951,-1.0690199136734009,7.947824478149414,-2.7177298069000244,-3.364302635192871,-6.5394463539123535,1.2184914350509644,3.26326060295105,4.5646491050720215,4.413637638092041,7.27743673324585,-1.1008267402648926,3.2436110973358154,6.683811187744141,9.422850608825684,-2.390688419342041,1.9587607383728027
8,-206.2832794189453,129.6686553955078,9.305096626281738,10.743093490600586,-26.251218795776367,-4.101800441741943,-12.482401847839355,-11.781047821044922,-14.252747535705566,-10.00624942779541,-18.012340545654297,-19.727275848388672,-19.092315673828125,-1.5067729949951172,-13.04310417175293,-11.897381782531738,-1.7230993509292605,4.996886730194092,0.6506515145301819,-9.266751289367676,-12.546636581420898,2.7959985733032227,-8.82659912109375,-4.411141872406006,-0.6569944024085999,6.059021472930908,2.524311780929565,-5.355032920837402,-7.061213493347168,10.121502876281738,-0.0641522705554962,-0.8051219582557678,-1.8320144414901731,2.514536142349243,1.2333303689956665,3.7895007133483887,2.294635534286499,4.141110420227051,1.5680619478225708,4.865044593811035
7,-250.561279296875,133.17306518554688,-13.728301048278809,35.66218566894531,-1.0612269639968872,11.087678909301758,7.122135162353516,1.3239609003067017,4.3555779457092285,7.382680416107178,-5.270215034484863,3.444721937179565,-5.4189066886901855,3.5218071937561035,-6.226452350616455,2.176787137985229,-1.728901982307434,1.1159971952438354,-1.8560880422592163,5.502990245819092,-1.7092795372009275,6.5720696449279785,0.674433708190918,4.165684223175049,-0.2942995727062225,3.206370115280152,-1.479242205619812,1.5020970106124878,-1.3667441606521606,1.5713211297988892,-3.3322222232818604,2.5552189350128174,-1.7623001337051392,0.7832356691360474,-1.9663703441619875,3.1470346450805664,-0.6250937581062317,2.7040936946868896,-0.1209753155708313,0.4796904623508453
7,-259.30108642578125,147.158203125,-13.237792015075684,41.5976791381836,4.107812881469727,16.978891372680664,10.37302017211914,5.09205436706543,10.497719764709473,4.684917449951172,2.43891978263855,5.708053588867188,2.050268173217773,7.311583995819092,-2.792351245880127,2.6698615550994877,-4.544728755950928,0.1872632205486297,-1.4458823204040527,-0.7809313535690308,-4.315683841705322,0.4451663196086883,-1.492476224899292,1.6219511032104492,-1.3785256147384644,3.734610319137573,-2.8779306411743164,0.6285027265548706,-2.2814435958862305,0.8216003179550171,-3.751634120941162,-0.6190900802612305,-1.8569644689559937,-0.203860267996788,-2.0681416988372803,2.0114145278930664,-2.784125328063965,1.661383867263794,-0.9801313877105712,1.828150749206543
7,-254.30657958984372,121.42354583740234,-17.926939010620117,32.61490249633789,-3.3019285202026367,13.211546897888184,11.64289379119873,4.351149082183838,10.973906517028809,9.683679580688477,-1.3685579299926758,7.520374298095703,-2.61257266998291,5.920497417449951,-3.1686222553253174,2.8815431594848637,-3.382565975189209,1.211771845817566,-1.204715609550476,5.755863666534424,-1.7912124395370483,7.949979305267334,-0.0099292825907468,3.380880117416382,-1.5304477214813232,1.9865179061889648,-1.6788345575332642,2.9344167709350586,-0.8601531982421875,4.474648475646973,-2.303296566009521,2.814025640487671,-1.5588871240615845,1.4855908155441284,-2.1430842876434326,1.2506606578826904,-2.720642328262329,1.3081698417663574,-1.5396400690078735,1.0797879695892334
7,-238.454345703125,137.27259826660156,-22.0852165222168,39.4305305480957,4.694257736206055,10.629539489746094,5.592580318450928,3.174808979034424,6.110401153564453,7.759757995605469,-1.9131965637207031,8.100634574890137,-0.622137188911438,6.265801429748535,-2.4398019313812256,6.466647148132324,-0.732312798500061,6.472397327423096,-1.197028875350952,3.887882947921753,-3.874626636505127,5.6051344871521,1.1245704889297483,6.183873176574707,0.1851360350847244,3.673780918121338,-0.5548557639122009,3.8396828174591056,-1.5085467100143433,2.3780219554901123,-0.9589402675628662,4.5730719566345215,1.0052874088287354,3.5333731174468994,0.2631160616874695,2.362943172454834,-1.409294366836548,2.369964122772217,-0.5752546787261963,2.218839168548584
7,-222.5609893798828,135.46556091308594,-20.974069595336918,36.57844924926758,0.6742923259735107,20.426456451416016,9.963667869567873,7.174966812133789,6.831823825836182,8.446063041687012,-1.0413978099822998,7.009774684906006,-1.0023189783096311,7.7638044357299805,-0.895391583442688,5.37158203125,-2.7477638721466064,5.045086860656738,-1.4204696416854858,4.5378594398498535,-1.6167925596237185,3.867660999298096,-0.8616899251937866,3.0708792209625244,-0.0133453104645013,2.9033451080322266,-1.7245004177093506,2.1066880226135254,-1.058659315109253,2.565345048904419,-1.7030084133148191,1.6039210557937622,-1.676690936088562,0.6244797706604004,-0.8346254229545593,0.9727341532707214,-2.012906312942505,2.197249174118042,-2.3975346088409424,-0.446645051240921
7,-286.5918884277344,111.68104553222656,-10.758666038513184,41.55974960327149,-7.942145824432373,16.84251594543457,8.46236515045166,-0.5370011329650879,9.959636688232422,4.394899368286133,2.573460102081299,9.077442169189451,-1.2414723634719849,7.753879547119141,-4.418128967285156,3.452875852584839,-2.9335224628448486,1.2076278924942017,-1.203263521194458,7.370349407196045,-5.131159782409668,4.77308988571167,-2.380993366241455,3.303986072540283,-0.2498162388801574,5.263082504272461,-0.6892597675323486,2.3808319568634038,-2.3429901599884038,4.320003986358643,-2.6685287952423096,1.490583419799805,-0.855555534362793,2.382858991622925,-1.7822043895721436,2.906410217285156,-0.6795764565467834,0.4880687594413757,-1.5403096675872805,2.707950592041016
7,-250.23243713378903,122.58899688720705,-12.195247650146484,29.677040100097656,-1.2639929056167605,15.567481994628906,9.589082717895508,1.1145594120025637,12.50559425354004,3.1924166679382324,-0.9692502617836,6.888042449951172,-2.356760263442993,8.420584678649902,-4.045149803161621,4.710467338562012,-5.904873847961426,2.1683239936828613,-5.523618221282959,5.697501659393311,-3.9446167945861816,6.21938943862915,-3.0659899711608887,2.503462791442871,-0.8481073379516602,2.6559994220733643,-0.6046578288078308,2.166137456893921,-1.3405070304870603,3.317741870880127,-1.955786943435669,-0.2735559642314911,-1.0334875583648682,-0.4724271595478058,-2.8934333324432373,1.336007833480835,-1.028608322143555,1.335222601890564,-2.924537181854248,1.1891460418701172
7,-259.6275329589844,143.26829528808594,-11.637638092041016,35.78913116455078,0.006512239575386,19.039209365844727,6.620884895324707,6.02328634262085,9.885452270507812,6.945631504058838,2.877718210220337,6.38860559463501,-0.2243103682994842,7.491599559783935,-2.883324384689331,7.175803184509277,-0.5443933010101318,4.167510986328125,-0.0154775939881801,4.072701930999756,-1.3323291540145874,3.0607166290283203,0.250747948884964,4.892097473144531,0.1790841221809387,4.886110305786133,-1.0946630239486694,3.486438512802124,-0.6843207478523254,0.9416356682777404,-1.2722889184951782,0.7358149886131287,-0.1935356855392456,-0.048176109790802,-1.3567509651184082,0.2485389560461044,-1.246465086936951,0.7451712489128113,-1.327435851097107,0.9185345768928528
10,-233.1457672119141,142.9088592529297,-31.369409561157227,41.29790115356445,7.168327808380127,8.166152954101562,3.3779184818267822,4.6347174644470215,0.740630567073822,9.174914360046388,-3.3757832050323486,-1.850413799285889,-9.016475677490234,-0.4755352139472961,3.2630205154418945,4.769575595855713,6.060153961181641,-1.2092738151550293,-15.759077072143556,-5.872319221496582,-8.6487455368042,-1.3026509284973145,-5.199234485626221,-1.566218376159668,-3.4305546283721924,-3.188948631286621,-5.089723110198975,-1.627655029296875,-5.860761642456055,3.993990421295166,7.038237571716309,0.9806517958641052,-1.35873544216156,3.239861488342285,0.8546015620231628,-2.101797819137573,-5.190410137176514,1.62641704082489,-4.701192378997803,-10.196488380432127
10,-222.3369140625,137.6826629638672,-32.177730560302734,54.62782287597656,2.781059980392456,0.134707972407341,1.4780603647232056,2.958731174468994,1.7760363817214966,9.90548610687256,3.6720263957977295,6.741785526275635,2.8281140327453613,4.318524360656738,-8.780964851379395,-11.962961196899414,-3.7258963584899902,-5.4050493240356445,-13.78022003173828,2.7903568744659424,3.414219856262207,12.708105087280272,1.863154053688049,4.814716815948486,-4.96549129486084,-4.977140426635742,-11.488011360168455,-6.9028730392456055,-7.623255252838135,7.250214576721191,-0.688595712184906,-6.236143112182617,-2.5768542289733887,4.860675811767578,-1.965470671653748,-3.3666350841522217,-8.864058494567871,-3.7249748706817623,-1.6706211566925049,-3.4820377826690674
10,-231.22055053710935,142.75965881347656,-31.14084815979004,40.86520767211914,11.28348159790039,6.480051040649414,8.414285659790039,7.010045051574707,5.013303756713867,8.278380393981934,-10.368372917175291,-1.4849635362625122,-5.833101272583008,-2.48689866065979,-10.284327507019045,-2.384177923202514,3.960818529129028,12.9661226272583,0.7812101244926453,4.539600849151611,-4.036703109741211,-4.503970146179199,-10.920452117919922,2.0549590587615967,3.6393439769744873,-1.8105332851409912,-14.960002899169922,-3.38039231300354,-2.624037981033325,1.9191100597381592,-9.371569633483888,-10.27202320098877,-0.7138628363609314,8.896928787231445,4.352081775665283,4.159102916717529,0.7317195534706116,2.949721097946167,-6.760510921478272,-7.165214538574219
10,-198.67446899414065,134.76849365234375,-26.607646942138672,33.4007682800293,6.604339599609375,2.3969554901123047,1.4811261892318726,8.158364295959473,1.4347938299179075,14.469215393066406,-1.366596221923828,3.5154824256896973,-2.486421585083008,0.8297552466392517,-7.711417198181152,-6.8984551429748535,-3.0050415992736816,1.2254457473754885,-4.897799015045166,7.2579450607299805,5.212262153625488,10.987313270568848,0.6975862979888916,3.5933611392974854,-2.2804195880889893,-2.914323568344116,-8.071452140808105,-5.86861515045166,-11.259644508361816,-2.1420602798461914,-2.4319751262664795,-2.1016547679901123,-5.0945234298706055,1.3199244737625122,-0.4084281623363495,2.649242877960205,-4.0553154945373535,-1.881973147392273,-0.1162758097052574,2.516443252563477
10,-243.66802978515625,129.61370849609375,-26.580076217651367,56.00108337402344,7.96766471862793,-0.5015295743942261,-0.6171698570251465,1.2880111932754517,-0.7275846004486084,15.10147762298584,-8.21682357788086,-1.6722962856292725,-6.0740227699279785,0.5713028907775879,0.1957812011241912,6.999109745025635,11.767881393432615,5.337348937988281,-16.306344985961914,-5.402919769287109,-6.429874420166016,3.897326946258545,-4.858107089996338,3.2230710983276367,-0.4849186837673187,-0.5763784050941467,-9.021060943603516,-9.80917263031006,-8.2009859085083,4.040389060974121,4.787493705749512,-3.592521905899048,-4.706698417663574,4.62763261795044,6.069628715515137,0.2603287100791931,-6.82357120513916,-0.6492499113082886,-4.816654205322266,-10.77267360687256
10,-263.307861328125,151.39141845703125,-20.423418045043945,51.210670471191406,13.560426712036133,3.916090488433838,6.461116790771484,5.771415710449219,1.2668931484222412,9.613884925842283,-1.165703535079956,3.778481960296631,-5.488868236541748,3.9581377506256095,0.1274908035993576,0.8812129497528076,-2.8300185203552246,-1.2325395345687866,-11.567999839782717,-5.288097381591797,-8.172921180725098,1.063472032546997,-2.695906162261963,6.887799739837647,0.3416016101837158,0.4940333664417267,-4.326715469360352,-4.332216739654541,-12.34516429901123,1.4536809921264648,5.540787220001221,-3.034895896911621,-3.186359405517578,-1.335783839225769,1.573720932006836,-1.9510418176651,-3.969413995742798,-2.08801531791687,0.1883976906538009,-5.926192760467529
9,-168.86630249023438,145.22393798828125,-21.939842224121094,42.46221923828125,-1.0710722208023071,15.450316429138184,4.838997840881348,7.505762100219727,4.511982440948486,6.294555187225342,-1.6037287712097168,7.304952621459961,1.0797799825668335,-0.8855140805244446,-1.5503484010696411,-5.626641273498535,-1.2463291883468628,0.0594274252653121,-5.479401111602783,-0.5880839824676514,-3.140716791152954,7.373569011688232,5.6327433586120605,12.139942169189451,0.9326288104057312,-3.046262502670288,-13.935514450073242,-9.33134651184082,-11.696099281311035,1.4185736179351809,3.2778260707855225,-4.73969841003418,-5.86276912689209,4.449611186981201,4.0070085525512695,2.1472225189208984,-3.968144178390503,-4.585208892822266,-0.7313604950904846,-2.46508526802063
9,-160.77870178222656,147.6297607421875,-27.04996490478516,40.7341423034668,-1.762140154838562,15.868810653686523,2.220538377761841,11.553258895874023,0.076146475970745,4.68795108795166,-5.508243083953857,7.664006233215332,-4.885498523712158,-7.222347259521484,-0.1184965819120407,-6.387199878692627,1.0762104988098145,-5.052178859710693,-12.228775024414062,0.8786769509315491,2.7785165309906006,13.571057319641112,8.678132057189941,9.85624885559082,-1.780033826828003,-2.1731832027435303,-12.417418479919434,-10.733318328857422,-11.986933708190918,-0.3482493162155151,1.7902464866638184,-1.5815211534500122,-10.66450309753418,2.0564653873443604,1.4726072549819946,-0.5441324710845947,-9.114027976989746,-8.205862045288086,5.912342548370361,3.630581378936768
9,-165.57774353027344,147.90859985351562,-21.45162010192871,45.57908630371094,5.9721550941467285,15.704795837402344,5.353984832763672,9.600391387939451,6.476409912109375,5.599182605743408,-6.906893730163574,2.2534468173980717,-7.3232808113098145,-11.126259803771973,-4.25278902053833,1.3754745721817017,7.061156749725342,10.405569076538086,8.525131225585938,2.078787088394165,-11.90239143371582,-12.668707847595217,-11.639697074890137,5.977324485778809,-5.182876110076904,-0.0833011716604232,-16.063034057617188,-9.460793495178224,2.369605302810669,3.6231608390808105,-4.647885799407959,-11.214077949523926,-0.5280254483222961,10.28402042388916,7.825392246246338,8.006462097167969,3.6734731197357178,-0.4521025717258453,-6.225937366485596,-10.79566764831543
9,-159.43702697753906,163.5093994140625,-28.785663604736328,32.323909759521484,-0.909538507461548,16.63547134399414,6.535416126251221,8.918760299682617,4.570339202880859,3.642586708068848,-6.729949951171875,8.462865829467773,-0.948567271232605,-3.951950073242188,-0.2171090245246887,-2.168501615524292,0.3914456367492676,-1.0474629402160645,-1.6287072896957395,7.084525108337402,1.4262279272079468,6.211493492126465,0.9680725932121276,2.258183717727661,-6.324872016906738,-2.5443782806396484,-8.659789085388184,-5.979653835296631,-6.34128475189209,-1.0170193910598757,-3.7384729385375977,-0.9044055342674256,-1.3419445753097534,2.566258192062378,0.5847843885421753,2.602715015411377,-2.5567080974578857,-1.8302743434906008,-3.027328491210937,-3.896173238754273
9,-123.3386001586914,153.03114318847656,-26.69939994812012,23.06703758239746,-1.6447107791900637,14.018966674804688,4.3528828620910645,6.256245136260986,-1.178720235824585,9.272643089294434,-7.544862747192383,4.636610984802246,-4.368513584136963,0.105528637766838,1.8706918954849243,-1.6842169761657717,0.1471321284770965,1.9494168758392332,-5.567612648010254,1.0579299926757812,-5.628249168395996,0.2255908697843551,-0.48391854763031,6.4142608642578125,-0.9979876279830932,1.162289023399353,-9.027438163757324,-5.35291051864624,-7.088299751281738,-0.2673255205154419,-0.1081223711371421,-0.2861475646495819,-5.993022918701172,2.819244623184204,-1.5582667589187622,2.3826143741607666,-2.9129440784454346,-3.637233257293701,-1.447926044464111,-1.9777636528015137
9,-158.9549102783203,153.0775146484375,-35.98698425292969,25.66176414489746,-4.974557876586914,11.59084701538086,-2.542810678482056,8.993104934692383,-1.0894562005996704,5.018966674804688,-4.0812530517578125,2.7441794872283936,-0.056380521506071,2.1886935234069824,6.368069648742676,4.74661111831665,6.871592044830322,7.560582160949707,-2.5882318019866943,0.0940135419368743,-10.21163558959961,-4.134883403778076,-6.632222652435303,-0.6216423511505127,0.806615948677063,-0.9433537125587464,-6.810507297515869,-1.187150478363037,-2.90586519241333,2.042625904083252,-3.313709020614624,-2.9015798568725586,-2.3102691173553467,6.417600631713867,3.5351428985595703,3.359859704971313,1.101048231124878,-0.902859389781952,-10.76779556274414,-11.526601791381836
5,-201.7662506103516,156.82032775878906,-24.94132232666016,24.87704849243164,-0.3252713084220886,8.623395919799805,10.736658096313477,12.198121070861816,-2.99794340133667,6.908763408660889,-6.058856010437012,4.98107385635376,-0.3295171558856964,3.755579233169556,0.7068818211555481,0.6391377449035645,-0.6095630526542664,3.7446401119232178,-5.556210994720459,2.894804000854492,-2.5631749629974365,2.239743709564209,-4.698390483856201,2.4599666595458984,-3.10598373413086,0.884793221950531,1.6072583198547363,2.5374114513397217,-4.599737644195557,3.036263942718506,3.229753255844116,1.943764567375183,-6.080061912536621,2.75368332862854,-2.2697908878326416,-2.855355739593506,-5.321391105651856,1.918124318122864,-4.950514316558838,-4.982946872711182
5,-210.74449157714844,151.8214569091797,-53.37320327758789,26.587068557739254,7.7767157554626465,13.022302627563477,11.875203132629396,12.918825149536133,-5.228168487548828,8.99094009399414,-6.577728271484375,9.688956260681152,-1.0158385038375854,4.437145233154297,4.490911960601807,2.164942741394043,2.163104295730591,5.660218238830566,-5.67472505569458,3.7905566692352295,-0.9139858484268188,1.6924159526824951,-5.588912963867188,0.0636950358748436,-3.2138025760650635,-0.4664958417415619,-1.060233473777771,3.248396873474121,-2.7502317428588867,2.442491054534912,-0.9460480809211732,-1.3026665449142456,-4.377268314361572,0.1105683594942092,-3.755699872970581,-2.469522476196289,-1.9367594718933103,0.7664766907691956,-2.0422635078430176,-2.176132202148437
5,-248.56863403320312,156.02117919921875,-33.12068176269531,39.07073593139648,2.773345947265625,8.913058280944824,11.60573959350586,16.782560348510742,-2.724797010421753,9.751602172851562,-4.437368869781494,6.668933391571045,-0.9492698907852172,3.4702956676483154,7.025176048278809,4.074374675750732,1.975619435310364,4.979284763336182,-5.924441814422607,4.667317390441895,0.9446564316749572,2.4838826656341557,-5.410349369049072,-0.6543408632278442,-2.9636192321777344,-0.0600496642291545,-0.5937151312828064,3.8793208599090576,-3.4052159786224365,1.6404131650924685,1.4065533876419067,0.544074535369873,-5.020265579223633,-1.0344247817993164,-2.3774445056915283,-2.1394433975219727,-2.616865396499634,-0.2385530918836593,-0.1837256997823715,-2.401754140853882
5,-280.8717956542969,139.80479431152344,-30.8685302734375,56.199466705322266,8.25603199005127,9.88919448852539,12.11532497406006,14.129262924194336,5.149535655975342,16.394454956054688,-4.249817848205566,8.27956771850586,3.7787275314331055,6.252236843109131,3.923964738845825,-0.3178558647632599,7.101186275482178,12.621212005615234,-5.873053073883057,-5.206842422485352,-8.142966270446777,6.430069923400879,-1.1679325103759766,4.150847434997559,2.812821865081787,-0.7122799158096313,-6.5086846351623535,2.5341742038726807,-6.340290546417236,-5.741937160491943,2.2289023399353027,5.393100261688232,-0.6374524831771851,1.7484333515167236,-0.4668347239494324,0.4236291944980621,-6.635790824890137,-3.7004482746124263,5.580495834350586,-2.47212028503418
5,-211.35362243652344,164.80007934570312,-33.77628326416016,24.690000534057617,3.3392555713653564,11.019636154174805,6.460262775421143,10.04175090789795,-2.475832939147949,4.429936408996582,-4.0027174949646,5.074745655059815,2.9699509143829346,5.232174873352051,-0.4588667154312134,-0.9427918195724488,-1.5872048139572144,4.655357360839844,-2.936445474624634,4.911575794219971,1.1335574388504028,3.9404780864715576,-1.5521458387374878,4.295363426208496,-1.0971472263336182,-0.9467453360557556,-4.076869010925293,0.998806357383728,-4.699101448059082,-0.0294734090566635,-1.7635313272476196,-1.241594672203064,-4.0766191482543945,0.773138165473938,-2.724254846572876,0.4909557700157165,-1.0819730758666992,-1.536400556564331,-3.906465530395508,0.6192124485969543
5,-178.56723022460938,156.89669799804688,-22.434160232543945,16.595233917236328,5.968423843383789,7.211016654968262,10.170536041259766,11.69052028656006,0.4296658039093017,5.283778667449951,-5.198496341705322,5.656466007232666,-2.5397818088531494,3.2890236377716064,-5.10556173324585,-2.654888868331909,-4.513998508453369,3.756352663040161,-3.610886335372925,5.197282791137695,0.8809009194374084,4.692083835601807,-0.9300577640533448,5.076898097991943,-2.124706506729126,2.503570079803467,-1.3061507940292358,3.322261333465576,-3.120493173599243,2.0031754970550537,-1.464408040046692,2.0319530963897705,-3.944029092788696,1.340905785560608,-2.9610707759857178,0.4974564611911773,-3.4275240898132324,-0.5994640588760376,-3.637010097503662,1.413314700126648
10,-229.84727478027344,140.17108154296875,-25.450090408325195,23.73764419555664,-6.87832498550415,-6.201692581176758,-1.1947051286697388,-7.345947265625,0.6266137957572937,3.342487573623657,-4.482131004333496,1.7302281856536863,-5.955109119415283,0.9373273253440856,-6.775505542755127,-0.4235167801380157,-4.673352241516113,0.933479368686676,-5.303542137145996,0.911496877670288,-3.738824605941773,2.7718405723571777,-2.206518650054932,0.7077658176422119,-2.248190402984619,4.769068241119385,-2.2317936420440674,1.1846195459365845,-3.517669916152954,1.6948108673095703,-2.7081470489501958,0.9512062072753906,-3.9267988204956055,1.5882601737976074,-2.806000232696533,1.8424558639526367,-2.6925289630889893,1.3202530145645142,-3.3695759773254395,1.460627555847168
10,-250.620849609375,146.0917205810547,-24.21172142028809,26.081279754638672,-1.9728707075119016,-1.6621252298355105,-2.949643850326538,-3.779013156890869,-3.362792015075684,8.325469970703125,-6.131820201873779,3.593344211578369,-6.975403308868408,0.9840479493141174,-4.049607276916504,1.4560856819152832,-6.014182567596436,-1.0974475145339966,-5.907772064208984,-0.2350091487169265,-6.502087116241455,1.2694066762924194,-2.306524515151977,4.086078643798828,-1.385285258293152,3.709390163421631,-2.9607181549072266,2.4336483478546143,-1.3446747064590454,3.117106676101685,-2.0217034816741943,1.3934149742126465,-2.9504637718200684,3.0432798862457275,-2.916273832321167,2.7915847301483154,-3.065551519393921,1.5885618925094604,-1.9153915643692017,1.3291995525360107
10,-251.8080902099609,155.6824951171875,-32.068607330322266,28.68156242370605,-4.584549427032471,-4.65834903717041,-1.326316475868225,-3.605181932449341,-3.956193447113037,9.296186447143556,-6.910224914550781,3.1599459648132324,-6.626644134521484,0.3612812161445617,-4.271922588348389,-1.7916851043701172,-4.846979141235352,-2.0479915142059326,-8.80260181427002,0.723389744758606,-3.49568247795105,2.768557548522949,-1.9578239917755127,1.5696998834609983,-4.4000983238220215,1.890373468399048,-1.4112272262573242,3.023279428482056,-1.1604012250900269,0.4163360595703125,-4.678936004638672,1.5192006826400757,-1.6976923942565918,2.056274175643921,-3.266864061355591,0.6602732539176941,-3.0819091796875,-0.2402085810899734,-2.3249945640563965,2.526418685913086
10,-254.61056518554688,153.093994140625,-20.89927101135254,26.802976608276367,3.251258850097656,-3.7786974906921382,0.1876062750816345,-1.6204503774642944,-1.19556987285614,9.70083236694336,-5.240097522735596,6.48666524887085,-5.073077201843262,2.0467729568481445,-3.1725142002105717,2.0405774116516118,-4.091701030731201,-0.4116502106189728,-6.739445686340332,2.7563798427581787,-2.10770034790039,3.351790428161621,-1.5716792345046997,4.333190441131592,-0.9895135760307312,3.276087760925293,-2.699768304824829,3.788024663925171,-0.7834086418151855,2.3921501636505127,-1.7690669298171997,3.203815698623657,-0.2863920032978058,1.6942815780639648,-2.5154364109039307,2.058321714401245,-0.4893582761287689,1.6470847129821775,-0.7069335579872131,1.4479482173919678
10,-250.93687438964844,149.81776428222656,-27.528461456298828,26.78655242919922,-1.9965169429779053,-3.9137697219848633,-2.9607458114624023,-5.4662251472473145,-2.1825714111328125,7.854992389678955,-8.033320426940918,2.1713898181915283,-7.441605091094971,0.8979321122169495,-4.019480228424072,-1.9221540689468384,-9.02077579498291,-1.3126364946365356,-7.741881847381592,-1.9188261032104488,-4.99427604675293,1.0551061630249023,-3.34883451461792,2.1821813583374023,-2.862225294113159,3.148725748062134,-2.318798303604126,3.217463970184326,-1.3782100677490234,1.735874891281128,-1.8773475885391235,0.7673317790031433,-2.2869203090667725,1.1980900764465332,-3.542332172393799,2.3516058921813965,-1.890613913536072,1.7649190425872805,-2.477069854736328,2.684779167175293
10,-240.5999755859375,149.13388061523438,-29.21444320678711,28.610700607299805,-6.2433247566223145,-7.356473445892334,-2.518265724182129,-3.2324507236480717,-3.210308790206909,8.875080108642578,-6.168989181518555,2.5241570472717285,-7.157689571380615,0.1961474120616912,-5.996814250946045,1.1410003900527954,-6.633368492126465,-1.2070883512496948,-8.798100471496582,-3.71527099609375,-5.207601547241211,1.1327989101409912,-2.525795221328736,1.6645896434783936,-3.589898109436035,1.5848400592803955,-2.6762518882751465,2.213416576385498,-2.0032100677490234,2.679600954055786,-2.9718964099884038,1.0491719245910645,-3.2066636085510254,0.6743054986000061,-2.4935874938964844,1.6939524412155151,-2.904050588607788,1.2339495420455933,-2.633815050125122,1.9546072483062744
10,-244.77659606933597,145.24847412109375,-23.670209884643555,30.20403289794922,-5.511990547180176,-4.685089588165283,-5.728600978851318,-5.615670680999756,-3.4017767906188965,1.2039661407470703,-3.113548755645752,0.8721423745155334,-7.338207244873047,2.380358457565308,-5.262454509735107,-0.3614177703857422,-5.737027168273926,-1.7321184873580933,-7.916560173034668,-1.2161489725112915,-4.55821418762207,1.236668586730957,-2.0771427154541016,2.093672513961792,-4.403315544128418,1.196965575218201,-3.977879047393799,2.0347490310668945,-1.255170822143555,3.1731464862823486,-2.32924222946167,1.8281978368759155,-3.77650785446167,1.2741256952285769,-3.710346221923828,1.2677736282348633,-4.13818359375,1.9195283651351929,-1.8957809209823608,0.8017624020576477
10,-241.29954528808597,155.98568725585938,-33.026126861572266,27.38481712341309,-4.372619152069092,-5.9664835929870605,-2.397029399871826,-5.021609783172607,-3.6875367164611816,7.917872905731201,-5.852212905883789,0.880318284034729,-9.281580924987791,-0.4684752225875854,-6.539321422576904,-1.558764100074768,-5.981075763702393,-0.4866059720516205,-6.40092134475708,0.5125470757484436,-3.9122190475463863,0.9295012950897216,-4.208963871002197,0.991349160671234,-2.924567937850952,2.7192232608795166,-3.0881214141845703,2.0005404949188232,-2.134936809539795,2.103607416152954,-3.334433078765869,2.321485996246338,-3.6069416999816895,1.4994173049926758,-2.99353551864624,0.4555705189704895,-3.219667196273804,2.137679100036621,-2.095531702041626,2.6998302936553955
10,-343.4496154785156,142.9593048095703,-12.094481468200684,30.437599182128903,7.221557140350342,12.16135025024414,16.409961700439453,3.917684316635132,8.134414672851562,6.395181655883789,-0.7501541972160339,6.084348678588867,5.151970863342285,4.526122570037842,3.299306631088257,2.856887102127075,3.906718492507935,6.057061195373535,2.1662957668304443,3.794910192489624,3.590864658355713,1.504651427268982,1.5356004238128662,3.1176295280456543,1.0204912424087524,1.4206531047821045,1.5460904836654663,1.6656171083450315,-0.1775631308555603,1.501725196838379,1.3677738904953003,0.8209086656570435,0.2588915526866913,0.272321879863739,-0.297467976808548,0.6775175929069519,0.5496381521224976,-0.6743775606155396,-0.2532817125320434,0.2810045480728149
10,-337.32244873046875,140.21896362304688,-18.85702896118164,30.41499900817871,4.299819469451904,11.394378662109377,8.570354461669922,4.220938205718994,6.350136280059815,10.080860137939451,-2.522313356399536,9.496065139770508,1.744935154914856,8.165688514709473,3.5585880279541016,4.834985733032227,0.805275559425354,6.378803253173828,0.2741221189498901,5.24880838394165,-0.1315007358789444,1.3883119821548462,-1.8871766328811648,3.0368220806121826,0.3429500460624695,2.536449670791626,2.2242681980133057,4.883053302764893,0.1884035766124725,4.080193996429443,0.2571752667427063,1.1292810440063477,0.1421789526939392,1.2147092819213867,-1.4088579416275024,0.8745446801185608,-0.4363921880722046,1.27934992313385,0.9834649562835692,1.8292224407196045
10,-352.9747009277344,150.0615234375,-15.2648344039917,24.79572868347168,-2.278632402420044,11.455133438110352,0.6627362966537476,5.173393249511719,0.9874447584152222,7.208228588104248,-3.086738348007202,4.283665180206299,3.579187631607056,7.515716552734375,3.2469024658203125,6.698874473571777,-0.8487746119499207,3.956897497177124,-4.635389804840088,2.93681001663208,-1.5400419235229492,1.1221297979354858,-3.635699510574341,1.2841466665267944,2.4458954334259038,5.315967559814453,2.953505277633667,6.067089080810547,2.469618558883667,3.455809593200684,-2.8037750720977783,0.0302147399634122,-2.13444447517395,3.312446355819702,-0.4196965992450714,1.5173611640930176,0.0366619303822517,0.136218786239624,0.4885073900222778,3.8670167922973633
10,-399.156982421875,138.90248107910156,-8.79847240447998,26.60395050048828,-1.585968017578125,17.834518432617188,1.1592708826065063,6.749150276184082,1.9733887910842896,7.997502326965332,-1.6326018571853638,3.236196994781494,3.478672981262207,6.161197185516357,4.527570724487305,5.134699821472168,0.1885914057493209,6.550277233123779,-3.751564979553223,4.779208660125732,-0.4585298895835876,3.896035671234131,-1.0501660108566284,0.4375502169132232,-2.742327690124512,1.4888941049575806,-1.2695082426071167,5.351834297180176,-0.5011463165283203,3.580197334289551,-0.3289228975772857,3.959393978118897,-1.9592660665512085,2.3351778984069824,-1.277251124382019,1.0126250982284546,-0.9105836749076844,0.8082409501075745,-2.833444595336914,1.6778112649917605
10,-359.8556213378906,131.89016723632812,-8.662117958068848,36.58686447143555,0.8570273518562317,14.684948921203612,14.584698677062988,7.653069019317627,7.853143215179443,9.182379722595217,0.2642855048179626,3.436023235321045,3.5027945041656494,8.737101554870605,2.983661651611328,7.927153587341309,4.836791515350342,7.812960147857666,2.4871551990509038,6.277489185333252,3.4920382499694824,6.018395900726318,-0.108418196439743,3.3850831985473637,1.803340196609497,5.045703411102295,1.917762041091919,2.884021282196045,1.013440489768982,1.984119534492493,1.569064974784851,3.554945707321167,1.0505114793777466,2.840386152267456,0.6258785724639893,3.9897284507751465,1.2519679069519043,2.047433376312256,1.1108248233795166,3.289025068283081
10,-341.3182983398437,138.9336395263672,-16.38292694091797,30.350202560424805,0.0618296489119529,10.31830596923828,13.132177352905272,6.0940117835998535,9.241990089416504,10.980294227600098,1.4216161966323853,1.330328345298767,1.014685034751892,5.338261604309082,-0.2563662528991699,7.763052463531494,6.331763744354248,11.591190338134766,4.055007457733154,6.827539443969727,0.3578374683856964,0.8723387718200684,2.9862406253814697,6.134931564331055,0.8252734541893005,4.005318641662598,1.5231647491455078,3.250284433364868,2.2968995571136475,2.035226345062256,1.0875966548919678,4.377326011657715,2.2719125747680664,2.1771328449249268,1.2508000135421753,3.3032968044281006,-0.9730647802352904,1.2002664804458618,0.1092566326260566,1.0477269887924194
10,-320.9623413085937,154.6404266357422,-25.05734634399414,20.933305740356445,1.0186978578567505,10.72188949584961,8.26900863647461,3.4759883880615234,8.338006019592285,7.482270240783691,-2.141123056411743,3.5125114917755127,1.680519461631775,8.073535919189453,0.3012014925479889,3.55464243888855,-0.081021174788475,5.945352554321289,5.584073066711426,7.337998390197754,3.0187466144561768,1.1806347370147705,1.2574775218963623,4.449805736541748,1.6437911987304688,4.543266296386719,2.3422152996063232,3.330169916152954,2.942488193511963,2.0634355545043945,-0.3133213818073272,3.05411958694458,1.2224041223526,0.5508766174316406,-0.525567889213562,1.5342299938201904,-0.6093947887420654,1.7790248394012451,-1.0143101215362549,0.534540057182312
10,-305.8006286621094,162.1809539794922,-35.27643203735352,18.293439865112305,1.005480408668518,9.738330841064451,10.27882957458496,3.4689271450042725,6.077683448791504,5.99675989151001,-7.501641273498535,5.202966213226318,1.896139144897461,8.968323707580566,1.48228919506073,1.914871335029602,-2.88639235496521,3.320097684860229,-0.1021089926362037,5.636817455291748,0.1733232587575912,1.573722004890442,-1.3201172351837158,3.404788017272949,2.283987522125244,5.3490800857543945,1.1935808658599854,3.2720048427581787,0.7765739560127258,1.510989546775818,-0.9676798582077026,3.3602802753448486,-0.531537652015686,0.0998534187674522,-2.3492696285247803,1.2494022846221924,-0.3641965985298157,1.347231149673462,-1.2717424631118774,1.9449025392532349
8,-202.8417205810547,81.40679168701172,4.867074012756348,22.89409446716309,8.673136711120605,14.951985359191896,8.869945526123047,21.359304428100582,-3.1046509742736816,9.077092170715332,3.3695385456085205,5.986959457397461,-4.3578057289123535,1.0255173444747925,5.384316444396973,13.260967254638672,9.956077575683594,23.16791534423828,5.66527795791626,-4.327907085418701,-11.55721664428711,-1.7266947031021118,5.986492156982422,15.159412384033203,-2.812730550765991,-8.969661712646484,-5.0814361572265625,11.76744556427002,-1.3508292436599731,-8.95660400390625,-11.450695037841797,17.05836296081543,22.95724868774414,1.7667065858840942,-1.1111326217651367,9.93638801574707,-2.4209275245666504,-18.397403717041016,-9.827470779418944,19.31172752380371
8,-289.5985717773437,109.26578521728516,3.2125301361083984,47.46353149414063,20.242067337036133,16.6138916015625,3.897094488143921,12.6771821975708,7.448745250701904,6.403881072998047,7.280927181243896,4.781226634979248,0.734408974647522,5.999072551727295,8.879790306091309,22.37655258178711,8.117437362670898,13.235573768615724,-2.679184675216675,10.347704887390137,3.1473777294158936,2.541917562484741,-4.216810703277588,2.2360689640045166,7.879853248596191,3.6329312324523926,-7.199173927307129,7.729418754577637,18.19558525085449,8.977789878845215,-15.728607177734377,-11.001871109008787,13.257891654968262,14.55762004852295,-7.070403099060059,5.754845142364502,3.972810506820679,-17.972787857055664,-16.682395935058594,21.469282150268555
8,-152.49371337890625,147.1449737548828,-17.5876522064209,5.995710849761963,0.3015184104442596,13.697881698608398,12.750624656677246,8.018531799316406,-6.346737384796143,9.768990516662598,0.3054422736167907,8.254936218261719,3.019958019256592,14.012605667114258,3.4122815132141118,4.9845051765441895,-0.8843187093734741,5.06768274307251,0.9941225647926332,4.811638832092285,-4.810263633728027,-2.514544486999512,-3.189135789871216,6.016348838806152,0.0863326117396354,5.709063529968262,-1.336672306060791,3.9738128185272217,0.1562739461660385,4.581495761871338,0.1293983310461044,2.029615879058838,-3.081019639968872,1.363735556602478,-2.8590164184570312,1.0449750423431396,-1.5569435358047483,2.093299150466919,-2.7207999229431152,0.4172155559062958
7,-256.0218811035156,169.4574432373047,-22.999021530151367,2.234527349472046,-1.8553498983383176,4.268347263336182,13.943349838256836,16.454776763916016,15.775446891784668,11.837122917175291,6.19320821762085,7.2677001953125,-1.2629040479660034,3.1659553050994877,1.5975546836853027,2.415663242340088,1.689325928688049,0.2077058553695678,-0.0044287531636655,3.961018323898315,-0.5741382837295532,3.0187582969665527,0.4992192387580871,3.984947919845581,3.1675503253936768,-0.1716948002576828,0.4464502930641174,1.4437843561172483,-0.5944623947143555,3.538161516189575,0.877923846244812,1.869027853012085,0.7936875224113464,2.959344387054444,1.0603585243225098,1.902726531028748,1.129358172416687,2.038142681121826,-1.1297918558120728,2.2594411373138428
7,-291.2809753417969,152.96258544921875,-25.745500564575195,3.0285043716430664,4.776550769805908,1.424973964691162,3.802117347717285,14.510513305664062,15.02973461151123,16.25078010559082,3.5756750106811523,4.81583833694458,-4.607116222381592,2.549802303314209,-0.8340291976928711,7.428524017333984,-2.0277531147003174,9.318230628967283,-0.929610311985016,6.041134834289551,-5.400311470031738,2.655266046524048,-0.4665203988552093,5.998482704162598,1.2168662548065186,2.703853130340576,-0.3532849848270416,2.7015535831451416,0.5637349486351013,3.749488115310669,0.5909330248832703,2.2551934719085693,-1.219425082206726,0.3684333264827728,-2.7252357006073,0.4017790853977203,-3.127906322479248,0.8155644536018372,-2.354341983795166,3.0469207763671875
7,-239.1265869140625,133.1245880126953,-17.446748733520508,1.7895984649658203,10.930479049682615,5.278841972351074,5.105883598327637,13.408796310424805,9.499682426452637,10.518993377685549,1.4830451011657717,3.628807783126831,-2.420123338699341,4.912637710571289,-0.4221910834312439,7.464965343475342,-6.635184288024902,6.538180351257324,-4.622774124145508,4.558324813842773,-6.491885662078857,0.8843012452125549,-2.311320304870605,3.860672235488892,0.1532674729824066,3.3248651027679443,-0.2512441277503967,2.6470930576324463,-0.1879550069570541,0.544996440410614,-1.1535784006118774,1.694037675857544,-1.6391525268554688,-0.9769555330276488,-3.0900628566741943,0.3845297694206238,-2.8699562549591064,1.783051371574402,-2.783231258392334,3.639302015304565
7,-192.58778381347656,119.84146881103516,-9.055578231811523,0.9035988450050354,15.065168380737305,8.336996078491211,4.830361843109131,11.093140602111816,5.056984901428223,7.197478771209717,0.6288726329803467,3.885857820510864,-2.732377767562866,3.505346298217773,-4.214221954345703,5.926469802856445,-8.444644927978516,5.248946666717529,-4.811200141906738,5.033966064453125,-4.942975044250488,0.698626697063446,-3.1901960372924805,2.533358097076416,-0.8219428062438965,3.600414514541626,0.4304092824459076,3.5189151763916016,0.3637810945510864,-0.3618254959583282,-2.629723072052002,1.3874338865280151,-1.0091272592544556,-0.2244023233652115,-3.467415809631348,1.489436388015747,-3.3770124912261963,1.473639965057373,-4.181927680969238,2.233478784561157
10,-288.78387451171875,128.57752990722656,-52.92063903808594,-42.85166549682617,-35.35930252075195,-37.82162857055664,-20.980615615844727,-14.878565788269045,-10.882701873779297,-11.538004875183104,1.870532751083374,1.5685021877288818,-9.0488920211792,11.663004875183104,10.663790702819824,-11.443236351013184,-9.436891555786133,-4.918853759765625,-6.947542190551758,-9.507075309753418,-5.593654155731201,-0.3086153566837311,-4.164978504180908,-3.435920476913452,-2.900391101837158,-1.129313826560974,5.243166923522949,0.1568349748849868,-0.5099702477455139,5.154271125793457,1.408167839050293,0.2758114635944366,2.6357967853546143,2.320066452026367,0.1415573507547378,-1.0308685302734375,0.9529417753219604,-0.3456707894802093,0.3396545052528381,3.5869739055633545
9,-303.0945739746094,116.48682403564452,-59.98213958740234,-27.8691463470459,-25.658802032470703,-31.26743698120117,-19.999738693237305,-21.3446102142334,-6.450895309448242,-8.803275108337402,-1.4223814010620115,10.467162132263184,-0.3983306884765625,3.421829462051392,-2.491041421890259,-14.539030075073242,-4.722601413726807,-0.7827726006507874,-3.800018072128296,-3.507387399673462,0.1465533971786499,-0.2484208941459655,-4.238827705383301,-0.7922627925872803,-2.4169838428497314,-2.1086843013763428,1.131921410560608,-5.0654473304748535,-3.052107334136963,-1.2723957300186155,-3.908348560333252,2.1080946922302246,3.593014717102051,2.675309658050537,1.608320236206055,-1.4057844877243042,-0.1163613200187683,-1.144884705543518,-0.0553091838955879,1.9162453413009644
8,-236.46002197265625,165.1212615966797,-57.31734848022461,-54.69561004638672,-54.60314178466797,-46.09267044067383,-20.31229782104492,-23.0118465423584,-17.269866943359375,-15.71097183227539,-2.422456979751587,2.1384928226470947,-14.30789566040039,3.7978358268737793,22.173877716064453,8.128279685974121,-5.874873161315918,-5.221915721893311,-5.408443450927734,-11.744989395141602,-1.6465895175933838,-0.0578615739941597,-7.429562568664551,4.434942245483398,-2.669412851333618,-5.98350715637207,10.196205139160156,-1.106849193572998,-1.6020442247390747,11.261741638183594,-1.396491527557373,-6.735973358154297,-0.7549054026603699,0.8631529808044434,1.7816267013549805,1.2588491439819336,5.96499490737915,5.844654083251953,-2.8602559566497803,-3.639768600463867
7,-312.0875244140625,105.23583984375,-19.830055236816406,-28.280460357666016,-27.832935333251957,-33.14638900756836,-25.596296310424805,-22.18947982788086,-16.03708839416504,-7.824349880218506,1.279849410057068,0.1968934237957,-3.2813925743103027,6.967287063598633,6.462230205535889,-5.724858283996582,-9.454265594482422,-7.392449855804443,-6.556852340698242,-8.055384635925293,-6.089550018310547,-6.294674873352051,-6.450723171234131,1.3600784540176392,1.2287708520889282,0.38290935754776,6.682560920715332,3.692996025085449,0.6406476497650146,1.0825258493423462,-1.6956578493118286,-0.5592495203018188,0.6842623353004456,0.6228513121604919,0.8864381909370422,0.0769017413258552,1.5965907573699951,1.7400553226470947,2.078358888626098,5.061441421508789
7,-379.0148620605469,107.63824462890624,-11.108338356018066,-17.35102081298828,-18.000804901123047,-27.872398376464844,-29.04694366455078,-23.641860961914062,-8.20128345489502,-4.055581092834473,-3.2482690811157227,-3.2972757816314697,-5.487232208251953,-0.0593886189162731,-5.44674825668335,-14.406155586242676,-10.18354320526123,-5.929168224334717,-7.122431755065918,-8.829901695251465,-4.933650970458984,-2.393219470977783,-5.212771892547607,-4.266241073608398,-3.532932758331299,-1.0376965999603271,2.945422887802124,0.7779908776283264,-0.1863409280776977,-0.7989054918289185,-1.1089738607406616,2.61633825302124,3.345051050186157,2.7944703102111816,1.318290948867798,-1.2815390825271606,-0.4474875330924988,0.7131841778755188,3.325836658477783,5.614790439605713
7,-318.108642578125,94.11815643310548,-40.66574478149414,-28.656137466430664,-34.35295104980469,-28.1611270904541,-10.646944046020508,-14.010239601135254,-7.981166362762451,-5.585276126861572,6.654233455657959,4.06955623626709,-13.195006370544434,1.5946309566497805,6.883742332458496,-5.789071083068848,-8.790563583374023,-9.591923713684082,-7.0931925773620605,-7.857100963592529,-6.046192169189453,-2.4737749099731445,-0.9479539394378662,6.806725978851318,3.1922807693481445,1.8432966470718384,9.19086742401123,1.5828628540039062,-1.0795286893844604,0.5947148203849792,-3.648157358169556,-1.170007586479187,-1.663568377494812,-2.0047569274902344,-0.0076752589084208,-0.9611720442771912,3.4378366470336914,3.324634313583374,-1.6897317171096802,-1.3539892435073853
7,-286.8811950683594,120.1114501953125,-55.35721206665039,-37.41938400268555,-37.92695617675781,-49.92424774169922,-29.132970809936523,-12.9362211227417,-4.1433587074279785,-3.3627703189849854,8.44391918182373,3.031602144241333,-8.684680938720703,11.630670547485352,12.413166046142578,-2.8214707374572754,-4.08193302154541,-6.340940952301025,-5.091131687164307,-6.635950565338135,-9.775846481323242,-9.34390640258789,-6.4006218910217285,0.3534820973873138,-2.026649475097656,3.914840698242188,9.41006565093994,-3.434904098510742,3.302858829498291,5.750117301940918,-13.10706901550293,-7.010098457336426,5.371398448944092,2.878616571426392,0.5292864441871643,-0.18147012591362,0.2892715334892273,-5.017155647277832,-3.349769115447998,6.953190803527832
10,-184.54905700683597,86.65288543701172,-7.6401143074035645,-2.205958366394043,-0.336296796798706,-0.3336504995822906,5.843684673309326,12.524858474731444,8.824129104614258,21.205814361572266,-0.6621033549308777,19.978694915771484,-4.036029815673828,5.94606876373291,4.962795734405518,6.71175479888916,3.3212778568267822,8.45518970489502,0.6302445530891418,7.938973426818848,2.3932301998138428,6.995831489562988,0.9968271255493164,0.7074169516563416,2.570843458175659,6.012874603271484,-1.0187040567398071,2.723845958709717,-3.644979953765869,2.7681479454040527,-0.2413270473480224,5.8321051597595215,-0.6285388469696045,3.5680551528930664,-1.943040132522583,0.493806928396225,-4.458019256591797,-0.0113193094730377,0.5212835669517517,3.822731256484986
10,-177.76756286621094,89.39983367919922,-8.76827621459961,-1.239988088607788,0.0821069478988647,0.2441035360097885,7.098314762115479,12.53815746307373,8.650205612182617,19.23886489868164,-1.38757061958313,19.189319610595703,-3.708527803421021,6.654142379760742,4.652930736541748,5.736829280853272,2.1517488956451416,8.035184860229492,1.7328556776046753,10.110814094543455,2.8008203506469727,6.196377754211426,-1.1190531253814695,-0.8528194427490234,2.25735855102539,6.637163162231445,0.7262210845947266,3.3263514041900635,-4.881164073944092,1.582016110420227,-1.15574049949646,5.198005199432373,-0.4885461032390594,3.67959213256836,-2.256186008453369,0.4194216132164001,-5.384958267211914,-1.2749959230422974,0.1373132020235061,4.286685943603516
10,-197.08566284179688,79.62166595458984,-5.81619930267334,2.554558277130127,-0.91879403591156,-1.0794599056243896,4.949559688568115,11.675363540649414,10.510621070861816,22.69190788269043,1.7434279918670654,24.72954368591309,-1.13757061958313,5.316128253936768,3.905588150024414,7.381890296936035,5.553341388702393,9.31539821624756,2.786510944366455,9.539676666259766,0.6049556136131287,2.8142735958099365,0.2182039022445678,1.2979445457458496,3.906595706939697,6.359847068786621,0.0607041604816913,2.073795318603516,-3.8655271530151367,4.073151111602783,1.000927209854126,7.734724044799805,1.1130833625793457,4.746364116668701,-1.89042067527771,-1.165912628173828,-4.812314510345459,0.8940317034721375,0.3573525846004486,4.561563014984131
10,-197.64378356933597,79.70503234863281,-6.542843341827393,2.431474208831787,-0.582689642906189,-0.3595033288002014,3.826926946640015,11.23483657836914,10.936573028564451,23.933429718017575,2.531789541244507,24.16416931152344,-1.2892433404922483,4.769682884216309,3.6749444007873535,7.423407077789307,5.627131462097168,9.487958908081056,2.969750165939331,9.54503059387207,0.4412189126014709,2.659101724624634,-0.1360843926668167,1.2889074087142944,4.297706604003906,6.709203243255615,-0.1573800593614578,1.8585851192474363,-4.055052280426025,4.5930376052856445,1.6503673791885376,7.766378402709961,0.9012097716331482,4.564135551452637,-1.749413251876831,-1.441738247871399,-5.0587029457092285,0.5142754316329956,0.6960561871528625,4.542967319488525
10,-194.5594787597656,79.9511489868164,-6.696984767913818,1.736604928970337,-0.7654215097427368,0.2163858860731125,3.4419541358947754,10.632369041442873,11.586426734924316,23.207794189453125,1.644526481628418,23.734888076782227,-2.272789478302002,4.926529407501221,3.770172595977783,7.57803201675415,4.757376194000244,8.735437393188477,3.622292995452881,9.799816131591797,0.396408349275589,2.41118597984314,-0.401245504617691,1.1470084190368652,4.276296138763428,6.212496280670166,-0.2856315076351166,1.7458301782608032,-4.544181823730469,4.284478187561035,2.13296890258789,7.834371089935303,0.6876831650733948,4.541244983673096,-1.0992287397384644,-0.290856271982193,-5.139350891113281,0.1395192891359329,0.8629457354545593,4.342284679412842
10,-192.96224975585935,79.2823257446289,-6.452491283416748,1.8012728691101074,-1.3222906589508057,0.0667714029550552,3.163883686065674,10.635027885437012,11.354355812072754,22.17267227172852,0.6354745030403137,24.20265007019043,-2.0200600624084477,5.695783615112305,4.157454013824463,7.848200798034668,4.2745041847229,7.996018886566162,3.597678899765014,9.9807767868042,0.1397724151611328,2.464393377304077,-0.9554595947265624,0.9813517928123474,4.436049461364746,6.263264179229736,-0.2250782549381256,1.976649284362793,-4.873330116271973,3.4290220737457275,2.1184604167938232,8.082003593444824,0.9574540853500366,4.644171237945557,-1.2210021018981934,-0.2018442302942276,-5.461851119995117,0.2341133803129196,1.3705588579177856,4.5482048988342285
10,-191.7709045410156,79.91030883789062,-5.426486015319824,1.9264992475509644,-1.611261248588562,0.2493034750223159,3.2656707763671875,10.78149700164795,10.985861778259276,22.64418029785156,1.1612073183059692,24.684911727905277,-1.2942720651626587,5.90792989730835,4.467535495758057,7.686832427978516,4.414396286010742,8.346435546875,2.897446870803833,9.30078125,0.2236195802688598,3.017608404159546,-0.777226448059082,1.1020245552062988,4.288529872894287,6.349046230316162,-0.3994656503200531,2.111210346221924,-5.210186004638672,3.5665526390075684,2.810782194137573,8.083820343017578,0.5863651633262634,4.712786674499512,-1.4621375799179075,-0.8595015406608582,-5.722458839416504,0.3785158693790436,1.8634058237075808,4.474347114562988
10,-192.2789764404297,80.85282135009766,-5.132943630218506,2.464869737625122,-1.9388946294784544,0.4761333167552948,4.162415504455566,11.15485954284668,11.128962516784668,23.183198928833008,2.1549925804138184,24.64137077331543,-1.5251857042312622,5.043548107147217,4.621355056762695,7.372686862945557,4.734646797180176,8.399933815002441,2.8187179565429688,9.311277389526367,-0.4490351676940918,3.0798940658569336,-0.138510376214981,1.387014627456665,3.962481737136841,6.359054565429688,-0.6629737615585327,2.078943967819214,-4.916704177856445,4.394539833068848,3.1872191429138184,8.023454666137695,0.2514360547065735,4.918024063110352,-0.9069935083389282,-0.966096580028534,-5.581723690032959,0.5133733749389648,1.7601536512374878,4.123633861541748
10,-194.78375244140625,79.84410858154297,-4.671513557434082,2.7077369689941406,-1.812631607055664,1.658672332763672,4.745376586914063,12.425790786743164,12.317814826965332,22.495376586914062,1.6698322296142578,23.790834426879883,-2.6167609691619877,3.8501343727111816,4.07538652420044,6.732426166534424,5.415399551391602,9.352265357971191,2.8905107975006104,8.954631805419922,-1.253706932067871,3.852652072906494,0.6806747317314148,2.2876336574554443,4.606559753417969,6.6017231941223145,-0.9521750807762146,2.1922314167022705,-5.239468574523926,3.670468807220459,2.7605297565460205,8.143340110778809,1.033161997795105,5.384972095489502,-1.2118531465530396,-1.1429007053375244,-5.587259292602539,0.1146376430988311,1.264953374862671,4.024816989898682
10,-193.96121215820312,79.46774291992188,-2.728689670562744,2.909459352493286,-2.003992080688477,2.47160005569458,4.830238342285156,11.66999626159668,11.760268211364746,21.76076889038086,1.5327221155166626,23.391645431518555,-3.840687274932861,2.7739765644073486,3.329637050628662,6.152846336364746,5.777517318725586,10.173612594604492,2.668738603591919,9.0447359085083,-0.4787041842937469,4.760411739349365,0.9552862644195556,2.2884681224823,4.69710636138916,6.804396629333496,-1.239276647567749,1.4445667266845703,-5.728207111358643,3.5342092514038086,3.2919931411743164,8.454280853271484,0.7275691032409668,4.991017818450928,-1.721005082130432,-0.9728476405143738,-5.356902122497559,0.3886505365371704,1.4254781007766724,4.454041481018066
10,-194.38267517089844,80.75647735595703,-2.2053422927856445,2.0528132915496826,-2.142714023590088,2.14906907081604,4.781228065490723,11.07931900024414,11.025309562683104,22.016956329345703,2.1298305988311768,23.62063980102539,-2.8224544525146484,3.4566636085510254,3.592858076095581,6.624359130859375,5.213548183441162,9.63652515411377,2.1713240146636963,9.28404426574707,0.1505924314260482,4.436069011688232,0.3229732513427734,1.1131510734558103,4.107152462005615,6.3532304763793945,-1.2472641468048096,1.2556177377700806,-5.449206829071045,4.114577293395996,3.134178638458252,8.660345077514648,0.2871232330799103,4.377969264984131,-1.391734600067139,-0.473056823015213,-5.2785186767578125,0.2339604049921035,1.4813064336776731,4.405649662017822
10,-203.3878936767578,78.28773498535156,-1.5936671495437622,4.4749932289123535,0.3501669764518738,0.8541658520698547,5.269293308258057,12.376559257507324,10.80528736114502,22.529157638549805,3.841164350509644,23.955530166625977,-1.1659679412841797,4.1826348304748535,3.442216396331787,6.406060218811035,3.608852863311768,10.234427452087402,3.3783376216888428,9.422188758850098,0.226301297545433,4.488861083984375,-0.4094389677047729,0.9597451686859132,3.359593629837036,6.026440620422363,-0.7778039574623108,2.162557363510132,-5.039906978607178,3.618936061859131,2.4517033100128174,7.417648315429687,0.3206352591514587,3.861385583877564,-1.4352450370788574,0.1634798049926757,-4.721590042114258,0.3175834715366363,1.0047725439071655,3.723475456237793
10,-177.33035278320312,89.60279083251953,-8.822847366333008,-0.7797375917434692,0.3733895421028137,0.586886465549469,7.664675712585449,12.680513381958008,7.898464202880859,18.401744842529297,-1.874307632446289,19.15970230102539,-3.424956083297729,7.14674186706543,5.01766300201416,5.696090221405029,2.098655939102173,7.36679220199585,1.159290075302124,9.981733322143556,2.6588804721832275,6.360683917999268,-0.9010891914367676,-0.7391192317008972,2.174391984939575,6.228371620178223,0.7157254219055176,3.765450954437256,-4.239814758300781,2.215587854385376,-1.0532984733581543,5.877804279327393,-0.4624916911125183,3.04984450340271,-2.5204291343688965,0.4375880658626556,-5.007476806640625,-0.9564493894577026,0.0555430278182029,4.654955863952637
10,-170.91563415527344,90.81037902832033,-9.18122673034668,-0.2092426866292953,0.5699834227561951,1.1366482973098757,7.951761722564697,11.886256217956545,6.348952293395996,17.661544799804688,-1.4608217477798462,20.69948387145996,-2.5010156631469727,6.9800567626953125,4.294592380523682,5.1656575202941895,1.8819591999053955,7.588049411773682,1.7492386102676392,9.382729530334473,1.575024962425232,6.00002384185791,-0.4055923819541931,0.2633832693099975,3.3274927139282227,6.732632160186768,-0.5748822689056396,1.9479432106018064,-4.96208381652832,2.290417194366455,-1.0567837953567505,5.238592624664307,-2.043529272079468,2.267458438873291,-2.528082609176636,0.3693910539150238,-4.137876510620117,-0.4350995123386383,-0.8636151552200317,3.823599815368652
10,-166.0745391845703,92.54068756103516,-9.627826690673828,0.5204399228096008,0.3843013048171997,1.2612781524658203,8.15269660949707,10.871532440185549,6.074996948242188,16.74103546142578,-1.7171167135238647,21.7104549407959,-1.9217745065689087,6.800798416137695,3.47256851196289,5.230955123901367,1.52783203125,7.4651780128479,3.3431081771850586,10.077741622924805,0.4612028002738952,4.715473651885986,-1.505069613456726,-0.5933484435081482,3.732074022293091,7.959531784057617,0.0955560505390167,0.8394784331321716,-7.239650249481201,0.2988773286342621,-1.7767552137374878,4.521397113800049,-2.202743530273437,2.2086987495422363,-3.10398268699646,-0.7599759697914124,-4.714210033416748,-0.2202774286270141,-0.895449161529541,3.192322015762329
10,-175.01918029785156,90.65918731689452,-8.051058769226074,-1.0517178773880005,-0.4689024686813354,1.1605863571166992,8.403926849365234,11.523763656616213,7.858082294464111,17.982810974121094,-1.5744431018829346,20.75473403930664,-2.3277065753936768,7.102070331573486,4.918147087097168,6.533048629760742,2.187225818634033,6.755930423736572,2.1056745052337646,10.47195816040039,1.64440655708313,5.350396156311035,-0.8705032467842102,-0.9124538898468018,2.866485357284546,7.4775710105896,0.6385520696640015,2.928537607192993,-5.918710231781006,0.7776831388473511,-1.120880961418152,5.531796455383301,-1.015275955200195,3.0579450130462646,-2.4858429431915283,-0.6659762859344482,-5.3430705070495605,-0.2439627647399902,-0.119893841445446,3.6171071529388423
10,-177.03431701660156,90.83155822753906,-7.812831401824951,-1.6942869424819946,-0.6540606617927551,1.4547410011291504,8.65709400177002,12.369816780090332,8.070417404174805,18.065784454345703,-1.4689291715621948,19.908308029174805,-2.650649309158325,7.493429183959961,5.197183609008789,5.983546733856201,1.7196298837661743,6.63194465637207,1.9251638650894165,10.783299446105955,2.3520288467407227,5.653252601623535,-0.6076478362083435,-0.6504430174827576,3.134121417999268,7.042754173278809,0.5364845395088196,3.713867902755737,-5.39100456237793,1.0879822969436646,-1.4077152013778689,6.157244682312012,-0.4215030074119568,3.492192029953003,-2.379180431365967,-0.522208571434021,-5.447120189666748,-0.4791210293769836,-0.2664072215557098,3.985194206237793
10,-178.62217712402344,89.6243667602539,-7.70902681350708,-1.6448081731796265,-0.5904638171195984,1.3870543241500854,7.761960029602051,12.446741104125977,7.95168399810791,18.75326538085937,-1.5027321577072144,20.181211471557617,-2.864250659942627,7.400675773620605,4.788649082183838,6.179163932800293,1.9476011991500852,7.459125995635986,2.550523281097412,10.274528503417969,2.616648435592652,5.71609354019165,-0.6272494792938232,-0.6648804545402527,3.1775903701782227,6.710727214813232,-0.1255760788917541,2.9251980781555176,-5.343316078186035,1.9856373071670528,-1.4906576871871948,6.169769287109375,-0.4739179611206054,3.3035905361175537,-2.809220790863037,-0.765661358833313,-5.316067695617676,0.0909884944558143,0.2815345823764801,4.1732048988342285
10,-182.5640869140625,86.30680084228516,-6.459232807159424,-2.50921893119812,-1.326228380203247,1.0592561960220337,7.020631790161133,12.873470306396484,8.860013961791992,21.118104934692383,-1.1358672380447388,20.63543701171875,-3.211669921875,7.083156108856201,4.95020866394043,7.416890621185303,2.88092041015625,7.953699588775635,1.6373685598373413,9.155692100524902,2.9012293815612797,5.894910335540772,0.4395554363727569,0.4974904656410217,2.9497461318969727,6.194756984710693,-0.8298073410987854,3.084272146224976,-4.227422714233398,3.336575984954834,-0.3788915574550628,6.657045841217041,-0.8877512216567993,3.0523455142974854,-2.480691432952881,-0.4490887522697449,-4.978758335113525,0.4129341542720794,0.308655709028244,4.16472864151001
10,-188.123291015625,82.9454345703125,-5.7721052169799805,-0.8328269720077515,-1.6413565874099731,-0.107463464140892,6.19797420501709,12.555305480957031,10.109742164611816,21.77511978149414,-0.2838827669620514,22.62816429138184,-2.5124945640563965,6.390663146972656,4.53977108001709,7.589339733123779,3.989766836166382,8.37657642364502,1.8099052906036377,9.018826484680176,1.8500516414642332,4.476699352264404,0.5938491821289062,1.2825366258621216,3.360025644302368,5.906420230865479,-0.2705465853214264,2.861912488937378,-4.324586868286133,3.31657338142395,0.4741433560848236,7.411309242248535,-0.1569598466157913,3.7983105182647705,-1.9285731315612795,-0.0971357673406601,-4.568773746490479,0.7240023016929626,-0.095709390938282,3.9590816497802734
7,-55.2620964050293,135.6325225830078,-16.617055892944336,32.30561447143555,14.217721939086914,13.214393615722656,-4.168417930603027,1.6975094079971311,-0.9831490516662598,8.514169692993164,8.881589889526367,2.7496025562286377,-0.3674676418304443,8.892430305480957,-11.609919548034668,2.1013786792755127,2.644479751586914,3.124950408935547,-0.5376997590065002,6.411950588226318,-8.133123397827148,2.068824529647827,-0.0473423451185226,8.214863777160645,-8.219627380371094,2.03157901763916,-0.1939496248960495,-1.883036017417908,-3.653472900390625,1.7450509071350098,-5.546886444091797,2.932212352752685,3.5150177478790283,3.4914774894714355,-5.140058994293213,2.965451955795288,0.4758366048336029,-3.948005199432373,1.1610591411590576,4.01906156539917
9,-164.60256958007812,131.41897583007812,-40.63448333740234,23.486892700195312,-3.1994354724884038,23.044286727905277,-4.213626861572266,16.366748809814453,0.047942966222763,-0.0210128687322139,-6.777559757232666,7.437346935272217,-3.5614333152771,2.89083194732666,-0.4123666882514953,1.6536718606948853,-5.154575347900391,0.961017370223999,-1.4879051446914673,2.4610610008239746,-4.318414688110352,-2.571709632873535,-1.789730429649353,3.210524082183838,-1.1727283000946045,2.293019771575928,-3.1156115531921387,2.8228695392608643,-3.3860385417938232,-1.7325215339660645,-4.479855060577393,4.685466289520264,-2.6008121967315674,0.9353837966918944,-3.143510103225708,0.6232296824455261,-2.224928617477417,-0.4064548313617706,-3.361879110336304,3.8971471786499023
8,-66.27474975585938,110.88217163085938,35.53523254394531,14.389083862304688,3.8497300148010254,15.595773696899414,9.519354820251465,13.500152587890623,-4.814058780670166,6.788609981536865,-3.390662431716919,4.461971282958984,0.1579353064298629,7.079625129699707,-2.1759192943573,-1.2701927423477173,-5.728780269622803,3.139772653579712,0.9000625014305115,7.599530220031738,0.3294785022735595,6.329204559326172,0.0058217900805175,6.154232025146484,-3.955836772918701,0.5785019397735596,-2.180661916732788,5.413154602050781,-0.7205402255058289,1.88609778881073,1.4896284341812134,8.129899978637695,2.049356698989868,5.637902736663818,-2.835186719894409,2.3487439155578613,-1.3036220073699951,4.401588439941406,-2.624486923217773,5.91379451751709
8,-66.44507598876953,110.91959381103516,35.362342834472656,14.521634101867676,4.156801223754883,15.384883880615234,9.603974342346191,13.387303352355955,-4.83635950088501,6.616737842559815,-3.2868990898132324,4.077264308929443,0.154817447066307,6.766731262207031,-1.836643934249878,-0.9482020735740662,-5.460091590881348,3.2630388736724854,0.446060836315155,7.306623458862305,-0.0403252989053726,6.414887428283691,0.1067701801657676,6.61801290512085,-4.118137836456299,0.6510022282600403,-2.299928903579712,5.599025726318359,-0.7248148918151855,1.857714295387268,1.3878865242004397,8.075675010681152,2.450916051864624,5.825309753417969,-2.600839138031006,2.1341757774353027,-1.484966516494751,4.215849876403809,-2.3538002967834477,6.0232834815979
8,-66.78597259521484,111.27777099609376,35.06914138793945,14.590920448303224,4.286144733428955,15.521910667419434,9.368526458740234,13.308304786682127,-5.081802368164063,6.520747661590576,-3.240487575531006,4.224306583404541,0.0793637856841087,6.641698360443115,-1.7797795534133911,-0.8631547093391418,-5.391062259674072,3.4145708084106445,0.2624987363815307,6.883439064025879,0.1465116590261459,6.508087635040283,-0.0525001809000968,6.883127689361572,-4.126626968383789,0.6196478009223938,-2.343189001083374,5.272411346435547,-0.4881279468536377,1.9598875045776367,1.3137731552124023,8.26873779296875,2.4727132320404053,5.72687578201294,-2.711381673812866,2.1677708625793457,-1.4079763889312744,4.302779674530029,-2.5455727577209477,5.744038105010986
8,-67.05426788330078,111.5272216796875,35.19050216674805,14.572362899780272,4.305298328399658,15.576346397399902,9.485796928405762,13.4640531539917,-4.894047260284424,6.461963653564453,-3.1221556663513184,4.293061256408691,0.1084891110658645,6.352611541748047,-2.0380752086639404,-1.0500969886779783,-5.458938121795654,3.51540207862854,0.6937624216079712,6.994808197021484,0.0952273458242416,6.583364009857178,-0.2793686091899872,6.693153858184815,-3.989985942840576,0.5179345607757568,-2.2508976459503174,5.359255790710449,-0.5500558614730835,1.8866537809371948,1.4124149084091189,8.271119117736816,2.3136565685272217,5.609834671020508,-2.936779499053955,2.329839944839477,-1.3576576709747314,4.233380317687988,-2.64641547203064,5.39305591583252
8,-66.159423828125,110.7518539428711,35.54800796508789,14.364736557006836,4.135131359100342,15.207502365112305,9.246835708618164,13.63609790802002,-4.710306644439697,6.822748184204102,-3.1185810565948486,4.249448776245117,0.1660369932651519,6.544381141662598,-2.3940112590789795,-0.8293896317481995,-5.554339408874512,3.2221155166625977,1.1551169157028198,7.46876335144043,-0.0918053165078163,6.74713659286499,-0.1397372335195541,6.547723293304443,-3.8601560592651367,0.2394507676362991,-2.6154959201812744,5.247790813446045,-0.8434860110282898,1.9667280912399288,1.3057574033737185,8.436158180236816,2.234005928039551,5.95183801651001,-2.755434274673462,2.1675710678100586,-1.5750912427902222,4.22577714920044,-2.384226560592652,5.845814228057861
8,-66.5853500366211,110.8846435546875,35.23284149169922,14.401472091674805,3.967028379440308,15.25615692138672,9.267048835754396,13.631780624389648,-4.782456398010254,6.918399333953857,-3.3145477771759038,4.466753005981445,0.4601262211799621,6.538487434387207,-2.2758729457855225,-1.0966075658798218,-5.620680332183838,3.0370357036590576,1.0283794403076172,7.25721549987793,0.186196744441986,6.592697143554688,0.1046274676918983,6.589975833892822,-3.802396774291992,0.2095056474208831,-2.4902901649475098,5.272236347198486,-0.719062864780426,1.9813677072525024,1.2575029134750366,8.37840461730957,2.155338764190674,5.942820072174072,-2.7604427337646484,2.199246883392334,-1.6548917293548584,4.222762107849121,-2.385325193405152,5.985859394073486
8,-66.77833557128906,111.25233459472656,35.01844787597656,14.66477108001709,4.2758402824401855,15.304078102111816,9.280155181884766,13.182981491088867,-4.953548431396484,6.833661079406738,-3.0294337272644043,4.30587911605835,0.2729251682758331,6.4769606590271,-2.080580949783325,-1.1348012685775757,-5.34421443939209,3.321982383728028,0.4220531582832336,7.043217182159424,0.0724163129925727,6.49143123626709,0.0257465541362762,6.8772501945495605,-4.05553150177002,0.6475690007209778,-2.1165976524353027,5.548866748809815,-0.9506464600563048,1.6604441404342651,1.2902188301086426,8.280797958374023,2.3245482444763184,5.820372581481934,-2.8531713485717773,2.374307632446289,-1.2795524597167969,4.115671157836914,-2.423178195953369,5.874658584594727
5,-341.69854736328125,117.76644134521484,1.6143615245819092,77.73123931884766,1.7849202156066897,16.05463218688965,4.147982120513916,18.724140167236328,5.313455581665039,5.653943538665772,-3.8916051387786874,9.529901504516602,-6.190556526184082,5.567020893096924,-5.838651180267334,-1.4533177614212036,-1.4428318738937378,-4.446075916290283,-3.1134395599365234,-0.9395233988761902,-1.0599991083145142,-1.9826053380966189,-2.206428289413452,-0.5370277166366577,-2.568182945251465,0.1149003431200981,0.1170582845807075,1.6137707233428955,0.0361549071967601,-1.0613305568695068,-3.95387601852417,-2.19124174118042,-2.9759557247161865,-4.112988471984863,-6.305833339691162,-5.211421012878418,-6.70015287399292,-5.178368091583252,-4.064075469970703,-1.7368545532226562
5,-333.70098876953125,122.2812271118164,2.729060173034668,77.6054916381836,1.2517259120941162,15.36805820465088,6.93795108795166,20.689842224121094,3.3480024337768555,5.336034774780273,-5.210428714752197,10.050397872924805,-5.8816399574279785,5.068378925323486,-5.641418933868408,-0.2916601002216339,-0.9877485036849976,-6.622603893280029,-4.4440693855285645,-1.6121411323547363,-0.5484697818756104,-0.9328501224517822,-0.9858146905899048,0.8131322264671326,-2.043070077896118,1.0167447328567505,-0.3843942880630493,0.223591461777687,-1.09694504737854,-0.7091060876846313,-3.1542298793792725,-0.9712712168693542,-2.04748010635376,-3.574336290359497,-5.866336822509766,-5.868581295013428,-6.519222259521484,-6.289346218109131,-4.53351640701294,-2.6359684467315674
5,-306.588134765625,111.02155303955078,-8.607440948486328,56.178218841552734,-5.965113162994385,17.300004959106445,17.882904052734375,12.89191722869873,8.171037673950195,8.600547790527344,-1.4654461145401,4.765620708465576,-4.595261573791504,5.40690279006958,-5.382621765136719,6.233721733093262,-1.0118247270584106,-2.7414584159851074,0.4878596067428589,2.4651620388031006,-0.6406660676002502,-2.6920604705810547,-1.741954326629639,-2.1671664714813232,-2.5527422428131104,-0.1020949482917785,0.5536679625511169,-0.3126315474510193,-3.489384889602661,-0.3944694995880127,-2.0591254234313965,-2.227393627166748,-4.443953514099121,-3.461430311203003,-4.879093170166016,-4.016476631164551,-5.271270275115967,-4.845219135284424,-3.383239507675171,-3.094650983810425
5,-296.28570556640625,113.10867309570312,-3.526134967803955,62.605716705322266,-8.7423734664917,7.0449090003967285,18.689085006713867,10.889713287353516,3.1022212505340576,10.614458084106444,-9.477800369262695,5.004644870758057,-6.478043079376221,5.114820957183838,-6.249779224395752,3.7926511764526367,0.5939056873321533,-4.846340179443359,-1.112784504890442,0.9083200097084044,-0.596132218837738,-1.5987409353256226,-0.8801077008247375,0.3921844363212585,-2.323171615600586,0.0712895095348358,1.7386008501052856,0.6498162746429443,-3.311800718307495,-0.8179847598075867,-0.9659661054611206,-2.727776050567627,-4.911654472351074,-3.626789331436157,-5.230883121490479,-5.553997993469238,-5.706761837005615,-5.650233745574951,-3.774655342102051,-5.020020008087158
5,-289.5511474609375,119.6595230102539,0.0739852786064148,68.93647003173828,-7.22308874130249,3.6198747158050537,16.762834548950195,6.315686702728272,2.777013063430786,10.729616165161133,-12.884454727172852,8.351117134094238,-4.793318748474121,4.744209289550781,-6.363897323608398,1.346171736717224,2.81167984008789,-3.677201747894287,-3.825331449508667,-0.0967244058847427,-1.0300365686416626,1.1411679983139038,-1.1269497871398926,0.7727087140083313,-2.3097965717315674,0.696719765663147,0.9306908845901488,0.5584767460823059,-2.584078311920166,-0.4739368557929992,-1.466227650642395,-1.9395753145217896,-4.357646465301514,-4.068828105926514,-6.049304485321045,-6.884068489074707,-6.8708319664001465,-4.22245454788208,-4.476088523864746,-5.989570617675781
5,-338.0857238769531,126.9669189453125,1.085416555404663,72.13668823242188,0.5406463146209717,20.1972770690918,11.148455619812012,19.126331329345703,5.929408073425293,7.347764015197754,-3.2876410484313965,8.871581077575684,-4.14340877532959,3.865787506103516,-4.516646862030029,2.3619608879089355,-2.1022002696990967,-6.999961853027344,-2.932826042175293,-1.753394365310669,-0.4877341389656067,-1.729039192199707,-0.6599079370498657,1.2472479343414309,-2.347935914993286,0.8637450933456421,0.2916266620159149,0.0025181190576404,-1.6242612600326538,-0.9854822754859924,-2.244898557662964,-1.4942388534545898,-2.017517328262329,-2.7188093662261963,-5.145388603210449,-5.565545558929443,-5.839199542999268,-6.863992691040039,-5.314303398132324,-3.849674940109253
5,-327.54742431640625,123.93246459960938,-3.589595317840576,67.85787963867188,-3.580726623535156,23.596290588378903,14.776378631591797,17.579914093017578,6.79581356048584,12.061373710632324,0.3309141397476196,7.702907085418701,-6.255875110626221,4.5103302001953125,-3.2260985374450684,3.1595144271850586,-3.1472342014312744,-6.571270942687988,-1.7323156595230105,-2.478151798248291,-1.3936333656311035,-2.306478261947632,0.1284493654966354,0.649318516254425,-3.548128604888916,0.5704287886619568,-0.6950345039367676,0.4277050793170929,-1.5225216150283811,0.2191392332315445,-2.2887847423553467,-2.1127493381500244,-2.585928440093994,-1.999609112739563,-4.503050327301025,-4.273881435394287,-4.904533863067627,-5.137644290924072,-5.34921407699585,-4.453045845031738
5,-311.63555908203125,118.89118957519533,-10.469284057617188,68.52130126953125,-0.8580881357192993,19.756542205810547,14.12722873687744,17.151288986206055,7.202856063842773,13.56888198852539,1.4384262561798096,8.433696746826172,-6.2689080238342285,4.213503837585449,-2.594920873641968,2.19681978225708,-2.3277907371521,-5.07166051864624,-2.425478458404541,-2.655638694763184,-1.2703170776367188,-1.832395315170288,0.8325013518333435,0.5660651922225952,-3.2938969135284424,0.6958271265029907,-0.9750674962997437,0.0016222482081502,-2.3422086238861084,0.3579400479793548,-2.8819546699523926,-2.026787757873535,-2.2502200603485107,-1.0554488897323608,-4.222897052764893,-3.540895700454712,-4.508606910705566,-4.993950366973877,-5.885047912597656,-4.408716678619385
5,-284.1836242675781,117.42025756835938,-14.79844856262207,64.96128845214844,-0.9846122860908508,20.02453994750977,14.18983268737793,15.997140884399414,5.50197696685791,10.374093055725098,1.5239640474319458,6.530731201171875,-5.631455898284912,4.065605163574219,-2.984242677688598,1.6680272817611694,-1.5909607410430908,-4.90932035446167,-2.435917377471924,-2.5593461990356445,-0.4978632032871246,-1.4989537000656128,0.4564410448074341,0.8836274147033691,-3.1548640727996826,-0.8822101950645447,-0.8647571802139282,-1.3075683116912842,-3.905344247817993,-0.7666285634040833,-3.962986469268799,-3.5623762607574463,-1.7869809865951538,-0.0730798989534378,-4.84757137298584,-4.108479022979736,-5.111841201782227,-5.1793742179870605,-5.697338104248047,-3.422011613845825
5,-280.18084716796875,120.1860809326172,-15.55789279937744,62.26325988769531,-2.8793530464172363,22.38016891479492,15.445112228393556,15.206966400146484,2.882885456085205,10.588391304016112,2.668787240982056,3.917002677917481,-5.214271545410156,5.866572380065918,-3.421832323074341,1.896788477897644,-1.086958885192871,-7.346844673156738,-2.3232901096343994,-2.2039053440093994,-0.9722538590431212,-0.9448245763778688,-0.2069205194711685,1.7472103834152222,-2.895127534866333,-1.692314863204956,-1.9389671087265012,-2.043200254440308,-3.602936267852783,-1.4636751413345337,-3.37536096572876,-4.478291034698486,-2.0781359672546387,-1.159878849983215,-5.054214000701904,-4.76978874206543,-5.071864604949951,-4.8152337074279785,-6.005963802337647,-3.3140268325805664
5,-295.6429443359375,121.14342498779295,-14.046589851379396,67.3403091430664,-0.0235028136521577,20.53535461425781,16.28133773803711,17.474319458007812,3.957322359085083,13.47944450378418,-0.0398369058966636,8.253763198852539,-4.488816738128662,5.684680461883545,-4.104163646697998,1.289218544960022,-2.341445207595825,-6.832947254180908,-2.801830053329468,-1.3406953811645508,-1.0325320959091189,-0.0665072426199913,-0.6969754099845886,1.8199602365493772,-2.8707215785980225,-1.0925196409225464,-3.2800822257995605,-2.4513609409332275,-2.248117446899414,-1.4575258493423462,-2.1662046909332275,-3.4582653045654297,-2.6566367149353027,-3.188575029373169,-5.991249561309815,-6.386939525604248,-5.761478900909424,-4.676117897033691,-7.218684196472168,-5.044175148010254
5,-303.98779296875,124.82568359375,-8.79787826538086,67.85478973388672,-0.5481067299842834,21.780872344970703,16.311952590942383,15.819838523864746,6.772441864013672,9.8211030960083,-1.568085789680481,8.441637992858887,-4.0375494956970215,2.70820689201355,-2.775512456893921,0.6646342873573303,-1.2320300340652466,-4.598963260650635,-1.529828429222107,-2.49489164352417,-0.4837534427642822,-0.6317094564437866,-1.6550002098083496,-0.8429477214813232,-4.099937438964844,-2.354616641998291,-4.248310565948486,-2.8906919956207275,-1.76641845703125,-2.0590648651123047,-2.1466827392578125,-3.749354124069214,-3.3604252338409424,-3.994261741638184,-4.890685081481934,-6.663969993591309,-4.639563083648682,-3.845504760742188,-5.293532848358154,-4.898934364318848
5,-311.31524658203125,123.45773315429688,-6.658671855926514,60.23096466064453,-3.9717493057250977,22.334665298461918,15.854907035827637,12.165157318115234,7.448554039001465,8.085814476013184,1.3349413871765137,5.818202495574951,-3.969293594360352,3.0317461490631104,-2.7410871982574463,3.3668582439422607,-0.0069810282438993,-2.776099443435669,0.4276727735996246,-0.6085681319236755,-0.7104694247245789,-1.3419666290283203,-2.88297438621521,-3.193718194961548,-4.431961536407471,-1.924609422683716,-2.9771149158477783,-1.9652812480926516,-3.029441595077514,-1.287612795829773,-2.8429887294769287,-3.012713670730591,-4.066954135894775,-3.387833595275879,-4.005497932434082,-4.435352325439453,-3.8760809898376474,-3.07305908203125,-3.3331665992736816,-3.0551693439483643
5,-322.7198486328125,144.10501098632812,-6.825151443481445,56.119083404541016,1.653961181640625,12.83331298828125,10.835786819458008,14.912256240844728,10.1641263961792,7.729231834411621,-5.00581693649292,-2.492492437362671,-2.0190699100494385,-4.174877643585205,-4.538895130157471,0.3478172123432159,1.5734477043151855,-2.3138070106506348,-4.713302135467529,-1.899219512939453,-2.942366600036621,0.7626581788063049,-2.043825626373291,2.387547731399536,-0.7670519948005676,4.2861328125,-0.3157946169376373,2.6813719272613525,-3.3234164714813232,0.4136708080768585,-4.845170497894287,-2.6776278018951416,-7.526161193847656,-2.8984615802764893,-9.873146057128906,-8.736677169799805,-9.901845932006836,-4.0281853675842285,-7.102712154388428,-4.614040374755859
5,-317.38232421875,165.97915649414062,1.6424776315689087,46.08974075317383,-4.7000932693481445,3.63481330871582,2.518756151199341,9.833074569702148,-2.2529137134552,-1.5419738292694092,-3.989473819732666,3.685152769088745,-2.1269373893737797,-6.158520698547363,-2.6216843128204346,2.6720454692840576,5.534624099731445,0.681635856628418,2.133026599884033,-0.1333487182855606,-4.67979621887207,-3.452859401702881,-4.3879218101501465,0.5118815898895264,-3.841993808746338,1.031091570854187,-0.0926798582077026,2.3955931663513184,-2.5592432022094727,-0.4231095612049103,-4.466199398040772,-2.7583487033843994,-8.037200927734375,-4.91733980178833,-7.913846492767334,-5.869690895080566,-9.810922622680664,-6.485157489776611,-8.18524169921875,-4.517348766326904
5,-318.38311767578125,143.69546508789062,6.378046989440918,49.04076766967773,-3.612845897674561,8.21448802947998,4.237645626068115,11.912506103515623,2.9001219272613525,-0.2373247295618057,-4.407855033874512,1.5995945930480957,-3.494746685028076,-5.048304080963135,-5.498514175415039,1.9429872035980225,1.3495326042175293,-3.1808080673217773,-0.3249185681343078,2.0443263053894043,-2.331249952316284,-0.8946783542633057,-2.9373106956481934,1.7357544898986816,-3.7541115283966064,1.415993094444275,-1.0185691118240356,0.3861459791660309,-4.16053581237793,0.319269597530365,-2.195727825164795,0.5021744966506958,-5.638531684875488,-2.257791042327881,-7.497315883636475,-4.285534381866455,-7.680568218231201,-4.157437324523926,-9.163163185119627,-4.522378921508789
5,-310.16461181640625,129.82620239257812,5.099365234375,56.46586990356445,-6.720313549041748,15.838229179382324,7.330172538757324,4.91129732131958,5.613368988037109,3.641472816467285,-9.83168125152588,1.372090220451355,-3.2463042736053467,-2.555509567260742,-9.029422760009766,5.907388687133789,-0.3478720486164093,-4.941521644592285,-0.0240010172128677,0.4118409752845764,0.2574928998947143,0.1731553226709365,-1.9427019357681277,2.08899450302124,-3.994570732116699,3.1670501232147217,-1.587752342224121,1.2376625537872314,-2.067789316177368,1.7297232151031494,-3.018861532211304,0.9452922344207764,-5.2391676902771,-3.473825693130493,-7.959716796875,-5.62735652923584,-6.207622528076172,-3.094607353210449,-8.5459623336792,-5.124974250793457
5,-315.69097900390625,124.01253509521484,4.0865888595581055,66.74049377441406,-4.920660495758057,18.007036209106445,9.984907150268556,0.7651048898696899,5.867545127868652,3.9013051986694336,-16.161151885986328,5.536795616149902,-3.820675849914551,0.619379997253418,-9.24623203277588,5.760107040405273,-0.3232579827308655,-5.147164821624756,-1.3659367561340332,-1.8387212753295896,-1.3330727815628052,-0.1369725465774536,-1.2721847295761108,3.277024745941162,-2.1201589107513428,5.319147109985352,-0.4586916267871856,2.0991010665893555,-1.8195021152496336,1.442118525505066,-3.486698865890503,-0.3529927134513855,-5.349246501922607,-4.559602737426758,-7.075999736785889,-6.021031856536865,-5.354260921478272,-3.539252758026123,-8.058768272399902,-5.610424518585205
5,-323.08892822265625,124.5506591796875,4.011225700378418,68.06086730957031,-1.8339221477508545,15.837210655212402,11.658830642700195,3.87717604637146,3.329500675201416,2.291122913360596,-17.049531936645508,6.795321464538574,-3.587071418762207,1.193062424659729,-8.244670867919922,3.7160065174102783,-1.0922609567642212,-5.574273109436035,-2.619633913040161,-2.62017560005188,-1.7006670236587524,-0.1860753744840622,-0.7680522799491882,2.6660547256469727,-1.1234983205795288,5.671558856964111,0.0311172567307949,2.004036903381348,-2.709635019302368,0.6324229836463928,-3.4897050857543945,-1.4515697956085205,-6.666664123535156,-4.186410427093506,-7.361171245574951,-5.429551124572754,-5.082814693450928,-3.2828547954559326,-7.496645450592041,-4.591156959533691
5,-320.62799072265625,125.2133560180664,1.5518590211868286,67.89117431640625,-2.2478244304656982,15.875102996826172,12.236186981201172,3.076746702194214,2.9999780654907227,2.636695384979248,-14.88489818572998,4.548183917999268,-4.224588394165039,2.06972885131836,-9.888962745666504,5.368967533111572,-2.200425386428833,-6.380631446838379,-1.955901026725769,-2.1403439044952397,-0.1028067544102668,-1.0564146041870115,-0.5485127568244934,1.9091168642044067,-2.653139352798462,3.804366111755371,-1.0745896100997925,1.0711603164672852,-2.878679037094116,1.7933496236801147,-3.557123899459839,-1.482623815536499,-7.138103008270264,-3.771064281463623,-7.4950947761535645,-5.686768054962158,-5.350202083587647,-2.589858293533325,-7.659539699554443,-4.209733963012695
5,-322.8306884765625,123.23001861572266,2.365488052368164,72.75153350830078,-2.4340953826904297,15.82221794128418,11.740628242492676,2.987069129943848,7.090858936309815,0.9209929704666138,-13.338497161865234,4.030449867248535,-5.740452289581299,2.079221487045288,-9.585304260253906,3.349613666534424,-0.7271373271942139,-4.488348007202148,-4.192286014556885,-0.2339632511138916,-0.8784871101379395,0.0301974080502986,-0.6828149557113647,2.5545568466186523,-1.4660218954086304,2.926586389541626,-0.3452577888965606,1.1187779903411863,-2.241371393203736,1.982406497001648,-3.4855237007141118,-1.399626612663269,-6.507607936859131,-4.429423809051514,-7.738945960998535,-6.595286846160889,-6.617672443389893,-2.8756234645843506,-8.086858749389648,-3.888384580612183
5,-365.7586669921875,121.93243408203124,-1.1422154903411863,72.62771606445312,1.9562965631484983,16.300722122192383,11.438177108764648,9.375511169433594,9.470194816589355,3.184210777282715,-8.897727966308594,7.849077224731445,-1.8185276985168457,1.2609965801239014,-5.14650821685791,2.1733434200286865,-0.6316550374031067,-3.897730588912964,-2.8294782638549805,0.8086326718330383,-0.5192849636077881,0.3051280677318573,0.1036654785275459,1.7341506481170654,-0.726920485496521,1.5466183423995972,0.093134619295597,-0.1332101970911026,-2.916840076446533,0.3598086833953857,-2.940845012664795,-2.496137380599976,-5.41648006439209,-3.7967641353607178,-6.733312129974365,-5.746452331542969,-5.109333515167236,-3.191879749298096,-6.335530281066895,-3.4102516174316406
5,-437.0825500488281,123.51203155517578,-11.235559463500977,71.82392883300781,9.317907333374023,14.531512260437012,7.013467311859131,15.997678756713867,12.665626525878906,4.078527927398682,0.9996320009231568,11.11135196685791,2.959920644760132,0.390003353357315,-0.609857439994812,2.530410051345825,-1.4813518524169922,-4.355879306793213,0.6297839879989624,2.604017734527588,0.9696938395500184,-1.304473876953125,0.2964560985565185,0.5728237628936768,-2.512944459915161,-1.128664255142212,0.4455530345439911,-1.161186933517456,-3.781958341598511,-0.0600141175091266,-1.7386820316314695,-4.017548084259033,-4.37842321395874,-2.6821436882019043,-3.8132503032684326,-3.81455397605896,-3.117081642150879,-3.575556516647339,-3.561488151550293,-2.6819756031036377
5,-349.24005126953125,104.27777099609376,-24.64242553710937,-19.28049659729004,-31.871416091918945,-27.451759338378903,25.18828392028809,18.22419548034668,-5.5338544845581055,-1.8226226568222048,-9.587180137634276,0.4546900391578674,14.849647521972656,-2.282650947570801,-6.922004699707031,-0.4401334524154663,-5.322024345397949,2.630246639251709,7.770526885986328,-4.247565269470215,-4.836612224578857,1.817551851272583,-0.0333516560494899,-0.5322519540786743,0.474322110414505,-2.5508954524993896,-5.080636501312256,-3.1224982738494877,0.8852503895759583,0.4513593018054962,-4.0960235595703125,-3.6081430912017822,0.5613391399383545,0.0851633176207542,-0.6864479184150696,2.120237112045288,0.4859185218811035,-2.1909666061401367,1.1254971027374268,2.380253314971924
5,-332.6019592285156,110.12326049804688,-41.97147750854492,-35.329559326171875,-30.45537757873535,-5.724613666534424,54.54645538330078,28.61766242980957,-23.05552864074707,-21.39927864074707,-7.5952606201171875,14.137369155883787,17.219284057617188,-12.498796463012695,-14.250408172607422,-0.8707261085510254,-2.940321207046509,9.471380233764648,13.337417602539062,-9.18598747253418,-9.855422019958496,7.358760356903076,5.000549793243408,-3.117492914199829,-1.4484035968780518,-1.9300477504730225,-5.521947860717773,-2.3217694759368896,3.3578550815582275,-0.439676284790039,-7.014477729797363,-1.8126758337020876,4.307587623596191,-1.4644495248794556,-3.219512462615967,2.1781110763549805,-1.736218810081482,-3.983627796173096,3.2350919246673584,1.1312613487243652
5,-382.9888000488281,216.8255920410156,-78.59307098388672,-10.4275484085083,-4.106254577636719,-30.28568458557129,40.09757232666016,20.38231658935547,-13.850921630859377,4.902050971984863,-9.508477210998535,3.6303768157958975,20.676902770996094,-10.492254257202148,-13.321266174316406,-5.363152027130127,-5.246190547943115,14.159600257873535,4.185449600219727,-14.593477249145508,-0.8423354029655457,4.997283935546875,5.491386413574219,4.652585983276367,-10.230597496032717,-9.245631217956545,-0.5286650657653809,-0.6086642146110535,1.7855401039123535,-5.5017290115356445,-9.651363372802734,1.1404929161071775,2.209296226501465,0.7581013441085815,1.081248164176941,-6.01651668548584,-3.1854422092437744,2.4296200275421143,-0.971275806427002,-1.7087891101837158
5,-396.7880554199219,254.46339416503903,-99.2193603515625,-13.688947677612305,-12.71506690979004,-43.22022247314453,43.16577911376953,20.398025512695312,-11.23088264465332,13.48287582397461,-10.919204711914062,3.726396799087525,22.69092559814453,-14.50385570526123,-13.3236665725708,-5.937264919281006,-9.758788108825684,13.059096336364746,3.203766345977783,-12.18636417388916,4.217365741729736,4.162472724914551,4.371360301971436,5.638206481933594,-11.265981674194336,-7.4906325340271,-0.2702369689941406,-3.471496820449829,0.9497031569480896,-5.643134593963623,-8.31722354888916,2.907188415527344,1.145122528076172,1.1493161916732788,3.06510853767395,-5.162862777709961,-2.0558769702911377,1.9185779094696045,-3.511749029159546,-1.1834796667099
5,-281.9828796386719,144.28509521484375,-78.21708679199219,-51.875396728515625,-35.6962776184082,-30.94549369812012,40.87359619140625,36.30621719360352,-9.489343643188477,-5.356855392456055,2.4657657146453857,13.603755950927734,16.042705535888672,-12.468846321105955,-19.653377532958984,-8.560757637023926,-2.0771946907043457,11.66057586669922,2.8305983543396,-17.024351119995117,-1.6654093265533447,14.387894630432127,5.667053699493408,-2.112487554550171,-5.138494968414307,-5.569995880126953,-1.8023240566253664,0.1855207085609436,0.1419931799173355,-5.0696120262146,-8.12984848022461,0.828346312046051,5.209911346435547,-0.4171280264854431,-0.8002065420150757,-0.2583678960800171,-2.8827719688415527,0.1821208149194717,3.4364330768585205,-1.0462284088134766
5,-262.9967346191406,178.10305786132812,-112.83871459960938,-56.60825729370117,-40.09865951538086,-57.42808532714844,36.79471969604492,47.52722930908203,-0.6238778233528137,4.3989577293396,1.007563829421997,12.199247360229492,29.71106719970703,-8.51567554473877,-29.1883602142334,-12.095073699951172,-5.020837306976318,5.285033702850342,1.955991506576538,-15.711934089660645,-2.533820629119873,13.991597175598145,7.174111843109131,0.4718653559684753,-5.990712642669678,-8.837279319763184,-0.8867762684822083,-0.0769426450133323,-5.255918502807617,-5.775467395782471,-5.524529933929443,-1.4218727350234983,4.58053731918335,3.1947226524353027,-0.0825040265917778,-0.2176480144262313,-0.7557708024978638,0.4338210821151733,2.096128225326538,-1.6955386400222778
5,-285.64276123046875,156.41712951660156,-89.36260986328125,-37.423866271972656,-32.23680877685547,-57.802711486816406,19.46161460876465,37.221797943115234,12.08370590209961,18.355112075805664,0.3978179395198822,2.00447416305542,19.24295997619629,-8.67821979522705,-22.860858917236328,-10.550540924072266,-6.727859973907471,6.0116729736328125,4.791921138763428,-11.738798141479492,-0.8226304054260254,11.816547393798828,4.5647873878479,-0.3466242551803589,-4.160002708435059,-5.56270694732666,-2.1325676441192627,-5.2873125076293945,-6.282272338867188,-1.7803115844726562,-2.597079038619995,-1.5394179821014404,3.631389379501343,3.292738676071167,0.8268769383430481,-0.0225735921412706,-1.7890628576278689,-0.7638692855834961,1.9958635568618772,-1.480443000793457
5,-344.35357666015625,138.11483764648438,-46.3861083984375,-21.4698486328125,-25.33773803710937,-44.68922805786133,17.189014434814453,35.83863067626953,15.818644523620604,9.461256980895996,-13.359265327453612,-8.9998197555542,16.0767879486084,1.3896396160125732,-12.879289627075195,-8.1806640625,-6.804144859313965,4.06871509552002,7.689990997314453,-3.4107580184936523,0.5605646967887878,6.507335662841797,0.2894689440727234,-1.617526888847351,-0.3114199042320251,-1.1037991046905518,-3.3676483631134038,-7.517394065856934,-4.300367832183838,2.543156385421753,0.5667697191238403,-2.5572290420532227,0.2031560540199279,2.1871497631073,1.396312952041626,-0.2052144408226013,-1.9116718769073489,-2.062331199645996,-0.6390131711959839,-0.6403819918632507
5,-396.4101867675781,149.56947326660156,-41.00581741333008,-10.5767183303833,-19.711259841918945,-24.47440528869629,50.03630065917969,36.43556213378906,-18.101884841918945,-20.95412254333496,-17.997995376586914,5.643879890441895,25.469268798828125,-1.1922134160995483,-14.537727355957031,-5.006340503692627,0.5237042307853699,10.374011039733888,4.364216327667236,-11.45312786102295,-4.720982074737549,6.002792835235596,4.321829319000244,-1.2905412912368774,-5.318374633789063,-2.6734869480133057,-1.1002904176712036,-3.026017665863037,1.1367385387420654,1.0148035287857056,-5.917116165161133,-3.111701488494873,3.3605737686157227,1.0853255987167358,-1.606883883476257,-0.7750135064125061,-2.103501081466675,-1.8986157178878784,2.450897693634033,1.7744084596633911
5,-379.5661926269531,172.55145263671875,-58.80765151977539,-8.5359468460083,-10.377782821655272,-34.11408233642578,31.299474716186523,22.15849876403809,-11.801589012145996,3.306705474853516,-1.4382864236831665,5.320922374725342,11.37697696685791,-16.520158767700195,-14.163475036621094,0.5790925621986389,-0.0317446328699588,11.060418128967283,1.5627092123031616,-16.286672592163086,-0.5555684566497803,9.74480438232422,3.6284780502319336,0.3401273488998413,-7.002513408660889,-5.838959693908691,0.0539373271167278,-4.04448938369751,-2.010699987411499,0.2371468245983123,-5.655694484710693,-2.446764707565308,3.0536081790924072,1.0441937446594238,0.8182244300842285,-0.2938639521598816,-3.820683002471924,-1.6541560888290403,3.2637248039245605,1.3373852968215942
5,-376.2490234375,188.462646484375,-62.05499267578125,-4.779191017150879,-2.9082553386688232,-42.90379333496094,17.83477210998535,26.16315078735352,5.605350017547607,12.385068893432615,-12.943445205688477,-8.979004859924316,16.559295654296875,-3.960241079330444,-11.843000411987305,-3.681850910186768,-7.794273376464844,4.485407829284668,6.349802017211914,-6.193706035614014,0.6947490572929382,2.058838129043579,-2.381516695022583,2.2884740829467773,-2.379607915878296,-5.010687828063965,-1.29630708694458,-6.237113952636719,-5.778342247009277,-0.3952111899852752,-0.4813524484634399,-0.2822697758674621,-1.9907981157302856,-1.3071043491363523,2.774389266967773,-0.4995828866958618,-2.724116086959839,-1.128865361213684,-1.8257575035095213,0.5431598424911499
5,-388.01611328125,182.6509704589844,-57.15766143798828,0.4591321051120758,2.088623285293579,-25.399673461914062,37.62208557128906,26.351045608520508,-11.5631685256958,-5.920745849609375,-18.86382102966309,-1.342456579208374,25.320735931396484,0.5948271155357361,-11.721687316894531,-7.395701885223389,-5.843056201934815,11.768021583557127,7.62715482711792,-11.139777183532717,-5.670717239379883,0.0591227784752845,2.3379058837890625,3.942059993743897,-5.981945037841797,-6.771903991699219,-1.134495496749878,-1.9411836862564087,-0.1158934161067009,-3.854797601699829,-6.769195556640625,0.6522638201713562,0.607507050037384,-1.950188398361206,-0.7923727035522461,-4.348045825958252,-2.454937696456909,1.296439528465271,-0.7763107419013977,0.2169088423252105
10,-579.2655029296875,65.01068115234375,2.1435179710388184,-0.8509581685066223,-6.781496524810791,3.5305492877960205,2.7433342933654785,4.076428413391113,2.526470422744751,6.646757125854492,7.140084266662598,9.790287971496582,8.100652694702148,8.699380874633789,6.442180633544922,8.130513191223145,6.958398818969727,7.560818672180176,5.699825286865234,6.780562400817871,4.674765586853027,6.710119247436523,3.519873857498169,5.304789543151856,1.9608960151672363,4.325925827026367,0.4353978633880615,2.975045680999756,0.5672838091850281,3.1773719787597656,0.7306633591651917,2.656102180480957,-0.9029077887535096,1.501490831375122,-1.7629948854446411,0.7841954231262207,-1.2210692167282104,2.130112648010254,-0.3817397356033325,1.2607417106628418
10,-541.6742553710938,65.5084457397461,-2.3972060680389404,-0.7505348920822144,-11.055400848388672,2.2639451026916504,-2.8006527423858643,2.247498035430908,-1.2623469829559326,5.54257869720459,3.007085084915161,9.840753555297852,4.657158374786377,8.249933242797852,4.501107692718506,9.173887252807615,5.206735134124756,7.636094093322754,2.996852159500122,6.671631813049316,2.934377670288086,7.34598970413208,3.4746663570404053,5.018478393554688,0.8869807124137878,3.4503419399261475,-0.7289621233940125,2.847313404083252,0.7334392666816711,3.716053724288941,0.3585384786128998,2.4293437004089355,-0.9055779576301576,0.7142490148544312,-0.6080181002616882,2.2009520530700684,0.4053347408771515,2.4040238857269287,-0.4327394068241119,2.8642325401306152
10,-514.0709838867188,73.3948974609375,-18.90838050842285,2.041336297988892,-0.462331473827362,5.666025161743164,-4.210780143737793,1.6601611375808716,1.1697213649749756,8.836987495422363,3.1320369243621826,9.528557777404783,5.364498138427734,8.026627540588379,3.471566677093506,8.396405220031738,4.462897300720215,6.471911430358887,2.82627272605896,5.378203868865967,1.2525469064712524,4.221212387084961,1.54999840259552,3.8313839435577393,-0.0646265000104904,2.5250046253204346,-1.4697637557983398,1.864146828651428,-0.0985243171453476,1.7985033988952637,-0.8756106495857239,2.3000221252441406,-0.7933573722839355,2.1089136600494385,-0.8444995880126953,1.265903115272522,-0.0901267305016517,1.448046088218689,-0.8302071690559387,1.199498176574707
10,-353.9627990722656,85.57274627685547,-35.692874908447266,6.31758975982666,2.596221685409546,9.385035514831545,-5.713860988616943,1.918194055557251,6.63870906829834,13.933841705322266,8.210360527038574,17.479516983032227,11.250826835632324,12.054638862609863,8.237385749816895,14.627205848693848,9.953383445739746,11.04258918762207,8.19214916229248,8.924484252929688,6.241072177886963,7.151373386383057,3.265929937362671,5.567779064178467,2.066066026687622,6.223390102386475,1.2498342990875244,3.655510187149048,1.5886608362197876,4.642823219299316,1.0983775854110718,3.403435230255127,0.5029818415641785,4.056175231933594,2.117363929748535,2.9960904121398926,-0.1395077258348465,1.7979031801223757,-0.4416964948177337,1.57529878616333
10,-300.0776672363281,86.43926239013672,-43.8000602722168,3.739553689956665,-5.287807941436768,7.542083740234375,-9.05664348602295,1.366395354270935,2.330094575881958,13.132436752319336,5.80186128616333,16.208465576171875,10.163235664367676,10.641351699829102,5.830023288726807,13.99526309967041,8.450163841247559,10.79385471343994,7.346149921417236,10.452866554260254,5.295502662658691,7.290262222290039,1.868120789527893,6.457562446594238,1.4028292894363403,5.995949745178223,-0.4707911908626556,3.346538543701172,0.2690772116184234,2.757927894592285,-0.8734106421470642,2.618407964706421,0.7118964195251465,3.460875988006592,-0.5056489109992981,3.286468505859375,-0.4256408512592315,1.799838304519653,-0.2634463310241699,2.387229681015014
10,-310.8601989746094,82.79702758789062,-40.01451110839844,3.1108109951019287,-7.655196666717529,8.085553169250488,-8.825064659118652,2.706040859222412,2.592151641845703,14.482230186462402,9.599116325378418,15.491908073425291,10.189480781555176,10.533177375793455,4.712698459625244,14.145960807800291,10.61235809326172,11.750725746154783,8.097984313964844,9.795442581176758,5.336381912231445,8.843559265136719,2.6558995246887207,5.318633079528809,2.3164312839508057,6.228935241699219,0.6414168477058411,4.188212394714356,1.8120429515838623,3.591325283050537,0.5721759796142578,4.316529750823975,-0.5033029913902283,3.5303423404693604,0.110631875693798,3.2781569957733154,-1.0708410739898682,1.1307693719863892,-1.8676505088806152,2.4232962131500244
10,-324.9523010253906,80.21635437011719,-37.01959991455078,0.754442572593689,-2.577589273452759,8.52267837524414,-6.924966812133789,2.3228862285614014,1.9968104362487795,13.01378059387207,7.616157531738281,15.274693489074709,9.165674209594728,11.166081428527832,6.131164073944092,14.510921478271484,9.952245712280272,11.880833625793455,5.435782432556152,9.636271476745604,4.165090084075928,8.5280179977417,2.1183576583862305,6.068228721618652,2.4398674964904785,6.144811153411865,0.0466614924371242,4.299126625061035,1.6894066333770752,2.771542549133301,-0.1416545510292053,3.5303633213043213,-0.114058144390583,3.073416233062744,-0.7352502346038818,3.097123861312866,-1.083798050880432,1.8134244680404663,-1.5469553470611572,1.4428876638412476
10,-378.7249755859375,90.72069549560548,-31.823673248291016,2.7673914432525635,1.1366894245147705,8.45751667022705,-4.595851898193359,2.869983673095703,4.946759223937988,14.972342491149902,8.687626838684082,15.58428192138672,11.229944229125977,11.644022941589355,7.121949672698975,16.546361923217773,11.882312774658203,12.377670288085938,6.497701644897461,9.664387702941896,5.35517168045044,8.875316619873047,4.320321559906006,5.88140869140625,2.2229042053222656,5.654139518737793,-0.0435009710490703,3.2531394958496094,1.5796124935150146,3.5678555965423584,1.14382004737854,3.885122776031494,0.0393975563347339,3.140348434448242,0.0784994661808013,3.0106050968170166,-0.7372081875801086,2.7878246307373047,0.0290814470499753,0.7379557490348816
10,-339.179443359375,90.8014144897461,-39.4400749206543,0.7660791873931885,-6.692422389984131,5.56453275680542,-7.614770889282227,-0.3295305669307709,2.043297052383423,13.993325233459473,6.971339225769043,14.499322891235352,9.307236671447754,10.829517364501951,5.561385631561279,14.192895889282228,9.976326942443848,11.749188423156738,5.422733783721924,8.98792552947998,4.487130165100098,7.525537490844727,2.304015636444092,6.111557483673096,2.3455166816711426,6.266283988952637,-0.661268413066864,2.5404672622680664,0.2189749777317047,1.6251617670059204,-0.7267425656318665,4.181511402130127,-0.1698110252618789,2.85678768157959,0.5304387807846069,3.2978391647338867,-0.9218828082084656,3.040475606918335,-1.447944164276123,0.6806254982948303
10,-368.3211059570313,78.59610748291016,-43.10337066650391,4.0647687911987305,-8.010302543640137,1.5105750560760498,-9.672568321228027,-4.310714721679688,-3.870875120162964,6.291475296020508,1.1871321201324463,9.337726593017578,4.63306188583374,8.271322250366211,2.4006054401397705,10.457464218139648,5.195480823516846,7.557595252990723,4.144716739654541,6.969474792480469,1.956279158592224,5.88125467300415,1.276705622673035,4.928290367126465,1.170895218849182,4.496643543243408,0.2230861634016037,3.1595401763916016,-0.4851481914520263,0.156807005405426,-1.2571836709976196,1.6309258937835691,-2.5037691593170166,1.055747628211975,-2.3461318016052246,1.4767388105392456,-1.2307853698730469,0.1417389661073684,-1.9271329641342163,0.5477827787399292
10,-536.3988647460938,71.43269348144531,-15.733444213867188,-3.133756399154663,-4.071049213409424,4.0286383628845215,-4.733745098114014,-0.4522448778152466,-1.757407307624817,7.311226844787598,2.670466899871826,8.284453392028809,4.641486167907715,8.570055961608887,4.39013147354126,9.370238304138184,5.399067401885986,8.00816535949707,4.269454479217529,6.903578758239746,3.012509822845459,6.308102607727051,2.542243242263794,4.56474494934082,0.6890234351158142,3.0362048149108887,-0.0261427480727434,3.571432590484619,0.1758233457803726,1.5800896883010864,-0.8317059278488159,2.5679118633270264,-0.8463742733001709,1.924007534980774,-0.3296821713447571,2.499913454055786,-0.0715753808617591,1.4941169023513794,-0.2050106078386306,1.587713599205017
5,-90.9331512451172,159.74229431152344,-27.45406723022461,7.729233264923096,-1.61799418926239,9.436784744262695,-3.3502073287963867,7.312779903411865,4.605049133300781,12.460892677307127,-1.1317623853683472,4.449112415313721,0.7520674467086792,5.677300930023193,-1.670261263847351,5.819541931152344,-3.508406162261963,0.7413046956062317,-5.587238311767578,3.516482353210449,-2.689056158065796,2.071288824081421,-1.5471988916397097,5.088026523590088,-0.517311692237854,4.8515729904174805,-1.4826020002365112,3.2649285793304443,-4.997907638549805,2.713010311126709,-1.23980450630188,2.265080690383911,-3.026056289672852,2.036416530609131,-0.3873216509819031,1.3678077459335327,-4.361036777496338,1.5804249048233032,-2.726872205734253,0.3323885202407837
8,-215.69248962402344,165.6330108642578,-13.102941513061523,12.81298828125,4.621822834014893,14.215131759643556,7.695962905883789,10.666648864746094,5.405083179473877,14.617119789123535,3.238566398620605,7.0087666511535645,-0.4082184731960296,3.246452808380127,-0.7898409366607666,3.074957609176636,-2.343327045440674,0.5229321122169495,-4.429938793182373,0.238005444407463,-2.951559543609619,0.7480905055999756,-3.0022943019866943,1.3291232585906982,-1.3318681716918943,2.610426187515259,-0.9774898290634156,2.5852670669555664,-1.0226377248764038,1.962024450302124,-0.99573415517807,2.440662145614624,0.3643685579299927,2.444645404815674,0.6139447689056396,3.6689975261688232,0.4847334921360016,4.039181709289551,1.4352437257766724,3.0376033782958984
8,-218.8011016845703,165.92953491210938,-16.302818298339844,10.746618270874023,5.9992218017578125,14.3921537399292,7.067791938781738,11.078015327453612,5.598438262939453,14.34908676147461,1.8105989694595337,7.110247611999512,-0.7378391027450562,4.506720066070557,-0.748041570186615,4.049363136291504,-2.2455358505249023,2.3049116134643555,-3.356057643890381,2.123973608016968,-3.2658817768096924,1.5688987970352173,-4.280101776123047,1.6165491342544556,-1.866732716560364,3.4030520915985107,-1.2774598598480225,3.287447452545166,-1.079415798187256,2.7793452739715576,-1.7919692993164062,3.114413022994995,-0.3008597195148468,2.7666280269622803,-0.4846330285072326,3.36836576461792,-0.5756218433380127,3.921364784240722,0.4766238033771515,3.4591798782348637
8,-236.2100982666016,151.71517944335938,-14.829428672790527,10.416722297668455,0.7532209157943726,7.519153594970703,6.327841281890869,6.003664970397949,6.743906497955322,12.158305168151855,6.390867710113525,9.936931610107422,3.372162103652954,7.8026442527771,1.7600245475769043,5.728200912475586,-0.9802475571632384,1.344710111618042,-3.956884860992432,0.0839473381638526,-3.590402841567993,1.830235242843628,-1.866947889328003,3.1531636714935303,-0.3820802569389343,3.923083066940308,-1.0012978315353394,2.9276373386383057,-0.9022915959358216,0.9543019533157348,-2.976750135421753,0.5921616554260254,-2.508958101272583,0.0389098450541496,-1.872921586036682,2.0435025691986084,-1.0203696489334106,1.591441988945007,-1.3407827615737915,0.9594480395317078
8,-236.3820037841797,153.95436096191406,-18.47475242614746,6.968704700469971,2.377268075942993,8.782336235046387,4.963038921356201,5.780717372894287,6.800693035125732,11.068391799926758,4.885120391845703,8.785046577453613,1.6761422157287598,8.767687797546387,1.9444911479949951,6.781436443328857,-0.923988401889801,1.8872694969177248,-5.559689044952393,-0.5065508484840393,-3.894143104553223,2.251542091369629,-2.2737016677856445,2.245990037918091,-3.039466142654419,3.1684579849243164,-0.6505722999572754,2.7367279529571533,-3.274245023727417,1.1916919946670532,-2.315697431564331,2.184837818145752,-2.557306289672852,1.7225676774978638,-1.9623266458511357,2.636343717575073,-1.1144623756408691,2.3486454486846924,-0.1194199547171592,3.0736517906188965
10,-192.4423065185547,142.09628295898438,6.333693027496338,26.09679412841797,3.3390114307403564,9.603509902954102,-5.770965099334717,7.445146083831787,-3.1174631118774414,2.412294149398804,3.3840456008911133,3.9346792697906494,0.4789209067821502,0.888242781162262,-1.1498830318450928,1.7027063369750977,1.0932270288467407,4.609316825866699,-0.6914217472076416,1.9073176383972168,-0.3501636385917663,0.4299666881561279,-3.407555341720581,0.9594871997833252,0.2761249244213104,1.6338205337524414,-0.366026759147644,0.4559749662876129,-0.6280302405357361,0.7765544652938843,-1.4227207899093628,1.2743276357650757,-0.141729399561882,0.5046870708465576,-1.2873998880386353,1.512702226638794,1.617728590965271,1.917410373687744,-0.5118509531021118,0.231739193201065
9,-293.0682983398437,121.44715118408205,-5.558089256286621,7.930110454559326,5.979823589324951,11.443289756774902,5.782637596130371,5.810315608978272,1.6925455331802368,2.7866337299346924,-0.7077600359916687,1.316894769668579,1.7630654573440552,2.890599012374878,1.8140822649002075,3.073078393936157,-0.3764480054378509,0.6897134780883789,-0.8479121327400208,-0.8178589940071106,-1.2938621044158936,0.2218728363513946,-1.2933098077774048,0.0890061110258102,-2.0098888874053955,-1.508232593536377,-0.8541123270988464,0.3281120955944061,-0.926628351211548,-0.3829696476459503,-0.229165643453598,1.045622706413269,0.2473323494195938,0.378653883934021,-1.1029620170593262,-0.5601209402084351,-0.5270398855209351,0.1701666563749313,-0.6964222192764282,0.0520051904022693
9,-166.8306121826172,53.04758071899414,-112.29825592041016,-30.50606346130371,-36.92667770385742,28.33198928833008,25.75942611694336,11.656899452209473,-15.80118179321289,5.565784931182861,1.707676649093628,2.759666919708252,-14.860695838928224,-3.7332043647766113,3.802637100219727,-3.692333459854126,0.1862797439098358,15.16064167022705,-5.617024421691895,3.9322686195373535,6.933259963989258,-7.294142723083496,-7.084824085235596,-4.340421676635742,-1.1417536735534668,2.5975818634033203,-8.981484413146973,3.6914215087890634,-5.188255786895752,0.7334622144699097,-9.247207641601562,-2.664371490478516,-1.9236598014831543,0.2964810132980346,-0.048728622496128,1.0018136501312256,-2.430119276046753,1.027384638786316,-4.159488677978516,-2.2873592376708984
9,-166.52667236328125,52.66521453857422,-112.39891052246094,-30.221927642822266,-37.06364440917969,28.179811477661133,25.56555938720703,12.163667678833008,-15.293498992919922,5.513881206512451,1.2749544382095337,2.150564193725586,-14.719188690185549,-2.485764980316162,3.8877384662628174,-3.603529453277588,0.4708322584629059,14.676546096801758,-5.805412769317627,4.069651126861572,6.769350528717041,-7.177709579467773,-7.037064075469971,-4.3161821365356445,-0.7920745611190796,2.663867712020874,-9.167930603027344,3.438969373703003,-5.048715591430664,0.7693783044815063,-9.32182788848877,-2.54567551612854,-2.050830602645874,0.3425496518611908,-0.2460470646619796,0.9437015056610109,-2.459818124771118,1.025775909423828,-4.1446404457092285,-2.33581018447876
9,-164.77427673339844,53.1978759765625,-112.26294708251952,-30.78601455688477,-37.71757125854492,26.807899475097656,25.04940414428711,12.991361618041992,-14.301060676574709,5.515130996704102,0.9442988038063048,2.2540647983551025,-14.681722640991213,-3.472935199737549,3.807413339614868,-3.5317771434783936,-0.1739713698625564,15.460010528564451,-4.974430084228516,3.7701416015625,6.496183395385742,-6.962820053100586,-6.973301887512207,-4.330961227416992,-1.377045750617981,3.0169782638549805,-8.796792030334473,3.5454976558685303,-4.942673683166504,0.3815931677818298,-9.168427467346191,-2.603173017501831,-2.339982032775879,0.3511035144329071,-0.2252111285924911,0.9998173117637634,-2.3255152702331543,1.1179591417312622,-4.462878704071045,-2.2684357166290283
9,-167.03054809570312,52.54480743408203,-112.23023986816406,-30.66521453857422,-36.94615173339844,28.34100341796875,25.8641357421875,11.564546585083008,-15.757620811462402,5.704967498779297,1.9293992519378664,2.941173553466797,-14.791783332824709,-3.742087364196777,3.9077558517456055,-3.528831958770752,0.2539821565151214,15.284608840942385,-5.609805583953857,3.889907360076904,6.876689434051514,-7.241114139556885,-7.062482833862305,-4.266166687011719,-1.0545121431350708,2.515227794647217,-9.072750091552734,3.604020118713379,-5.268333435058594,0.7824293971061707,-9.281323432922363,-2.7135231494903564,-2.0249178409576416,0.1753367185592651,-0.0723264068365097,1.0157959461212158,-2.3970868587493896,1.0038888454437256,-4.161406517028809,-2.2827236652374268
9,-166.14707946777344,52.33815002441406,-112.34713745117188,-30.419702529907227,-36.88584899902344,27.877819061279297,25.64535903930664,12.205318450927734,-15.12819480895996,5.535394668579102,1.2416821718215942,2.1633434295654297,-14.565390586853027,-2.514769554138184,3.9492576122283936,-3.538846492767334,0.4243141114711761,14.699532508850098,-5.683103084564209,4.15953254699707,6.657785415649414,-7.161553382873535,-7.034197807312012,-4.309505939483643,-0.9296029210090636,2.695251703262329,-9.148187637329102,3.490488290786743,-5.046635150909424,0.6920172572135925,-9.41179370880127,-2.5467803478240967,-2.034108877182007,0.2886718511581421,-0.1928327679634094,0.8496579527854919,-2.620615243911743,1.0516029596328735,-4.175848960876465,-2.297558069229126
9,-164.11056518554688,52.91647338867188,-112.4292449951172,-30.90288352966309,-37.91341400146485,26.723926544189453,25.325912475585938,13.594085693359377,-14.080036163330078,5.152554512023926,0.3698652386665344,1.8371055126190183,-14.081443786621094,-2.833870410919189,3.453874349594116,-3.3781442642211914,-0.0681340247392654,15.031879425048828,-4.726054668426514,3.754128456115722,6.350222587585449,-6.7854485511779785,-6.979289531707764,-4.446816444396973,-1.2685152292251587,2.7888755798339844,-8.702493667602539,3.459242582321167,-4.8456010818481445,0.2435750514268875,-9.48464012145996,-2.5880918502807617,-2.215493679046631,0.3354068696498871,-0.2889611423015594,0.9908815026283264,-2.433364152908325,1.0857515335083008,-4.38375997543335,-2.37672758102417
9,-165.66146850585938,53.48393630981445,-112.1105728149414,-30.45291328430176,-37.4296760559082,27.436059951782227,25.294092178344727,12.389930725097656,-14.923995018005373,5.682106971740723,1.3259483575820925,2.4457178115844727,-14.677952766418455,-3.3109655380249023,3.643425464630127,-3.5895886421203613,-0.0500733256340026,15.138427734375,-5.215785026550293,4.16701602935791,6.67670202255249,-7.275421619415283,-7.124557018280029,-4.334054946899414,-1.405094861984253,2.888476610183716,-8.934815406799316,3.5818803310394287,-5.105537414550781,0.6710345149040222,-9.3652925491333,-2.748605966567993,-2.167996883392334,0.2986139357089996,-0.0858820080757141,1.0989692211151123,-2.3639895915985107,1.0734503269195557,-4.296419143676758,-2.39708948135376
9,-166.908447265625,52.591087341308594,-112.4167938232422,-30.58463859558105,-36.94227981567383,28.40572738647461,26.03165435791016,11.644556999206545,-15.81472396850586,5.479334831237793,1.5999387502670288,2.785432815551758,-14.6474609375,-3.356045961380005,3.822336196899414,-3.485893487930298,0.3602839112281799,14.851271629333496,-5.871357440948486,4.27970027923584,7.147603511810303,-7.524643898010254,-7.18009090423584,-4.235957145690918,-1.1075645685195925,2.6704955101013184,-9.252975463867188,3.493397951126098,-5.0815629959106445,0.7251148819923401,-9.133450508117676,-2.657124280929565,-2.038395643234253,0.2924294471740722,-0.214372232556343,0.893218457698822,-2.519536256790161,0.9404960870742798,-4.137930393218994,-2.3157718181610107
9,-165.04246520996094,53.14806365966797,-112.72694396972656,-30.14120101928711,-37.39714431762695,27.446308135986328,25.293432235717773,13.01852035522461,-14.50829792022705,5.390594959259033,0.7279231548309326,1.9880070686340328,-14.610910415649414,-2.587880849838257,3.995189428329468,-3.4152612686157227,0.2325436323881149,14.85491943359375,-5.311203956604004,4.005187034606934,6.696936130523682,-7.047000408172607,-6.956986904144287,-4.224579811096191,-1.0549347400665283,2.862498044967652,-8.850707054138184,3.4793365001678467,-4.888134002685547,0.4741106331348419,-9.42609977722168,-2.619257926940918,-2.152278184890747,0.4006483554840088,-0.2457237690687179,0.9317189455032348,-2.4907045364379883,1.241548776626587,-4.276578903198242,-2.3346974849700928
9,-163.5191192626953,53.68760299682617,-112.02991485595705,-30.756017684936523,-37.61579895019531,26.454565048217773,24.98797607421875,13.217084884643556,-14.05097198486328,5.374039649963379,0.682783842086792,1.9717204570770264,-14.422258377075195,-3.0927367210388184,3.757943153381348,-3.549142837524414,-0.0701953023672103,15.351300239562988,-4.931949615478516,3.641976833343506,6.494546890258789,-6.757144927978516,-7.0579376220703125,-4.32843542098999,-1.330214500427246,2.8449602127075195,-8.627351760864258,3.482784509658813,-4.865964889526367,0.2682571709156036,-9.229065895080566,-2.5665197372436523,-2.2826058864593506,0.4722175002098083,-0.158533364534378,1.0643736124038696,-2.31489372253418,1.2286772727966309,-4.408600330352783,-2.3095245361328125
9,-165.8537139892578,53.58287811279297,-111.710205078125,-30.625843048095703,-37.082916259765625,27.757272720336918,25.609729766845703,11.854875564575195,-15.48606014251709,5.533802032470703,1.5648951530456543,2.6657650470733643,-14.7415189743042,-3.514307737350464,3.71917724609375,-3.662408590316773,0.2205761224031448,15.02897834777832,-5.621382236480713,4.051309585571289,6.830916404724121,-7.356451034545898,-7.010150909423828,-4.348652362823486,-1.1039031744003296,2.87746000289917,-8.998709678649902,3.613756895065308,-5.158446788787842,0.6067936420440674,-9.169485092163086,-2.707491636276245,-2.056864023208618,0.247631624341011,-0.1322350949048996,1.022242784500122,-2.3287911415100098,1.1455295085906982,-4.1837568283081055,-2.320115327835083
9,-165.57028198242188,52.79639053344727,-112.33008575439452,-30.488433837890625,-36.6820068359375,28.190265655517575,25.662797927856445,11.881726264953612,-15.303956031799316,5.405176162719727,1.322988748550415,2.3108787536621094,-14.597524642944336,-2.6267032623291016,3.824967384338379,-3.5626983642578125,0.5379531979560852,14.619290351867676,-5.819256782531738,4.253390312194824,6.896214008331299,-7.159266948699951,-7.057381629943848,-4.245110988616943,-0.8514455556869507,2.6130661964416504,-9.135176658630373,3.513185739517212,-5.09494161605835,0.7306451797485352,-9.223938941955566,-2.6172001361846924,-2.0116302967071533,0.370906114578247,-0.290855199098587,0.8164858818054199,-2.634700298309326,0.954194724559784,-4.068552494049072,-2.2245168685913086
9,-164.07582092285156,53.37641143798828,-112.59819793701172,-30.52897453308105,-37.91118240356445,26.991350173950195,25.306686401367188,13.681883811950684,-14.123785018920898,5.170018672943115,0.2352592647075653,1.7825533151626587,-14.061427116394045,-2.6308982372283936,3.522857427597046,-3.316757917404175,-0.0663193389773368,14.968072891235352,-4.70530891418457,3.790225982666016,6.362366676330566,-6.903925895690918,-6.924691677093506,-4.378016471862793,-1.09498393535614,2.7829620838165283,-8.758177757263184,3.394184827804565,-4.922482013702393,0.34320929646492,-9.370707511901855,-2.6776018142700195,-2.209474802017212,0.3869465589523315,-0.253040999174118,1.011240839958191,-2.433403491973877,1.1193443536758425,-4.353854179382324,-2.365462303161621
9,-164.12466430664062,52.64241027832031,-112.4054946899414,-30.878725051879883,-37.79817962646485,26.825448989868164,25.602474212646484,13.579537391662598,-14.076201438903809,5.100516319274902,0.371491938829422,1.8397881984710691,-14.14737033843994,-2.7033634185791016,3.625203847885132,-3.352091789245605,-0.0621288456022739,14.955278396606444,-4.823788642883301,3.9163897037506095,6.337177753448486,-6.939548969268799,-7.085137367248535,-4.244628429412842,-1.1201132535934448,2.780668973922729,-8.908101081848145,3.334701538085937,-4.878323554992676,0.4097212851047516,-9.402647018432615,-2.6872425079345703,-2.2623274326324463,0.3729150593280792,-0.2431782633066177,0.940831422805786,-2.4645049571990967,1.2039004564285278,-4.366119384765625,-2.375145435333252
9,-164.41925048828125,53.65612411499024,-112.01211547851562,-30.75271987915039,-37.57465744018555,26.796855926513672,25.054424285888672,12.878759384155272,-14.406526565551758,5.571106910705566,1.055444836616516,2.3955135345458984,-14.58596897125244,-3.4659011363983154,3.871960639953613,-3.4395077228546143,-0.1980052590370178,15.343623161315918,-5.028371334075928,3.83800220489502,6.5958781242370605,-7.070037841796875,-6.9001288414001465,-4.347322940826416,-1.3606908321380615,3.058811664581299,-8.78290843963623,3.499812364578247,-4.951406478881836,0.402555376291275,-9.206443786621094,-2.606095552444458,-2.2432000637054443,0.3791400790214538,-0.1320760250091552,1.037386178970337,-2.242300748825073,1.1307002305984497,-4.39899492263794,-2.3119006156921387
9,-166.97279357910156,52.60052490234375,-112.20952606201172,-30.61349868774414,-36.95577621459961,28.410778045654297,25.93608283996582,11.536744117736816,-15.925055503845217,5.6025567054748535,1.8726513385772705,2.9404804706573486,-14.808228492736816,-3.8054332733154297,3.829891204833984,-3.501837491989136,0.2651922106742859,15.242969512939451,-5.672374725341797,4.019217491149902,6.997355937957764,-7.280442714691162,-7.129260540008545,-4.281848430633545,-1.0177170038223269,2.623741626739502,-9.158376693725586,3.481860637664795,-5.243682861328125,0.789372980594635,-9.222334861755373,-2.590524673461914,-2.004152774810791,0.2119349390268325,-0.152587354183197,0.8613870143890381,-2.562803268432617,1.049120545387268,-4.055543899536133,-2.2845022678375244
9,-165.34690856933594,53.17752456665039,-112.76939392089844,-30.1787109375,-37.23569488525391,27.723791122436523,25.25076675415039,12.6535005569458,-14.759824752807615,5.533220291137695,1.0231958627700806,2.107520341873169,-14.566350936889648,-2.5149736404418945,3.86872673034668,-3.4101192951202397,0.272082507610321,14.796942710876465,-5.316941261291504,4.042189121246338,6.532591342926025,-6.979037761688232,-6.838473320007324,-4.184114933013916,-1.0300683975219729,2.7530384063720703,-9.039481163024902,3.387468099594116,-4.967507362365723,0.6242488026618958,-9.39494514465332,-2.573977470397949,-2.0783979892730717,0.3523119986057281,-0.3062529265880584,0.9020452499389648,-2.5727758407592773,1.1638609170913696,-4.147000312805176,-2.3192620277404785
9,-164.58651733398438,52.64268112182617,-112.72051239013672,-30.8861083984375,-38.05475234985352,26.766149520874023,25.41966819763184,13.813450813293455,-14.149795532226562,5.206872940063477,0.3194725811481476,1.92433762550354,-14.189159393310549,-2.7753994464874268,3.5115115642547607,-3.280972957611084,0.0953455343842506,15.2107572555542,-4.908830642700195,3.7569074630737305,6.470604419708252,-6.71132755279541,-7.123404502868652,-4.401473045349121,-1.371912956237793,2.796724796295166,-8.76107120513916,3.4231486320495605,-4.925013542175293,0.2337903082370758,-9.505477905273438,-2.585200071334839,-2.3618481159210205,0.407136857509613,-0.2742593884468078,0.9805001616477966,-2.408493995666504,1.239723801612854,-4.374846935272217,-2.334847450256348
9,-165.82846069335938,53.42486572265625,-112.2934341430664,-30.638896942138672,-37.31682586669922,27.409786224365234,25.222057342529297,12.34377670288086,-14.961922645568848,5.69123125076294,1.316145896911621,2.555894136428833,-14.661697387695312,-3.339096546173096,3.6185708045959473,-3.602231025695801,0.043112751096487,15.056808471679688,-5.221966743469238,4.289286136627197,6.793680191040039,-7.274627208709717,-6.9976487159729,-4.395153522491455,-1.3257763385772705,2.820546865463257,-8.930188179016113,3.581051111221313,-5.200811386108398,0.6876233220100403,-9.346171379089355,-2.8329615592956543,-2.0979528427124023,0.2653584480285644,-0.053431749343872,1.0900540351867676,-2.3717849254608154,0.9821233749389648,-4.289644718170166,-2.4450700283050537
9,-166.47544860839844,52.82427597045898,-112.1313018798828,-30.302324295043945,-36.724082946777344,28.335777282714844,26.052595138549805,11.59762191772461,-15.76522731781006,5.407386779785156,1.602323293685913,2.5776829719543457,-14.485834121704102,-3.040133237838745,3.826364040374756,-3.598090171813965,0.5504356622695923,14.683225631713867,-5.968716144561768,4.355264186859131,7.296403884887695,-7.394731521606445,-7.111075401306152,-4.279773712158203,-1.0559240579605105,2.68778133392334,-9.23641586303711,3.5085043907165527,-4.983724594116211,0.7341650128364563,-9.124756813049316,-2.706737518310547,-1.9675990343093872,0.3315962255001068,-0.1107714250683784,0.8345829844474792,-2.569551467895508,0.9349172711372375,-4.133793830871582,-2.2548253536224365
9,-164.43185424804688,52.87911605834961,-112.78022003173828,-30.575138092041016,-37.483055114746094,27.191707611083984,25.248188018798828,13.187368392944336,-14.27458667755127,5.316664695739746,0.6480098366737366,1.982277274131775,-14.496170043945312,-2.654873371124268,3.911352872848511,-3.417078018188477,0.1620859950780868,14.989014625549316,-5.134698390960693,3.995669364929199,6.67673397064209,-6.971210956573486,-7.020713806152344,-4.2099785804748535,-1.2213636636734009,2.788255214691162,-8.841485977172852,3.406827926635742,-4.842484951019287,0.3741833865642547,-9.411100387573242,-2.6112844944000244,-2.218945264816284,0.4586795568466186,-0.3005825877189636,0.8937374353408813,-2.4914968013763428,1.1772806644439695,-4.355142593383789,-2.3609023094177246
9,-165.67486572265625,53.749061584472656,-112.34254455566406,-30.24920463562012,-37.69213104248047,27.36010360717773,25.1082820892334,12.684956550598145,-14.833476066589355,5.760133266448975,1.2131962776184082,2.450691699981689,-14.778684616088867,-3.340240955352783,3.623491764068604,-3.5428385734558105,-0.1763622462749481,15.209588050842283,-5.092241287231445,4.075889587402344,6.707919120788574,-7.268673419952393,-7.028197765350342,-4.336184978485107,-1.427744746208191,2.969630718231201,-8.815717697143555,3.561596155166626,-4.941390037536621,0.6030610203742981,-9.318658828735352,-2.7504642009735107,-2.166859865188598,0.3288208246231079,-0.086112655699253,1.0268477201461792,-2.319211006164551,1.15514075756073,-4.334709644317627,-2.3668768405914307
9,-165.8657684326172,54.1224250793457,-111.98049926757812,-29.954360961914062,-36.79568099975586,28.61214637756348,25.613956451416016,11.419662475585938,-15.851191520690918,5.633931636810303,1.6430628299713137,2.8333370685577397,-14.638789176940918,-3.34909462928772,3.81858229637146,-3.6414363384246826,0.2727560698986053,14.916715621948242,-5.843317031860352,4.156044483184815,7.102203369140625,-7.390441417694092,-6.987949848175049,-4.176706314086914,-0.9692164659500122,2.68562912940979,-9.143721580505373,3.56923508644104,-5.063867568969727,0.7635089755058289,-9.060976028442385,-2.528578042984009,-2.013094663619995,0.229090005159378,-0.172172412276268,0.9532932639122008,-2.525540828704834,1.0063058137893677,-4.048489570617676,-2.2585744857788086
9,-165.10598754882812,53.32355117797852,-112.2890853881836,-29.93572235107422,-37.15776062011719,27.613862991333008,25.396808624267575,12.581918716430664,-14.845200538635254,5.396347999572754,0.8614599108695984,1.9844053983688357,-14.52969741821289,-2.5810558795928955,3.963769912719727,-3.514436721801758,0.2300098985433578,14.788827896118164,-5.33615779876709,4.049038410186768,6.632959365844727,-7.020623683929443,-6.857217311859131,-4.245875835418701,-0.9794172048568726,2.7358052730560303,-8.90496826171875,3.491034984588623,-4.939999103546143,0.5202231407165527,-9.385019302368164,-2.509622097015381,-2.050844430923462,0.4432658851146698,-0.14890056848526,0.9709712266921996,-2.5239851474761963,1.178768277168274,-4.217836380004883,-2.2584142684936523
9,-163.80935668945312,54.17231369018555,-112.10951232910156,-30.35108757019043,-37.88377380371094,26.693618774414062,24.952260971069336,13.419779777526855,-14.139988899230955,5.413965702056885,0.5462737679481506,1.9516873359680176,-14.320714950561523,-2.9321327209472656,3.604438543319702,-3.5716538429260254,-0.0482434183359146,15.33905029296875,-4.875469207763672,3.546962261199951,6.533390998840332,-6.7422966957092285,-7.004007816314697,-4.281012058258057,-1.2849268913269043,2.8480379581451416,-8.570833206176758,3.5268945693969727,-4.773597717285156,0.3197897672653198,-9.240988731384276,-2.521702766418457,-2.2622549533843994,0.4383140206336975,-0.2108809351921081,1.035693883895874,-2.293607711791992,1.275925874710083,-4.423899173736572,-2.348541021347046
9,-165.2147674560547,54.56410217285156,-111.54489135742188,-30.17144012451172,-37.07814025878906,27.64873695373535,25.334741592407227,12.072104454040527,-15.357625007629396,5.497613430023193,1.460846185684204,2.660122394561768,-14.615336418151855,-3.344996929168701,3.664384365081787,-3.692246675491333,0.151164174079895,14.894140243530272,-5.463131904602051,4.132657051086426,6.877788543701172,-7.334330081939697,-6.859792709350586,-4.336574077606201,-1.1265769004821775,2.849762201309204,-8.985862731933594,3.6273305416107178,-5.126580715179443,0.6853095293045044,-9.08100128173828,-2.777226209640503,-2.069756031036377,0.1918777674436569,-0.1063308715820312,1.0995241403579712,-2.30227279663086,0.99947589635849,-4.2024030685424805,-2.327920198440552
9,-166.20640563964844,53.05174255371094,-112.33748626708984,-30.121871948242188,-36.64570617675781,28.36413955688477,25.76293563842773,11.764988899230955,-15.688037872314451,5.491753578186035,1.3319107294082642,2.5514650344848637,-14.483304977416992,-2.67444920539856,3.776773691177368,-3.543637990951538,0.5058814883232117,14.573344230651855,-6.037945747375488,4.348423480987549,7.082074165344238,-7.260620594024658,-7.078951358795166,-4.281893253326416,-1.0505783557891846,2.5951268672943115,-9.23458480834961,3.587689161300659,-5.094727993011475,0.8609284162521362,-9.057838439941406,-2.7309019565582275,-2.0330309867858887,0.2956441044807434,-0.1897674351930618,0.8690141439437866,-2.601217031478882,1.0610105991363523,-4.078235626220703,-2.250990390777588
9,-163.74806213378906,53.34871673583984,-112.50821685791016,-30.534936904907227,-37.66689300537109,26.939701080322266,25.277462005615234,13.446366310119627,-14.138313293457031,5.230541229248047,0.3744182586669922,1.9201942682266235,-14.205552101135254,-2.603109121322632,3.75456166267395,-3.405947208404541,-0.0060139582492411,14.982478141784668,-4.906071186065674,3.9583818912506095,6.452466011047363,-6.959081172943115,-7.071338653564453,-4.204659461975098,-1.1223421096801758,2.838498830795288,-8.904994010925293,3.3446977138519287,-4.82425594329834,0.3795606195926666,-9.343561172485352,-2.629826068878174,-2.3474104404449463,0.4299544095993042,-0.2533891797065735,0.9739602208137512,-2.4739468097686768,1.1828171014785769,-4.345413684844971,-2.3031084537506104
8,-94.3328857421875,67.96539306640625,-127.86093139648438,-47.94638442993164,-47.59028244018555,21.252826690673828,21.101009368896484,24.475616455078125,-1.7407572269439695,8.878741264343262,-1.928794860839844,5.01939582824707,-21.165191650390625,-7.396722793579102,4.467562675476074,-1.8934358358383176,1.1447497606277466,18.45098876953125,2.740331649780273,2.823943614959717,4.999276161193848,-7.117657661437988,-13.43658447265625,-13.359895706176758,-6.296958923339844,2.533708333969116,-8.3563871383667,-0.5274057388305664,-3.634395122528076,3.462097406387329,-7.690826416015625,-3.2292685508728027,-9.284143447875977,1.0905430316925049,-0.8431523442268372,1.3230630159378052,-1.320832133293152,0.0287256743758916,-7.628423690795898,-3.5039098262786865
8,-94.2005386352539,68.00421142578125,-127.72037506103516,-47.84396362304688,-47.441890716552734,21.37273979187012,21.084321975708008,24.42359733581543,-1.8612593412399288,8.901761054992676,-2.0687594413757324,4.875181198120117,-21.319719314575195,-7.311213493347168,4.44314432144165,-1.8747187852859497,1.1018552780151367,18.491439819335938,2.5799405574798584,2.8028268814086914,4.920761585235596,-7.117514133453369,-13.535173416137695,-13.33615493774414,-6.268829822540283,2.592638731002808,-8.35517406463623,-0.465610921382904,-3.664674997329712,3.4576473236083984,-7.724949359893799,-3.258729696273804,-9.345309257507324,1.0483630895614624,-0.9422491192817688,1.304417610168457,-1.370252013206482,0.1025082394480705,-7.600417137145996,-3.4577481746673584
8,-93.78187561035156,67.48729705810547,-127.29412078857422,-48.233001708984375,-47.14247512817383,21.015872955322266,21.27513885498047,24.14368438720703,-1.6630738973617554,8.838332176208496,-1.8785456418991089,4.921042442321777,-21.13189125061035,-7.270466804504394,4.461921215057373,-1.876234769821167,1.1442601680755615,18.501365661621094,2.572129487991333,2.89028000831604,4.933996677398682,-7.118593215942383,-13.521553993225098,-13.376405715942385,-6.2740092277526855,2.543095111846924,-8.390235900878906,-0.5959287881851196,-3.647967576980591,3.3433470726013184,-7.693562030792236,-3.334843873977661,-9.32805347442627,0.9766353368759156,-0.9355633854866028,1.287377119064331,-1.33469557762146,0.0479114614427089,-7.638422012329102,-3.483647584915161
8,-93.99813842773438,67.00424194335938,-127.44829559326172,-48.700927734375,-47.25669860839844,20.77368927001953,21.32563781738281,24.254018783569336,-1.5876541137695312,8.814504623413086,-1.8469992876052856,4.994993686676025,-21.10674095153809,-7.307502746582031,4.426806449890137,-1.802179217338562,1.1196843385696411,18.51289367675781,2.504379749298096,2.806957721710205,4.808159828186035,-7.23886251449585,-13.701210975646973,-13.519116401672363,-6.511596202850342,2.413949012756348,-8.440973281860352,-0.6636775135993958,-3.6334729194641113,3.403635025024414,-7.726146221160889,-3.362128257751465,-9.35844898223877,0.9861746430397034,-0.996780812740326,1.2068161964416504,-1.44948148727417,-0.0075766267254948,-7.708692073822021,-3.5150647163391118
8,-93.40178680419922,67.53103637695312,-126.89933776855467,-48.3476448059082,-46.90235900878906,20.83820915222168,21.298837661743164,24.01966094970703,-1.6761513948440552,8.750527381896973,-1.8547738790512085,4.883235931396484,-21.054901123046875,-7.236025333404541,4.487900733947754,-1.832637906074524,1.087111473083496,18.46382141113281,2.487390518188477,2.858372688293457,4.881452083587647,-7.031591415405273,-13.487707138061523,-13.342638969421388,-6.310516357421875,2.528862714767456,-8.32325553894043,-0.5953736305236816,-3.6000027656555176,3.370155572891236,-7.688373565673828,-3.360225915908813,-9.3346586227417,0.968536138534546,-0.942319631576538,1.2531040906906128,-1.3594989776611328,0.0527078248560428,-7.654442310333252,-3.4942009449005127
8,-93.57437896728516,67.45001983642578,-127.01058959960938,-48.42913436889648,-47.01396560668945,20.81410026550293,21.343626022338867,24.090532302856445,-1.684868574142456,8.710596084594727,-1.8377453088760376,5.007176876068115,-20.99039649963379,-7.307669639587402,4.479969024658203,-1.8459855318069456,1.0474853515625,18.388511657714844,2.485834836959839,2.7692813873291016,4.835381507873535,-7.163554668426514,-13.579575538635254,-13.369634628295898,-6.224409103393555,2.5954530239105225,-8.303077697753906,-0.5547211766242981,-3.5907490253448486,3.3381905555725098,-7.697825908660889,-3.321211338043213,-9.314902305603027,0.9563829898834229,-0.9326147437095642,1.28796648979187,-1.3373379707336426,-0.0043287607841193,-7.689818859100342,-3.5294411182403564
8,-93.80720520019533,67.02761840820312,-127.295654296875,-48.61725997924805,-47.060089111328125,20.808895111083984,21.36297607421875,24.127805709838867,-1.6016002893447876,8.780112266540527,-1.7950340509414673,4.929759502410889,-21.09300804138184,-7.299306392669678,4.495055675506592,-1.840992093086243,1.1868494749069214,18.52863311767578,2.48335337638855,2.83713173866272,4.877469062805176,-7.139508724212647,-13.613136291503906,-13.440043449401855,-6.350229740142822,2.498208284378052,-8.3605375289917,-0.5919288992881775,-3.617287635803223,3.3501102924346924,-7.75167179107666,-3.317310094833374,-9.28182315826416,0.946922242641449,-0.9487944841384888,1.2498053312301636,-1.419059157371521,0.0331499092280864,-7.677428245544434,-3.527639389038086
8,-93.54949188232422,68.05262756347656,-127.08989715576172,-47.97674179077149,-47.19870376586914,21.03006935119629,21.066951751708984,24.100366592407227,-1.9213937520980835,8.798248291015625,-1.9378069639205933,4.9801130294799805,-21.20120048522949,-7.375389575958252,4.360154151916504,-1.842762470245361,1.036495804786682,18.448671340942383,2.48244309425354,2.8423585891723637,4.900894641876221,-7.016410827636719,-13.506048202514648,-13.298421859741213,-6.347469806671143,2.6284797191619877,-8.333406448364258,-0.531229555606842,-3.614647388458252,3.45615553855896,-7.695330619812012,-3.2533445358276367,-9.296894073486328,1.1167223453521729,-0.9211931824684144,1.2823522090911863,-1.3884553909301758,0.1011745333671569,-7.553078651428223,-3.4045298099517822
8,-93.867431640625,67.39022064208984,-127.36701965332033,-48.342281341552734,-47.1776008605957,20.91562843322754,21.232629776000977,24.195276260375977,-1.6531221866607666,8.791597366333008,-1.8785675764083865,4.91300106048584,-21.107908248901367,-7.296788692474365,4.51338529586792,-1.9018577337265012,1.175984263420105,18.526979446411133,2.56209135055542,2.824322462081909,4.945674419403076,-7.091217041015625,-13.529726028442385,-13.441767692565918,-6.293966293334961,2.5675747394561768,-8.358267784118652,-0.5828190445899963,-3.6284334659576416,3.377840042114258,-7.707259654998779,-3.364396810531616,-9.33518123626709,0.9579753279685974,-0.9164999127388,1.2324825525283811,-1.4088374376296997,0.0257137138396501,-7.6368513107299805,-3.523122787475586
8,-93.94654083251952,67.53287506103516,-127.37657165527344,-48.27219009399414,-47.3234977722168,20.98517608642578,21.248191833496094,24.17870330810547,-1.7554607391357422,8.847389221191406,-1.8816156387329104,5.022631168365479,-21.14603805541992,-7.386085987091064,4.421308994293213,-1.84483802318573,1.115837812423706,18.491783142089844,2.4998466968536377,2.8568594455718994,4.942503452301025,-7.075201034545898,-13.575666427612305,-13.404034614562988,-6.349903106689453,2.534698247909546,-8.42986011505127,-0.5832704901695251,-3.6541805267333984,3.3967673778533936,-7.732856750488281,-3.3297817707061768,-9.38042449951172,0.9701446294784546,-0.9585402607917786,1.2780401706695557,-1.392459511756897,0.0658094137907028,-7.592591285705566,-3.441045045852661
8,-93.6196060180664,67.34021759033203,-127.1041030883789,-48.43526458740234,-47.06699752807617,20.764162063598636,21.261489868164062,24.102296829223636,-1.6430461406707764,8.774457931518555,-1.793684959411621,4.954723358154297,-21.047657012939453,-7.279570579528809,4.460867881774902,-1.869645118713379,1.0870640277862549,18.496604919433597,2.5101804733276367,2.879420042037964,4.966344356536865,-7.052539825439453,-13.522263526916504,-13.394713401794434,-6.312533855438232,2.5526838302612305,-8.360797882080078,-0.6409557461738586,-3.622451305389404,3.405398368835449,-7.7171311378479,-3.3516457080841064,-9.291441917419434,0.9739313125610352,-0.91676127910614,1.2375043630599976,-1.4380666017532349,0.0609091781079769,-7.635074615478516,-3.5047600269317627
8,-94.00550079345705,66.98381805419922,-127.35779571533205,-48.610496520996094,-47.067779541015625,21.00555992126465,21.55813407897949,24.222244262695312,-1.5636762380599976,8.803522109985352,-1.851849675178528,4.867258548736572,-21.257360458374023,-7.451843738555908,4.454832077026367,-1.819866418838501,1.2195459604263306,18.559274673461918,2.544177770614624,2.876088857650757,4.938705921173096,-7.093947410583496,-13.587357521057127,-13.453068733215332,-6.3351664543151855,2.492553949356079,-8.420851707458496,-0.6314181685447693,-3.626274347305298,3.417510747909546,-7.706863403320312,-3.3843536376953125,-9.363045692443848,0.930302083492279,-0.9491391777992249,1.2371834516525269,-1.378762125968933,0.0858208313584327,-7.587997913360596,-3.446820974349976
8,-94.1626434326172,68.22232055664062,-127.71240234375,-47.899192810058594,-47.585208892822266,21.312179565429688,21.08253669738769,24.35203742980957,-1.8697378635406492,8.808430671691895,-1.942789077758789,4.95989465713501,-21.186222076416016,-7.462585926055908,4.44468879699707,-1.9405242204666135,1.1362347602844238,18.408246994018555,2.7037782669067383,2.7862701416015625,5.043707370758057,-7.090449333190918,-13.457914352416992,-13.357275009155272,-6.255310535430908,2.545839548110962,-8.340048789978027,-0.5176551342010498,-3.620192050933838,3.4546470642089844,-7.677577495574951,-3.2287302017211914,-9.241573333740234,1.1294089555740356,-0.8618437647819519,1.2857789993286133,-1.320035457611084,0.0294986516237258,-7.57956600189209,-3.4823455810546875
8,-93.63773345947266,67.3917007446289,-127.16627502441406,-48.40271759033203,-47.09242248535156,20.79327964782715,21.263246536254883,24.177398681640625,-1.6129496097564695,8.800092697143555,-1.8719820976257324,4.959957599639893,-21.075719833374023,-7.281175136566162,4.44905424118042,-1.813790202140808,1.127239227294922,18.50337600708008,2.4940860271453857,2.8150298595428467,4.884002685546875,-7.111599922180176,-13.541518211364746,-13.382889747619627,-6.315150260925293,2.581068754196167,-8.335429191589355,-0.6079707741737366,-3.6139862537384033,3.382711887359619,-7.712110042572021,-3.34946084022522,-9.310349464416504,0.9858033061027528,-0.9553534984588624,1.2366164922714231,-1.4417537450790403,0.0388950332999229,-7.633863925933838,-3.5011744499206543
8,-94.11554718017578,66.8395767211914,-127.4921417236328,-48.63923645019531,-47.17362594604492,20.946287155151367,21.49907112121582,24.21138381958008,-1.5696864128112793,8.826416969299316,-1.830918550491333,4.9519362449646,-21.15373420715332,-7.313412189483643,4.5074992179870605,-1.7567421197891235,1.2634291648864746,18.6202392578125,2.57905912399292,2.897461175918579,4.898602485656738,-7.159316539764404,-13.629051208496094,-13.493051528930664,-6.374592304229736,2.473906993865967,-8.424142837524414,-0.6135829091072083,-3.620103359222412,3.370812177658081,-7.717489719390869,-3.3813188076019287,-9.31870937347412,0.9548797011375428,-0.9749902486801147,1.2424180507659912,-1.4069030284881592,0.0413088984787464,-7.627410888671875,-3.499953508377075
8,-93.90522003173828,67.49478149414062,-127.41570281982422,-48.30234909057617,-47.20011520385742,21.03866577148437,21.291751861572266,24.385961532592773,-1.6058504581451416,8.868288040161133,-1.8965855836868288,4.950072765350342,-21.1949520111084,-7.359376430511475,4.397281169891357,-1.8485761880874636,1.1282446384429932,18.49842834472656,2.5477383136749268,2.8682806491851807,4.973306655883789,-7.066354751586914,-13.518763542175291,-13.40970230102539,-6.33371114730835,2.590287208557129,-8.350930213928223,-0.6166055202484131,-3.611919403076172,3.4593138694763184,-7.703954696655273,-3.3148677349090576,-9.293027877807615,1.0391294956207275,-0.9629918932914734,1.2003687620162964,-1.4662117958068848,0.0023747594095766,-7.667984962463379,-3.55118989944458
8,-93.92274475097656,67.12142181396484,-127.35327911376952,-48.56526565551758,-47.13838958740234,20.910213470458984,21.392183303833008,24.14495658874512,-1.6901439428329468,8.765989303588867,-1.8426421880722048,4.912079811096191,-21.166439056396484,-7.353365898132324,4.446394920349121,-1.8256504535675049,1.1415482759475708,18.50663185119629,2.4926490783691406,2.8126580715179443,4.8559250831604,-7.147612571716309,-13.636527061462402,-13.443861961364746,-6.347638130187988,2.4886693954467773,-8.409226417541504,-0.6476072669029236,-3.662715196609497,3.371481418609619,-7.735182285308838,-3.404695510864258,-9.325831413269045,1.010064721107483,-0.9252632260322572,1.2450201511383057,-1.4253689050674438,0.0238359980285167,-7.631087303161621,-3.497995615005493
8,-93.65189361572266,67.45825958251953,-127.00858306884766,-48.33138275146485,-46.975223541259766,20.946025848388672,21.411163330078125,24.227840423583984,-1.653489112854004,8.703478813171387,-1.9579055309295652,4.925596237182617,-21.12837600708008,-7.367862224578857,4.46323299407959,-1.792184829711914,1.1117138862609863,18.5181941986084,2.5927088260650635,2.8610193729400635,4.877758502960205,-7.1391191482543945,-13.537693977355955,-13.36019515991211,-6.258858680725098,2.5672311782836914,-8.291072845458984,-0.556620180606842,-3.568453550338745,3.346395969390869,-7.725887775421143,-3.3881235122680664,-9.320282936096191,0.9673615097999572,-0.941839873790741,1.25340735912323,-1.366698145866394,0.0227953046560287,-7.6292853355407715,-3.40738844871521
8,-93.95402526855467,67.0477294921875,-127.39026641845705,-48.54949569702149,-47.110984802246094,20.93193626403809,21.416746139526367,24.297800064086918,-1.6100172996520996,8.812206268310547,-1.919167280197144,4.882456302642822,-21.208166122436523,-7.284358024597168,4.478571891784668,-1.7775787115097046,1.1748666763305664,18.579818725585938,2.501037836074829,2.868696928024292,4.872055530548096,-7.137639045715332,-13.585652351379396,-13.37533187866211,-6.304286003112793,2.540034770965576,-8.371696472167969,-0.6094322204589844,-3.634944200515747,3.378957509994507,-7.741344928741455,-3.3986964225769043,-9.37088108062744,0.9661957025527954,-0.9635969400405884,1.2376683950424194,-1.4778915643692017,0.0445178300142288,-7.637860298156738,-3.4728333950042725
8,-93.34408569335938,67.82594299316406,-126.7891616821289,-48.24213790893555,-46.95068359375,20.86949920654297,21.235506057739254,24.00177764892578,-1.745006442070007,8.720379829406738,-1.7878220081329346,5.085127353668213,-21.01284408569336,-7.390571594238281,4.408569812774658,-1.7860078811645508,1.1320345401763916,18.435609817504883,2.462697505950928,2.8004276752471924,4.9264421463012695,-7.081428527832031,-13.508752822875977,-13.335001945495604,-6.261439800262451,2.5534400939941406,-8.29804515838623,-0.5774897933006287,-3.579216241836548,3.3829424381256104,-7.688173294067383,-3.3771722316741943,-9.339370727539062,0.9996882677078248,-0.9474517107009888,1.19273841381073,-1.4428526163101196,0.0569217167794704,-7.565110683441162,-3.465256452560425
8,-94.15652465820312,67.10987091064453,-127.70084381103516,-48.41231155395508,-47.239654541015625,21.040508270263672,21.285104751586918,24.35902976989746,-1.5928529500961304,8.866714477539062,-1.9767050743103027,4.8497633934021,-21.219968795776367,-7.3218464851379395,4.450352191925049,-1.8896583318710327,1.1513758897781372,18.55548667907715,2.597456216812134,2.906414747238159,4.95396900177002,-7.095108509063721,-13.57843017578125,-13.448538780212402,-6.364428520202637,2.5056114196777344,-8.421329498291016,-0.6098893284797668,-3.708930730819702,3.3287267684936523,-7.776152610778809,-3.3410439491271973,-9.32751750946045,0.9854291677474976,-0.9326438903808594,1.2641571760177612,-1.443252682685852,0.018918989226222,-7.641180992126465,-3.5172224044799805
8,-94.48323822021484,68.27869415283203,-128.13116455078125,-47.486473083496094,-47.65583038330078,21.610092163085938,20.94060707092285,24.633119583129883,-1.8481353521347048,8.918553352355957,-2.158695697784424,4.841280460357666,-21.32918739318848,-7.371078014373779,4.453089237213135,-1.912202835083008,1.272335648536682,18.473249435424805,2.7251436710357666,2.783608913421631,5.041040420532227,-7.113309383392334,-13.467934608459473,-13.39870262145996,-6.220020294189453,2.6459829807281494,-8.364045143127441,-0.4915505051612854,-3.642144203186035,3.532366275787353,-7.691482543945312,-3.1848561763763428,-9.276867866516112,1.1023805141448977,-0.878905713558197,1.3444037437438965,-1.3131508827209473,0.1054994687438011,-7.558355331420898,-3.4638850688934326
8,-94.15516662597656,68.59429168701172,-127.72789764404295,-47.529693603515625,-47.66709899902344,21.42088508605957,20.89232063293457,24.32563781738281,-1.967086911201477,8.822495460510254,-2.044116497039795,4.971179962158203,-21.226991653442383,-7.469069004058838,4.454229831695557,-1.962971568107605,1.1572928428649902,18.39410781860352,2.6609506607055664,2.770453929901123,5.0858540534973145,-7.087636470794678,-13.374526023864746,-13.29549789428711,-6.19608736038208,2.592982769012451,-8.341206550598145,-0.5445588231086731,-3.672858715057373,3.41249418258667,-7.64467716217041,-3.2025389671325684,-9.258675575256348,1.1369192600250244,-0.8378375172615051,1.3232766389846802,-1.2587742805480957,0.112110897898674,-7.513151168823242,-3.473548412322998
8,-94.52458953857422,68.25643157958984,-128.134521484375,-47.58219909667969,-47.73617172241211,21.565210342407227,20.928611755371094,24.58391571044922,-1.892392873764038,8.98676586151123,-2.098998069763184,4.856470584869385,-21.37185287475586,-7.418795585632324,4.395876884460449,-1.951921224594116,1.193370699882507,18.544919967651367,2.7376723289489746,2.824775218963623,5.085941791534424,-7.102669715881348,-13.467446327209473,-13.414612770080566,-6.29897928237915,2.5978143215179443,-8.366971969604492,-0.48018878698349,-3.607957124710083,3.560054302215576,-7.719491481781006,-3.217352867126465,-9.287631034851074,1.082844614982605,-0.8953844904899597,1.3183761835098269,-1.310154676437378,0.1000007987022399,-7.590458869934082,-3.4331233501434326
8,-93.88176727294922,69.07637786865234,-127.49022674560548,-47.30232620239258,-47.55555725097656,21.54499626159668,20.76732444763184,24.2156925201416,-2.0993335247039795,8.873429298400879,-2.071277379989624,4.9384355545043945,-21.28907012939453,-7.398276805877685,4.414601802825928,-2.0205814838409424,1.0363208055496216,18.35908508300781,2.5812923908233643,2.742863893508911,5.052824020385742,-6.999958515167236,-13.38774299621582,-13.27401065826416,-6.207778453826904,2.643235683441162,-8.297866821289062,-0.4177721440792084,-3.618878126144409,3.518529891967773,-7.6480889320373535,-3.145390272140503,-9.253443717956545,1.144594430923462,-0.8606639504432678,1.392298698425293,-1.1963295936584473,0.1316228061914444,-7.522761344909668,-3.3859074115753174
8,-94.081787109375,68.00936126708984,-127.65302276611328,-47.87685775756836,-47.44167709350586,21.193058013916016,21.05031013488769,24.382471084594727,-1.819608688354492,8.81757926940918,-2.0022640228271484,4.899595260620117,-21.23291778564453,-7.383646011352539,4.433313846588135,-1.9172110557556152,1.1633501052856443,18.44655990600586,2.628202438354492,2.79324722290039,5.000957489013672,-7.091856002807617,-13.469514846801758,-13.401143074035645,-6.26558256149292,2.6325275897979736,-8.314656257629395,-0.5334439873695374,-3.60103178024292,3.475231647491455,-7.720750331878662,-3.2909271717071533,-9.30747413635254,1.0297187566757202,-0.9002915024757385,1.2910330295562744,-1.356770634651184,0.1074509471654892,-7.555507183074951,-3.457517385482788
8,-93.7469253540039,67.19628143310547,-127.22891235351562,-48.55265045166016,-47.049766540527344,20.86991310119629,21.347637176513672,24.02694320678711,-1.6728463172912598,8.750983238220215,-1.8515007495880127,4.938276290893555,-21.192346572875977,-7.364293098449707,4.424585819244385,-1.8432191610336304,1.0993924140930176,18.501039505004883,2.466285228729248,2.82436752319336,4.831737518310547,-7.111266136169434,-13.586448669433594,-13.45713996887207,-6.404494285583496,2.4738264083862305,-8.369937896728516,-0.5976742506027222,-3.681987762451172,3.3441948890686035,-7.727773189544678,-3.336188793182373,-9.310235023498535,0.944584310054779,-0.9833608865737916,1.2485897541046145,-1.3688831329345703,0.0766116380691528,-7.668657302856445,-3.518204689025879
8,-93.9621353149414,67.04964447021484,-127.52043151855467,-48.53511047363281,-47.20512771606445,20.881534576416016,21.28048324584961,24.308977127075195,-1.6118826866149902,8.847521781921387,-1.9567570686340328,4.911179542541504,-21.2187442779541,-7.267035007476807,4.42671012878418,-1.752196192741394,1.1183664798736572,18.596132278442383,2.531015396118164,2.8697025775909424,4.803987503051758,-7.154007434844971,-13.696768760681152,-13.511576652526855,-6.464376449584961,2.570725679397583,-8.390830039978027,-0.5831632614135742,-3.636705636978149,3.44221830368042,-7.769423961639404,-3.384002208709717,-9.386167526245115,0.9517208337783812,-1.0747443437576294,1.2198481559753418,-1.4890743494033811,0.0439458526670932,-7.692634105682373,-3.4758706092834477
7,-223.5675201416016,150.4639129638672,-7.74031925201416,20.32511138916016,-10.07243824005127,8.724011421203613,-12.970172882080078,-0.9458905458450316,-9.905517578125,-3.344468355178833,-9.76956272125244,-1.643182635307312,-8.525606155395508,-0.9657412767410278,-4.980434894561768,-0.3936096429824829,-1.8747392892837524,0.6427136063575745,-4.043365955352783,-3.6726443767547607,-4.900021076202393,-3.91029953956604,-2.3543221950531006,-1.27421772480011,-4.38482141494751,-2.6475229263305664,-4.726845264434815,-1.4407254457473757,-3.296522855758667,-2.4524857997894287,-7.580742835998535,-4.143327236175537,-5.359889507293701,-0.8896639347076416,-3.0903944969177246,-3.5297293663024902,-7.645046234130859,-6.761031627655029,-9.41390895843506,-7.590449333190918
7,-211.52804565429688,146.1426239013672,-11.484335899353027,19.9405460357666,-8.619901657104492,5.151860237121582,-14.741374969482422,-4.094290733337402,-11.65328598022461,0.3391505777835846,-8.597808837890625,-0.6631006598472595,-9.124667167663574,-0.1794700026512146,-4.132603168487549,-0.6785465478897095,-2.037414789199829,2.032297372817993,-3.339759111404419,-0.5238858461380005,-3.8280067443847656,-1.9450782537460327,-2.2802624702453613,0.3754743039608001,-3.2430853843688965,-2.173667907714844,-5.3070902824401855,-0.6276482343673706,-2.6588327884674072,-0.8907244205474854,-6.917061805725098,-2.949368715286255,-2.461199283599853,0.119866743683815,-1.5185242891311646,-1.005497694015503,-6.033368110656738,-5.3391432762146,-8.114373207092285,-6.088024616241455
7,-227.3424835205078,152.99525451660156,-8.568694114685059,18.17444610595703,-6.941080093383789,6.456904411315918,-12.434073448181152,-1.17157244682312,-8.137788772583008,-4.031308650970459,-9.830527305603027,-2.114009380340576,-9.42868709564209,-4.330715179443359,-9.113851547241213,-3.2717807292938232,-3.730847597122192,0.0273540262132883,-2.361851930618286,-0.8397381901741028,-2.8415768146514893,-1.5566681623458862,-0.9158632159233092,1.0884299278259275,-0.6088464856147766,-1.547099232673645,-4.86168384552002,-1.0933098793029783,-2.372706890106201,-0.3183386027812958,-4.075239181518555,-0.8910197019577026,-1.6302670240402222,-0.4363175332546234,-2.769614219665528,-2.249229669570923,-5.544445037841797,-4.281061172485352,-7.187038421630859,-7.165675640106201
7,-243.96951293945312,149.7446746826172,-9.291159629821776,16.84303092956543,-5.177497863769531,4.692755699157715,-12.685558319091797,-4.194097995758057,-8.805038452148438,-4.244295597076416,-8.800177574157715,-1.380138635635376,-7.026494026184082,-3.019899606704712,-7.697299003601074,-1.9284530878067017,-2.3202924728393555,0.8931604027748108,-1.5412541627883911,-0.9735509753227234,-4.429354667663574,-3.924431324005127,-2.276646614074707,-0.5951828956604004,-1.9409708976745603,-0.7685744166374207,-4.5101823806762695,-1.607715725898743,-2.6944386959075928,-1.6642848253250122,-4.764541149139404,-2.371256828308105,-4.117672443389893,-2.228296995162964,-4.513086795806885,-3.5172407627105717,-6.115331172943115,-4.533089637756348,-6.949982166290283,-6.835602283477783
7,-235.9884796142578,146.43434143066406,-12.426387786865234,13.78304958343506,-5.786270618438721,2.7067854404449463,-14.738816261291504,-4.649448871612549,-11.116873741149902,-3.2924797534942627,-6.574492454528809,-0.1046974062919616,-6.004237174987793,0.6512006521224976,-4.045730113983154,1.6430801153182983,0.8077746033668518,3.238074541091919,-1.1058342456817627,-2.1942625045776367,-5.567073345184326,-4.575440406799316,-4.593698978424072,-3.40207314491272,-5.697895526885986,-1.4523922204971311,-3.749353647232056,0.5109065771102905,-1.4541032314300537,-0.9407561421394348,-8.05572509765625,-6.488395690917969,-9.093425750732422,-4.87209415435791,-4.3426690101623535,-2.300717830657959,-6.634555339813232,-5.027271747589111,-6.18611478805542,-4.7398552894592285
7,-233.71653747558597,150.47642517089844,-13.856389045715332,10.368680000305176,-10.523699760437012,3.7144908905029297,-11.727132797241213,-1.310008525848389,-8.044113159179688,-1.9367022514343264,-7.0357279777526855,-1.5956809520721436,-7.360381126403809,-0.4046560227870941,-3.781320571899414,1.4863311052322388,0.4261850714683532,3.1046762466430664,-1.0425875186920166,-2.8114993572235107,-5.417812824249268,-4.119814395904541,-3.7831544876098633,-4.211241722106934,-6.222787380218506,-2.255241870880127,-3.314100742340088,2.343196392059326,1.0129128694534302,0.4133238196372986,-9.10348415374756,-8.349959373474121,-9.633600234985352,-4.28899621963501,-2.717104434967041,-1.3743877410888672,-6.820914268493652,-6.009714603424072,-5.93289041519165,-4.21143102645874
7,-335.50604248046875,138.07110595703125,25.17426872253418,-10.95733642578125,-40.65692901611328,-33.317893981933594,-29.19322967529297,-1.4400242567062378,-16.477941513061523,-18.953102111816406,-6.315097808837891,-2.013917922973633,3.869055986404419,3.033306121826172,17.135379791259766,13.839881896972656,4.593929767608643,14.498319625854492,1.505481839179993,-1.6686280965805054,8.843496322631836,-0.2324866205453872,-3.38386344909668,1.0703386068344116,-0.0887442752718925,-4.508417129516602,-7.690498352050781,3.3977596759796143,1.9997243881225584,-4.514595985412598,1.0937811136245728,3.3628933429718018,-0.562292218208313,-1.2765275239944458,9.083037376403809,4.353364944458008,-4.552762031555176,2.604888677597046,-1.5784239768981934,-3.29184889793396
7,-239.13710021972656,121.76995849609376,-8.09592056274414,34.63422393798828,10.71475601196289,20.599933624267575,7.030400276184082,11.50999355316162,3.7762973308563232,10.84629726409912,3.644471883773804,8.569754600524902,-1.1879490613937378,7.538047790527344,-0.0174795165657997,4.158852577209473,-1.5175487995147705,7.251523494720459,-0.1999587565660476,3.0965301990509038,-0.2442973107099533,4.396247386932373,-0.0412562824785709,2.965938806533813,-1.2050931453704834,5.171960353851318,-2.451509475708008,3.3675742149353027,-1.8667981624603271,2.1876232624053955,-0.9512717127799988,1.6751223802566528,-0.2329715490341186,3.131425619125366,-1.380454182624817,2.6064252853393555,-2.3375210762023926,1.5525447130203247,-0.6898989081382751,2.285567283630371
7,-292.1803894042969,141.45204162597656,-10.494927406311035,28.736164093017575,9.464816093444824,15.516424179077148,6.79807186126709,8.553730964660645,2.9954721927642822,10.781886100769045,-3.1715898513793945,9.159918785095217,1.1193954944610596,4.134640216827393,-2.701430082321167,3.2523651123046875,-3.927799224853516,4.090377330780029,0.4928342401981354,4.324417591094971,-1.9842628240585327,4.030548095703125,-0.2534909844398498,1.8458523750305176,-4.1705403327941895,3.5995981693267822,-2.172805070877075,0.3033969700336456,-0.5886629223823547,2.898200750350952,-4.412727355957031,2.362884759902954,-2.141303539276123,0.2115824967622757,-3.075596809387207,1.2981812953948977,-2.543200969696045,1.2522028684616089,-0.8918111324310303,1.7377443313598633
7,-264.3917236328125,127.59406280517578,-13.318764686584473,30.320384979248047,5.353983879089356,15.598626136779783,7.122992515563965,8.097142219543457,2.356288194656372,10.478262901306152,2.4082062244415283,7.282208442687988,-0.8115746974945068,1.375391125679016,-2.347949504852295,4.59701681137085,-1.077788233757019,3.7893030643463135,-2.8031795024871826,5.5957932472229,-1.9993937015533447,3.616170644760132,-2.758082866668701,1.2080906629562378,-3.758098363876343,1.294379711151123,-4.1188645362854,4.390085220336914,-1.001181721687317,2.564537763595581,-1.7243373394012451,2.802763700485229,-1.6335996389389038,2.6635537147521973,-2.948913812637329,1.870613932609558,-1.828821063041687,0.9127259254455566,-2.175787925720215,3.001894950866699
7,-233.59262084960935,116.7163314819336,-10.258766174316406,27.418140411376957,8.51301383972168,11.516746520996094,5.895552635192871,11.64675521850586,2.61431097984314,7.559777736663818,-0.4051610231399536,6.909800052642822,-2.6793928146362305,1.6877176761627195,-1.084747552871704,5.712383270263672,1.8999806642532349,3.847640037536621,-0.6418968439102173,4.989171028137207,-2.814428806304932,2.573986530303955,-3.1123921871185303,1.997218132019043,-6.167060852050781,2.03831148147583,-2.0715043544769287,1.2181435823440552,-5.047704219818115,4.730496406555176,-1.1163848638534546,1.930734395980835,-1.178562045097351,3.5669069290161133,-2.277823209762573,1.2487244606018066,-1.9939407110214236,0.8538309335708618,-1.412333369255066,0.2441463619470596
7,-267.9726867675781,133.83450317382812,-10.11783504486084,28.03877830505371,10.985949516296388,16.498228073120117,9.822975158691406,15.791495323181152,-0.0121032185852527,6.327120780944824,2.601713895797729,10.067736625671388,0.6905260682106018,1.2473526000976562,-1.7430338859558103,1.719182014465332,-5.220816135406494,5.600207805633545,-2.00586199760437,2.017836093902588,-3.058926105499268,4.142333030700684,-1.2236244678497314,4.386771202087402,-4.670553207397461,1.0955976247787476,-2.167923212051392,1.278018832206726,-3.65556526184082,2.875688314437866,-3.3113365173339844,2.1235287189483643,-2.731111526489258,3.3948001861572266,-3.093024730682373,-0.3098630905151367,-1.2188760042190552,2.5845940113067627,-3.586526393890381,1.7949163913726809
7,-264.18902587890625,130.95089721679688,-2.4941179752349854,25.153881072998047,8.17180061340332,17.350019454956055,7.647415637969971,11.490440368652344,0.5097895264625549,9.199604034423828,1.0523556470870972,7.985033988952637,-4.376394271850586,1.7374271154403689,-4.158872127532959,2.796214818954468,-1.8438992500305176,3.4935028553009038,-3.0013844966888428,3.894712686538696,-0.7418951392173767,5.009273529052734,-1.2471963167190552,2.21291732788086,-3.842613220214844,2.518195629119873,-2.8054065704345703,2.5845096111297607,-1.7058944702148438,2.684919834136963,-2.903424024581909,1.7093368768692017,-1.7861011028289795,2.110703945159912,-2.977136850357056,1.5880372524261477,-2.9379210472106934,1.2096664905548096,-2.6153197288513184,0.7628548741340637
7,-252.14175415039065,136.3711395263672,-9.511487007141112,28.988365173339844,13.977248191833496,17.961332321166992,9.47805404663086,10.352583885192873,0.3709471523761749,14.064659118652344,1.3617862462997437,6.310879707336426,-0.7175792455673218,6.192941665649414,-1.0144178867340088,4.635138988494873,-1.935757160186768,5.727970600128174,-0.5228831171989441,3.263468027114868,-1.1706392765045166,4.041049480438232,-1.5557427406311035,3.110178709030152,-1.3301653861999512,2.345909595489502,-1.6276605129241943,1.7493935823440552,-0.7686671614646912,1.4846786260604858,-1.5889995098114014,2.293564558029175,-1.5028303861618042,1.7057194709777832,-1.2195578813552856,1.98979914188385,-1.7129405736923218,1.5079621076583862,-1.8473422527313232,0.1630404740571975
7,-350.837890625,176.11993408203125,-33.53401565551758,11.368894577026367,7.700308322906494,-0.5806564092636108,-3.5749144554138184,2.901360511779785,-8.850836753845215,-2.608534097671509,-4.761168479919434,-0.2516990005970001,0.5404595732688904,3.031473398208618,0.2271927893161773,2.239436149597168,0.2199499011039734,3.2425098419189453,-0.1579653471708297,1.3757622241973877,-2.9174797534942627,0.6717411875724792,-1.0342780351638794,-0.601383626461029,-1.2638667821884155,0.900906264781952,-1.8156116008758545,-1.1703754663467407,-0.4707803726196289,-0.2307699620723724,-0.3905323147773742,-0.2052406072616577,-1.802210092544556,0.1661811619997024,-0.8353386521339417,-1.3594868183135986,-0.6402224898338318,-0.4041639566421509,0.3711631298065185,1.1066876649856567
5,-340.2504577636719,131.58399963378906,-10.957794189453123,17.197471618652344,9.186296463012695,7.555136203765869,12.637872695922852,-1.241685152053833,9.424809455871582,11.737086296081545,-6.7724432945251465,-0.644195556640625,3.7328968048095694,5.5026044845581055,-1.0938894748687744,5.37954568862915,-1.439085602760315,7.115189075469971,0.3337780833244324,2.073137760162353,-1.6312031745910645,4.807114124298096,-1.055843949317932,1.920151233673096,0.983238697052002,3.867046356201172,-0.6564419269561768,4.674289703369141,2.645451307296753,2.9362897872924805,-2.6716670989990234,4.566685199737549,2.40019154548645,2.4186105728149414,-3.363765001296997,-0.8344171643257141,-0.2217029780149459,2.821979522705078,-2.6165499687194824,-0.3333752155303955
5,-293.5648498535156,120.24979400634766,-22.215648651123047,22.33870887756348,3.287377119064331,13.117197036743164,10.54682445526123,8.092134475708008,4.589446544647217,5.5563063621521,-0.8315644264221191,10.536554336547852,4.501687049865723,9.144755363464355,-1.0492321252822876,-0.0792469382286071,-9.118431091308594,5.242913246154785,5.404096603393555,3.3566415309906006,-5.922663688659668,0.0236898865550756,6.253416538238525,8.311635971069336,-0.568577229976654,3.205502986907959,2.377130508422852,2.9119043350219727,-0.5796282887458801,3.475444793701172,2.879762649536133,0.96249258518219,-1.3659664392471311,5.7708048820495605,2.2996280193328857,3.6127872467041016,4.050397396087647,2.0891072750091557,-4.86936092376709,2.201484680175781
5,-327.1966247558594,120.26498413085938,-2.653064250946045,18.32195854187012,8.181800842285156,13.094688415527344,9.738998413085938,11.05032444000244,4.738744258880615,9.269242286682127,-2.747396945953369,8.442482948303223,0.3291800618171692,8.279341697692871,-2.706195831298828,-0.1649425327777862,-5.601797580718994,3.5588998794555664,2.2113163471221924,3.3926994800567627,-4.965464115142822,3.098391056060791,3.7509653568267822,7.66630220413208,0.381728321313858,3.957488536834717,0.97625732421875,5.235140323638916,0.5706059336662292,4.856483459472656,2.761492252349853,3.765934705734253,0.6401546001434326,4.590523719787598,-0.7682960629463196,2.450972080230713,0.6337450742721558,2.107929944992065,-2.9932029247283936,1.989179372787476
5,-353.0470275878906,137.187255859375,2.799125909805298,20.31241798400879,13.816299438476562,11.943761825561523,11.112870216369627,12.646916389465332,3.1729326248168945,6.566146373748779,-1.0030081272125244,7.179295063018799,0.1007670164108276,8.553346633911133,-0.1699021607637405,3.0350284576416016,0.9795980453491212,1.635602951049805,-1.4812588691711426,2.7478158473968506,-0.3191315829753876,4.525728702545166,0.9389840960502625,4.541861057281494,3.838524341583252,6.353318691253662,2.7468669414520264,4.640086174011231,0.7213308811187744,4.243188858032227,1.821426272392273,3.0831432342529297,1.491010069847107,1.8226277828216555,2.1441006660461426,3.035993814468384,0.589367687702179,0.8243576884269714,-0.9961481094360352,0.2831971645355224
5,-327.3243408203125,147.84271240234375,-12.888195037841797,16.743022918701172,5.872772216796875,14.48039436340332,15.804227828979492,7.652432441711426,12.05013942718506,4.38190221786499,-1.2996115684509275,3.453588485717773,1.4291763305664062,6.067986965179443,1.28757643699646,4.858295917510986,2.630159854888916,2.80256724357605,5.298097133636475,2.656437635421753,0.2217764407396316,4.9298200607299805,3.752180337905884,4.672677040100098,3.17514443397522,3.166718006134033,3.871309995651245,2.5820295810699463,0.6184038519859314,3.968183040618897,3.82520055770874,2.8350398540496826,1.0967130661010742,0.9269652366638184,1.4240363836288452,0.638234555721283,0.1692578047513961,0.2170797139406204,0.8475343585014343,2.4442594051361084
5,-356.02935791015625,156.55563354492188,3.670475006103516,20.70848274230957,14.326366424560549,11.682135581970217,12.615510940551758,11.545939445495604,11.861039161682127,10.07254695892334,3.7244720458984375,5.612154960632324,4.375773906707764,5.002243995666504,3.7540340423583984,3.4979467391967773,3.105140686035156,3.2006399631500244,3.92876410484314,4.420914173126221,5.638640880584717,6.404470443725586,3.760134696960449,3.9276158809661865,3.908336877822876,0.9871222972869872,1.5573384761810305,4.817465305328369,5.153370380401611,4.781217098236084,1.931501626968384,4.040438652038574,4.681434631347656,0.8549306988716125,0.4326942265033722,0.9665913581848145,-0.7546564936637878,-0.911571443080902,0.950277864933014,1.208493947982788
5,-356.4063720703125,148.43980407714844,1.4336363077163696,20.22284507751465,8.432228088378906,12.796183586120604,10.622578620910645,14.43438720703125,5.243340015411377,9.187314987182615,-4.943728923797607,2.099243402481079,0.8004364967346191,6.547904968261719,1.329117774963379,3.5740177631378174,2.2760584354400635,3.511185646057129,-1.038083791732788,2.0079119205474854,3.635711908340454,5.984983444213867,1.9561779499053955,1.5938907861709597,1.4971375465393066,3.158953189849853,-0.0602802447974681,2.155960321426392,4.548839569091797,7.533712387084961,2.0801846981048584,0.5034320950508118,0.8963655829429626,1.5527383089065552,1.6047271490097046,0.3907943069934845,1.265514850616455,0.5435611605644226,0.5083617568016052,-1.635716199874878
5,-306.5942687988281,71.78614044189453,-7.189424991607666,-6.297565937042236,-22.70847511291504,-2.806096076965332,8.113479614257812,9.100689888000488,5.5189642906188965,12.240662574768066,7.338288307189941,6.504993915557861,4.275639057159424,7.439108371734619,2.985447883605957,4.033009052276611,2.940825700759888,3.131279230117798,3.159379243850708,4.79477071762085,2.7248029708862305,5.245577812194824,4.158882141113281,3.411956787109375,3.671003818511963,3.4284653663635254,2.391646146774292,3.7738215923309326,2.185134172439575,3.340171337127685,2.189833879470825,3.5875608921051025,1.9543261528015137,3.250773429870605,2.8493406772613525,3.646713733673096,3.0580403804779053,3.1518008708953857,3.117823600769043,4.057307243347168
5,-323.7863464355469,70.65386199951172,-3.6132659912109375,-4.044942855834961,-18.611722946166992,-1.1100869178771973,8.187809944152832,10.699567794799805,7.670392990112305,9.437552452087402,4.375985622406006,5.529405117034912,4.540618419647217,6.191532611846924,2.5002827644348145,4.856534481048584,4.418222427368164,4.725196361541748,3.750159502029419,5.201696395874023,3.7216742038726807,5.915153503417969,5.03843355178833,4.253064155578613,4.19497537612915,4.701758861541748,3.5596940517425537,2.8758718967437744,2.55069351196289,3.145699977874756,2.2066690921783447,3.584808588027954,2.5289931297302246,3.293730974197388,3.5142621994018555,4.02111291885376,3.5376136302948,3.6901121139526367,2.920754909515381,3.589848279953003
5,-276.4691162109375,74.56488037109375,-9.81856918334961,-2.5827512741088867,-21.792394638061523,-1.1837576627731323,8.286700248718262,11.55087184906006,7.752341747283935,12.390462875366213,6.887831211090088,6.912792682647705,4.876218318939209,7.013309478759766,3.8239104747772217,6.445835590362549,4.501434803009033,4.301144599914551,4.504958152770996,4.898209095001221,2.1507761478424072,5.370811462402344,4.177375793457031,3.938052892684937,2.9596738815307617,4.517140865325928,3.9375178813934326,3.722982406616211,3.3482494354248047,3.709982633590698,2.4036688804626465,3.461948871612549,2.871289730072021,3.990545272827149,3.0829274654388428,4.426262378692627,3.283792495727539,4.073734283447266,2.6332950592041016,3.550259590148926
5,-291.8383483886719,80.20655822753906,-7.492437839508057,-6.243594646453857,-24.273534774780277,-0.7555167078971863,10.126232147216797,10.638262748718262,7.038302898406982,11.116891860961914,6.29940938949585,6.8100666999816895,5.240293502807617,8.042828559875488,3.666261672973633,5.735687732696533,4.878157138824463,4.352015972137451,4.657049655914307,5.390539169311523,2.271679639816284,5.329431533813477,3.876362800598145,3.31364107131958,3.56181263923645,3.791049003601074,3.226215362548828,2.8388562202453613,2.272742748260498,3.853019237518311,2.041154384613037,3.867306470870972,2.000651836395264,3.2192540168762207,2.846834182739258,4.013411521911621,2.3448047637939453,3.146522760391236,2.6058082580566406,3.489081859588623
5,-330.56964111328125,70.38632202148438,4.23309850692749,4.609899997711182,-10.643118858337402,0.6361286640167236,8.315898895263672,12.0394926071167,7.793424129486084,9.264116287231444,4.875198841094971,5.968878269195557,4.173748970031738,4.941711902618408,3.3831911087036133,5.173098564147949,3.5857787132263184,3.926549434661865,4.4816412925720215,4.68659782409668,2.1260690689086914,3.633601903915405,3.41474986076355,3.018238306045532,2.431809425354004,3.5748965740203857,3.113199234008789,3.4517199993133545,2.860785007476806,3.3513076305389404,3.024920701980591,4.029599189758301,3.84686803817749,5.293132305145264,3.942864894866944,4.289929866790772,3.280416488647461,3.746405124664306,2.674031972885132,3.7626583576202393
5,-334.71002197265625,73.12552642822266,6.665466785430908,2.150543689727783,-12.820884704589844,1.4696285724639893,8.845499038696289,10.136489868164062,4.294088840484619,6.936136722564697,4.772518634796143,4.570846080780029,2.830104112625122,5.943233966827393,5.028650283813477,5.065177917480469,4.551551818847656,5.785494804382324,3.5148653984069824,3.0489513874053955,1.7637945413589478,2.5554308891296387,2.26855731010437,1.6268082857131958,1.054072022438049,1.9535495042800903,1.3124964237213137,2.2015504837036133,1.4599510431289673,2.9488813877105717,2.141422748565674,2.914355516433716,3.544982671737671,4.1429548263549805,3.727988004684448,4.064990520477295,2.705502986907959,2.917884349822998,2.053347110748291,2.892491817474365
5,-318.8966064453125,88.0348892211914,-2.034527063369751,-1.0868536233901978,-18.366172790527344,-0.2795426249504089,9.547587394714355,10.216626167297363,2.3967983722686768,7.570740222930908,4.619986057281494,4.950035572052002,1.8806285858154297,5.239040851593018,3.3420448303222656,4.550788402557373,3.1982014179229736,4.412144660949707,2.632525682449341,2.969059467315674,0.7075250148773193,3.1045854091644287,2.596400499343872,1.0827059745788574,-0.2069297879934311,1.6387583017349243,0.546502947807312,2.4223861694335938,1.0642635822296145,3.412449598312378,2.4114487171173096,3.540045738220215,3.1430766582489014,4.321994781494141,3.757303237915039,3.962953329086304,2.6813015937805176,2.4614593982696533,2.912283182144165,3.387342691421509
5,-297.80926513671875,85.32389068603516,0.453000009059906,1.35460102558136,-17.3664608001709,-2.484520435333252,6.844413757324219,10.16037654876709,3.9751598834991455,10.64932346343994,7.662596225738525,10.054096221923828,6.388810634613037,8.746498107910156,5.093530178070068,6.102497100830078,5.210572242736816,4.122994899749756,3.69518780708313,4.6019697189331055,1.5312074422836304,2.858492612838745,3.05354380607605,2.030580520629883,1.4504547119140625,1.807987689971924,1.7032272815704346,2.4108712673187256,0.9286385774612428,1.550221562385559,1.8550959825515747,3.601036071777344,2.399968147277832,3.2044126987457275,2.8400115966796875,4.00865650177002,3.2059009075164795,3.3900303840637207,2.9524199962615967,3.0518035888671875
7,-184.36331176757807,103.99932861328124,-25.90878295898437,4.744429588317871,-13.737471580505373,-1.6451176404953003,-3.998736143112183,6.936991691589356,6.376735687255859,8.35358715057373,-0.7331705689430237,2.919002056121826,3.022028923034668,11.327872276306152,8.437283515930176,7.004309177398682,2.390165090560913,4.505663871765137,3.0799500942230225,2.3399226665496826,0.3164531290531158,1.4262830018997192,-1.07965087890625,0.264631062746048,2.136962413787842,3.29013729095459,-0.5797162652015686,1.7636314630508425,1.905977845191956,3.616105556488037,2.710188388824463,4.420213222503662,1.7236591577529907,4.097377300262451,2.1271297931671143,2.322535514831543,2.9926793575286865,4.335011959075928,2.042961359024048,3.570565700531006
8,-234.71798706054688,95.65657043457033,-22.130815505981445,0.4452638626098633,-16.873201370239258,2.9621458053588867,0.1433546245098114,9.197810173034668,2.855931043624878,8.184591293334961,0.5373404622077942,4.820627212524414,2.336216449737549,6.623297214508057,2.685510635375977,3.148036241531372,1.0763167142868042,3.765148639678955,-0.5939152240753174,2.007938861846924,0.231817677617073,1.5002435445785522,-0.8037228584289551,0.8553273677825928,1.3005646467208862,1.929167628288269,0.429891437292099,2.022002696990967,0.0137440348044037,1.589334487915039,0.8263065218925476,2.811884641647339,1.592172384262085,4.1317572593688965,2.592479467391968,2.792785406112671,1.8811254501342771,3.3540000915527344,3.0456643104553223,3.7269909381866455
9,-265.0161437988281,94.02720642089844,-10.285223960876465,4.440234184265137,-8.587859153747559,-2.246490955352783,-0.2669095993041992,8.959948539733887,4.604213237762451,8.060068130493164,2.236595392227173,4.411243915557861,3.464507341384888,9.300161361694336,9.179657936096191,7.402189254760742,4.1266069412231445,5.442635536193848,3.42016339302063,2.127394199371338,0.003854528767988,2.75158166885376,-0.602769136428833,-0.2485977411270141,1.8215352296829224,3.368893384933472,0.5514922142028809,2.3968775272369385,3.0008656978607178,2.735220432281494,1.85994553565979,3.952756881713867,2.1062541007995605,2.124105215072632,1.6555842161178589,1.3394505977630615,1.623955488204956,1.8919910192489624,2.110081434249878,2.859778642654419
7,-103.01287078857422,46.73652648925781,-15.847454071044922,15.124804496765137,-19.36282730102539,4.446854114532471,10.030390739440918,18.01171112060547,0.0373605079948902,13.020628929138184,2.865088939666748,8.85177230834961,1.7035657167434692,9.774226188659668,1.1876543760299685,9.062443733215332,2.327565908432007,7.59176778793335,2.514673948287964,5.505921363830566,0.4476237893104553,5.519918441772461,1.0436067581176758,5.189798355102539,3.058641195297241,3.945500612258911,2.751479387283325,4.089362144470215,1.6386948823928833,8.45858383178711,2.3691208362579346,3.644003391265869,-1.7384610176086426,8.267760276794434,1.5352095365524292,6.411104679107666,3.108393430709839,6.74842643737793,1.8403900861740112,4.595396995544434
7,-60.87100601196289,46.45896911621094,-18.668821334838867,7.377455711364746,-23.99015998840332,2.169187307357788,5.468631267547607,10.579115867614746,3.386624574661255,14.001439094543455,4.092604637145996,8.5288667678833,3.261441946029663,12.64781665802002,1.5537489652633667,9.816726684570312,6.636373043060303,10.97784423828125,3.913443565368652,9.808908462524414,3.901883125305176,10.29520320892334,5.239989757537842,7.536658763885498,3.075775146484375,3.194004535675049,5.444101810455322,9.072739601135254,4.09483003616333,8.804162979125977,2.1821939945220947,4.366027355194092,0.9109781980514526,4.135582447052002,0.3374688029289245,6.147036075592041,2.250949621200561,5.525237083435059,2.841231107711792,6.665343284606934
7,-96.51536560058594,54.398197174072266,-7.886151790618896,9.06522274017334,-22.975608825683597,1.2984025478363037,5.113631725311279,6.80205774307251,2.512272834777832,18.09769821166992,2.0743966102600098,9.639999389648438,4.126241207122803,14.229251861572266,4.186691761016846,11.050897598266602,9.93057918548584,13.453256607055664,4.448147773742676,4.178962230682373,1.16320538520813,9.77352523803711,3.760497570037842,5.254598140716553,1.599212646484375,6.553471088409424,4.089798927307129,8.326704978942871,4.768202781677246,8.521638870239258,4.584767818450928,4.819602012634277,1.5464351177215576,4.59406328201294,2.6296534538269043,6.195440292358398,3.929039239883423,6.051786422729492,4.300007343292236,7.142399787902832
7,-135.27618408203125,47.860599517822266,-13.20718765258789,14.875009536743164,-20.190128326416016,5.108855247497559,13.926599502563477,19.4047966003418,3.3223836421966557,17.900123596191406,5.7613139152526855,8.71469497680664,5.144497394561768,11.602716445922852,5.936611652374268,9.333988189697266,6.431515216827393,10.93703269958496,6.928616523742676,9.286102294921877,5.09174394607544,7.517184257507324,3.2432329654693604,5.083932876586914,2.8291828632354736,5.129845142364502,4.760928630828857,8.45674991607666,6.683756351470947,8.557098388671875,2.878143310546875,5.420502662658691,1.4401862621307373,5.160040855407715,2.4917683601379395,5.524050235748291,5.072238445281982,9.406190872192385,6.363438129425049,6.005452156066895
7,-46.803897857666016,52.86432266235352,-17.362380981445312,11.205753326416016,-26.93331527709961,3.8673112392425537,5.542625904083252,7.559962749481201,-2.9504759311676025,12.824090003967283,2.666236400604248,9.422981262207031,2.802980899810791,13.424455642700195,3.7130513191223145,10.771209716796877,3.743468999862671,8.586649894714355,4.0262227058410645,8.998566627502441,1.7033312320709229,8.041471481323242,-0.8113667368888855,6.211969375610352,3.568289279937744,3.758036136627197,-0.4515435397624969,4.436477184295654,5.750266075134277,11.572104454040527,2.075317859649658,7.496579170227051,-0.0879089683294296,5.042902946472168,1.628420352935791,7.855931282043457,3.6750874519348153,6.291196823120117,2.5427398681640625,5.880277156829834
7,-28.345882415771484,48.27083587646485,-21.137067794799805,9.060586929321287,-30.39840507507324,0.3565735518932342,4.179518222808838,7.137474060058594,-3.8479526042938232,10.759238243103027,0.3194975554943084,7.784534454345703,-0.5108316540718079,9.725702285766602,0.5121212601661682,7.2067718505859375,0.810928225517273,5.074703693389893,-0.9844297766685486,5.398681163787842,-0.6013956665992737,3.764996290206909,-4.296746730804443,3.1755096912384038,2.7098758220672607,4.581481456756592,-0.1952196806669235,5.143445491790772,0.997103750705719,6.5353522300720215,0.6310742497444153,6.275043964385986,0.6539759635925293,5.391122341156006,1.5376845598220823,4.09063196182251,0.6504647135734558,3.288045883178711,0.7177530527114868,4.958230495452881
7,-110.67191314697266,73.28765106201172,-38.98984146118164,10.30876922607422,-38.26880645751953,-3.33815336227417,-5.041558265686035,6.9144206047058105,-7.755515098571777,11.587565422058104,-3.3992369174957275,8.099390983581543,-1.3399770259857178,9.610005378723145,0.9062604904174804,8.520660400390625,5.056034088134766,7.057749271392822,5.71314001083374,5.663962364196777,0.9006397128105164,4.561396598815918,1.0994383096694946,3.053881883621216,0.8781563639640808,2.360084056854248,2.123929977416992,3.4016664028167725,1.7862473726272583,6.917259693145752,2.555680513381958,3.548938751220703,-0.6397420167922974,3.798027276992798,1.0475953817367554,4.316440105438232,2.1135518550872803,4.903591156005859,2.408667087554932,5.679920673370361
10,-279.9117431640625,101.83606719970705,-17.234886169433594,-0.409391701221466,-11.909139633178713,-0.0933197513222694,-1.96199369430542,9.23920440673828,7.983391284942627,11.307313919067385,2.261247396469116,3.5801799297332764,3.5414373874664307,7.343708992004394,4.1002702713012695,2.9760959148406982,2.0652613639831543,3.90289044380188,2.693878650665283,3.432075500488281,2.039353609085083,1.851976752281189,0.4969445765018463,3.236433267593384,2.7815756797790527,2.3105506896972656,1.6364535093307495,2.483842611312866,1.3618220090866089,2.8514912128448486,2.7571887969970703,3.867416858673096,2.076457023620605,2.7974419593811035,3.1787517070770264,2.3347089290618896,1.487135887145996,3.365403413772583,2.2053613662719727,3.0740110874176025
9,-312.86651611328125,145.98377990722656,24.84535217285156,20.25278091430664,-19.97278594970703,-8.557129859924316,1.0320422649383545,-5.20441484451294,0.8841213583946228,6.602598667144775,-11.040449142456056,17.680776596069336,5.162364959716797,1.6612907648086548,6.376875877380371,7.280416965484619,-6.889829635620117,1.875123381614685,-7.516622543334961,-1.571455478668213,-6.318971633911133,-0.3218628764152527,-2.088991641998291,2.92427396774292,-3.987671136856079,3.4909884929656982,-1.4998079538345337,1.5694732666015625,-4.604101181030273,2.3807051181793213,-0.1676764041185379,0.659153163433075,-5.010812282562256,4.692874908447266,-3.0558149814605717,0.557737410068512,-2.2739951610565186,1.0887292623519895,-2.270524501800537,-0.6502294540405273
9,-313.0092468261719,144.84776306152344,23.78523826599121,18.90466690063477,-17.12874412536621,-8.472722053527832,-0.2758141756057739,-1.2418314218521118,0.5308611989021301,8.38564682006836,-6.096343040466309,15.144790649414062,5.182530403137207,2.11396598815918,2.423250675201416,5.586645603179932,-10.11302089691162,1.0870729684829712,-4.243319988250732,-1.108490228652954,-3.6006922721862797,5.307737827301025,-1.9975138902664185,0.6579257845878601,-5.338614940643311,0.7108929753303528,-5.163857936859131,-0.4301744103431701,-5.381906986236572,2.6856231689453125,-2.8815276622772217,-0.7176653742790222,-1.3833951950073242,3.7730517387390137,-5.441951274871826,0.1163000166416168,-4.000161170959473,0.2518217861652374,-2.648716449737549,-0.7796157598495483
9,-588.6784057617188,140.942138671875,-43.60051345825195,4.666860103607178,6.920839309692383,-1.8444499969482424,-8.177789688110352,10.829595565795898,-10.883975982666016,4.012118816375732,-9.50443172454834,-2.0943524837493896,-2.9421966075897217,-3.024808168411255,-6.217818737030029,3.500011682510376,-6.673943042755127,-0.03189492598176,-4.336973190307617,-1.7914211750030518,-8.497200012207031,0.1612724363803863,-7.942368507385254,-4.374794960021973,-5.864933013916016,-3.14992904663086,-7.140926361083984,-2.540375232696533,-3.813151597976685,-3.4275076389312744,-8.632221221923828,-0.3700485527515411,-3.2268683910369877,-1.71373450756073,-5.339560031890869,-1.902612566947937,-3.5591983795166016,-0.955622673034668,-4.864412784576416,-0.5699635148048401
9,-554.5005493164062,155.30615234375,-44.88650894165039,12.696005821228027,3.7152178287506095,-1.4875444173812866,9.871997833251951,11.881053924560549,-1.7092134952545166,15.586620330810549,-1.991322040557861,1.1869628429412842,0.0182955525815486,3.89680552482605,-1.0909370183944702,3.9351983070373535,-8.716302871704102,-2.29484486579895,-4.434723377227783,-1.8545715808868408,-8.729491233825684,-4.180044651031494,-6.966951370239258,-2.146646022796631,-8.064416885375977,-3.930805921554565,-4.627516269683838,-3.083974838256836,-7.610408782958984,-1.1760426759719849,-6.5267720222473145,-2.6362545490264893,-6.456857681274414,-4.894649982452393,-7.074763298034668,-2.1689646244049072,-5.850663661956787,-4.5447611808776855,-7.099839210510254,-0.1991713345050811
9,-580.7684326171875,144.1201171875,-58.56185150146485,0.6616293787956238,-2.418081760406494,-9.995699882507324,2.3541531562805176,-2.612125396728516,-13.94007682800293,3.384506225585937,-9.61455249786377,-2.4564473628997803,-1.751128315925598,3.6286659240722656,-7.46297550201416,-0.5188426375389099,-5.619505405426025,-1.4788517951965332,-0.6019784808158875,-1.5990229845046997,-10.246264457702637,-4.543435096740723,-6.821658611297607,-2.559191942214966,-3.7985727787017822,-0.716762125492096,-2.587221384048462,-1.3094884157180786,-2.2768423557281494,0.9691773056983948,-7.037321090698242,-3.949384450912476,-3.997908592224121,-2.16064977645874,-5.411717891693115,-1.6700451374053955,-5.091267108917236,-3.585252285003662,-4.001288890838623,-0.1733969748020172
9,-582.2831420898438,153.61892700195312,-50.23779678344727,7.681639194488525,3.234905958175659,-3.653926372528076,-1.473484754562378,-3.2507524490356445,-10.657674789428713,7.293149471282959,-11.136701583862305,-4.56332540512085,1.7542228698730469,6.638855457305908,-3.652515649795532,2.429753065109253,-2.6116139888763428,-3.166060447692871,-6.114203453063965,-0.4306424856185913,-7.385201454162598,-2.40168571472168,-5.66290807723999,-1.8048183917999268,-4.093385696411133,-2.8406763076782227,-5.714528560638428,1.8466289043426516,-7.694806575775146,-4.173648357391357,-3.9804935455322266,-1.3006290197372437,-7.563431262969971,-4.461897850036621,-6.249600410461426,-2.3044214248657227,-5.91184139251709,-3.139251470565796,-4.036670684814453,-2.890624046325684
9,-529.2099609375,142.5563201904297,-34.49372100830078,15.083845138549805,7.9127373695373535,2.283965826034546,1.815466046333313,10.5520601272583,-11.00914478302002,6.006900787353516,-9.556921005249023,-1.6495347023010254,-1.7555381059646606,1.874847412109375,-11.439108848571776,4.317453384399414,-5.394696235656738,-0.8341172933578491,-3.8382184505462646,-2.059011936187744,-6.879518508911133,-0.93570739030838,-3.908876180648804,-0.7202137112617493,-4.476944446563721,-0.6760392189025879,-5.100622177124023,0.1870527267456054,-4.893474102020264,0.2500305473804474,-3.233973503112793,0.3824324011802673,-5.571705341339111,-0.3573136031627655,-5.249757766723633,-2.766774654388428,-6.162848949432373,-2.0777719020843506,-4.808568477630615,-1.217151403427124
9,-660.7060546875,130.6574249267578,-14.79546070098877,18.25275611877441,-2.4640562534332275,-9.711180686950684,1.4435001611709597,2.6815948486328125,-10.666898727416992,2.0776939392089844,-10.791224479675291,-3.9167187213897705,-6.930399417877197,0.3149503171443939,-6.235448837280273,0.6104845404624939,-5.397688865661621,-3.436913013458252,-7.052844524383545,-1.27411687374115,-10.705784797668455,-5.155295848846436,-7.306199073791504,-3.638334274291992,-6.261659622192383,0.4544946849346161,-4.53075122833252,2.390174388885498,-4.175429344177246,-0.0574877969920635,-3.3263235092163086,-1.7242509126663208,-7.190970420837402,-0.9178614020347596,-7.157364845275879,-4.257178783416748,-7.750326633453369,-3.5880789756774902,-3.856142997741699,-0.2689829468727112
9,-573.1200561523438,138.95242309570312,-48.23019027709961,11.43619441986084,3.06449556350708,-7.005894184112549,-1.960124492645264,12.56120491027832,-9.981322288513184,7.024576187133789,-7.619904041290283,-0.8516547679901123,-0.78231281042099,-1.3906655311584473,-7.459131717681885,2.184670209884644,-5.061420917510986,-4.008391380310059,-4.580845832824707,-2.08285927772522,-5.399684906005859,0.6492958664894104,-7.223278045654297,-2.685091018676758,-5.979872703552246,-3.94627046585083,-7.706663131713867,-4.212145805358887,-7.052286148071289,-0.6390761137008667,-4.017623901367188,-2.7135047912597656,-5.403743267059326,-4.176993370056152,-4.486463069915772,-2.7055740356445312,-3.7481441497802734,-1.956629753112793,-4.413879871368408,-1.0942291021347046
9,-603.6156616210938,122.5567398071289,-26.40265655517578,2.985126495361328,1.8717988729476929,5.796346664428711,-5.844099998474121,1.138592004776001,-10.383577346801758,3.2762930393218994,-14.302881240844728,-3.922795057296753,-0.4571835398674011,1.24040949344635,-8.690608978271484,2.348665237426758,-5.760677814483643,0.0337710529565811,-8.402478218078613,-0.9560147523880004,-9.226153373718262,-3.656909465789795,-5.002821922302246,-0.5271642804145813,-5.87126350402832,-2.702521324157715,-6.304380416870117,-1.438766598701477,-7.615485668182373,-3.5104024410247803,-6.245273113250732,0.2969874143600464,-5.04453182220459,-1.3710925579071045,-6.200583457946777,-2.2775511741638184,-5.429708480834961,-2.570472240447998,-5.800672054290772,-1.0651189088821411
10,-760.0955810546875,112.20722198486328,31.77988052368164,9.973125457763672,-2.224586009979248,7.78209114074707,3.4802420139312744,3.507838249206543,-1.314473032951355,10.66819190979004,1.219908356666565,3.207777738571167,-4.094830989837647,0.2169730514287948,-6.405681133270264,-1.803272008895874,-8.871313095092773,-1.4480431079864502,-6.012569904327393,-1.438953876495361,-7.701032638549805,-1.833837985992432,-6.520927429199219,-1.283175706863403,-7.438482284545898,-0.7801379561424255,-4.721039772033691,-0.4282275140285492,-5.752778053283691,0.0936761572957038,-4.90932559967041,-0.7332114577293396,-5.720567226409912,-0.8150046467781067,-4.723519325256348,-1.6438050270080566,-5.540328502655029,-0.6387264132499695,-3.1974029541015625,-0.6785072088241577
10,-756.9710083007812,113.68453216552734,30.485538482666016,8.878889083862305,-3.8151025772094727,6.348345756530762,5.488275051116943,7.460775852203369,-0.5169718265533447,8.93670654296875,1.3084052801132202,3.0869994163513184,-5.283071041107178,-0.1147615313529968,-5.32329797744751,0.0088766906410455,-7.36290168762207,-2.3898792266845703,-6.809916019439697,-0.4972686469554901,-6.6082024574279785,-2.5220394134521484,-6.6759419441223145,-0.6584962010383606,-6.582779884338379,-0.2606579959392547,-4.78868579864502,-0.4215677976608276,-4.634468078613281,0.3159874379634857,-6.047488212585449,-1.3641570806503296,-5.316959381103516,-0.7498751878738403,-5.100400447845459,-2.0516140460968018,-5.516428470611572,-0.1272008866071701,-3.3293514251708984,-1.243398666381836
10,-403.5010986328125,156.10983276367188,-34.94889831542969,-16.34721565246582,-1.7382502555847168,9.694046020507812,26.46763229370117,7.037610530853272,-11.781783103942873,8.479867935180664,6.256563663482666,-14.11797332763672,-14.800329208374023,-7.720934391021728,-10.267574310302734,-7.300533771514893,-9.67595100402832,-11.81492519378662,-7.881344318389893,-10.688681602478027,-5.71103048324585,-8.016136169433594,-16.463088989257812,-8.732192039489746,-6.77053689956665,-9.142457962036133,-6.836170196533203,-5.711554050445557,-6.433627128601074,-4.988347053527832,-4.784749031066895,-5.989222526550293,-5.290474891662598,-3.900271654129028,-4.526885986328125,-5.033100605010986,-1.2291393280029297,-2.311086654663086,-4.31728982925415,-0.6699444651603699
10,-490.85101318359375,165.138427734375,-26.56302261352539,8.429925918579102,-19.39073181152344,9.216390609741213,28.355226516723636,3.2144017219543457,-15.680933952331545,14.528904914855955,-0.3335185050964355,-8.118886947631836,-19.74197196960449,-10.454154014587402,-11.68535327911377,-7.883646011352539,-9.43026638031006,-9.151742935180664,-7.485803127288818,-7.724664211273193,-8.385232925415039,-3.4736168384552,-14.5066556930542,-8.045536994934082,-8.599994659423828,-7.977994918823242,-3.493427991867065,-5.308468341827393,-4.868774890899658,-5.490208148956299,-5.848048686981201,-1.444543957710266,-5.761998653411865,-2.335456609725952,-4.647873878479004,-3.40480375289917,-2.839996814727783,-0.4075072109699249,-4.422580718994141,-1.3950417041778564
10,-530.1342163085938,156.42762756347656,-28.69556427001953,24.15151596069336,-27.19367027282715,10.51784896850586,32.419097900390625,5.918118953704834,-22.20067977905273,14.414032936096191,-2.304984331130981,-8.038960456848145,-17.25478172302246,-12.465032577514648,-13.025297164916992,-10.88576889038086,-12.955236434936523,-6.688523292541504,-10.32156467437744,-6.765235424041748,-11.991925239562988,-1.3009238243103027,-8.613731384277344,-6.164514064788818,-9.739139556884766,-3.5709502696990967,-1.8893733024597168,-1.792812466621399,-8.725713729858398,-2.9279794692993164,-7.046873569488525,-1.130090355873108,-6.5410919189453125,-2.412648677825928,-4.204747200012207,-2.2358529567718506,-5.318224906921387,1.0483649969100952,-5.085916519165039,-2.3081400394439697
10,-539.8460693359375,148.3916778564453,-52.27521514892578,37.86517333984375,-22.85305595397949,6.195802211761475,33.23682403564453,2.9297146797180176,-21.354528427124023,11.7993803024292,-0.6567936539649963,-6.780298709869385,-10.479565620422363,-9.118878364562988,-10.367294311523438,-9.830072402954102,-13.488396644592283,-5.402858257293701,-10.312658309936523,-9.771602630615234,-13.667150497436523,-0.7935114502906799,-5.483585357666016,-6.668587684631348,-11.621102333068848,-2.1384084224700928,-2.5021982192993164,-1.800154685974121,-8.44942569732666,-1.404224514961243,-6.500874996185303,-4.24477481842041,-7.528373718261719,-1.85832679271698,-4.952580451965332,-4.27379035949707,-5.883472442626953,1.6921306848526,-4.941195487976074,-3.359877109527588
10,-565.32666015625,144.76736450195312,-63.67892074584961,34.31590270996094,-10.062618255615234,2.602734088897705,30.95273780822754,-0.2747916877269745,-17.26308250427246,15.845085144042969,3.545923948287964,-1.564442157745361,-4.939218521118164,-2.6220083236694336,-8.49152660369873,-6.268405914306641,-10.277323722839355,-0.415481835603714,-8.890327453613281,-8.55983829498291,-12.249608039855955,-1.6744529008865356,-8.123509407043457,-7.356095314025879,-11.94398307800293,-3.376936912536621,-6.193088531494141,-2.748875379562378,-8.223442077636719,-1.8959527015686035,-7.460011005401611,-5.746015548706055,-8.152534484863281,-2.2313554286956787,-7.483099937438965,-5.243067741394043,-7.0789055824279785,-0.3420705199241638,-6.627432823181152,-3.729954957962036
10,-756.3836059570312,113.92257690429688,27.72824478149414,8.317697525024414,0.6947247385978699,9.693896293640137,4.498915672302246,6.094935894012451,1.3732843399047852,12.018684387207031,1.1227134466171265,-1.6907248497009275,-6.890441417694092,2.7633464336395264,-3.545891046524048,-1.321796417236328,-7.657474994659424,-0.8682342767715454,-6.63668155670166,-2.4192211627960205,-7.067387580871582,-0.9374505877494812,-4.967389106750488,-1.2796159982681274,-8.422256469726562,-1.080765724182129,-4.936705112457275,-0.7871483564376831,-5.079678535461426,-0.0785494670271873,-5.941476821899414,-1.0150673389434814,-5.41911506652832,-1.3846046924591064,-5.87181568145752,-2.483016014099121,-6.2457594871521,-0.0960108935832977,-3.8728742599487305,-2.2737929821014404
10,-740.5758666992188,120.81958770751952,16.63873863220215,3.1728529930114746,4.293971061706543,10.803438186645508,4.020881652832031,7.034762382507324,3.351377010345459,13.47645092010498,-0.8187806010246277,-3.8568193912506095,-6.197346210479736,3.0969245433807373,-5.789527416229248,-3.4430785179138184,-8.544865608215332,-2.0678532123565674,-7.391921043395996,-3.2920773029327397,-10.075639724731444,-2.28376841545105,-2.943740129470825,-0.8915765881538391,-10.412412643432615,-1.9832638502120967,-5.001145839691162,-2.142165184020996,-7.101119518280029,-0.7368245124816895,-5.819904327392578,-1.7710925340652466,-6.236175537109375,-1.5231664180755615,-5.365334987640381,-2.53540563583374,-7.136871337890625,-0.7985702157020569,-4.159051418304443,-2.016054391860962
10,-687.3749389648438,140.16888427734375,-19.79825782775879,-8.410472869873047,8.416735649108887,4.856806755065918,2.572925806045532,7.107005596160889,0.3785391449928283,17.165992736816406,3.846855640411377,-2.311077356338501,-2.4262490272521973,1.0724679231643677,-13.731587409973145,-3.6006875038146973,-8.690593719482422,-7.703912258148193,-6.590205192565918,0.8488923907279968,-14.039023399353027,-5.87848711013794,0.822107195854187,3.0256075859069824,-13.824238777160645,-8.23504638671875,-6.743577480316162,-2.276684045791626,-8.218688011169434,-0.1420831531286239,-4.535913467407227,-2.011683464050293,-6.591757297515869,0.3688398003578186,-2.9886553287506104,-3.1317028999328613,-9.257823944091797,0.0620372295379638,-1.7674267292022705,-2.478403329849243
10,-639.9835205078125,150.6783905029297,-51.57728576660156,-10.577383995056152,14.605931282043455,8.099336624145508,12.001191139221191,4.532156944274902,-9.464959144592283,18.73788833618164,7.159462451934815,-9.205266952514648,-5.861577033996582,2.7161011695861816,-16.247770309448242,-2.8176090717315674,-6.527246475219727,-10.88595485687256,-6.85213565826416,2.0957326889038086,-14.763051986694336,-6.385561466217041,-1.2510037422180176,1.9515035152435305,-12.854846000671388,-9.147210121154783,-7.238178730010986,-2.503902673721313,-6.895428657531738,1.991884469985962,-5.248523712158203,-3.291719913482666,-6.4635009765625,-0.4957681894302368,-1.845316290855408,-2.2940704822540283,-10.024110794067385,0.5933998227119446,0.1759999692440033,-4.74127721786499
10,-583.8731689453125,153.9193878173828,-64.89657592773438,-12.149803161621094,9.6378173828125,9.359615325927734,26.582767486572266,5.258077621459961,-13.05633544921875,8.80142593383789,5.352842330932617,-20.87429428100586,-10.707189559936523,2.747533082962036,-12.848703384399414,-4.973532676696777,-2.047947406768799,-14.083614349365234,-4.834481239318848,-1.2018259763717651,-11.717385292053224,-8.364859580993652,-3.283700942993164,-3.882470607757568,-5.644749164581299,-8.315815925598145,-5.387242794036865,-5.943685531616211,-2.891383647918701,3.097330331802368,-6.284708023071289,-7.900843620300293,-3.045893430709839,-6.040469646453857,-0.4268533289432525,-0.7859735488891602,-7.992510795593262,-3.2142791748046875,2.347055673599243,-6.56036901473999
10,-452.06488037109375,150.73219299316406,-91.55908966064452,-30.15540885925293,-2.854804754257202,0.6825212240219116,15.46003246307373,1.4160443544387815,-14.196544647216797,9.983231544494627,8.273601531982422,-19.61821746826172,-11.03506565093994,4.739120006561279,-15.393301963806152,-7.348903656005859,-2.936532020568848,-14.974098205566406,-4.469484806060791,1.2137917280197144,-9.265218734741213,-9.3777437210083,-3.3523993492126465,-2.888558387756348,-3.4815924167633057,-9.82610321044922,-6.651656627655029,-6.889673233032227,-5.047933578491211,3.2104618549346924,-2.145078182220459,-6.998502731323242,-1.8788654804229736,-5.700675964355469,-0.8900010585784912,1.9879679679870603,-7.665474891662598,-6.713136196136475,2.582828521728516,-0.2358841150999069
10,-307.02105712890625,131.65228271484375,-102.7558135986328,-46.452919006347656,-8.009242057800293,-4.502578258514404,4.840456485748291,2.8999669551849365,-14.09157657623291,11.998849868774414,15.629217147827148,-14.313149452209473,-9.445196151733398,5.535079479217529,-14.14946746826172,-7.634178638458252,-6.976902484893799,-17.72197151184082,-4.356759071350098,0.5747103691101074,-2.3743691444396973,-8.811788558959961,-7.261500835418701,-0.1218577921390533,-1.6686041355133057,-11.024561882019045,-6.8962016105651855,-3.577514886856079,-5.788771629333496,0.3644746243953705,-2.6002769470214844,-3.5716562271118164,-2.2844784259796143,-5.608028888702393,-1.524330973625183,0.4653339684009552,-5.324272155761719,-8.450480461120605,-0.0277939289808273,2.1005425453186035
10,-307.3743896484375,144.33804321289062,-79.87874603271484,-29.543399810791016,-5.577693939208984,7.662836074829102,13.638131141662598,10.171594619750977,-14.430705070495604,9.31710433959961,12.940924644470217,-13.164006233215332,-13.968356132507324,0.7106930017471313,-13.80433750152588,-8.744625091552734,-11.41539192199707,-17.781070709228516,-5.93473482131958,-7.142679214477539,-3.3883488178253174,-9.444289207458496,-14.620848655700684,-4.746991157531738,-3.337940454483032,-11.506878852844238,-7.471161842346191,-2.949180126190185,-7.276792526245117,-4.220763206481934,-5.718769550323486,-5.895031452178955,-4.092737674713135,-6.4326910972595215,-4.146354675292969,-3.8709230422973633,-4.459768772125244,-6.250548839569092,-5.149157524108887,0.0987190306186676
9,-612.4364013671875,172.6238250732422,-42.60132598876953,-34.923858642578125,10.380451202392578,18.106504440307617,8.415830612182617,2.5158064365386963,-10.947076797485352,9.97181797027588,-0.1797233074903488,-8.759156227111816,-10.36225128173828,2.0179967880249023,-6.768236637115479,-0.5954272747039795,-2.774023056030273,0.1133653968572616,0.0661317333579063,4.39289665222168,-11.65538501739502,-4.508247375488281,3.208404064178467,2.0759403705596924,-10.37082576751709,-5.67381763458252,-6.221660614013672,-0.2256370484828949,-0.2896265387535095,0.0332499928772449,-8.42725658416748,-0.9708793759346008,-2.657996416091919,-0.6817539930343628,-3.890052318572998,-2.579427480697632,-6.301494598388672,0.1409351676702499,-4.589667320251465,-5.870527267456055
9,-610.7232666015625,187.16514587402344,-46.23829650878906,-37.34832382202149,8.595989227294922,12.471806526184082,7.723275661468506,3.649645566940308,-13.967962265014648,8.82531452178955,0.2940754890441894,-12.565037727355955,-9.228100776672363,4.842939376831055,-9.794149398803713,0.0129447896033525,-2.2385284900665283,-4.721691608428955,-0.8076550364494324,5.720729351043701,-14.701471328735352,-3.206993579864502,4.681496620178223,-1.2797832489013672,-12.84854793548584,-2.4673666954040527,-5.595178604125977,0.3326250314712524,1.035982966423035,0.0995633527636528,-9.278234481811523,-1.063238501548767,-2.548214197158813,-0.1181016787886619,-4.599944591522217,-3.356328248977661,-6.468824863433838,1.1956521272659302,-5.940228462219238,-6.936121940612793
9,-368.1433715820313,177.09646606445312,-30.00481986999512,4.165905475616455,3.427897453308105,0.2913211584091186,2.6995718479156494,13.444339752197266,-9.81825351715088,-4.13037109375,2.524172306060791,-10.943244934082031,-9.032506942749023,-1.1342371702194214,-18.527341842651367,-5.248452663421631,-10.216243743896484,-13.049240112304688,-3.755359172821045,-12.476346969604492,-9.5122709274292,-8.008769035339355,-12.273502349853516,-7.060253143310547,-6.491115093231201,-8.337696075439453,-6.041869640350342,-2.7698185443878174,-8.799637794494629,-4.582204341888428,-4.846938610076904,-4.951391696929932,-6.052952289581299,-4.389101982116699,-5.533778190612793,-1.8010956048965454,-4.207046508789063,-4.506757736206055,-5.6645026206970215,-2.900856733322144
9,-467.53216552734375,178.72669982910156,-8.265911102294922,11.103233337402344,7.685164451599121,-4.897245407104492,-7.281001091003418,3.2936482429504395,-11.687252044677734,-0.9182326197624208,2.948103427886963,-13.08975601196289,-10.855856895446776,-4.026144027709961,-14.993502616882324,-3.419998407363892,-9.037577629089355,-13.692623138427734,-1.940737009048462,-9.582542419433594,-9.341588020324709,-5.514708518981934,-10.27219295501709,-6.950045585632324,-5.532429218292236,-6.269812107086182,-6.391014575958252,-2.917198896408081,-7.533428192138672,-4.895090579986572,-4.227225303649902,-4.839157104492188,-5.517356395721436,-4.799524784088135,-5.550929546356201,-2.2790277004241943,-4.140337944030762,-5.132216930389404,-5.697107791900635,-3.7314767837524414
9,-589.4957275390625,173.03094482421875,-0.947040557861328,19.59705352783203,17.166553497314453,2.477213144302368,-2.343791484832764,1.1612913608551023,-12.804213523864746,0.0482885092496871,-2.1656947135925293,-8.032500267028809,-6.986425399780273,-0.5557305812835693,-12.99327564239502,-4.9342427253723145,-11.343830108642578,-11.826186180114746,-6.711768627166748,-7.441188335418701,-9.43676471710205,-3.5551652908325195,-11.086403846740724,-4.799578666687012,-6.253140449523926,-3.957855463027954,-6.728971481323242,-2.283092975616455,-7.420470237731934,-2.8466835021972656,-4.3498125076293945,-3.3276987075805664,-6.1508307456970215,-2.433878898620605,-4.807433605194092,-1.7411091327667236,-4.984428405761719,-3.526661157608032,-6.356546878814697,-3.0065174102783203
9,-664.9855346679688,164.1280975341797,4.461208820343018,7.287835597991943,15.878629684448242,6.104798316955566,0.8924779295921326,6.175556659698486,-8.01351547241211,0.8636070489883423,-3.884331703186035,-1.145066499710083,-4.937378406524658,-0.2822012305259704,-11.45786476135254,-3.6156184673309326,-10.84084701538086,-7.66483736038208,-8.506097793579102,-3.629610776901245,-7.472168445587158,-0.2504150867462158,-8.359892845153809,-3.8678810596466064,-6.825810432434082,-1.0960605144500732,-4.851074695587158,-0.2127237021923065,-5.479805946350098,-0.5283668637275696,-4.638336658477783,-1.0342397689819336,-4.882704257965088,-0.0438890419900417,-4.832310676574707,-1.543173909187317,-6.074735164642334,-1.5434316396713257,-5.726690769195557,-1.446373701095581
9,-596.6795654296875,189.41915893554688,-55.87458038330078,-33.78068161010742,8.310717582702637,3.854568719863892,13.167404174804688,8.734841346740723,-13.129473686218262,7.729111194610596,0.0054532531648874,-16.966115951538086,-8.022381782531738,5.3723015785217285,-9.534186363220217,1.7314424514770508,-1.6052109003067017,-8.297945022583008,-0.1407183110713958,1.6000303030014038,-18.65925025939941,-2.8275420665740967,4.669439792633057,-3.871584415435791,-10.659416198730469,-2.0384726524353027,-4.967353820800781,1.1670721769332886,0.3932621777057647,-2.528905868530273,-6.900933742523193,-1.4882415533065796,-4.115785598754883,-2.241839408874512,-4.971557140350342,-4.526314735412598,-4.9871368408203125,0.9989344477653505,-5.662142276763916,-7.290517330169678
9,-601.2867431640625,180.843505859375,-58.04866027832031,-25.785274505615234,10.87039566040039,4.820302963256836,18.227638244628903,10.321540832519531,-10.334659576416016,12.367785453796388,0.632137656211853,-20.45517921447754,-11.048993110656738,3.41092300415039,-8.084595680236816,2.3453290462493896,-4.376210689544678,-10.058128356933594,0.823817789554596,-0.9618958830833436,-20.64452362060547,-0.8850233554840088,5.216511249542236,-5.049855709075928,-10.395230293273926,-2.4840023517608643,-4.389789581298828,1.5623024702072144,-0.4602385461330414,-3.771541595458984,-6.322001934051514,-2.0229601860046387,-6.190171241760254,-3.534083843231201,-5.556573867797852,-6.147733211517334,-5.151334762573242,1.9354368448257449,-5.233011722564697,-7.3450822830200195
9,-586.58056640625,176.2214813232422,-49.578407287597656,-14.27952003479004,0.0560154542326927,2.845278024673462,17.98552131652832,4.580705165863037,-12.978171348571776,9.485111236572266,0.3715416491031647,-20.81293487548828,-12.799172401428224,1.813208818435669,-11.283994674682615,0.9988094568252563,-3.348018884658813,-11.224712371826172,1.3126296997070312,-0.1505938917398452,-18.901390075683597,0.0961727499961853,5.736639976501465,-3.6386210918426514,-11.42318058013916,-4.185538291931152,-2.799382448196411,1.0050854682922363,-1.424225687980652,-2.583003520965576,-7.065575122833252,-2.9485085010528564,-5.808830261230469,-3.871125459671021,-6.37715482711792,-6.228448390960693,-6.127681255340576,0.4868603348731994,-4.434550762176514,-8.326221466064453
9,-535.1687622070312,182.9651641845703,-56.40754318237305,-3.1740801334381104,-18.343074798583984,-5.890330314636231,16.20498275756836,-2.7920377254486084,-15.69580364227295,5.178050518035889,0.077571615576744,-23.338117599487305,-14.092700004577637,2.3548624515533447,-15.65817928314209,-0.1379488557577133,-0.3583958446979522,-14.962788581848145,2.261322259902954,0.3191352486610412,-17.113399505615234,-1.0354262590408323,5.2626776695251465,-2.959942579269409,-11.32160758972168,-6.473819255828857,-0.7265030741691589,0.2306948602199554,-2.795058250427246,-1.147938251495361,-8.955708503723145,-4.648287296295166,-3.162320613861084,-4.5380964279174805,-5.259750843048096,-5.4878668785095215,-6.494730472564697,-1.594585418701172,-2.7313520908355717,-9.592416763305664
9,-456.7659301757813,169.9792022705078,-58.713748931884766,-12.69438934326172,-20.852725982666016,-7.424610614776611,14.762032508850098,-5.768637180328369,-14.690388679504396,3.949859380722046,0.8941622376441956,-24.45585060119629,-16.05868911743164,-0.2262762933969497,-15.783544540405272,-3.6155195236206055,-0.18967105448246,-17.36513328552246,0.1474543660879135,0.6939527988433838,-15.968358039855955,-5.3448004722595215,4.6318440437316895,-3.64585280418396,-9.00428581237793,-6.90853214263916,-1.2246450185775757,-1.60358464717865,-1.5287177562713623,-0.5414677262306213,-10.825385093688965,-6.457091331481934,-1.3777531385421753,-5.292315006256104,-1.8735215663909912,-5.8012003898620605,-6.547182083129883,-1.552847146987915,-1.3858559131622314,-10.466093063354492
9,-297.7257995605469,110.04362487792967,-67.98904418945312,-26.05145263671875,-17.37090492248535,0.9383031725883484,14.790609359741213,3.3672916889190674,-14.73867893218994,3.5735599994659424,1.8080499172210691,-20.571060180664062,-17.476945877075195,-0.7844223380088806,-18.430343627929688,-5.974915504455566,-3.3822147846221924,-14.03817367553711,-1.36210834980011,0.3241873979568481,-11.6596097946167,-8.423827171325684,0.1391336917877197,-2.0900304317474365,-5.557689189910889,-5.668479442596436,-3.1974310874938965,-1.5621213912963867,0.6929299235343933,1.3085925579071045,-8.990652084350586,-4.882344722747803,-1.6586248874664309,-5.2219061851501465,-0.0390524007380008,-3.263293743133545,-6.8788371086120605,-1.6724241971969604,0.3093065023422241,-5.946649074554443
9,-243.70335388183597,106.83976745605467,-104.9265594482422,-29.81633758544922,-18.1756591796875,6.410966873168945,22.01032829284668,9.230712890625,-13.8245210647583,7.54902982711792,8.346708297729492,-17.12117576599121,-16.97524642944336,1.1067121028900146,-20.740406036376957,-6.327672004699707,-5.317276954650879,-13.662994384765623,-2.6695775985717773,-4.780722618103027,-6.699290752410889,-8.739256858825684,-10.839557647705078,-1.2651273012161257,-0.7942782044410706,-7.65263032913208,-2.2611868381500244,0.5664582252502441,-2.8103322982788086,1.6752363443374634,-4.1377787590026855,-4.381050109863281,-2.421245574951172,-4.26979923248291,-1.4934946298599243,-4.297541618347168,-3.714092969894409,-3.0489423274993896,-1.9082276821136477,-0.3366012275218963
9,-293.07061767578125,139.4483642578125,-78.7963638305664,-16.693748474121094,-5.84359073638916,8.881020545959473,19.919565200805664,12.694767951965332,-12.370015144348145,1.4331544637680054,8.782217979431152,-11.141178131103516,-10.755510330200195,1.046280860900879,-16.526268005371094,-6.624606132507324,-8.8204984664917,-12.546942710876465,-5.872083187103272,-11.525606155395508,-5.867198944091797,-9.701424598693848,-14.949748039245604,-3.4873900413513184,-2.8676564693450928,-9.580490112304688,-3.281024217605591,-1.1024106740951538,-7.514620304107666,-3.480083465576172,-2.4836971759796143,-4.857953071594238,-5.29289436340332,-4.1010284423828125,-4.53629732131958,-3.944706439971924,-2.1076881885528564,-3.554296970367432,-5.966099739074707,-0.5855398774147034
9,-180.21229553222656,103.48102569580078,-86.5623550415039,-25.1571102142334,-15.1903657913208,16.427175521850586,10.88047218322754,22.287006378173828,-24.04773330688477,6.113037586212158,6.726017475128174,-10.60616683959961,-15.620088577270508,6.7357563972473145,-11.301141738891602,-3.902526617050171,-8.227967262268066,-16.20665740966797,-5.926014423370361,-5.8737101554870605,-2.5213441848754883,-6.5256547927856445,-12.971026420593262,0.7181105017662048,-3.4729809761047363,-6.530119895935059,-7.466379642486572,4.518726825714111,-2.580404281616211,2.505056858062744,-3.787163019180298,-1.523557424545288,0.4225116670131683,-4.805787086486816,-8.46180534362793,-2.991356134414673,-7.071372032165527,-7.787283897399902,-5.609581470489502,-1.844410181045532
9,-263.1776428222656,156.20501708984375,-51.92340469360352,-1.7626385688781738,-0.8483926653862,2.683899164199829,3.708486557006836,8.587944030761719,-16.885679244995117,2.381856679916382,0.8684350848197937,-12.8982515335083,-13.081672668457031,-4.814564228057861,-14.27090549468994,-4.684375286102295,-5.049719333648682,-12.336747169494627,-1.514216661453247,-9.28314971923828,-6.950376033782959,-6.456847190856934,-13.405156135559082,-4.74667501449585,-5.675050735473633,-6.806156635284424,-5.443085670471191,-2.2310445308685303,-7.638045310974121,-2.982193946838379,-4.449056625366211,-4.383202075958252,-3.0634889602661133,-4.119883060455322,-5.199740886688232,-1.2211086750030518,-4.181287288665772,-2.3195412158966064,-4.530323505401611,-2.096300840377808
9,-405.5938415527344,187.1929931640625,-41.76225280761719,2.270443916320801,-6.481985092163086,0.5790643095970154,-0.3117774426937103,8.072823524475098,-16.699174880981445,-1.1349064111709597,-0.2826629877090454,-8.65401840209961,-11.453018188476562,-6.320431232452393,-14.699645042419434,-3.2611217498779297,-4.845943927764893,-10.624366760253906,-2.3460750579833984,-7.584659099578857,-5.828227519989014,-3.263880729675293,-9.995430946350098,-3.7313907146453857,-5.501614570617676,-5.4634270668029785,-2.927967071533203,-1.6449429988861084,-6.375819683074951,-3.0608580112457275,-4.827820777893066,-3.204714059829712,-3.0327882766723637,-3.907299280166626,-4.835962772369385,-1.1671316623687744,-4.424176216125488,-2.130152702331543,-4.498822212219238,-1.6761534214019775
9,-527.9808959960938,220.21780395507807,-28.4741325378418,-2.410912275314331,-6.417242527008057,-3.3661890029907227,3.6658952236175537,6.652405738830566,-15.656560897827148,-3.323711395263672,0.6559882164001465,-7.345114707946777,-11.647147178649902,-6.41615104675293,-16.59187126159668,-3.337528705596924,-5.276795864105225,-8.967093467712402,-5.014274597167969,-6.390341281890869,-6.096935749053955,0.6653859615325928,-8.88145637512207,-2.5866470336914062,-4.456500053405762,-3.9489009380340576,-2.8043832778930664,1.1589430570602417,-4.218587875366211,-0.712490439414978,-3.260006189346313,-1.5072355270385742,-2.775153160095215,-1.433756709098816,-3.406556844711304,-0.2699153423309326,-2.577966690063477,-0.7812843322753906,-3.698878288269043,-0.9962841868400574
9,-595.5999755859375,210.23709106445312,-9.773988723754885,-6.111244201660156,2.898911714553833,-1.6500377655029297,3.7630558013916016,5.631675720214844,-12.290253639221191,-1.017669916152954,-0.6681415438652039,-6.24144172668457,-11.322062492370604,-5.00449275970459,-14.396328926086426,-2.7058985233306885,-5.100724697113037,-5.610743999481201,-5.649432182312012,-3.2145192623138428,-6.740755081176758,1.6078048944473269,-7.395780086517334,-2.906312942504883,-5.764404773712158,-3.703961133956909,-4.279585838317871,1.2879964113235474,-4.3979597091674805,0.0666708499193191,-3.4876177310943604,0.2597539722919464,-2.576975584030152,-0.1903408020734787,-3.546314477920532,-0.5171909332275391,-2.9124844074249268,0.493056058883667,-3.263206243515014,-1.1818283796310425
9,-646.8661499023438,187.53440856933597,-2.14778470993042,-12.417967796325684,13.658547401428224,18.226917266845703,8.318187713623047,9.495250701904297,-5.994121074676514,1.5237699747085571,0.1058399453759193,-1.5060170888900757,-10.501938819885254,-4.194381237030029,-10.663159370422363,-0.8731184005737305,-3.1351158618927,-2.1906638145446777,-7.442705154418945,-1.6755691766738892,-7.455073833465576,-0.3253330290317535,-6.460977077484131,-2.772742509841919,-7.865743637084961,-3.309041738510132,-5.52444314956665,0.1986042261123657,-5.450840950012207,-0.555195689201355,-4.09700870513916,1.5288647413253784,-3.1061313152313232,-0.4650673270225525,-4.606411933898926,-1.24491286277771,-3.9297432899475098,0.7277621030807495,-3.4424068927764893,-0.6316671967506409
9,-673.0304565429688,171.9493408203125,0.217179849743843,-17.793432235717773,12.6171236038208,26.798917770385746,13.005657196044922,11.701613426208496,-3.5904829502105717,1.4179649353027344,-0.4265463948249817,0.2885809540748596,-9.032816886901855,-2.2580373287200928,-8.949454307556152,-0.5258995294570923,-1.557849645614624,1.3466525077819824,-6.511134624481201,-0.6009246110916138,-6.247922897338867,-0.1766214072704315,-5.584089279174805,-1.043737292289734,-7.599462509155273,-2.950523376464844,-4.883181571960449,0.741122305393219,-5.431702613830566,-0.0225502848625183,-3.5311853885650635,1.4209972620010376,-4.596350193023682,-1.3424806594848633,-4.859992980957031,-1.3191310167312622,-4.670455455780029,0.2613290250301361,-3.8703958988189697,-0.1841830611228943
9,-700.197509765625,160.01943969726562,17.521665573120117,-10.879582405090332,5.864727973937988,23.675159454345703,11.856164932250977,10.31143569946289,-2.834192991256714,1.421350598335266,-1.9801080226898196,0.0675748065114021,-8.75321102142334,-2.083256959915161,-8.20431900024414,-1.38145911693573,-2.20863676071167,3.588334560394287,-4.02932596206665,0.7572826147079468,-5.036142826080322,0.8087908029556274,-5.6027421951293945,-0.8592814207077026,-6.744855880737305,-2.088148832321167,-4.201670169830322,1.0932656526565552,-4.950675010681152,0.0575037151575088,-3.76969838142395,1.371170163154602,-4.486632347106934,-1.2043437957763672,-4.343006134033203,-0.9807416200637816,-5.093289375305176,-0.127701848745346,-3.5011579990386963,0.0779566541314125
9,-714.9716796875,154.90924072265625,32.772705078125,-3.2216899394989014,0.3173505365848541,20.249176025390625,10.896328926086426,9.288575172424316,-2.0072925090789795,1.7464135885238647,-3.9602978229522714,0.1541782915592193,-7.726868152618408,-2.100745439529419,-7.371843338012695,-0.5244359374046326,-2.964095115661621,2.606516122817993,-4.380139827728272,0.2916805148124695,-5.515427589416504,0.856758177280426,-5.263973236083984,-1.192590832710266,-6.87751054763794,-1.486311912536621,-4.30058479309082,0.4396109580993652,-5.38727331161499,-0.5974776148796082,-4.524311065673828,1.3261446952819824,-4.101929664611816,-0.9454622864723206,-4.52452278137207,-0.9870572090148926,-5.1202545166015625,0.0379885956645011,-3.381277084350586,0.3757740557193756
9,-420.0718994140625,204.84298706054688,1.9264864921569824,17.285642623901367,7.937886714935303,5.746143341064453,9.481531143188477,3.0258047580718994,-12.264391899108888,9.1379976272583,-2.18532943725586,-2.922207832336426,-3.458249807357788,-6.373470783233643,-9.625393867492676,-9.295210838317873,-11.4732027053833,-5.218134880065918,-3.2075932025909424,-0.1297773271799087,-2.243464231491089,-5.093154430389404,-2.693246841430664,-0.5819307565689087,-3.6795034408569336,-4.088779926300049,-2.9782724380493164,-4.867396354675293,-6.504024028778076,-5.537004470825195,-3.3224010467529297,-1.590739130973816,-5.895389556884766,-4.052169799804688,-6.104127883911133,-3.47793960571289,-2.7791316509246826,-2.104273557662964,-3.6132233142852783,1.0243773460388184
9,-409.7439880371094,215.80422973632807,0.4164391756057739,13.445164680480955,5.924375534057617,3.3097057342529297,9.283605575561523,6.995596885681152,-10.177491188049316,4.1114277839660645,-6.016443729400635,-3.1033308506011963,2.525223731994629,-6.905155658721924,-14.369861602783203,-11.114033699035645,-12.17121696472168,-8.816170692443848,-2.853402614593506,3.2639901638031006,0.3476618826389313,-5.751089096069336,-4.852083206176758,-0.4407040774822235,-3.103959560394287,-4.815328598022461,-1.6620218753814695,-2.3077118396759038,-7.007540702819824,-8.120599746704102,-0.0431768149137496,5.481229305267334,-4.514882564544678,-6.04335880279541,-7.777694225311279,-4.9964985847473145,-3.500202417373657,-3.2697012424468994,-1.6932896375656128,-0.6204679012298584
9,-405.3723754882813,223.33018493652344,-1.5700117349624634,12.902081489562988,2.532792806625366,1.1784884929656982,8.979629516601562,8.195365905761719,-9.509023666381836,2.3187718391418457,-6.728900909423828,-1.698123335838318,2.3701276779174805,-9.328716278076172,-16.054901123046875,-10.500121116638184,-11.678784370422363,-10.734466552734377,-5.880625247955322,4.082993030548096,3.3455190658569336,-6.354799747467041,-5.248804092407227,1.512130856513977,-0.8600505590438843,-4.959981441497803,-2.045360803604126,-2.142289876937866,-7.331254959106445,-9.276796340942385,0.0465347208082675,5.169396877288818,-5.41018009185791,-6.901002407073975,-8.084596633911133,-5.268232345581055,-4.366724014282227,-4.315093040466309,-1.6201512813568115,-2.379783868789673
9,-372.7764892578125,220.3482666015625,-14.302833557128906,7.028440475463867,-3.837934732437134,7.03916072845459,13.95662784576416,6.797145843505859,-13.54012680053711,6.947471618652344,-4.90677547454834,-2.470026731491089,-5.748261451721191,-9.788254737854004,-11.663895606994627,-6.0880126953125,-9.757220268249512,-4.980770587921143,-6.836345195770264,2.3698010444641118,-0.0049778050743043,-6.974414825439453,-3.2380950450897217,2.3473074436187744,-3.2611961364746094,-5.285969734191895,-3.6515309810638423,-6.2275261878967285,-8.709836959838867,-6.710552215576172,-2.8633368015289307,-0.9948885440826416,-7.290412902832031,-4.671832084655762,-6.103785037994385,-1.9789087772369385,-2.367959499359131,-2.8307058811187744,-4.081802845001221,0.7329827547073364
9,-376.8870239257813,217.7068328857422,-12.142568588256836,9.147801399230955,-4.1712422370910645,6.303689956665039,16.21076774597168,6.514824867248535,-9.683364868164062,9.479154586791992,-2.573003053665161,-2.831944942474365,-4.643831729888916,-9.462238311767578,-8.927704811096191,-4.795592784881592,-9.672137260437012,-4.28737735748291,-5.06117057800293,-2.6487064361572266,-2.798717975616455,-7.27106237411499,-2.8652400970458984,0.0483999624848365,-4.522980213165283,-6.078049659729004,-3.875262498855591,-7.652351379394531,-7.04671573638916,-3.6742331981658936,-3.316366672515869,-3.1080739498138428,-5.477005958557129,-2.5843451023101807,-3.5829010009765625,-1.0900334119796753,-2.1290879249572754,-2.41683292388916,-4.356618404388428,0.1238292157649993
9,-387.3812255859375,217.5410003662109,-3.584999084472656,17.78435516357422,-1.196117639541626,5.036193370819092,10.678991317749023,5.170786380767822,-7.41793155670166,9.896751403808594,-2.1995062828063965,-4.140011787414551,-3.1606099605560303,-7.960190773010254,-9.5294828414917,-4.7990593910217285,-11.356693267822266,-5.1519036293029785,-3.677727222442627,-5.167473316192627,-3.931493043899536,-5.961165428161621,-2.972028970718384,-2.107565402984619,-3.25563645362854,-5.744426250457764,-3.117497205734253,-6.389400005340576,-5.654362678527832,-2.748953104019165,-4.060535430908203,-3.70707631111145,-4.783173561096191,-2.0964479446411133,-2.5952064990997314,-1.8905200958251955,-3.215425491333008,-3.056036949157715,-4.256092548370361,-1.733257293701172
9,-377.3153076171875,213.3383026123047,-6.955298900604248,21.111108779907227,-0.465958297252655,7.469369411468506,9.501078605651855,3.185962915420532,-9.14765739440918,10.34406280517578,-1.9371302127838133,-4.213493347167969,-3.547802209854126,-5.9268903732299805,-9.42209815979004,-4.77020263671875,-10.970867156982422,-5.4230499267578125,-4.659720420837402,-4.861660480499268,-3.588297843933105,-4.470396041870117,-3.292628765106201,-2.72603178024292,-4.273500919342041,-5.35847806930542,-3.6071741580963135,-6.483911991119385,-6.167533874511719,-4.210115909576416,-4.96992826461792,-4.875133037567139,-5.2104105949401855,-2.4839773178100586,-2.6140637397766118,-1.9876500368118288,-3.1157162189483643,-3.220878839492798,-4.243347644805908,-2.157282590866089
9,-381.9903869628906,213.16265869140625,-9.491578102111816,20.60568046569824,-3.7226932048797607,4.319457530975342,11.71286678314209,6.243093490600586,-4.74359130859375,11.177536964416504,-2.3553171157836914,-1.4581390619277954,-1.8986636400222776,-4.641805648803711,-8.17420768737793,-4.698498725891113,-10.0891695022583,-5.20635461807251,-5.499598026275635,-6.049310684204102,-3.915580272674561,-3.833385944366455,-4.217428207397461,-1.5888770818710327,-5.746095180511475,-5.751237392425537,-4.702926158905029,-7.482694149017334,-6.849863529205322,-5.525064468383789,-5.139566421508789,-5.059432029724121,-5.00942850112915,-2.178434371948242,-2.6430134773254395,-1.9254080057144165,-3.2154083251953125,-2.695253133773804,-3.5595366954803467,-2.6808598041534424
9,-386.7405090332031,207.6945953369141,-5.031066417694092,19.60615539550781,-3.9846537113189697,3.726001501083374,9.707526206970217,5.678332328796387,-4.690986633300781,13.86097240447998,-0.1221493408083915,-2.198286533355713,-2.599592685699463,-2.180962085723877,-5.243002414703369,-4.475095272064209,-10.295002937316896,-5.872734069824219,-5.843760013580322,-5.823782920837402,-4.513750553131104,-3.77436113357544,-3.748638868331909,-1.309844970703125,-5.967650890350342,-6.006297588348389,-4.909609317779541,-8.539069175720215,-7.841487884521484,-6.349140644073486,-5.30565357208252,-3.085357427597046,-4.2228522300720215,-1.726593852043152,-3.20447301864624,-1.953195571899414,-3.4469051361083984,-2.497300386428833,-3.796130657196045,-2.316849708557129
9,-399.4595947265625,202.53504943847656,2.046142339706421,16.51862144470215,-1.6847604513168335,-0.2857842445373535,11.438862800598145,6.407931327819824,-2.510012149810791,13.104594230651855,1.0357918739318848,-3.5132267475128174,-1.6309711933135986,-3.733797550201416,-4.758423328399658,-4.829203128814697,-10.334094047546388,-6.3697829246521,-4.26718807220459,-4.47236967086792,-4.110407829284668,-4.456793308258057,-3.907000780105591,-0.707851231098175,-4.691151142120361,-5.062321662902832,-4.253846168518066,-8.60184097290039,-7.732553005218506,-6.417309761047363,-6.058788299560547,-3.292954683303833,-3.504500389099121,-1.7385313510894775,-3.379608631134033,-2.6230080127716064,-3.925853490829468,-3.9741504192352295,-3.3249807357788086,-1.408124327659607
9,-486.8565673828125,154.18194580078125,-2.7710282802581787,13.970234870910645,10.164854049682615,5.16649341583252,20.5401668548584,12.565739631652832,-0.1469513475894928,8.115717887878418,-2.025771141052246,5.107602596282959,4.925053596496582,-6.476040363311768,-4.890239238739014,-3.342888116836548,-4.368687152862549,-0.0786062702536583,-3.911287546157837,-5.531679630279541,-1.2625453472137451,-2.917710542678833,-4.526312828063965,0.3198245465755462,-2.5779237747192383,-4.105668067932129,-4.589717864990234,-5.693610668182373,-5.5309038162231445,-4.131920337677002,-2.6881003379821777,1.0575865507125854,-1.5637537240982056,-2.7257392406463623,-2.0773932933807373,-1.8445886373519895,-2.165762662887573,-0.508599579334259,-0.9139838218688964,-0.0056865280494093
9,-381.5311584472656,223.4835205078125,-19.849609375,3.1624135971069336,-2.530080556869507,9.141472816467283,18.54713249206543,5.558426380157471,-16.541528701782227,5.802962303161621,-1.5094983577728271,-4.706275463104248,-10.101743698120115,-8.194156646728516,-10.140308380126951,-8.2316312789917,-7.676078796386719,-3.767145156860352,-7.365742206573486,-0.8974329829216003,-0.9820463061332704,-7.153422832489014,-4.616719722747803,3.048061847686768,-3.874343156814575,-5.610028266906738,-0.334386795759201,-2.7614142894744877,-6.502928256988525,-3.579721689224243,-1.994146585464477,-2.8888065814971924,-6.4557695388793945,-3.886183500289917,-4.564592361450195,-1.532672643661499,-3.044633626937866,-7.03713321685791,-8.924307823181152,1.142353057861328
9,-383.6976013183594,222.82952880859372,-19.52458381652832,3.661352157592773,-0.5719691514968872,9.867642402648926,22.029932022094727,4.100700855255127,-15.503811836242676,3.6272404193878174,-0.8645128607749939,-6.8171868324279785,-10.411471366882324,-10.673189163208008,-8.719958305358887,-8.399239540100098,-7.307202339172363,-3.730058908462525,-6.825864315032959,-1.1365437507629397,-1.247904658317566,-7.5852370262146,-4.089498519897461,3.524707555770874,-2.1517765522003174,-5.752287864685059,0.5082905888557434,-3.35005521774292,-5.725316047668457,-3.685318946838379,-1.226857304573059,-1.860669493675232,-4.980942726135254,-4.176949501037598,-3.6027565002441406,-0.8743026852607727,-3.3329224586486816,-8.24311637878418,-8.170361518859863,0.8262609839439392
9,-378.3315124511719,225.58457946777344,-18.98953437805176,3.3854994773864746,-1.963643193244934,9.574478149414062,20.09432029724121,3.9920647144317623,-15.588757514953612,4.282507419586182,-0.8228698968887329,-5.934599876403809,-9.154237747192385,-11.636055946350098,-8.481759071350098,-7.751584053039551,-8.03460693359375,-4.619157314300537,-7.339248180389404,-0.903921604156494,-0.3542557954788208,-5.846183776855469,-3.287560224533081,3.887629747390747,-0.4472088813781738,-3.814705848693848,0.4267890453338623,-4.437869071960449,-5.1765899658203125,-4.328508377075195,-2.424560308456421,-3.451237440109253,-6.25119686126709,-5.467630863189697,-4.687680721282959,-0.9780645370483398,-3.963149547576904,-8.363410949707031,-7.724809646606445,0.938728094100952
9,-372.5003051757813,220.7093963623047,-14.79824924468994,6.595850467681885,-4.374175071716309,7.210701942443848,14.134345054626465,5.694642066955566,-14.45999240875244,6.768033981323242,-2.169006586074829,-2.6954617500305176,-6.628869533538818,-10.46018123626709,-10.222126007080078,-6.580930709838867,-9.511359214782717,-5.381993293762207,-6.165666580200195,-0.6572358012199402,-0.1386655867099762,-3.582128524780273,-1.829792141914368,2.858107328414917,-2.0836665630340576,-4.2560553550720215,-2.3503963947296143,-5.772597312927246,-6.18520975112915,-5.744863033294678,-4.517951488494873,-4.902738094329834,-7.334118366241455,-6.2357916831970215,-5.0335564613342285,-1.1971925497055054,-3.33245849609375,-5.978470325469971,-5.38309907913208,1.7499326467514038
9,-404.8625793457031,212.07623291015625,-6.00824499130249,13.622056007385254,0.6791431307792664,6.34677791595459,11.636263847351074,2.1031219959259038,-9.875311851501465,13.231942176818848,1.095346450805664,-4.197102546691895,-4.957614898681641,-4.419726371765137,-7.498677730560303,-6.4613847732543945,-10.218435287475586,-6.822749614715576,-3.899681568145752,-1.7204163074493408,-2.405629396438598,-2.9758756160736084,-1.5051813125610352,0.9114346504211426,-5.143490314483643,-5.905052185058594,-3.623065233230591,-6.659794807434082,-7.510986328125,-6.322751045227051,-3.887169599533081,-3.309872627258301,-5.5406813621521,-3.9444212913513184,-4.519919395446777,-1.144869685173035,-2.519815444946289,-3.912785291671753,-4.126029968261719,1.478449821472168
9,-438.8686218261719,210.1541290283203,0.1601050347089767,15.203448295593262,3.6739213466644287,3.268528938293457,17.08358383178711,3.33291244506836,-3.1693503856658936,13.103248596191406,1.6019268035888672,-4.83408260345459,-1.5936533212661743,-3.990483522415161,-4.458529472351074,-5.892502784729004,-9.001821517944336,-6.156026363372803,-3.476649045944214,-4.977644443511963,-3.914015531539917,-3.766875982284546,-3.4724693298339844,-0.5914760828018188,-6.1026787757873535,-5.558474063873291,-3.003591537475586,-6.928878784179688,-6.943456649780273,-5.51022481918335,-3.3529059886932373,-2.6267426013946533,-3.634369373321533,-2.6363461017608643,-3.893779039382935,-2.357907295227051,-3.128532648086548,-3.6259686946868896,-4.811174392700195,-1.1955530643463137
9,-437.6247253417969,211.59771728515625,0.3688465654850006,14.37806224822998,2.648854970932007,1.623166799545288,18.99703025817871,6.392374038696289,-1.930753350257873,9.250458717346191,-0.1703577637672424,-3.859873056411743,-0.849695086479187,-7.247758865356445,-6.0835723876953125,-5.438243865966797,-8.43874740600586,-4.805975437164307,-3.466806650161743,-5.195949554443359,-3.964675903320313,-4.56493616104126,-4.60895586013794,-1.0806660652160645,-5.4523701667785645,-5.2816033363342285,-3.5553958415985107,-7.662713527679443,-6.586598873138428,-4.877574920654297,-3.9153664112091056,-2.8114070892333984,-3.4694175720214844,-2.518465042114258,-3.6081504821777344,-2.8533434867858887,-3.6537561416625977,-3.457911252975464,-5.294506072998047,-2.229956865310669
9,-438.1452331542969,211.7295837402344,-0.0277199279516935,16.448116302490234,5.280342102050781,5.078631401062012,17.61443519592285,2.654707431793213,-3.923309564590454,9.36867904663086,1.4172205924987793,-4.479948043823242,-1.2234010696411133,-5.247392654418945,-6.931241035461426,-7.248478889465332,-9.103639602661133,-6.3161492347717285,-2.397379159927368,-4.368637561798096,-4.581363201141357,-4.189948081970215,-4.692442893981934,-0.2286686599254608,-5.367183208465576,-4.942037582397461,-3.4045841693878174,-8.455166816711426,-6.981539726257324,-5.862603187561035,-3.897694110870361,-2.7037999629974365,-3.302570343017578,-3.549654483795166,-4.825814247131348,-3.276209831237793,-4.667591094970703,-4.746233940124512,-5.844202995300293,-2.5764944553375244
9,-437.9240417480469,212.0049743652344,4.867227554321289,16.320659637451172,4.123465538024902,0.0562308430671691,17.98834991455078,5.696065902709961,-0.8433359861373901,8.770956993103027,-1.360688328742981,-3.774575710296631,-0.6753569841384888,-6.8983259201049805,-7.153280735015869,-6.606232166290283,-8.501350402832031,-4.31313943862915,-2.2288906574249268,-6.950456619262695,-4.350144386291504,-3.1444339752197266,-4.646141529083252,0.5602132081985474,-5.135295391082764,-4.686465740203857,-2.908639430999756,-7.82759428024292,-7.193060874938965,-6.038037300109863,-4.894453048706055,-3.921528577804565,-2.6003570556640625,-3.2021780014038086,-4.093149662017822,-3.616788864135742,-5.484067440032959,-5.113585472106934,-4.817347049713135,-3.390432357788086
5,-426.7765808105469,98.57083129882812,-70.22398376464844,-17.617595672607422,-0.6627590656280518,-24.011415481567383,-27.14675712585449,-14.622465133666992,-18.124799728393555,-1.319040060043335,6.2642927169799805,6.631028652191162,15.619206428527832,13.033448219299316,-7.102861881256104,1.3420474529266355,3.4257352352142334,-8.277411460876465,-7.891486644744873,3.075918912887573,8.883543014526367,-2.606616735458374,-5.723990440368652,-4.625753879547119,4.692030429840088,0.818170428276062,-2.5952677726745605,-1.4097861051559448,-1.2257660627365112,9.01327419281006,7.489039421081543,-3.482609748840332,-6.218431949615479,-1.3000009059906006,-5.130222797393799,-3.2722063064575195,2.624675273895264,-4.317777156829834,-3.449364423751831,3.465041399002075
5,-375.7592468261719,50.1109619140625,-61.8924446105957,-27.08787727355957,-16.262895584106445,-25.27461814880371,-34.97478485107422,9.191630363464355,-3.691363096237183,20.18782997131348,13.68882656097412,7.967749118804932,-0.1974298506975174,5.932332515716553,-3.973949670791626,-5.382201671600342,0.71449875831604,-5.837326526641846,-0.7305486798286438,-5.60858154296875,4.918308734893799,-3.94192099571228,-5.731154918670654,1.0501748323440552,5.168203353881836,0.1932126432657241,-11.09314250946045,1.7110553979873655,0.7005700469017029,-0.2875623106956482,-0.4959993958473205,0.5259237885475159,-2.8242132663726807,-2.411609172821045,0.4293058216571808,-3.8221399784088135,-4.00762414932251,-1.1414427757263184,-0.8361761569976807,3.0109376907348637
5,-331.5765380859375,82.45283508300781,-104.30841064453124,-62.46002578735352,-29.82342338562012,-3.0733911991119385,-9.033405303955078,24.11256599426269,-18.58356285095215,-0.7518340349197388,1.0577330589294434,-1.2853209972381592,-2.153287410736084,7.013115882873535,-8.454917907714844,-2.7376973628997803,3.029097080230713,-9.383623123168944,-5.692692756652832,1.752926468849182,7.965507984161377,-4.653469085693359,-8.419994354248047,5.610966682434082,0.2866363227367401,-0.6782914996147156,-5.939596176147461,3.9219846725463863,1.0723243951797483,6.506345748901367,0.8700516223907471,-4.486249923706055,-3.1017510890960693,-0.528286874294281,-4.756041526794434,-3.486086845397949,-5.55092716217041,-0.8581336140632629,-5.152352809906006,5.844768047332764
5,-356.3766784667969,29.265586853027344,-96.2026596069336,-48.32787704467773,-14.137072563171388,15.351250648498535,21.32283592224121,29.26027107238769,-21.95867919921875,6.414009094238281,12.389678001403809,6.217745780944824,-9.13844394683838,2.6639506816864014,-8.452188491821289,-7.249730110168457,0.973922073841095,-8.318190574645996,-4.768143653869629,7.297464847564697,7.352867603302002,-8.891751289367676,-4.257579803466797,3.704498291015625,-1.070905327796936,-1.2306971549987793,-7.47312068939209,1.543720841407776,-0.2021142244338989,3.3899476528167725,1.044991970062256,-6.334913730621338,-0.8003253936767578,-2.986583709716797,-1.360890507698059,-1.9862847328186035,-4.50822639465332,2.64957332611084,-1.5559637546539309,4.349104404449463
5,-444.57415771484375,20.60883903503418,-38.479129791259766,-10.434361457824709,5.349932670593262,9.870261192321776,8.54715347290039,3.5798051357269287,-20.98042106628418,3.013418197631836,4.036183834075928,-7.407815933227539,-5.997317314147949,8.691393852233887,-2.0957190990448,-4.279996395111084,-2.0174636840820312,-6.451221466064453,-0.0097455149516463,2.205287456512451,-2.041334629058838,-0.6995691657066345,2.542182922363281,1.537174940109253,-1.628286361694336,-1.9220787286758425,-4.952649116516113,-0.2899539172649383,0.1624991297721862,-0.8796705007553101,-1.5513043403625488,-0.8095771670341492,-3.331573963165283,-4.024993896484375,-2.9851646423339844,-3.758987426757813,-4.210513114929199,0.5598883032798767,-1.543852686882019,2.7797420024871826
9,-732.2726440429688,122.48419189453124,22.772483825683597,15.51280689239502,11.2498197555542,14.99319839477539,7.433291912078857,-2.233344316482544,-10.140618324279783,4.685015678405762,3.4513356685638428,-3.649801731109619,-10.639602661132812,-1.7161375284194946,-7.21549129486084,-4.165202617645264,-7.140707015991211,-5.794606685638428,-6.279135227203369,-0.3713901042938232,-7.94076681137085,-3.402950525283813,-5.285159587860107,-1.8754353523254397,-5.672643661499023,-3.635589361190796,-6.441344261169434,-3.3775899410247803,-7.08585262298584,-1.169510841369629,-4.0699849128723145,-3.9749040603637695,-6.848917007446289,-3.721546411514282,-5.69541072845459,-1.0090187788009644,-4.521209239959717,-4.290278434753418,-3.747732162475586,0.956938624382019
9,-701.5787963867188,131.00765991210938,6.421247005462647,12.81285285949707,8.084453582763672,12.29443359375,12.302334785461426,5.781198978424072,-3.674795150756836,5.897924423217773,-1.9688507318496704,-12.189291954040527,-13.675251960754396,-0.8150445818901062,-7.2857985496521,-6.37559700012207,-10.367928504943848,-8.323554039001465,-5.171544075012207,-1.3620309829711914,-12.88148307800293,-8.430350303649902,-5.3534979820251465,-1.83019495010376,-7.289783477783203,-5.134935855865479,-5.643933296203613,-2.908482313156128,-7.307680606842041,-1.3566864728927612,-4.153042793273926,-4.10076379776001,-5.424159049987793,-3.4693853855133057,-4.218485832214356,-0.1434637010097503,-5.411301612854004,-3.672303915023804,-0.5040550827980042,1.0854942798614502
9,-615.0556640625,134.23977661132812,-14.625311851501465,-4.896550178527832,-1.4451662302017212,-0.8295291662216187,15.534568786621094,15.133573532104492,3.2186167240142822,4.608532428741455,-2.75685453414917,-20.958953857421875,-14.78125286102295,-3.2214856147766118,-7.167932033538818,-7.822423458099365,-6.604095458984375,-9.47727108001709,-4.639504909515381,-2.230874300003052,-10.41683578491211,-12.60020923614502,-4.899775981903076,-2.947899341583252,-5.938652992248535,-6.48318338394165,-4.142801284790039,-3.810283660888672,-4.120543956756592,-0.7604397535324097,-4.633424758911133,-7.202824592590332,-1.8529645204544067,-3.544651985168457,-3.2451839447021484,-0.1925792843103408,-4.303376197814941,-4.740584850311279,0.8739491701126099,-1.892380714416504
9,-551.5917358398438,110.73716735839844,-6.906464576721191,-12.328362464904783,-2.8837156295776367,7.528014659881592,11.058798789978027,2.925309419631958,-3.330634832382202,8.314688682556152,1.4911105632781982,-18.69034767150879,-11.312493324279783,-0.7650462985038757,-10.33791160583496,-11.314618110656738,-8.110716819763184,-7.285763263702393,-2.757176399230957,-5.966205596923828,-10.544798851013184,-6.238911151885986,-2.463539361953736,-3.2691144943237305,-7.208741664886475,-5.647142887115479,-3.3725461959838867,-3.323030471801758,-4.92148494720459,-1.8760640621185305,0.1638689935207367,-5.747679233551025,-3.725778579711914,-3.088886976242065,-2.75219202041626,-1.2749570608139038,-3.889446258544922,-7.266067981719971,-2.087844133377075,-1.5042288303375244
5,-403.0797424316406,127.2695541381836,-1.903220057487488,21.90763092041016,5.076583385467529,1.975834369659424,2.2922346591949463,1.9007803201675413,7.009102821350098,8.255167007446289,-0.9067543148994446,8.96747875213623,0.1849576979875564,2.707854747772217,0.6836163401603699,5.787239074707031,0.4813700318336487,4.104118347167969,-0.5382766127586365,3.871973037719727,-2.8311729431152344,3.1350414752960205,-1.5969382524490356,2.2816317081451416,-4.462978363037109,1.733940362930298,-0.5319099426269531,3.101927757263184,-4.922558307647705,0.8671954274177551,0.6999728679656982,3.863003253936768,-0.5770113468170166,4.044658184051514,-1.4821501970291138,1.8288016319274905,-1.1692895889282229,2.5511722564697266,-2.276392698287964,0.8209764957427979
5,-404.16546630859375,118.92385864257812,-1.4087769985198977,22.02786636352539,10.995275497436523,5.416435718536377,4.431599140167236,0.6202921867370605,7.58887767791748,11.846236228942873,0.7236767411231995,2.8406996726989746,-2.366309404373169,3.570660352706909,0.6356399655342102,0.4848107695579529,-3.114161968231201,1.893202781677246,1.3381465673446655,4.979165554046631,-1.1673744916915894,3.802123069763184,0.1221715360879898,3.4534380435943604,-0.5146989226341248,1.088811993598938,-1.4169920682907104,4.067579746246338,-0.0355867594480514,2.0895721912384038,-2.4595460891723637,-0.0721989423036575,-0.2010582983493805,0.9599605798721312,-2.698732852935791,1.859467625617981,-0.8428982496261597,-0.53095543384552,-2.5317695140838623,2.0870790481567383
5,-365.75433349609375,118.30638122558594,-6.152766227722168,20.74235343933105,9.81063747406006,-1.1284900903701782,1.9167503118515012,4.610282897949219,5.166719436645508,10.071859359741213,2.9008569717407227,5.59848165512085,1.4138134717941284,0.9605398178100586,-3.5587077140808105,2.1285109519958496,0.0686639100313186,3.376214027404785,-0.1739321202039718,3.0389204025268555,-2.1534855365753174,3.3132998943328857,-2.5778987407684326,-0.107272945344448,-3.539896249771118,0.287099152803421,-1.874639630317688,0.803092896938324,-3.203293561935425,2.5694611072540283,-0.2951091825962066,3.2607576847076416,0.2723540961742401,2.5160632133483887,-1.0282137393951416,2.062570571899414,-0.2832122147083282,2.934689998626709,-0.8100078701972961,0.4860800206661224
5,-377.8267211914063,104.80184173583984,-8.68383502960205,20.7297420501709,9.149378776550291,6.923418998718262,7.868757247924805,10.925209999084473,5.277656555175781,6.600338935852051,-0.767098069190979,5.481027603149414,1.5995217561721802,2.548161745071411,-4.351210117340088,2.277130126953125,-1.312496542930603,5.219465255737305,-2.4370594024658203,2.854968547821045,-0.367796927690506,6.824784755706787,-1.243023157119751,2.211044311523437,-3.7136213779449454,2.197807550430298,-1.1095579862594604,2.712395191192627,-2.776763200759888,2.547344207763672,-2.413869857788086,1.2040590047836304,-1.7960695028305054,1.8996140956878664,-3.537627696990967,1.6315231323242188,-2.638668298721313,1.389689326286316,-1.8469266891479488,1.743220329284668
5,-376.360107421875,112.4412612915039,-12.142167091369627,24.045549392700195,8.26890754699707,2.8443610668182373,2.053138732910156,12.2765531539917,8.6851224899292,3.0191218852996826,-1.4510523080825806,6.077252388000488,0.4910653233528137,4.779411792755127,-2.2877650260925293,3.388437509536743,-3.465082883834839,3.700769424438477,-2.6909000873565674,2.46013617515564,-1.344208598136902,4.2223992347717285,-0.3620634377002716,4.641776084899902,-3.2929275035858154,2.745967149734497,-2.726386070251465,0.8397036790847778,-3.9074199199676514,2.36555814743042,-1.4749432802200315,2.4569036960601807,-3.5948312282562256,2.289392471313477,-2.2459230422973637,3.404037475585937,-1.498376727104187,1.6731261014938354,-3.0057098865509038,1.6644668579101562
5,-370.5218200683594,123.13346862792967,-8.711264610290527,13.010997772216797,9.807106971740724,0.8498748540878296,9.047353744506836,4.831231594085693,9.287644386291504,6.766937255859375,-0.6830846667289734,3.219121217727661,-1.5582338571548462,-0.4472208619117737,-2.412745714187622,3.797049999237061,1.1672643423080444,3.369240522384644,1.7782635688781738,5.569975852966309,-0.0664805844426155,3.553385019302368,-0.3148537576198578,1.4229434728622437,-2.630176305770874,1.75096595287323,-0.668006956577301,2.9100027084350586,-3.2124950885772705,3.9478254318237305,-1.1997787952423096,1.8465770483016968,-2.026009559631348,3.2658684253692627,-2.005245447158813,0.7850940823554993,-3.554103374481201,1.3618874549865725,-1.6468830108642578,3.354702472686768
5,-391.6976623535156,122.69361877441406,2.509568691253662,16.542573928833008,9.731203079223633,2.500824451446533,9.344460487365724,6.184779167175293,8.52136516571045,7.230908393859863,-0.7744215726852417,3.1321048736572266,-2.294950485229492,1.4735373258590698,-2.2970404624938965,4.651699542999268,1.0555331707000732,2.096628427505493,1.3751016855239868,5.854796409606934,-0.6842125654220581,2.2252602577209477,-0.14124496281147,1.304663896560669,-3.086106538772583,1.4881728887557983,-0.0795447528362274,1.954335331916809,-2.987144947052002,3.3069143295288086,-0.6530281901359558,1.4661809206008911,-1.605875015258789,3.3031668663024902,-1.444281816482544,1.7007266283035278,-2.414482355117798,-0.0123252207413315,-2.160243034362793,4.502498626708984
5,-412.7307739257813,117.09711456298828,1.480111002922058,22.900001525878903,8.866842269897461,3.4938528537750244,7.998007297515869,7.907035827636719,6.120168209075928,8.12566089630127,1.4342411756515503,6.645648956298828,3.6856844425201416,4.4614739418029785,-4.075061798095703,1.3688920736312866,-1.7212916612625122,2.9006142616271973,-0.8764141201972961,3.808812141418457,-2.3784637451171875,3.6064491271972656,-1.3145984411239624,2.415191888809204,-2.976794719696045,1.6473402976989746,-3.196026563644409,1.8197180032730105,-2.228484869003296,1.4351404905319214,-2.2861812114715576,2.239149570465088,-2.498142719268799,1.9874595403671265,-1.5834250450134275,2.956083297729492,-2.7739458084106445,2.570671558380127,0.1561819314956665,2.9395227432250977
8,-124.0208969116211,122.74950408935548,-25.41733169555664,18.79874610900879,2.736236810684204,10.503036499023438,5.982215881347656,10.919836044311523,3.043656349182129,5.8441548347473145,-3.8793792724609375,5.76864767074585,1.034724473953247,5.1921000480651855,-2.5361151695251465,5.731161117553711,-1.877579689025879,2.114487409591675,-0.4163345098495483,5.917217254638672,-1.8249000310897827,1.22862446308136,-1.6302142143249512,4.976234436035156,-0.7893046140670776,2.379779815673828,-2.67411470413208,4.18889856338501,-0.5801845192909241,2.863670110702514,-2.3971405029296875,4.868203639984131,-1.8228693008422847,2.304363250732422,-2.176694631576538,2.700601816177368,-1.064867615699768,0.737859845161438,-1.5334751605987549,1.6812291145324707
8,-93.90540313720705,143.08938598632812,-23.11575508117676,5.936176776885986,-2.202803611755371,13.471891403198242,9.7461576461792,13.538768768310549,1.2051668167114258,5.539737224578857,-6.038960933685303,6.266179084777832,-2.18666672706604,6.751641273498535,0.1707000285387039,6.822442054748535,-0.9820777177810668,4.200423240661621,0.2777246534824371,5.281970500946045,-0.5196629762649536,5.648045539855957,-1.9809386730194087,4.058191776275635,-1.5140388011932373,2.1158409118652344,-2.6946160793304443,1.093999981880188,-1.206923484802246,3.0752975940704346,-3.1661088466644287,1.1376500129699707,-3.759934186935425,2.503734588623047,-1.6616442203521729,1.9608389139175413,-3.4996609687805176,1.3898276090621948,-2.5808544158935547,1.7339658737182615
8,-101.61937713623048,138.94992065429688,-19.07563781738281,8.285074234008789,0.095908984541893,15.228830337524414,12.470155715942385,11.934929847717283,3.818093299865722,5.415703296661377,-3.2614641189575195,5.678630352020264,-0.324413925409317,8.165885925292969,-0.0668293535709381,7.508474349975586,-0.906831443309784,4.121471405029297,1.4042202234268188,5.5752482414245605,0.5111731290817261,4.834182262420654,-2.882176399230957,2.412652015686035,-2.330193042755127,1.439274549484253,-2.302243709564209,0.8008248209953308,-1.372360348701477,3.045687437057495,-3.111579656600952,1.9180165529251096,-3.0628764629364014,2.0306615829467773,-1.793769121170044,2.169730424880981,-3.914214611053467,1.0737313032150269,-2.6863467693328857,1.7263474464416504
8,-85.32329559326172,121.71371459960938,-31.665502548217773,13.860125541687012,2.2025306224823,13.877359390258787,11.274182319641112,14.502873420715332,4.451997756958008,5.404154300689697,-0.0713310912251472,9.139572143554688,1.7060785293579102,7.215803146362305,-1.2829093933105469,5.386933326721191,-0.5797817707061768,6.403339385986328,-0.495532363653183,4.663295269012451,0.8109243512153625,7.05870532989502,0.8006786108016968,4.270564079284668,-0.3357041776180267,5.696569919586182,-1.9229722023010252,2.358893394470215,1.2967625856399536,3.5539395809173584,-4.801766872406006,1.957927942276001,-0.384950578212738,2.8152849674224854,-1.3603637218475342,2.3370256423950195,-2.8260183334350586,0.5975134372711182,-0.8217301368713379,1.62871253490448
8,-102.88434600830078,142.73541259765625,-34.851295471191406,9.07194709777832,-1.011367917060852,12.417677879333496,7.281827926635742,12.808714866638184,5.290194511413574,9.681384086608888,-4.864186763763428,6.537766933441162,0.6929481625556946,6.4900803565979,-0.0201966390013694,7.138813018798828,-1.330677509307861,2.14468002319336,0.4340331554412842,4.515895366668701,-1.4969221353530884,3.806720972061157,-3.117175817489624,3.449835538864136,-1.6096850633621216,3.24880599975586,-3.695131063461304,1.848111033439636,-2.1525259017944336,2.4439094066619877,-5.322722911834717,2.1307761669158936,-1.2442896366119385,0.2538411021232605,-3.6223723888397217,0.5758023262023926,-5.0192484855651855,0.9452517032623292,-2.7314674854278564,-0.6826975345611572
8,-185.01600646972656,140.4900360107422,-33.064510345458984,17.53363609313965,5.153546333312988,17.00698471069336,3.7090580463409424,10.268599510192873,1.482696533203125,8.180066108703613,-5.013427257537842,8.390401840209961,-0.0857287719845771,4.0314764976501465,-0.3582953512668609,3.784083127975464,-3.392709970474243,3.618659496307373,-2.3360824584960938,5.073450565338135,-0.4052392244338989,5.346918106079102,0.0053219217807054,5.655496597290039,-0.9771507382392884,5.521424293518066,0.0699356794357299,4.058221817016602,0.5323372483253479,2.5012359619140625,-1.3374719619750977,2.9407012462615967,-3.496914386749268,1.7718971967697144,-3.011254072189331,2.122048139572144,-2.396866798400879,-0.5037384033203125,-1.9371856451034544,1.2024405002593994
8,-154.54051208496094,145.87930297851562,-18.609485626220703,21.894359588623047,5.111359119415283,18.64438247680664,8.34915542602539,16.690288543701172,1.605076551437378,5.715776443481445,-4.436317920684815,7.19636869430542,-0.7984990477561951,7.514519214630127,3.961643695831299,8.56572437286377,-2.753923177719116,1.519154667854309,-1.4901115894317627,6.969447135925293,5.255014419555664,8.650557518005371,-2.440382957458496,3.180514097213745,0.5040184855461121,3.266476392745972,-3.340584754943848,2.669914960861206,2.274286985397339,2.492162704467773,-7.192746162414551,0.4946334064006805,0.4035906493663788,2.677990198135376,-3.24381685256958,0.9040549993515016,-2.0392000675201416,-1.3720766305923462,-3.793244600296021,3.649712085723877
9,-225.1383514404297,126.5318603515625,-22.044687271118164,24.27275657653809,2.360660552978516,17.6224365234375,6.198996543884277,7.431187629699707,3.134915828704834,7.283977031707764,1.8958609104156492,8.069461822509766,3.8085436820983887,9.187843322753906,2.3759329319000244,4.572991847991943,-4.257323741912842,2.345691204071045,-3.5191307067871094,4.044903755187988,-2.1910650730133057,0.0279920287430286,-0.7340968251228333,2.079698085784912,-4.176621437072754,4.014209747314453,-5.234654426574707,-0.4214826822280884,-3.374242782592773,-2.2229905128479004,-4.207437992095947,0.8395102024078369,-4.83748197555542,0.7261082530021667,-4.867794990539551,-0.0353335328400135,-0.6539028882980347,1.625008463859558,-3.2997615337371826,0.5235373377799988
9,-214.4916839599609,122.16661071777344,-32.599647521972656,21.831695556640625,7.623530387878418,25.92124366760254,4.605104923248291,3.207230567932129,4.968818664550781,10.380142211914062,6.335258483886719,9.041595458984377,0.0180728007107973,6.145374298095703,1.8168389797210691,3.0443639755249023,-1.685483694076538,6.305690765380859,-1.82502019405365,6.708676815032959,-3.717891216278076,1.2917792797088623,-2.325619697570801,2.0611257553100586,-0.0229797810316085,-1.1508182287216189,-3.414902925491333,3.6438357830047607,-1.0604095458984375,1.3908367156982422,-8.402939796447754,2.968808650970459,-0.3810282051563263,-0.6830222606658936,-2.977224111557007,-0.1567062884569168,-4.239094257354736,0.2968129813671112,-2.5744543075561523,-1.9958192110061648
9,-235.4285125732422,124.19969177246094,-16.531585693359375,20.30438232421875,6.853931903839111,19.146997451782227,7.631550312042236,7.7476677894592285,1.9075188636779783,10.264348030090332,1.547511339187622,6.205317497253418,2.178269147872925,6.640507698059082,0.9674159288406372,6.148262977600098,-0.969032883644104,4.490232944488525,-2.093991756439209,3.389272451400757,-3.4046623706817627,2.2716805934906006,0.2211821377277374,2.284459114074707,-3.144387006759644,-0.3532152473926544,-3.030222654342652,2.8097994327545166,-2.6202709674835205,0.6541250348091125,-5.165102005004883,2.028658866882324,-1.3102943897247314,0.328058660030365,-2.686432123184204,1.7441718578338623,-1.489425778388977,-0.0973812416195869,-4.322369575500488,1.288050889968872
9,-236.09442138671875,125.35723114013672,-16.68111801147461,21.86688232421875,3.0097920894622803,18.61968231201172,6.166766166687012,5.943525791168213,2.600217342376709,6.12274694442749,-0.6475221514701843,6.21629810333252,1.3366819620132446,5.390848159790039,-2.9226295948028564,4.488369941711426,-1.2942323684692385,4.315809726715088,-0.5935223698616028,5.008950710296631,-0.896849513053894,4.421125411987305,-1.3190133571624756,1.4770891666412354,-4.634762763977051,-0.3805040121078491,-5.141707897186279,0.6282556653022766,-4.392889976501465,-1.136752963066101,-3.713402271270752,3.67415189743042,-1.2034212350845337,0.6682165265083313,-4.324619770050049,0.5250356197357178,-2.7509536743164062,0.5787039995193481,-4.268400192260742,-0.6130783557891846
9,-227.16143798828125,117.61165618896484,-17.2294979095459,24.812929153442383,7.046966552734375,19.302017211914062,8.072765350341797,12.862070083618164,4.471718311309815,8.479971885681152,1.6488864421844482,7.396416664123535,2.67155122756958,7.850691795349121,1.959314227104187,5.764780044555664,-3.426560878753662,2.259035348892212,-1.5419617891311646,4.004280090332031,-1.5916004180908203,3.5651445388793945,-3.5139081478118896,0.0217783488333225,-5.090024948120117,-1.2626069784164429,-5.504951477050781,0.596687376499176,-3.812932252883911,-1.8498598337173464,-5.756905555725098,2.235249280929565,-2.1593971252441406,-0.6993852853775024,-5.303008556365967,0.3332904577255249,-4.056802749633789,-0.1226104199886322,-3.517756700515747,-0.3048279285430908
9,-227.47642517089844,120.25077056884766,-13.626829147338867,25.75303649902344,8.531182289123535,22.392484664916992,9.940670013427734,11.75148582458496,4.325605392456055,8.400667190551758,1.463824987411499,8.548489570617676,2.584817409515381,7.194643020629883,1.8344955444335935,7.007406234741211,-0.6673486828804016,4.165647506713867,2.140331029891968,5.384745121002197,-2.2530806064605717,1.7058025598526,-3.334886074066162,0.2285995483398437,-4.40146017074585,0.3291707336902618,-5.701249599456787,-0.6718352437019348,-4.379733085632324,-2.009946346282959,-6.228946685791016,2.6448473930358887,-1.8633021116256716,-1.1694140434265137,-3.5589871406555176,1.6041358709335327,-3.2911040782928467,0.8667227029800415,-2.611411571502685,0.254655510187149
9,-218.64414978027344,124.05282592773438,-33.13312149047852,21.60871696472168,4.028846263885498,14.906927108764648,6.744040489196777,7.775547504425049,2.0953948497772217,10.143113136291504,2.709418296813965,5.445517539978027,-0.6085386872291565,6.639936923980713,-2.3124477863311768,3.951775074005127,-0.7042017579078674,6.327589988708496,1.6388366222381592,2.016020536422729,-4.242801189422607,4.029983997344971,-0.5795218348503113,1.81584107875824,-5.259525775909424,-1.2762043476104736,-3.826523542404175,3.7056963443756095,0.3020753860473633,0.925429344177246,-5.394289970397949,1.7743854522705078,-1.0862078666687012,3.221343755722046,-1.9053819179534912,1.3275678157806396,-1.8126418590545652,1.434899091720581,-3.0932796001434326,0.6408340334892273
9,-214.2131500244141,122.8632583618164,-30.35529327392578,20.845462799072266,6.173056125640869,18.349102020263672,5.974481105804443,9.722814559936523,-0.8423969745635986,7.215129375457764,2.2455012798309326,6.875865936279297,1.0927636623382568,6.275337219238281,-3.0053672790527344,5.6965861320495605,-3.4025261402130127,6.467206001281738,1.348617434501648,2.301682233810425,-2.731078147888184,3.5088822841644287,-1.855312943458557,0.1374192386865615,-5.67679500579834,-0.1650083661079406,-5.495412349700928,1.6473478078842163,-0.9394720196723938,1.323687195777893,-6.094733715057373,1.0524958372116089,0.2236665338277816,0.5019177794456482,-3.5269129276275635,1.7642078399658203,-1.0397109985351562,0.8030472993850708,-4.795539855957031,0.616083562374115
8,-377.727783203125,-7.8689703941345215,-55.585750579833984,15.85875129699707,-15.790401458740234,4.938759326934815,-15.692235946655272,4.854408264160156,-18.94457626342773,7.8692522048950195,7.965739727020264,17.084964752197266,-9.302024841308594,2.644401788711548,-5.326688289642334,6.123124599456787,-1.0272592306137085,5.701321125030518,-5.899397850036621,15.62307834625244,-3.2225165367126465,6.921117305755615,-9.961463928222656,0.4364893138408661,4.291988849639893,5.680384635925293,-6.6287617683410645,7.299129962921143,-5.428668022155762,-3.6059048175811768,1.2177199125289917,1.0370997190475464,-5.1062541007995605,-0.9015557765960692,-5.152768611907959,6.621292591094971,2.2387969493865967,5.951274871826172,3.383319854736328,4.523940086364746
8,-236.5927276611328,-30.143741607666016,-66.76657104492188,4.802396297454834,-16.391357421875,10.83977508544922,0.7363654375076294,2.165105104446411,-21.617942810058597,5.77486515045166,0.6002557277679443,12.93728256225586,-5.962769031524658,-2.7066516876220703,-1.0255539417266846,1.307377576828003,5.502432823181152,2.1798832416534424,-9.352845191955566,4.579138278961182,-6.891048908233643,3.908276081085205,-9.839876174926758,0.8829233646392822,0.2563097476959228,-0.0067813079804182,-8.842870712280273,1.6022614240646362,-4.060858249664307,-3.6951005458831783,-3.5994436740875244,1.855085611343384,-2.604332447052002,1.9628440141677856,-1.7030694484710691,3.72548508644104,-0.5986449122428894,5.2427167892456055,1.7464613914489746,7.116209506988525
8,-221.5180206298828,-35.16813278198242,-66.74268341064453,4.196974277496338,-16.722929000854492,11.185535430908203,0.7617504000663757,0.5202187299728394,-21.6837100982666,6.175489902496338,2.5571863651275635,14.715187072753906,-5.789195537567139,-4.411924362182617,-2.396403312683105,-1.3433568477630615,4.002727031707764,1.1495987176895142,-10.068727493286133,5.073135852813721,-6.022472381591797,4.012414455413818,-7.9047112464904785,2.004639148712158,0.0274444706737995,0.7872768044471741,-8.212189674377441,1.8939967155456543,-3.541815757751465,-2.777435302734375,-3.5314440727233887,2.53853702545166,-1.513301134109497,3.6471757888793945,-0.190109446644783,5.362983703613281,1.4899930953979492,6.450418472290039,2.428586483001709,7.558963298797607
8,-202.3397521972656,-41.556766510009766,-59.3288688659668,0.917539358139038,-20.17166519165039,8.256242752075195,-0.0274980571120977,-2.638751268386841,-21.583179473876957,6.094442844390869,-0.8814798593521118,11.62834644317627,-5.632030487060547,-3.5441091060638428,0.5047427415847778,-0.6408995985984802,6.464296340942383,4.365791320800781,-8.53608512878418,3.993278980255127,-6.191090106964111,3.376553773880005,-5.854483127593994,2.8324599266052246,1.290309190750122,4.1873555183410645,-4.810444355010986,3.7988007068634033,-1.563004493713379,-1.0107619762420654,-3.2989730834960938,2.5328049659729004,-1.294636607170105,4.426434516906738,-1.598337173461914,2.349255323410034,0.4140134453773498,4.580842018127441,-0.0973139405250549,5.687801361083984
8,-189.4195251464844,-45.71413803100586,-54.82667541503906,-1.4378443956375122,-22.48409652709961,6.389545917510986,-0.1113421916961669,-4.481051921844482,-22.844240188598636,4.5092878341674805,-4.722320556640625,10.22330093383789,-5.382015228271484,-2.331413745880127,2.864772319793701,0.2124236226081848,8.162991523742676,6.7544779777526855,-8.047572135925293,3.728594064712525,-5.947148323059082,3.017997980117798,-4.700884342193604,3.206295967102051,3.127380609512329,7.188082695007324,-2.351520538330078,5.080582618713379,-0.0747237429022789,-0.135994017124176,-3.3538126945495605,1.8904087543487549,-2.186460018157959,3.58371376991272,-2.871748924255371,-0.0671400800347328,-0.6488555669784546,2.720694303512573,-1.099420428276062,5.057372093200684
8,-211.07879638671875,-39.995235443115234,-54.03017807006836,1.8267534971237185,-18.82794952392578,12.120842933654783,2.739598035812378,1.9419753551483157,-18.407310485839844,4.738520622253418,-4.146925449371338,12.427375793457031,-9.911624908447266,-5.507879734039307,-5.310093402862549,-5.1054768562316895,3.617878198623657,2.506891250610352,-9.358198165893556,2.4115264415740967,-7.650835037231445,2.674867868423462,-7.973820686340332,-0.4996004104614258,0.0671063214540481,3.61377477645874,-5.086427211761475,3.1346840858459477,-0.0533289834856987,1.800312876701355,-1.1029325723648071,4.807118892669678,2.7534399032592773,6.685338497161865,0.1080053374171257,4.0541534423828125,2.2800843715667725,4.458484649658203,0.7466477155685425,6.01950740814209
8,-221.99876403808597,-36.57688903808594,-59.51792907714844,3.17695426940918,-17.066665649414062,13.189416885375977,2.442093849182129,3.307950973510742,-19.632219314575195,5.2473673820495605,-2.628415822982788,12.833917617797852,-6.914087295532227,-3.895280599594116,-4.512562274932861,-3.5378646850585938,3.5852086544036865,0.7561972141265869,-10.701135635375977,2.961603164672852,-7.028539657592773,1.9889159202575684,-9.082626342773438,-0.5162999033927917,0.1221190690994262,2.632542610168457,-7.091764450073242,0.9467885494232178,-2.4662647247314453,-1.0060397386550903,-3.762587785720825,2.350180149078369,1.100077509880066,4.520925521850586,-1.1124682426452637,3.7310116291046143,1.600859522819519,5.222059726715088,2.0762946605682373,6.744610786437988
8,-267.71270751953125,-21.463550567626957,-60.60539627075195,7.147871494293213,-16.920047760009766,8.09640121459961,-4.812517166137695,2.6976919174194336,-22.50847053527832,4.195564270019531,-4.468562126159668,6.286113262176514,-12.497934341430664,-5.098112106323242,-5.476753234863281,5.253868103027344,12.715023040771484,10.160233497619627,-2.402472972869873,10.018680572509766,-5.9037628173828125,4.399148941040039,-6.730923175811768,1.2361416816711426,2.958975553512573,2.0473313331604004,-7.680675506591797,1.3718602657318115,-4.756952285766602,-3.108550786972046,-5.983419418334961,-1.3052860498428345,-2.3517251014709477,4.139736652374268,-2.036656379699707,2.5125396251678467,-2.4888041019439697,1.5428574085235596,-3.60630202293396,-0.685402512550354
8,-359.238037109375,-7.0777974128723145,-54.12114334106445,15.59572410583496,-16.909793853759766,6.440144062042236,-12.128350257873535,5.873554229736328,-17.856908798217773,6.443427085876465,2.2795298099517822,11.65114974975586,-11.531210899353027,1.9630740880966189,-6.626244068145752,3.8892006874084473,-0.208652913570404,5.117353439331055,-6.598456382751465,13.546245574951172,-3.606580495834351,8.212811470031738,-8.699140548706055,1.9540117979049685,4.476113796234131,5.620364189147949,-4.822486877441406,9.390910148620604,-3.2018675804138184,-2.3854548931121826,-0.1218533366918563,0.9174699783325196,-3.2235267162323,1.3199294805526731,-4.4927287101745605,3.9796621799468994,-1.5545262098312378,2.2752206325531006,0.0435381755232811,1.870513916015625
8,-292.18243408203125,-15.665238380432127,-59.30924987792969,12.002098083496094,-15.292057037353516,7.366710662841797,-5.169036388397217,3.860849618911743,-23.04209327697754,4.280998229980469,-4.748779773712158,7.471184253692627,-11.069212913513184,-4.5566020011901855,-9.197103500366213,2.0609166622161865,7.2174177169799805,7.036203861236572,-4.234068870544434,11.91538906097412,-3.5883164405822754,8.196236610412598,-3.7227373123168954,3.5158920288085938,5.998397350311279,5.587850570678711,-3.804649353027344,4.307133197784424,-3.169128656387329,-1.5326358079910278,-4.971774101257324,0.59905606508255,-2.9591729640960693,2.760472536087036,-5.819356918334961,0.0469526164233684,-5.653233528137207,-0.4523760080337524,-4.4586920738220215,-0.6598009467124939
8,-338.93072509765625,-7.795168876647949,-53.65789413452149,15.1956148147583,-17.561697006225586,6.886025905609131,-8.228521347045898,6.525323390960693,-18.532228469848636,4.251450061798096,-3.2292191982269287,6.4219746589660645,-13.227227210998535,1.3096120357513428,-7.813326835632324,1.1220461130142212,-0.5565840005874634,3.372215747833252,-6.621074199676514,12.177178382873535,-2.902374029159546,10.276835441589355,-6.589192390441895,4.762203693389893,6.661936283111572,8.779026985168457,-0.5477687120437622,11.070695877075195,-1.9868996143341064,-2.124682903289795,-2.214104175567627,1.4763331413269043,-2.067635297775269,1.7934353351593018,-6.545948505401611,-1.618981122970581,-7.383657932281494,-2.058741331100464,-3.626796722412109,-1.4392277002334597
8,-330.0692138671875,-9.494397163391112,-54.40903854370117,16.305713653564453,-16.459291458129883,7.803500652313232,-5.760196685791016,6.83918046951294,-20.824180603027344,2.5252816677093506,-4.61957597732544,5.281575679779053,-12.601367950439451,-0.2683616876602173,-8.673089027404785,-0.247613787651062,-1.8000717163085938,2.078400135040283,-6.115453243255615,12.666125297546388,-1.7073532342910769,10.568026542663574,-6.438105583190918,7.020959377288818,8.592490196228027,10.713946342468262,0.591064989566803,10.154358863830566,-3.027160882949829,-2.806071758270264,-2.588085651397705,2.18557357788086,-2.7660183906555176,-0.0365131348371505,-8.392762184143066,-3.959654092788696,-8.762116432189941,-2.300556898117065,-3.96568775177002,-2.400458812713623
8,-306.3790283203125,-15.678672790527344,-56.267616271972656,14.746641159057615,-17.146913528442383,7.748709678649902,-5.600821018218994,5.159660816192627,-22.19633102416992,3.6133100986480713,-3.4751710891723637,6.388329029083252,-13.955814361572266,-2.440295696258545,-5.8761749267578125,2.6399738788604736,3.252638339996338,4.644300937652588,-4.424590110778809,12.052084922790527,-2.495155334472656,10.137051582336426,-6.9744133949279785,5.5180277824401855,5.49068546295166,6.89684009552002,-4.223223686218262,5.855496406555176,-4.869922161102295,-3.7380504608154297,-3.745559692382813,0.749077320098877,-3.3764474391937256,0.5346158146858215,-6.266253471374512,-0.3718540370464325,-5.552709102630615,0.5036203265190125,-2.7203590869903564,-0.662088930606842
8,-278.6836242675781,-21.585289001464844,-57.66234588623047,11.551785469055176,-18.67765617370605,7.086771488189697,-7.11229419708252,2.838914394378662,-22.25578498840332,6.274448871612549,-2.154609441757202,7.15660285949707,-15.598102569580078,-3.783293008804321,-2.0278964042663574,6.140993118286133,9.543240547180176,8.435088157653809,-1.7143555879592896,11.295001983642578,-4.8538970947265625,7.268223762512207,-8.778303146362305,2.833984375,1.9737136363983157,2.220003843307495,-9.63849925994873,1.2371549606323242,-6.518877029418945,-4.077881336212158,-5.161096096038818,-0.7108681797981262,-2.523388147354126,3.91473913192749,-1.7722617387771606,3.303098440170288,-2.750685691833496,2.7418932914733887,-1.5395110845565796,1.0774767398834229
8,-268.3290405273437,-23.867511749267575,-58.9082145690918,9.39854621887207,-19.088367462158203,6.986773490905762,-6.607406139373779,2.224555969238281,-22.219194412231445,6.5687642097473145,-3.036538600921631,6.607316017150879,-15.307329177856444,-3.594078779220581,0.0746519714593887,7.682844161987305,11.484889030456545,8.803787231445312,-1.9257996082305908,9.900286674499512,-6.776655673980713,5.169880390167236,-9.372913360595703,2.427173852920532,2.014526128768921,1.012027621269226,-9.84172248840332,0.4967998564243316,-5.625974655151367,-3.1498918533325195,-4.438646793365479,0.8792844414710999,-0.6833257079124451,5.50979471206665,-0.9689071774482728,2.5283660888671875,-3.562187433242798,2.0010056495666504,-2.1555511951446533,0.3732040524482727
8,-260.7499694824219,-23.818836212158203,-61.03529357910156,7.395378112792969,-18.05359268188477,6.963565349578857,-3.6346609592437744,2.808570384979248,-22.468626022338867,5.925985336303711,-3.529489517211914,6.972499370574951,-12.165371894836426,-2.065976858139038,1.4331889152526855,8.050289154052734,11.320194244384766,7.273419857025146,-4.367435932159424,6.526332378387451,-7.598947525024414,5.15143346786499,-9.754220962524414,0.5918757915496826,0.827043890953064,0.565679132938385,-9.304845809936523,0.820336639881134,-3.400205135345459,-1.937219858169556,-2.7940356731414795,1.2216119766235352,-1.747437596321106,3.8433218002319336,-3.047877788543701,0.7328967452049255,-4.999503135681152,0.5554113984107971,-3.0173230171203613,1.1418142318725586
8,-249.6649627685547,-25.461355209350582,-63.164344787597656,5.5481061935424805,-17.262107849121094,8.49276351928711,-0.7288098931312561,3.2511565685272217,-21.703073501586918,5.58914852142334,-2.3999738693237305,8.7090425491333,-8.035661697387695,-0.9211040139198304,1.344754934310913,5.78708028793335,8.96064281463623,5.002537250518799,-7.006757736206055,3.991135835647583,-7.784972190856934,4.411558151245117,-10.985325813293455,-0.4427768886089325,0.0688192993402481,0.3772535026073456,-8.504439353942871,1.672203779220581,-2.666066169738769,-1.9534496068954468,-2.600047826766968,0.7256537675857544,-2.94854998588562,1.8999658823013303,-3.789759635925293,0.6958557963371277,-4.293277263641357,1.6328738927841189,-1.915377616882324,4.022681713104248
8,-156.29978942871094,143.97915649414062,-70.30686950683594,23.302146911621094,-25.12046432495117,21.78535461425781,-21.002159118652344,14.557472229003906,-0.9204000234603882,7.166362762451172,-3.5899600982666016,12.014055252075195,-3.6809258460998535,5.441316604614258,-4.794929027557373,4.404546737670898,-4.097100734710693,-2.713674545288086,-7.522706508636475,-6.468501567840576,-4.274133205413818,-0.4812806844711303,3.208744525909424,7.98326301574707,2.260139226913452,0.0836099982261657,-5.591944217681885,-3.674383401870728,-5.078877925872803,1.5383553504943848,-2.192107677459717,0.4149171710014343,-4.523550033569336,-2.1563832759857178,-1.1573294401168823,0.8285704851150513,-0.9987919330596924,2.3251137733459477,0.1464733779430389,1.8277510404586792
8,-149.62533569335938,143.98883056640625,-71.10855865478516,22.46041488647461,-24.738658905029297,21.76380729675293,-21.29164695739746,14.04153537750244,-1.2806545495986938,7.186112880706787,-4.176614761352539,11.861069679260254,-3.655111789703369,5.073183059692383,-5.0067949295043945,4.452201843261719,-4.0730299949646,-2.605879306793213,-7.997108459472656,-5.956315994262695,-3.796541929244995,-0.4994275271892547,3.1416778564453125,7.461619853973389,3.0389299392700195,1.1937881708145142,-5.376013278961182,-2.944663047790528,-4.556195259094238,1.980514407157898,-2.5213816165924072,0.4270195364952087,-4.554214000701904,-1.8668984174728396,-1.545583963394165,0.5550447702407837,-1.6232891082763672,2.127673387527466,0.184870958328247,2.182439088821411
8,-148.21685791015625,139.32662963867188,-71.7015609741211,23.53933334350586,-25.200469970703125,19.8895206451416,-22.5206241607666,11.190342903137209,-1.8985934257507324,6.997977256774902,-3.835432291030884,15.443403244018556,-0.8429234027862549,6.916021347045898,-7.1111249923706055,1.5181127786636353,-7.107930660247803,-3.3305599689483643,-5.694925785064697,-5.95343828201294,-5.698374271392822,-0.4721507132053375,4.310814380645752,7.30661153793335,2.047102928161621,1.4244163036346436,-4.041213035583496,-3.7764151096344,-4.775198936462402,2.20915961265564,-3.407648086547852,0.6846217513084412,-3.037843942642212,0.993379294872284,1.2729463577270508,1.9465686082839968,0.4369945228099823,0.1525352597236633,-3.016171932220459,1.4999381303787231
8,-148.63990783691406,140.88783264160156,-70.68562316894531,23.9857120513916,-24.518842697143555,20.273269653320312,-21.8345947265625,12.157892227172852,-1.4862483739852903,6.980470180511475,-2.8214333057403564,15.933608055114746,-0.7102972269058228,6.191297054290772,-6.642573833465576,2.7010064125061035,-6.331571102142334,-2.697040557861328,-5.452353000640869,-5.140606880187988,-4.759196758270264,-0.2097439914941787,4.285194873809815,7.972797870635986,2.380786418914795,1.3945578336715698,-4.279895782470703,-3.933950185775757,-4.238104343414307,2.4137439727783203,-2.8453528881073,0.670128345489502,-2.6048178672790527,0.5185911059379578,0.7570065259933472,1.9677720069885252,0.73739093542099,-0.2023369669914245,-3.2935829162597656,1.0877234935760498
8,-148.08383178710938,141.24330139160156,-69.55825805664062,24.03092765808105,-24.618593215942383,20.974998474121094,-21.499347686767575,12.611675262451172,-0.3428738415241241,6.502864837646484,-2.39357590675354,15.573568344116213,-1.421809196472168,6.003756523132324,-6.413253784179688,2.883096218109131,-5.665458679199219,-2.938746929168701,-5.809770107269287,-5.442708015441895,-4.137156963348389,-0.1514624059200287,4.217979431152344,8.118474960327148,2.664006233215332,0.7909775376319885,-4.339452266693115,-3.863439321517944,-4.888558864593506,1.8144880533218384,-3.052990436553955,1.13044273853302,-1.6268033981323242,0.5783541202545166,0.4668101072311401,1.8664196729660036,0.4874965250492096,0.4411199390888214,-3.0347204208374023,0.4263292551040649
8,-148.6184539794922,139.97549438476562,-71.09029388427734,23.316749572753903,-26.195911407470703,21.143877029418945,-21.55809783935547,11.977779388427734,-0.7485663890838623,7.288533210754394,-3.5145983695983887,14.41930103302002,-1.8461679220199585,6.349209308624268,-6.096507549285889,3.47739577293396,-5.170773029327393,-2.4372806549072266,-6.530369281768799,-5.3423848152160645,-4.045559883117676,-0.0789269879460334,3.9752912521362314,8.173995971679688,2.661038637161255,0.8917754292488098,-4.526894092559815,-3.353442907333374,-5.396980285644531,0.7877267003059387,-3.4430174827575684,1.2992891073226929,-1.548782229423523,0.6455370783805847,-0.0817012041807174,1.194120168685913,-0.0430524535477161,0.8677072525024414,-2.630617380142212,0.3197332620620727
8,-148.48605346679688,138.58694458007812,-70.48056030273438,24.29341697692871,-26.23787498474121,21.5174617767334,-21.806961059570312,11.798123359680176,-1.3610291481018066,7.158704280853272,-3.8225345611572266,13.777020454406738,-2.3659493923187256,4.997636318206787,-6.107261657714844,3.716127634048462,-5.345933437347412,-2.165931940078736,-6.662328243255615,-4.867122650146484,-3.9863414764404297,-0.741583526134491,2.9531095027923584,7.734943866729736,2.562465190887451,1.4220978021621704,-4.109541893005371,-2.485437631607056,-4.525146484375,0.7664861083030701,-3.467971086502075,1.6864525079727173,-1.931154489517212,0.3224648833274841,-0.9441604018211364,0.4576708972454071,-0.1679468154907226,0.9539359211921692,-2.197797536849976,0.5789541006088257
8,-148.2132110595703,139.0840606689453,-69.7064437866211,25.167863845825195,-25.59037971496582,22.054044723510746,-21.552417755126957,13.166057586669922,-1.2511520385742188,6.858678340911865,-3.435757875442505,13.979342460632324,-3.520705461502075,4.7335205078125,-6.730885028839111,3.792726755142212,-6.021697521209717,-2.2520976066589355,-6.723816871643066,-4.480191707611084,-4.236166954040527,-0.6491138935089111,1.342079520225525,7.448113918304443,1.8919123411178589,1.473732352256775,-4.443738460540772,-2.082780599594116,-4.402382373809815,1.7959139347076416,-3.707099676132202,1.582999348640442,-3.046597003936768,0.6402766704559326,-0.8881998062133789,0.6369646787643433,-0.6927091479301453,1.3969939947128296,-1.4866256713867188,1.2615524530410769
8,-148.38461303710938,139.1978302001953,-70.59198760986328,24.848857879638672,-25.39350891113281,21.696683883666992,-21.13468170166016,13.568249702453612,-1.2447113990783691,6.844343185424805,-3.649649143218994,13.886030197143556,-3.3721837997436523,5.743818283081055,-6.0778584480285645,3.892784118652344,-5.998836517333984,-2.869539976119995,-6.412211894989014,-4.064939498901367,-3.6212151050567623,-0.280746579170227,1.3746445178985596,6.888132572174072,2.282214403152466,1.6644837856292725,-4.258471012115479,-2.0906925201416016,-4.393180847167969,1.3651188611984253,-3.910077333450317,1.4329676628112793,-3.11149001121521,0.6635968685150146,-0.3127720654010772,0.4748300015926361,-1.0162290334701538,1.1587234735488892,-1.8408273458480835,0.6909148097038269
8,-150.16265869140625,139.7394561767578,-70.94410705566406,24.369935989379883,-25.46214485168457,21.08177947998047,-21.44345092773437,12.859618186950684,-1.7482244968414309,6.948132038116455,-3.5555412769317627,13.892334938049316,-3.2139832973480225,5.866978645324707,-5.828012943267822,3.4457428455352783,-6.274630069732666,-3.169161319732666,-6.875535011291504,-4.386951446533203,-3.527861356735229,-0.8550694584846497,1.3470207452774048,6.273699760437012,2.795308351516724,2.2500174045562744,-3.8311879634857178,-2.107600450515747,-4.87222957611084,1.0060023069381714,-4.025577068328857,1.7149534225463867,-2.2156906127929688,0.7034847736358643,-0.1407011747360229,0.3343546390533447,-1.81281852722168,1.0626859664916992,-2.4314334392547607,0.7128137946128845
8,-150.49755859375,143.0653076171875,-71.47467803955078,21.36054992675781,-26.51926612854004,21.809961318969727,-21.78297233581543,13.338624000549316,-0.8588855862617493,7.101481914520264,-3.954746723175049,12.099977493286133,-3.358558654785156,6.361119747161865,-4.761866092681885,5.417533874511719,-3.444342613220215,-2.6858129501342773,-7.461483478546143,-5.918045997619629,-4.305841445922852,-0.526930034160614,2.7673134803771973,7.158097267150879,3.295028686523437,2.0568628311157227,-4.734787940979004,-2.287550687789917,-4.234387874603272,1.7827364206314087,-3.4197630882263184,0.1995609849691391,-4.240316390991211,-1.0992435216903689,-1.720832586288452,0.3410462439060211,-1.3594335317611694,1.6126521825790403,-0.0773647427558898,1.8832554817199707
8,-150.89088439941406,141.6442108154297,-71.85673522949219,20.743677139282227,-26.98194122314453,21.600902557373047,-22.013643264770508,12.412750244140623,-0.9751537442207336,7.615822315216064,-3.495983362197876,12.8849458694458,-3.3926098346710205,6.469408988952637,-5.437361717224121,4.751006126403809,-3.6749792098999023,-2.6693058013916016,-6.580305099487305,-4.95555591583252,-4.548382759094238,-0.4244365394115448,2.461395740509033,7.393925666809082,2.96260142326355,1.9504433870315552,-5.068255424499512,-1.8243602514266968,-4.11046314239502,1.6883376836776731,-3.921450614929199,0.9488933682441713,-4.022575855255127,-0.5542323589324951,-0.8549788594245911,1.2429815530776978,-0.7899382710456848,1.8398871421813965,-0.9827893376350404,1.7188187837600708
8,-151.84249877929688,141.71800231933594,-71.9659423828125,21.03034400939941,-25.518497467041016,22.048282623291016,-21.74748039245605,12.554278373718262,-2.070645809173584,7.1759562492370605,-3.473917245864868,13.49982738494873,-2.9658992290496826,6.275169849395752,-6.569475173950195,3.457127809524536,-5.5166916847229,-3.3878183364868164,-6.458004474639893,-4.3307623863220215,-4.26028299331665,-1.1109333038330078,2.854576349258423,7.691794872283935,2.0988659858703613,1.4428770542144775,-4.617892742156982,-1.67100989818573,-3.667177677154541,0.9492757320404052,-4.438334465026856,0.9041760563850404,-3.2672693729400635,-0.1983915567398071,-0.3596014678478241,1.6050697565078735,-0.509617805480957,1.4202953577041626,-1.4982030391693115,1.2167259454727173
8,-151.5432891845703,141.0226593017578,-72.09300231933594,19.833961486816406,-25.299015045166016,20.781991958618164,-22.3490047454834,11.426639556884766,-2.251670837402344,6.506015300750732,-2.9155755043029785,13.635035514831545,-2.1197550296783447,6.42669153213501,-6.980302333831787,2.0290846824646,-6.590695381164551,-3.815398216247559,-6.543201446533203,-5.047386646270752,-4.518414974212647,-1.885449171066284,2.6370553970336914,7.755208969116211,2.346512794494629,1.079588532447815,-3.895145893096924,-1.2083958387374878,-3.357174158096313,0.4530217945575714,-4.287760257720947,1.0587681531906128,-2.85226845741272,-0.5054393410682678,-0.1987216919660568,1.983451008796692,0.0128239095211029,0.890867292881012,-2.203761577606201,0.0839999392628669
8,-150.6458282470703,141.62588500976562,-72.18787384033203,21.429914474487305,-24.515478134155277,19.982521057128903,-23.50084114074707,11.016006469726562,-2.6331112384796143,7.332345962524414,-2.4159135818481445,13.686975479125977,-1.957759141921997,6.098214149475098,-6.977115631103516,0.8424883484840393,-7.786262512207031,-4.714980602264404,-7.411025524139404,-6.4258646965026855,-5.267487525939941,-2.1308462619781494,2.3957014083862305,6.517784118652344,2.0482640266418457,1.1000962257385254,-4.285890579223633,-2.302146673202514,-4.595415115356445,0.0654869005084037,-3.9557721614837646,1.0998750925064087,-3.029341220855713,-0.368233323097229,0.2996748089790344,1.8654756546020508,0.2001925855875015,1.2279343605041504,-2.439864158630371,0.0117049682885408
8,-149.9437255859375,140.3396453857422,-71.80418395996094,22.660249710083008,-24.226646423339844,20.443527221679688,-22.95613670349121,10.908589363098145,-2.5881080627441406,7.174062252044678,-2.4723031520843506,13.553183555603027,-1.4745856523513794,6.025904178619385,-7.363029956817627,0.3381586074829101,-7.502257823944092,-4.236102104187012,-6.923411846160889,-6.580594062805176,-5.579858779907227,-1.692466378211975,3.116438865661621,6.402802467346191,1.3391772508621216,1.0229012966156006,-4.278458118438721,-3.5558862686157227,-5.391735076904297,0.076859712600708,-4.158645153045654,0.7565925121307373,-2.910468101501465,0.5703815817832947,0.5340534448623657,1.6053597927093506,-0.0851100534200668,0.9112451076507568,-2.4016709327697754,0.3903731107711792
8,-150.20816040039062,139.26943969726562,-71.88593292236328,22.247041702270508,-24.887670516967773,21.24681854248047,-21.794553756713867,11.924415588378906,-1.7558696269989014,7.176727294921875,-3.630568742752075,13.825536727905272,-2.534126281738281,6.0197529792785645,-8.130980491638184,0.826181948184967,-6.131720066070557,-3.161123037338257,-6.394334316253662,-6.27141809463501,-5.551821231842041,-1.9308443069458008,2.886940717697144,7.017435073852539,1.1252992153167725,0.8387515544891357,-3.907655477523804,-2.4954748153686523,-4.75479793548584,0.824275016784668,-4.450465679168701,1.2815533876419067,-3.581915855407715,0.0307982787489891,0.6110492944717407,2.146138906478882,-0.4632564783096313,0.5758318305015564,-2.636512756347656,0.7406944036483765
8,-148.74114990234375,138.97891235351562,-71.55669403076172,22.93345069885254,-24.9813175201416,20.888402938842773,-22.388050079345703,11.794703483581545,-1.487235188484192,6.8577752113342285,-4.318531036376953,14.884442329406738,-2.3902907371521,6.483949661254883,-7.549018859863281,1.4005427360534668,-6.388222217559815,-3.4995052814483643,-6.049920558929443,-6.446580410003662,-5.644129276275635,-1.7039494514465332,2.964637041091919,6.337493419647217,1.292762041091919,0.7459198832511902,-3.9749367237091056,-2.772537469863892,-4.890640735626221,1.5324891805648804,-4.261343479156494,1.2971932888031006,-3.6950764656066895,-0.1384704709053039,0.6341323256492615,2.0349857807159424,-0.04574441537261,0.941904604434967,-2.4328243732452397,1.262055516242981
10,-10.965256690979004,69.7135238647461,-16.003660202026367,16.31136131286621,1.2518645524978638,21.177326202392575,-3.79227876663208,3.1070830821990967,-5.56287145614624,3.988641023635864,-14.780115127563477,6.380641937255859,-12.044882774353027,4.010951042175293,-6.172163009643555,-5.316219329833984,-4.757418632507324,6.8201775550842285,-5.849778175354004,6.163037300109863,-7.567814826965332,-3.893314838409424,-0.2144022583961486,-4.168857097625732,-3.5711748600006104,-0.0522293373942375,-2.6892940998077397,5.727553367614746,-2.1647844314575195,0.9495699405670166,-4.363820552825928,1.1912550926208496,-4.659819602966309,0.5964295268058777,-0.0667527019977569,-0.8172147870063782,1.701725721359253,-1.0655648708343506,-2.863948345184326,0.4492972195148468
10,-41.48310470581055,61.01870727539063,-12.527917861938477,14.612767219543455,0.1458058059215545,25.550464630126957,-1.632978439331055,1.973852276802063,-0.8162172436714172,5.723703384399414,-13.505630493164062,6.68748950958252,-15.289788246154783,2.3523826599121094,-3.6064395904541016,-3.71379280090332,-5.812619686126709,7.890326023101807,-7.5792365074157715,8.54427433013916,-8.60517406463623,-5.2359137535095215,1.034035325050354,-6.070972919464111,-1.8858323097229004,-0.2116606533527374,-2.757080316543579,6.040417194366455,-2.702932357788086,0.7803682684898376,-5.405582427978516,-0.1353166103363037,-3.854902029037476,0.2769601047039032,3.0870375633239746,-1.2664977312088013,2.296061754226685,-2.5516576766967773,-2.201048851013184,-0.8477356433868408
10,-54.31500625610352,57.282264709472656,-13.247451782226562,13.097241401672363,0.7507933974266052,25.346622467041016,-3.722066402435303,2.71619176864624,-0.840881884098053,7.037978649139404,-11.988455772399902,9.4608793258667,-13.7267484664917,2.610319137573242,-2.960860252380371,-0.6147128343582153,-3.196041822433472,8.158347129821777,-7.228585243225098,6.077847480773926,-6.773469924926758,-5.804664134979248,0.1944593787193298,-8.75295639038086,-0.7495937347412109,-0.6202428340911865,-3.1242380142211914,4.609099864959717,-5.452462196350098,2.2528600692749023,-5.187087059020996,-1.3861266374588013,-3.0176353454589844,0.6928569078445435,3.124232292175293,-3.0383307933807373,1.1277159452438354,-3.59944748878479,-1.297629952430725,-0.7456495761871338
10,-65.7447280883789,79.32936096191406,-24.26380157470703,17.3823184967041,2.311107397079468,20.633146286010746,-5.830270767211914,-0.1250877678394317,-7.465633869171143,1.9430888891220093,-11.908967971801758,7.753861427307129,-10.232332229614258,2.5621230602264404,-2.798261880874634,1.9088391065597532,-3.7960524559021,4.521819591522217,-1.93752121925354,5.446091175079346,-7.325512409210205,-5.115395545959473,1.150397539138794,-2.326784133911133,-2.325627088546753,0.9569650888442992,-4.479114532470703,2.480968713760376,-3.857087135314941,2.282905340194702,-4.265289783477783,0.773009717464447,-2.5786166191101074,0.0650897324085235,-1.83609139919281,-0.9194085597991944,-2.82292914390564,-0.2331090867519378,-3.35254430770874,2.65352463722229
10,-37.9232177734375,46.785831451416016,-10.18072509765625,13.91791820526123,-6.196727752685547,10.92631721496582,-0.4028319418430328,6.553391933441162,-4.140162467956543,5.843102931976318,-9.345053672790527,10.098158836364746,-9.905295372009276,0.2615430057048797,-2.9027907848358154,1.6422120332717896,-9.512256622314451,2.077970266342163,-9.351048469543455,3.1324455738067627,-8.827081680297852,-3.7451331615448,-1.2667949199676514,-7.139360427856445,-1.7408082485198977,2.105342149734497,-2.6999599933624268,1.4132918119430542,-4.439022541046143,-0.4095028042793274,-6.938724040985107,3.2063474655151367,-2.448870182037353,2.5441277027130127,-0.4841448068618774,1.14868426322937,0.5670929551124573,-3.609732389450073,-3.654160261154175,-0.074033685028553
10,-32.239295959472656,45.11384963989258,-13.86545467376709,13.888009071350098,-1.8072372674942017,9.087785720825195,-2.981564521789551,6.053337097167969,-4.443826198577881,8.325371742248535,-9.589731216430664,7.797842502593994,-9.249899864196776,0.4162402153015136,-3.4271903038024902,4.234575271606445,-8.5936918258667,0.5536282658576965,-6.139152526855469,0.772112250328064,-8.493813514709473,-4.997482299804688,-2.6370296478271484,-3.5115339756011963,0.8531632423400879,-0.4640839099884033,-4.614020824432373,2.422443628311157,-5.739407062530518,-0.4254762530326843,-5.436164855957031,3.096776008605957,-1.6081535816192627,3.0041723251342773,-0.8061627745628357,1.5967117547988892,0.2951308190822601,-3.8160266876220703,-6.26029634475708,0.5122144222259521
10,-39.5510368347168,50.26522445678711,-20.1553955078125,15.270682334899902,2.9804341793060303,8.834132194519043,-4.8578691482543945,4.735603332519531,-4.593120574951172,6.061898708343506,-7.354506492614746,6.5467209815979,-9.542656898498535,1.914133191108704,-3.257830858230591,3.7976250648498535,-6.076960563659668,0.7910364270210266,-4.644359588623047,0.1822717934846878,-9.189311027526855,-6.106623649597168,-3.637902021408081,-0.4425384998321533,0.9397262930870056,-1.6806869506835938,-6.233610153198242,1.303431272506714,-5.751049995422363,-0.0796047076582908,-4.242984771728516,2.40620493888855,-2.241328477859497,2.9177348613739014,-1.249779462814331,0.3041271269321441,0.1602280735969543,-2.614166498184204,-5.92957878112793,1.6792426109313965
10,-52.5513916015625,55.05957412719727,-24.629098892211918,12.772675514221191,1.2618309259414673,12.129011154174805,-4.148002624511719,4.067117214202881,-2.2718393802642822,3.481040954589844,-2.778078556060791,6.843643665313721,-8.550739288330078,2.60506010055542,-2.16682505607605,1.511603593826294,-2.823202610015869,2.3989181518554688,-5.403836727142334,-0.1088214367628097,-10.279060363769531,-6.650004863739014,-3.766708850860596,-0.6363072395324707,-0.865235447883606,-1.1027969121932983,-4.830925464630127,0.2179349064826965,-4.6357598304748535,0.5645110011100769,-4.376388549804688,1.970221757888794,-3.603625774383545,3.2384696006774902,-1.2633931636810305,0.2195523679256439,-0.0512189306318759,-2.0670127868652344,-3.9449949264526367,0.8807898759841919
10,-22.57817268371582,48.8704833984375,-14.553122520446776,9.247278213500977,-3.121248960494995,7.400698184967041,1.1477785110473633,9.478031158447266,-7.108795166015625,10.506783485412598,-9.40302848815918,7.27337121963501,-9.015911102294922,1.0886470079421997,-8.4996919631958,0.1429074257612228,-10.9091796875,0.1632663458585739,-10.621367454528809,6.233550071716309,-7.315020561218262,-3.2403812408447266,-0.8589358329772949,-6.172290802001953,-2.199075937271118,-0.8257381916046143,-3.3063149452209477,-1.6087290048599243,-5.295986652374268,1.9261975288391116,-6.041256427764893,0.9429712295532228,-1.8948240280151367,1.163522720336914,-0.5566259026527405,1.884912371635437,-1.520451307296753,-1.818392872810364,0.3621478080749511,0.5955090522766113
10,-14.848115921020508,48.046180725097656,-18.04293441772461,7.857025146484375,-5.946091651916504,6.432437896728516,-0.0473798513412475,5.084817886352539,-6.515472412109375,13.809693336486816,-10.6290922164917,6.351663589477539,-5.964601516723633,2.6795358657836914,-6.688446998596191,-1.5952906608581543,-13.088990211486816,-0.4418870210647583,-11.113507270812988,4.835676193237305,-3.1474905014038086,-0.3730657398700714,-2.3306097984313965,-5.5667829513549805,0.1578544229269027,-3.887415170669556,-4.2804856300354,0.0179965514689683,-7.233767986297607,1.297121286392212,-3.9281740188598633,1.4614479541778564,0.1476652175188064,2.455840826034546,-2.729321956634521,1.2230554819107056,-3.291231870651245,-2.037076473236084,-0.0102823879569768,0.7451289296150208
10,-6.207762241363525,47.10476303100586,-19.974809646606445,7.361607551574707,-7.724790096282959,4.2145161628723145,-0.7168695330619812,5.712571620941162,-5.33592700958252,11.566329002380373,-12.155928611755373,5.6067328453063965,-6.299202919006348,4.18264102935791,-6.551042556762695,-1.6856601238250732,-14.857694625854492,-0.8756879568099976,-9.527976989746094,4.05172872543335,-2.152495145797729,1.526935577392578,-2.40391206741333,-6.195343017578125,1.637090086936951,-4.343744277954102,-4.889469146728516,0.3195010423660278,-8.205377578735352,1.8198367357254028,-2.452875852584839,1.0417604446411133,-0.9905481934547424,2.515253782272339,-2.761313438415528,2.431884527206421,-3.615180730819702,-4.488602638244629,-1.7429187297821045,1.255887508392334
10,-15.575183868408203,49.55240631103516,-20.09430313110352,8.478689193725586,-5.223225116729736,4.947808742523193,-0.7418020367622375,8.378684043884277,-5.119213104248047,6.843764305114746,-10.714755058288574,4.883731365203857,-9.155722618103027,4.205226898193359,-6.595072269439697,0.6064618229866028,-13.34467315673828,-0.9998987317085266,-5.945256233215332,3.752753973007202,-4.197403907775879,-0.4043839871883392,-1.397434115409851,-7.006490707397461,0.7414394021034241,-1.0322281122207642,-4.468810558319092,0.3448590338230133,-5.917158126831055,1.9313262701034544,-2.761582136154175,-0.6502289772033691,-3.5135610103607178,2.3284199237823486,-0.1527568399906158,3.78632116317749,-1.5096772909164429,-4.778946876525879,-3.727500915527344,1.0344091653823853
10,-33.03034591674805,48.44939422607422,-15.897907257080078,11.215754508972168,-2.833085775375366,9.72209358215332,-0.1775556951761245,7.262696743011475,-4.717423439025879,5.540800094604492,-9.254316329956056,6.457258224487305,-10.557266235351562,1.4729536771774292,-6.593460559844971,1.994434475898743,-8.457982063293457,-1.6806275844573977,-7.869296073913574,3.5420196056365967,-5.828778266906738,-5.111761569976807,2.3815758228302,-6.388097286224365,-0.850676417350769,0.9746766090393066,-1.3967410326004028,1.5697543621063232,-4.783720970153809,-0.6941186785697937,-5.239569187164307,0.9058321118354796,-3.7925641536712646,1.5200823545455933,0.2384701520204544,0.9426864981651306,0.3408394455909729,-2.035438537597656,-3.8357667922973633,0.9544414281845092
10,-38.2035026550293,46.41787338256836,-10.469743728637695,12.23472785949707,-1.3764522075653076,13.212714195251465,-0.8196623921394348,4.765679359436035,-5.912909030914307,4.700455188751221,-7.835244655609131,8.725282669067383,-10.197443008422852,-0.4621609449386596,-7.3360490798950195,1.6578288078308103,-5.23582649230957,-2.6403379440307617,-10.72288990020752,3.4512033462524414,-6.23412036895752,-9.129612922668455,5.203679084777832,-6.693185806274414,-1.3917659521102903,1.204453706741333,1.1090153455734253,2.418212890625,-4.501721858978272,-1.619949221611023,-6.099421501159668,2.783949375152588,-3.5922293663024902,0.1204368472099304,0.8801665306091309,-0.6755223274230957,0.4212739467620849,-2.258861303329468,-4.311711311340332,0.4374968707561493
10,-41.921756744384766,48.36933135986328,-10.24914264678955,11.998600006103516,0.8982187509536743,14.092674255371094,-1.1598341464996338,4.073591232299805,-8.1388578414917,6.199018478393555,-5.6913161277771,6.945196628570557,-10.137039184570312,0.1865318417549133,-6.725415229797363,0.957167625427246,-6.118428707122803,-1.6481000185012815,-9.299571990966797,2.793951749801636,-7.376023292541504,-8.389196395874023,3.949561595916748,-7.434083461761475,-1.695209503173828,2.157799243927002,0.7721838355064392,1.8328503370285036,-4.650476932525635,0.909050226211548,-6.0497565269470215,4.001516819000244,-4.109587669372559,-2.586972713470459,0.9928886890411376,-0.5185542702674866,-0.5653023719787598,-2.8046770095825195,-4.553003787994385,0.3639020621776581
10,-72.10580444335938,61.74818420410156,-19.528608322143555,11.821507453918455,1.223826289176941,14.112725257873535,1.4597936868667605,6.6607842445373535,-6.466017723083496,7.904298305511475,-4.752963542938232,6.863396167755127,-10.129083633422852,2.954552173614502,-5.406153678894043,2.1387555599212646,-6.243024349212647,0.0590064860880374,-6.408244609832764,1.3200091123580933,-8.180342674255371,-5.276020526885986,-0.2702638506889343,-5.923336505889893,-2.557081460952759,2.380589723587036,-1.0750408172607422,0.8353118300437927,-4.96259355545044,1.7503172159194946,-6.702540874481201,2.907745122909546,-4.187610626220703,-3.15083909034729,-0.2849937379360199,1.0369664430618286,-0.9985182881355286,-0.8217189311981201,-3.7728872299194336,1.7177786827087402
10,-29.08155059814453,50.28553009033203,-11.795660018920898,8.613702774047852,-4.077028274536133,10.17257308959961,-9.103782653808594,8.219266891479492,-3.3526339530944824,10.218469619750977,-8.650259017944336,6.119724750518799,-9.238868713378906,6.4124860763549805,-8.371320724487305,5.899176597595215,-5.102972984313965,1.5040298700332642,-10.729056358337402,2.245670795440674,-10.06569004058838,-5.230628967285156,0.6490113139152527,-7.535497665405273,0.3588367402553558,1.5334705114364624,-4.157084941864014,1.0400962829589844,-5.200136661529541,-1.6850790977478027,-6.075863361358643,4.36336612701416,-4.911185264587402,-0.0066044759005308,0.8551461100578308,-3.2781858444213867,-1.3792214393615725,-2.149263620376587,-4.56704044342041,0.7837943434715271
10,-26.44205474853516,55.228492736816406,-11.40432071685791,9.648448944091797,-1.4592616558074951,9.124414443969728,-10.83571434020996,5.937660217285156,-4.93634033203125,8.035252571105957,-10.497796058654783,3.684844732284546,-10.596428871154783,4.835140228271484,-9.157365798950195,7.37432336807251,-4.249736309051514,1.646541714668274,-10.157022476196287,1.1966898441314695,-9.122559547424316,-5.146109580993652,2.160658121109009,-7.79354190826416,1.0684112310409546,1.171513915061951,-4.5759596824646,2.948593854904175,-4.395630836486816,-0.7635018229484558,-6.18706750869751,5.109211921691895,-4.890024185180664,-1.0189069509506226,1.3298429250717163,-3.363978385925293,-1.5546557903289795,-2.5048131942749023,-5.308971881866455,0.2778958976268768
10,-29.6097412109375,55.8509407043457,-13.681264877319336,12.11711597442627,0.451702356338501,11.040610313415527,-9.39261245727539,5.698230266571045,-4.184225082397461,8.575820922851562,-10.821074485778809,2.127000331878662,-11.994790077209473,5.345200538635254,-7.985117435455322,5.635088443756104,-5.596116065979004,1.0866554975509644,-8.720049858093262,0.931315004825592,-10.762371063232422,-5.5446953773498535,4.09103536605835,-7.264343738555908,-0.9959838390350342,0.2333689630031585,-5.007267951965332,4.088537693023682,-3.810737371444702,0.591509222984314,-4.32528018951416,5.732138156890869,-4.797044277191162,-1.4629837274551392,-0.5181731581687927,-2.467346429824829,-2.078768014907837,-3.6565895080566406,-4.379714012145996,-1.2198455333709717
10,-36.609493255615234,54.24440002441406,-15.31583309173584,12.583625793457031,0.1117128133773803,13.286014556884766,-7.139567852020264,6.894589900970459,-4.693772792816162,10.901776313781738,-7.986151695251465,4.144444942474365,-11.679780960083008,5.3030104637146,-8.663454055786133,2.563051462173462,-6.562507629394531,0.7440244555473328,-8.577577590942383,1.1043500900268557,-10.137471199035645,-6.224871635437012,3.0272724628448486,-7.777980804443359,-2.8144195079803467,0.9748796224594116,-4.654434680938721,5.113191604614258,-3.138879776000977,-0.837297797203064,-3.422973394393921,6.344013214111328,-5.527949333190918,0.0861378461122512,-0.4152790606021881,-2.295808792114258,-1.2547626495361328,-3.693121671676636,-2.669318914413452,-0.4166644811630249
10,-44.33237838745117,55.56888961791992,-18.11997604370117,11.218792915344238,0.1289560347795486,14.001853942871094,-6.528899669647217,7.153167724609375,-4.683533668518066,8.944524765014648,-8.257684707641602,7.127132415771484,-8.639083862304688,5.977320194244385,-9.718303680419922,2.4174792766571045,-5.46769905090332,0.6914041042327881,-8.618947982788086,0.1946971267461776,-7.97789192199707,-5.1093621253967285,0.3364728689193725,-7.5264573097229,-1.7066292762756348,1.1993993520736694,-3.6627042293548575,4.675807476043701,-4.477590084075928,-0.7888486385345459,-3.2635886669158936,4.738513946533203,-6.544892311096191,0.1957912147045135,0.4392080008983612,-1.772581934928894,0.1112429574131965,-2.9181246757507324,-2.882871389389038,1.7929599285125732
10,-17.371923446655273,46.86516571044922,-13.58564567565918,11.72383975982666,-2.104249954223633,14.390507698059082,3.1640398502349854,16.361217498779297,-7.951649665832519,7.043814659118652,-11.994451522827148,4.701733589172363,-10.259306907653809,2.483015537261963,-8.059910774230957,1.6605982780456543,-6.351312637329102,-0.199463665485382,-13.485368728637695,-2.5438716411590576,-7.570724487304687,-6.152798175811768,-2.9320485591888428,-10.006994247436523,-0.0401286296546459,-0.0743692442774772,-3.1054086685180664,-0.0457279123365879,-3.120845317840576,6.01926326751709,-9.550925254821776,-0.7795338034629822,-0.9154449701309204,1.4202409982681274,2.764295816421509,-0.0249389912933111,-1.6871743202209473,-1.669691801071167,-2.943009853363037,-2.327826976776123
10,-26.945995330810547,45.10603713989258,-12.74916172027588,11.939218521118164,-0.8753265142440796,18.154664993286133,4.576463222503662,15.926548957824709,-7.496050834655762,4.923550605773926,-12.168225288391112,5.396605968475342,-9.098639488220217,2.368654727935791,-7.004163265228272,0.2163449823856353,-7.694046497344971,-1.106090426445007,-9.98996639251709,-1.0216752290725708,-7.437016487121582,-6.676515102386475,-1.7048652172088623,-9.555163383483888,-1.15836501121521,-1.2189394235610962,-3.426342487335205,1.9537187814712524,-5.521478176116943,5.13472318649292,-7.501517295837402,-1.7236109972000122,-3.6039669513702393,1.2300338745117188,2.00534462928772,-1.4615139961242676,-1.6429914236068726,0.5014891028404236,-3.291290760040283,-1.578154683113098
10,-31.586889266967773,46.43441009521485,-13.538317680358888,8.490901947021484,-1.8919423818588257,16.163928985595703,3.865442991256714,16.38634490966797,-7.611291408538818,5.522185802459717,-11.37998104095459,6.186437129974365,-8.241331100463867,4.263959884643555,-4.3126091957092285,0.8006246089935303,-7.081233024597168,-0.8867775201797485,-8.738909721374512,1.3306469917297363,-4.936175346374512,-5.432022571563721,0.1325086057186126,-9.067441940307615,-2.2192366123199463,-0.1074448972940445,-3.4339137077331543,2.7933335304260254,-5.417317390441895,2.632799863815308,-6.529421806335449,-0.6220698952674866,-2.551102638244629,1.7202078104019165,1.2670820951461792,-0.2993759512901306,0.3204943835735321,0.8733376860618591,-2.63289213180542,1.272992491722107
10,-35.026573181152344,50.471458435058594,-11.944174766540527,5.983325004577637,-2.010016202926636,14.650867462158203,0.9603474140167236,14.161259651184082,-7.5884480476379395,7.906142711639404,-9.149290084838867,6.963589668273926,-6.492613792419434,3.706063747406006,-3.2370591163635254,2.164102792739868,-6.0666608810424805,0.3004610240459442,-8.904108047485352,1.56401789188385,-4.756341934204102,-5.96417760848999,0.8839072585105896,-7.640739440917969,-1.6274282932281494,2.564616441726685,-3.59598708152771,1.3594728708267212,-5.667065620422363,0.6009826064109802,-6.825936794281006,2.0133535861968994,-0.8103591203689575,2.131113052368164,1.6843611001968384,1.3530417680740356,1.0446182489395142,0.0931606590747833,-2.223517417907715,3.324995517730713
10,-51.98234176635742,53.10658264160156,-13.187749862670898,6.298926830291748,0.5850339531898499,14.91424560546875,-0.9739624857902528,11.518916130065918,-6.145591735839844,8.319974899291992,-6.622936725616455,7.28692102432251,-7.052350521087647,2.679120779037476,-3.780279874801636,3.6019845008850098,-5.036875247955322,0.8692978620529175,-7.313211441040039,1.3831806182861328,-6.008774757385254,-5.199093818664551,-1.7167317867279053,-6.4112725257873535,-2.6376211643218994,0.1547252684831619,-4.821280479431152,1.642635941505432,-6.195023059844971,0.1584652513265609,-5.284724235534668,3.2914834022521973,-2.082279682159424,1.96628737449646,1.1336054801940918,1.476816177368164,0.0138345621526241,0.0361081101000309,-3.4014089107513428,2.09546422958374
10,-22.563987731933597,44.30488967895508,-12.731857299804688,6.069304943084717,-5.744774341583252,9.423303604125977,-2.4948980808258057,11.02912425994873,-7.898489952087402,6.132953643798828,-7.72911262512207,6.408126831054688,-10.146523475646973,1.5325520038604736,-3.954937696456909,4.390915870666504,-7.097426891326904,-3.8756024837493896,-8.119915008544922,2.14030122756958,-6.123169422149658,-1.388529658317566,-1.9902480840682983,-3.785333395004273,-3.8346550464630127,-0.5122767090797424,-4.741199970245361,1.0787127017974854,-3.57865309715271,2.742062330245972,-7.321756362915039,-0.566114068031311,-3.476667642593384,0.5722988843917847,0.5099420547485352,0.288535326719284,1.6335935592651367,1.3102012872695925,-2.300831794738769,0.0276564676314592
10,-32.402366638183594,47.1897087097168,-14.56717014312744,6.341422080993652,-5.994720458984375,12.55416774749756,-3.09759521484375,9.921716690063477,-6.318478584289551,8.056687355041504,-5.9286980628967285,4.955150604248047,-8.979120254516602,3.1338531970977783,-5.026564598083496,3.729043483734131,-5.095084190368652,-1.7013914585113523,-5.932582378387451,1.0948981046676636,-5.681066513061523,-1.6412901878356934,-1.7615783214569092,-4.689209938049316,-4.988196849822998,-2.679893732070923,-4.320592403411865,2.1460416316986084,-4.913029670715332,1.7080906629562378,-4.943358898162842,1.4881892204284668,-3.9503908157348633,0.9175150394439696,0.3104818165302276,-0.3041685819625854,0.4068675339221954,-0.0193485859781503,-2.1873223781585693,1.10841166973114
10,-46.13942337036133,51.47446823120117,-11.860628128051758,9.606030464172363,-4.300147533416748,15.06363582611084,-1.788532018661499,8.063409805297852,-4.349032878875732,8.706246376037598,-3.995086193084717,4.903378963470459,-8.700668334960938,3.3251473903656006,-5.048259258270264,1.2416749000549316,-5.336827278137207,0.4138432741165161,-5.432632923126221,2.053671836853028,-5.600236415863037,-1.401739239692688,-0.8031136989593506,-6.295398712158203,-4.562026023864746,-3.334023952484131,-5.247175216674805,4.263145923614502,-5.001022338867188,0.6070749163627625,-4.358630657196045,2.7685134410858154,-4.203732490539551,0.684844434261322,-1.3455703258514404,0.1098980456590652,-0.5619124174118042,-1.3707278966903689,-3.867927074432373,1.616168975830078
10,-27.382530212402344,48.451995849609375,-14.352474212646484,16.388771057128906,-0.8286176919937134,13.220666885375977,-1.567703127861023,6.6900954246521,-10.669170379638672,1.7992429733276367,-10.774754524230955,4.194404602050781,-7.153064727783203,1.644474744796753,-2.867748022079468,0.64017254114151,-7.516714572906494,-0.1197476238012313,-10.038619995117188,2.2491250038146973,-6.0407819747924805,0.0670885294675827,-1.3890604972839355,-5.683642387390137,-1.689888834953308,0.6066503524780273,-2.161685943603516,1.7125086784362793,-6.146376609802246,1.8678290843963623,-6.76863431930542,0.1310135126113891,-3.039723396301269,2.5353424549102783,2.738558530807495,1.5030512809753418,1.7026561498641968,0.2181545048952102,-0.5806372165679932,-1.6207393407821655
10,-32.33270263671875,45.54952239990234,-11.291983604431152,14.367464065551758,-1.2081934213638306,14.763691902160645,-2.1606812477111816,6.237125396728516,-10.444706916809082,3.463112592697144,-10.477375030517578,6.308986186981201,-9.016343116760254,0.0920158326625824,-0.9457088708877563,2.90220046043396,-6.612991809844971,1.0496108531951904,-9.599714279174805,2.125411033630371,-6.96610689163208,-3.5693254470825195,-1.6113531589508057,-7.286596298217773,-2.1601994037628174,-2.196982383728028,-2.6257660388946533,3.447564125061035,-6.558633327484131,3.3622419834136963,-5.775733470916748,-0.6037469506263733,-2.9492130279541016,3.377527236938477,1.5368133783340454,3.555490016937256,3.2236311435699463,0.2519813477993011,-1.5874813795089722,-0.1243235394358635
10,-33.60691452026367,43.55929946899414,-11.806822776794434,9.2411527633667,-2.267989158630371,15.766180992126465,-0.1417994797229766,8.59860897064209,-8.841524124145508,5.614114761352539,-10.936983108520508,6.784188270568848,-10.847458839416504,1.590266227722168,1.4821388721466064,5.998324394226074,-7.97608470916748,0.9654724597930908,-8.960073471069336,2.6080939769744877,-7.3124098777771,-6.200889587402344,-1.1157231330871582,-8.55356216430664,-2.9759361743927,-2.8032588958740234,-4.750251293182373,3.354223251342773,-5.855565547943115,2.582054853439331,-5.488866329193115,1.2591062784194946,-1.3154150247573853,1.4680248498916626,0.0432050414383411,3.821565628051758,3.2846481800079346,0.3594267666339874,-0.9706858396530152,2.125720977783203
10,-34.72589111328125,47.50652694702149,-11.60850429534912,5.219250202178955,-3.246774196624756,15.911999702453612,2.3112971782684326,9.770622253417969,-10.427186965942385,6.935766220092773,-10.817721366882324,5.795517444610596,-9.154335975646973,3.940627336502075,-1.196141004562378,3.444185972213745,-9.102779388427734,1.9391376972198489,-7.151357173919678,2.377873659133911,-8.616337776184082,-6.74318790435791,-0.9166778326034546,-8.59831714630127,-2.602471113204956,-1.4538562297821045,-4.135554790496826,2.535317897796631,-5.569270133972168,3.1377577781677246,-4.273360729217529,2.1522746086120605,-0.1979175806045532,0.5449264049530029,-1.5810142755508425,3.106664657592773,3.465641021728516,-1.267812728881836,-1.300519585609436,3.34062933921814
10,-66.3333511352539,61.010623931884766,-15.266572952270508,9.50800609588623,-0.1425846517086029,15.50257396697998,4.15274715423584,8.247735977172852,-10.072253227233888,5.243393421173096,-7.2244462966918945,5.80582857131958,-7.772332668304443,2.2371389865875244,-2.4981067180633545,2.045494556427002,-7.719411373138428,1.639368176460266,-4.667234420776367,0.6830776929855347,-9.666289329528809,-5.698901176452637,-2.1786153316497803,-6.14912748336792,-3.425779104232788,0.2671967446804046,-2.660033226013184,2.906836032867432,-5.366274356842041,4.252721309661865,-4.09663724899292,0.2488081753253936,-2.0700325965881348,1.077088475227356,-1.6466968059539795,3.423740863800049,2.1351547241210938,-1.9371609687805176,-3.268162965774536,2.853376626968384
10,-37.78855514526367,48.64137649536133,-15.8236665725708,14.320368766784668,-1.5841907262802124,13.992178916931152,2.087239980697632,7.857333660125732,-6.311539173126221,2.9126789569854736,-9.852693557739258,5.4378437995910645,-9.987345695495604,3.065298557281494,-0.5585499405860901,0.9594724178314208,-6.129738807678223,4.021273136138916,-8.889663696289062,3.569561004638672,-9.530494689941406,-6.236031532287598,-2.125448942184448,-7.664779186248779,-4.578869819641113,-0.7227988839149475,-2.965816020965576,1.5932010412216189,-7.425625801086426,-0.1716038435697555,-4.4056806564331055,2.2744529247283936,-3.6743531227111816,1.107485055923462,0.4951663613319397,0.159474641084671,-0.0835785418748855,-1.4247032403945925,-1.622482419013977,1.4988185167312622
10,-42.96919631958008,53.16833114624024,-14.94892120361328,12.500606536865234,-0.7830256819725037,13.064371109008787,0.8761190176010132,6.822074890136719,-5.130728721618652,4.732306480407715,-7.923627853393555,4.305445671081543,-10.549460411071776,2.2193620204925537,-2.3777103424072266,-0.907504379749298,-5.236908912658691,3.9055233001708975,-8.410719871520996,0.4491340816020965,-8.445850372314453,-5.848441123962402,-1.841597318649292,-6.883990287780762,-3.863070726394653,-1.0976462364196775,-3.869309902191162,0.5672611594200134,-6.640976428985596,0.7342722415924072,-4.161319255828857,3.1383159160614014,-4.911672115325928,0.3330281376838684,0.4765479862689972,1.3662941455841064,0.2330727726221084,-0.322730541229248,-2.8533499240875244,1.5542610883712769
10,-51.25565719604492,49.205665588378906,-5.821193218231201,16.536222457885742,-4.136457920074463,16.391990661621094,1.495006442070007,5.495645046234131,-5.197194576263428,1.8147330284118648,-9.048469543457031,4.736620903015137,-10.819021224975586,1.380718231201172,-1.2026500701904297,1.9792940616607664,-6.149432182312012,5.796218395233154,-9.765007019042969,2.492925882339477,-8.000232696533203,-3.269620180130005,-1.1874197721481323,-6.624486446380615,-1.6598793268203735,-0.1594565957784652,-5.574054718017578,0.0166013427078723,-8.337983131408691,1.3924009799957275,-5.333358287811279,2.534597635269165,-2.9175655841827397,1.2063393592834473,0.5250990390777588,0.7698193788528442,2.1338419914245605,-1.2784560918807983,-1.2759934663772583,-0.0460539124906063
10,-48.492164611816406,51.73017120361328,-3.429558753967285,13.623649597167969,-5.684852600097656,18.67342758178711,1.3964076042175293,5.750077724456787,-3.773287534713745,3.521716833114624,-8.105712890625,2.5533902645111084,-12.03517723083496,-0.1432029902935028,-1.7688766717910769,3.118809700012207,-5.808427810668945,2.1631579399108887,-10.913283348083496,-0.800010621547699,-7.8035712242126465,-3.54390287399292,-0.7070088982582092,-5.469267845153809,0.4543848633766174,-1.188369631767273,-5.230292320251465,1.03748619556427,-8.74372386932373,3.102790594100952,-5.99444055557251,1.7682974338531494,-3.214447498321533,1.4099630117416382,1.2109177112579346,-0.9174611568450928,1.7964208126068115,-1.1684852838516235,-0.9633588790893556,1.5969513654708862
10,-49.5110969543457,53.07345199584961,-0.5454833507537842,12.551018714904783,-6.334975242614746,19.98381996154785,1.9965566396713257,7.7943010330200195,-2.250571250915528,4.892460346221924,-7.938397407531738,0.2306247800588607,-14.11443042755127,-1.2887130975723269,-0.1267858892679214,4.851888656616211,-6.501701831817627,-0.3529171347618103,-11.783852577209473,-0.5439751744270325,-6.818118572235107,-4.276205062866211,-0.1810749471187591,-3.343024015426636,1.5509105920791626,-2.51350474357605,-4.719652652740479,2.500509023666382,-7.890395164489746,4.056239604949951,-6.074488162994385,1.437086820602417,-3.728559970855713,0.3982267081737518,1.3066306114196775,-2.509681940078736,2.038470983505249,-2.280510425567627,-0.3013370633125305,2.6705000400543213
10,-52.32674026489258,52.76109313964844,-0.1562452614307403,12.879658699035645,-4.25460958480835,20.771183013916016,2.2594106197357178,8.399336814880371,-3.0357580184936523,4.555751323699951,-7.014992713928223,-0.5134230852127075,-14.2150297164917,-0.4786462485790252,1.0596518516540527,3.3593766689300537,-6.438844203948975,0.9912320971488952,-10.215837478637695,-0.5594397783279419,-5.749231815338135,-4.017508506774902,1.518303155899048,-4.990240573883057,0.6963364481925964,-3.7404263019561768,-5.232234001159668,4.003971099853516,-7.795171737670898,4.137612342834473,-7.292917728424072,2.9744372367858887,-3.1679835319519043,-0.2556286752223968,0.0784238576889038,-2.137359380722046,1.0125422477722168,-2.9644789695739746,-1.5276813507080078,1.2197176218032837
10,-48.33757400512695,50.47197723388672,-4.980527877807617,13.002534866333008,-2.305785179138184,19.721942901611328,0.3700399994850158,9.946870803833008,-3.616986989974976,3.954453706741333,-7.892967700958252,0.2153739035129547,-13.752949714660645,2.5724551677703857,2.1180102825164795,2.672977924346924,-5.104437828063965,3.438077449798584,-8.719648361206055,-2.135039567947388,-5.144399166107178,-4.709655284881592,2.621953248977661,-7.183680057525635,-0.6247637271881104,-4.815830707550049,-5.859826564788818,3.461747884750366,-10.08272933959961,3.51055908203125,-7.196881771087647,3.3813493251800537,-2.169055700302124,-0.6495799422264099,-1.3123549222946167,-0.7769995927810669,0.2297132462263107,-1.6274179220199585,-1.3330646753311155,-1.050160527229309
10,-84.49478149414062,82.72661590576172,-19.125316619873047,20.72630500793457,1.969673991203308,20.634483337402344,-1.2703170776367188,5.060380458831787,-5.914742469787598,7.4514970779418945,-4.295279026031494,9.306650161743164,-7.84768009185791,6.119438171386719,-3.578883171081543,3.4482905864715576,-1.3871886730194092,4.533164978027344,-1.3996597528457642,4.960575580596924,-6.262135028839111,-1.5384180545806885,-2.0935094356536865,-4.779858589172363,-2.2146236896514893,-1.0845811367034912,-3.2811899185180664,2.2856433391571045,-4.2691330909729,1.920981526374817,-5.684402942657471,2.87503433227539,-3.998452663421631,0.5569832921028137,-0.6730082035064697,0.000807866861578,-1.7028930187225342,-0.1181985512375831,-2.117856979370117,2.757963895797729
10,-43.81222915649414,75.75861358642578,-13.32568645477295,14.47059154510498,0.0687684491276741,12.72168254852295,3.869705438613892,3.4326419830322266,-1.196492314338684,3.87615966796875,-6.756040096282959,11.10010051727295,-11.807985305786133,2.589897394180298,-7.54550838470459,-2.983926296234131,-9.538745880126951,-0.8397488594055176,-7.604598045349121,1.3746798038482666,-10.97708225250244,-0.2076527625322342,-3.268503904342652,-4.641656398773193,-5.916909217834473,-0.0371829569339752,-4.018434524536133,2.8658571243286133,-2.20125150680542,4.47640323638916,-3.5597939491271973,3.2104666233062744,-2.508494138717652,2.429429292678833,-1.6034715175628662,0.7034799456596375,-0.896436333656311,-1.7742643356323242,-1.8572688102722168,2.1509859561920166
10,-33.113643646240234,53.9871711730957,-17.771385192871094,12.182494163513184,-2.903576135635376,9.89006519317627,-3.9371070861816406,3.998414993286133,-3.138216733932495,2.760601282119751,-10.095927238464355,11.631936073303224,-9.94426727294922,5.513360023498535,-4.243100643157959,2.4285802841186523,-6.993404865264893,4.281613349914551,-7.552303314208984,1.4638270139694214,-8.881160736083984,0.5044640302658081,0.142938494682312,-7.908526420593262,-4.733176708221436,-0.4607941210269928,-1.9736093282699585,0.9095088839530944,-4.743308544158936,1.6499552726745603,-4.294417858123779,1.3151191473007202,-4.884248733520508,-0.3702143132686615,-0.7397275567054749,-1.6537245512008667,-0.0002461201511323,-0.9694429636001588,-2.034299612045288,0.7980741858482361
10,-81.96312713623047,64.06502532958984,-25.16890525817871,13.89605712890625,-6.390376567840576,9.87012767791748,3.831412315368652,8.26189136505127,-0.9952412843704224,5.189898014068604,-9.264927864074709,9.862093925476074,-11.41072940826416,5.589252948760986,0.2012607902288437,1.8155968189239504,-8.813261985778809,0.8565232753753662,-9.450682640075684,4.766578197479248,-6.3502936363220215,-0.8836181163787842,-2.088536739349365,-5.139062881469727,-3.82773494720459,1.051106572151184,-4.183257579803467,0.3649890720844269,-3.445228815078736,1.4903031587600708,-6.397808074951172,-0.166404440999031,-1.4772311449050903,0.6231635808944702,-1.285328984260559,1.0426499843597412,-0.0112962611019611,-0.9507182836532592,-1.3895635604858398,1.1008819341659546
10,-65.53541564941406,57.75475311279297,-17.35106086730957,9.865224838256836,-9.425163269042969,11.464081764221191,1.078067660331726,7.63970422744751,1.2652167081832886,3.98042106628418,-6.363166809082031,8.065815925598145,-12.372516632080078,3.766867160797119,-1.7090325355529783,1.95085883140564,-5.925772190093994,3.262193441390991,-8.78477668762207,7.588537693023682,-9.642539978027344,0.6157824993133545,-1.1137967109680176,-4.182845115661621,-4.0460710525512695,-1.0668888092041016,-5.597137451171875,0.7131344676017761,-3.400726795196533,-1.1732302904129028,-5.089313507080078,-0.8705079555511475,-4.306039810180664,0.8147362470626831,-0.3799989223480224,0.7431504130363464,0.6642842292785645,-1.212453842163086,-1.5033600330352783,-0.4368910789489746
10,-48.288082122802734,57.25984573364258,-23.352807998657227,9.608525276184082,-5.636837005615234,9.250198364257812,2.3073596954345703,11.451250076293944,-4.771664142608643,6.423274040222168,-7.424712181091309,5.932403564453125,-11.077394485473633,3.337389707565308,-2.488368511199951,3.100853443145752,-7.291905403137207,1.9683839082717896,-7.804153919219971,3.6814045906066895,-6.064608573913574,-4.830825328826904,-1.2313247919082642,-4.629781246185303,-2.595700740814209,-0.4717814326286316,-3.053266286849976,0.8489344716072083,-4.702214241027832,4.097625732421875,-6.897364139556885,0.4610424935817718,-2.1982460021972656,1.388950228691101,-1.3132672309875488,-1.0957435369491575,0.7364733815193176,-0.4642261266708374,-1.52629292011261,1.808318018913269
10,-62.28748321533203,59.97005844116211,-19.877775192260746,10.895092964172363,-8.436726570129395,10.430937767028809,-0.7161211371421814,8.196529388427734,-3.089247465133667,4.338728904724121,-4.249328136444092,7.234080791473389,-9.82020378112793,4.134768962860107,-4.091070652008057,3.210897922515869,-3.882132053375244,0.5477849841117859,-6.784804821014404,2.9087584018707275,-5.9909257888793945,-1.8992983102798464,-2.6526243686676025,-4.6023783683776855,-2.7268028259277344,-1.2755026817321775,-3.992147922515869,1.0473593473434448,-3.648281574249268,3.326124668121338,-5.899470329284668,1.0842721462249756,-2.4411582946777344,2.278691530227661,0.0685580894351005,-0.2136297523975372,0.6320134401321411,-0.673396110534668,-3.041033983230591,2.8484010696411133
10,-34.34108352661133,48.56805419921875,-8.384683609008789,7.856561183929443,-9.646957397460938,5.9809088706970215,0.1198896914720535,2.438585996627808,-3.0184898376464844,5.802886962890625,-5.332707405090332,6.828649997711182,-9.79484748840332,4.140089511871338,-3.696923732757568,2.2762131690979004,-4.7411980628967285,0.9041792750358582,-7.590752601623535,4.168064594268799,-9.611323356628418,-1.3619153499603271,-3.243872165679932,-6.288505554199219,-0.4334184825420379,1.4952428340911863,-2.875147819519043,4.050523281097412,-6.201417446136475,-0.071049727499485,-3.991465330123901,0.5615243911743164,-1.2100309133529663,1.4054960012435913,-1.699807047843933,-0.8751296401023865,1.67386794090271,-1.7116775512695312,-2.7055180072784424,1.1890710592269895
10,-29.032304763793945,50.63444900512695,-8.239019393920898,7.989105224609375,-9.387075424194336,5.1097412109375,-1.4980995655059814,2.3176727294921875,-4.982657432556152,9.43384075164795,-2.082604169845581,4.112374782562256,-7.041706562042236,4.961804389953613,-5.11889123916626,-0.0921246707439422,-6.029094219207764,0.7820892333984375,-3.4184436798095703,2.156802177429199,-8.95766830444336,0.0015964397462084,-3.7955338954925537,-5.902474403381348,1.5676854848861694,-0.10624860227108,-2.36067271232605,5.110631942749023,-6.179523944854736,0.5149957537651062,-3.027829170227051,0.6605178713798523,-1.012008786201477,2.1752588748931885,-2.729122400283813,-0.090161956846714,1.989497661590576,-1.2315397262573242,-3.5619313716888428,-0.0314926616847515
10,-22.46466064453125,52.428466796875,-12.011487007141112,11.603915214538574,-7.250667572021484,5.870482921600342,-2.322152137756348,2.762176752090454,-3.073837280273437,8.096013069152832,1.9335750341415403,3.965296506881714,-7.297450542449951,3.0162229537963867,-5.962832927703857,2.1394026279449463,-5.64700984954834,-0.5402802228927612,-0.7060724496841431,0.8684699535369873,-8.95785140991211,-0.6634392738342285,-3.467817544937134,-3.803882360458374,0.5089660882949829,0.1609680503606796,-1.996786117553711,4.247380256652832,-3.751877546310425,4.092102527618408,-3.209826946258545,2.6012816429138184,-0.8011361956596375,0.953834593296051,-1.7136235237121582,-0.2848873436450958,-0.5579702854156494,1.00940203666687,-5.782230377197266,-0.8271008729934692
10,-18.56258201599121,54.16141128540039,-14.13649845123291,14.96590518951416,-5.755420684814453,6.108099460601807,-2.599686622619629,1.5896061658859253,-1.893770456314087,3.962756633758545,1.2180521488189695,6.851662635803223,-8.505724906921387,1.5874981880187988,-5.599637031555176,5.46915340423584,-4.754910945892334,-3.166501045227051,-1.6472878456115725,1.7721076011657717,-8.262450218200684,-3.003671169281006,-2.3821845054626465,-2.3322105407714844,-1.5845056772232056,1.5803197622299194,-2.3351480960845947,2.6182525157928467,-2.8906619548797607,5.404065132141113,-3.2699460983276367,4.748973846435547,-0.7357962131500244,-0.4576897621154785,0.0744839683175087,-1.4094393253326416,-2.3707664012908936,2.590967893600464,-6.521869659423828,-1.573685884475708
10,-26.98137664794922,57.620880126953125,-12.170909881591797,14.963722229003906,-6.347824096679688,8.556825637817383,-0.3300297856330871,2.467233180999756,-2.522352457046509,4.169212818145752,-1.904417872428894,9.42587184906006,-7.848426818847656,3.568807363510132,-4.547348499298096,6.329759120941162,-3.0476765632629395,-1.284352421760559,-2.6305525302886963,2.435570478439331,-8.383339881896973,-3.512777090072632,-1.8194477558135984,-2.0118930339813232,-0.5769118666648865,2.4524776935577397,-0.4744181931018829,1.4061870574951172,-4.427814960479736,4.789482116699219,-4.594265937805176,4.5380048751831055,1.046594262123108,-0.4157589673995971,1.7771525382995603,-0.8109031915664673,-1.464833378791809,3.1307079792022705,-4.189618110656738,-2.0630385875701904
10,-30.931583404541016,53.87702178955078,-10.149023056030272,18.68320083618164,-4.6312456130981445,12.054190635681152,1.8472132682800293,6.064502716064453,-0.6575683951377869,4.172660827636719,-2.779424905776977,7.70543098449707,-7.014301300048828,5.110805034637451,-5.366425037384033,6.009517192840576,-2.575644969940185,-0.4591996669769287,-0.909372866153717,0.257295697927475,-6.365656852722168,-2.085314989089966,-3.257472515106201,-1.4810762405395508,1.190581440925598,2.3571815490722656,1.9056025743484497,3.87211012840271,-3.4231252670288086,5.31411600112915,-5.455182075500488,2.63405179977417,1.5969979763031006,0.7168741226196289,-0.5933910012245178,0.4999444186687469,-0.8382530212402344,1.9391741752624512,-2.8015496730804443,-0.4785201251506805
10,-25.39954948425293,49.65717697143555,-15.57551097869873,20.18090057373047,-1.1177544593811035,12.71584129333496,-0.8880780339241028,5.08407735824585,-1.627030372619629,3.6770055294036874,-1.9562433958053589,4.89771032333374,-9.197813034057615,2.522167682647705,-6.456788539886475,4.55593729019165,-3.5798959732055664,-1.8263447284698489,-2.2720229625701904,-2.470393657684326,-4.934824466705322,-0.6355932950973511,-3.640048503875733,0.9064786434173584,-0.1771885901689529,-0.2245430499315261,-0.1027839109301567,5.982267379760742,-2.7350172996521,3.360151767730713,-4.228736400604248,3.849331378936768,1.3144506216049194,2.328867197036743,-2.4825711250305176,0.3422487676143646,-0.3804768323898315,0.6050255298614502,-4.425510883331299,0.5147443413734436
10,-33.16807556152344,50.22581100463867,-19.590532302856445,17.41946029663086,-0.3473449349403381,12.74360466003418,-2.7663559913635254,4.451163291931152,-4.302850246429443,0.6350356340408325,-0.2442342489957809,4.029469013214111,-8.12069320678711,0.1600022912025451,-3.819012403488159,2.67863130569458,-3.842548370361328,0.6728904843330383,-5.182619094848633,-2.4598958492279053,-6.376879692077637,-1.801973581314087,-0.4798408448696136,1.7925848960876465,-2.0368807315826416,-1.7094322443008425,-3.188039779663086,4.511849403381348,-4.144415378570557,-0.0818183794617652,-4.670072078704834,5.809508323669434,0.7561005353927612,3.425626039505005,-1.9457345008850095,1.2992054224014282,0.4701354503631592,0.2758012115955353,-5.753835201263428,0.0022998766507953
10,-34.74395751953125,46.05489730834961,-7.555988788604736,11.71626091003418,-6.630234241485596,16.148658752441406,0.5143353939056396,4.97562313079834,0.8590124845504761,2.3461687564849854,-7.148982048034668,6.3621506690979,-9.771051406860352,-1.2764911651611328,-3.4321000576019287,-0.8127309083938599,-8.228236198425293,-0.96572345495224,-12.160423278808594,3.2836849689483643,-5.729522705078125,-2.869706153869629,-1.6579879522323608,-5.484899997711182,-3.250385999679565,2.265350341796875,-2.472207546234131,4.206610202789307,-2.7419443130493164,3.0249481201171875,-7.26846981048584,4.41880989074707,-2.1695916652679443,-0.3116977214813232,1.5861761569976809,-1.4036595821380615,1.5604181289672852,-1.1536685228347778,-3.738570213317871,1.5206438302993774
10,-44.578521728515625,45.17706680297852,-6.52407169342041,11.401498794555664,-4.5182719230651855,17.87061309814453,-1.7219246625900269,4.38781213760376,0.4633586704730987,3.032104253768921,-6.8370747566223145,6.090173244476318,-10.792224884033203,-1.3196269273757937,-4.781163215637207,-0.4618103504180908,-6.902739524841309,-0.8510830402374268,-9.720970153808594,3.9387707710266113,-4.569190502166748,-3.421319007873535,-1.8290027379989624,-5.776377201080322,-2.411253929138184,0.1884130090475082,-2.6431238651275635,4.437225341796875,-3.600024938583374,4.234668731689453,-5.953475475311279,4.512300968170166,-2.63431167602539,-0.278292715549469,3.108020305633545,-1.4581291675567627,1.99450159072876,0.4529844522476196,-3.2718632221221924,1.632697343826294
10,-48.12974166870117,45.2297248840332,-9.046989440917969,11.955278396606444,-0.8373451828956604,17.0125789642334,0.6314107179641724,4.425304412841797,-2.24804162979126,6.12362003326416,-7.789328575134277,4.235894680023193,-12.41197681427002,-1.492787480354309,-4.141611099243164,1.711234211921692,-6.375269412994385,0.7355534434318542,-7.964748382568359,2.346852779388428,-5.296091556549072,-5.144428730010986,-1.644477128982544,-5.813364505767822,-0.8414003252983093,0.6391517519950867,-3.228219985961914,3.2517495155334477,-4.438411712646484,3.4826948642730717,-5.375778198242188,4.732143878936768,-3.225785970687866,-0.4957870841026306,2.1704978942871094,-0.5603213310241699,1.3542205095291138,0.8404977321624756,-2.8574535846710205,1.2124415636062622
10,-42.7111701965332,45.076751708984375,-13.1863374710083,11.883014678955078,-0.162262886762619,13.09748649597168,3.0174293518066406,4.983408451080322,-2.9136221408843994,8.390339851379395,-8.64870548248291,2.6425621509552,-12.459218978881836,-0.9874927997589112,-2.087162494659424,2.743225336074829,-4.780220985412598,1.6599355936050415,-8.488313674926758,1.426600456237793,-4.8595380783081055,-5.607298374176025,-1.3887832164764404,-7.912713527679443,-0.6726980209350586,2.4628448486328125,-4.542304992675781,2.151873111724853,-5.004415035247803,-0.2893843352794647,-4.532412052154541,6.547092914581299,-2.429318428039551,0.6334194540977478,2.4673962593078613,-0.2131288051605224,-0.7606226801872253,0.3956185579299927,-4.315476417541504,0.2279998213052749
10,-35.77781295776367,43.39294052124024,-15.602559089660645,9.594650268554688,-0.3447228074073791,11.296720504760742,3.512670516967773,5.113010406494141,-3.1766815185546875,7.645994186401367,-8.333142280578613,2.3739516735076904,-11.26103401184082,0.5487793684005737,-0.846191942691803,2.7937142848968506,-2.837294101715088,2.0078558921813965,-8.40450668334961,-0.5194792747497559,-4.077703475952148,-5.256345748901367,-1.4010779857635498,-10.741804122924805,-1.4980483055114746,2.6983120441436768,-3.825331211090088,1.0513049364089966,-5.73110294342041,-1.5422844886779783,-3.3946189880371094,7.3462138175964355,-1.8100652694702148,0.561957061290741,4.868026256561279,0.7288013100624084,-1.303223729133606,-0.3033779859542846,-4.770596504211426,-1.1813688278198242
10,-439.9457092285156,130.7963409423828,-33.2983512878418,-16.118247985839844,21.784412384033203,17.796268463134766,-12.320446014404297,-5.95160722732544,22.066181182861328,30.138885498046875,8.743059158325195,27.64232444763184,9.342962265014648,2.6899890899658203,1.2087898254394531,13.205169677734377,12.50615406036377,1.452362060546875,1.98852801322937,15.229565620422363,15.310336112976074,4.52133321762085,-3.511491060256958,1.4587373733520508,-0.0330287814140319,-0.3585659861564636,3.249431610107422,0.0634748935699462,-3.821173429489136,4.111361026763916,11.622315406799316,10.547589302062988,-4.052947044372559,-2.846320629119873,-3.767862319946289,1.621661901473999,-0.3432631194591522,0.379521369934082,5.707211494445801,2.7058796882629395
5,-197.6496734619141,112.67829132080078,-23.3001708984375,18.31246566772461,6.281783580780029,8.550674438476562,-1.6987098455429075,6.009693622589111,-2.0205416679382324,2.6008825302124023,-10.65363883972168,5.508871078491211,1.181455373764038,3.533750057220459,-4.191744804382324,4.75995397567749,-5.259590148925781,1.274306297302246,-7.736826419830322,1.8087334632873533,-2.3412649631500244,4.803284168243408,-3.244389772415161,1.2889422178268433,-2.530092000961304,2.44646430015564,-4.505399227142334,3.833845615386963,-2.194760322570801,3.5989432334899902,-4.533945560455322,2.506059169769287,-0.2288849651813507,1.3139872550964355,-3.136626005172729,0.5325244665145874,-4.219724655151367,0.1814179569482803,-2.960031509399414,1.993870735168457
5,-196.00601196289065,131.95631408691406,-26.08991432189941,16.413515090942383,3.403762102127075,3.0871059894561768,0.875666618347168,2.8826706409454346,-1.9988343715667725,3.9028303623199454,-4.435811996459961,7.405046939849853,1.636519193649292,4.44674015045166,-7.083597660064697,0.7398743629455566,-7.0744218826293945,0.1541004925966262,-5.719796657562256,1.7620023488998413,-4.378401756286621,3.499692440032959,-3.2362477779388428,0.6156172752380371,-2.67671799659729,1.8213894367218015,-5.206021308898926,2.496157169342041,-3.3416507244110107,1.199276328086853,-3.5532658100128174,2.556701898574829,-2.464812994003296,2.02503514289856,-3.65029525756836,0.4235597252845764,-3.073547124862671,0.963350236415863,-5.277672290802002,0.9479559659957886
5,-194.18804931640625,125.4771728515625,-19.368194580078125,15.908931732177734,3.3957014083862305,3.5936059951782227,-2.2013955116271973,4.685748100280762,-0.1324340254068374,1.7484906911849976,-8.687841415405273,9.151516914367676,-1.0419687032699585,2.8979697227478027,-1.583954691886902,3.454969882965088,-6.6113762855529785,-0.5998368263244629,-6.93026065826416,3.0218937397003174,-6.210236072540283,1.259243130683899,-4.233639240264893,-0.0523970834910869,-3.602107286453247,3.380955934524536,-3.0409398078918457,0.6134705543518066,-5.014268398284912,1.1913397312164309,-3.142277240753174,1.591657042503357,-2.717425584793091,2.142031192779541,-3.869085550308228,1.821896195411682,-2.8606834411621094,1.4925107955932615,-3.077765464782715,1.1010514497756958
5,-183.21612548828125,121.97917938232422,-23.966367721557617,21.138132095336918,1.3475000858306885,1.626686930656433,-0.4584181308746338,5.1477766036987305,-1.7026938199996948,1.3020573854446411,-10.079463005065918,6.499551773071289,0.3616470694541931,4.365408897399902,-1.0102273225784302,5.673123836517334,-6.897172451019287,0.7007380723953247,-6.095203399658203,2.2677736282348637,-3.1790809631347656,3.361250162124634,-5.121538162231445,2.6231188774108887,-1.6529148817062378,2.5335822105407715,-3.195146083831787,2.606609582901001,-3.571329355239868,1.367611527442932,-5.030811309814453,1.494522213935852,-2.542283535003662,3.0045166015625,-4.739683151245117,1.3367908000946045,-3.000730276107788,-1.004552125930786,-3.854797601699829,3.60055947303772
5,-178.7675018310547,122.5303726196289,-21.99689102172852,20.59052276611328,1.3369694948196411,4.150572776794434,-2.077378988265991,4.118384838104248,-2.3249645233154297,1.9077974557876587,-8.923666000366211,6.014755725860596,1.688172459602356,3.443198204040528,-3.405760765075684,3.267865896224976,-8.242485046386719,0.6967670917510986,-6.630667686462402,2.387855291366577,-2.810875177383423,3.645569086074829,-4.556384086608887,1.8894388675689695,-2.904621124267578,3.180001735687256,-2.340424060821533,2.045862436294556,-2.9537198543548584,2.603121519088745,-4.407643795013428,1.1615427732467651,-3.5758304595947266,2.570687770843506,-4.647752285003662,0.1418786495923996,-4.814383506774902,-0.8338630199432373,-3.1417605876922607,2.1427700519561768
5,-166.0062255859375,123.11045837402344,-21.1220703125,18.736927032470703,-0.1106025800108909,5.123741626739502,-1.8366776704788208,0.8122174143791199,-2.747605085372925,3.3051235675811768,-5.209451198577881,5.469996929168701,-0.7597386240959167,2.6860241889953613,-4.855808258056641,1.4955778121948242,-6.864063262939453,2.696993589401245,-4.6965813636779785,2.4672787189483643,-3.715571880340576,2.7881851196289062,-2.7649288177490234,1.757234811782837,-4.6925787925720215,3.1738359928131104,-3.186218500137329,1.5592316389083862,-2.734782218933105,2.1472527980804443,-3.2939043045043945,2.490587949752808,-4.242238521575928,0.4210511445999145,-3.9939606189727774,-0.7743299007415771,-4.569083213806152,0.9668998122215272,-2.6017403602600098,2.606583833694458
5,-145.3522186279297,99.0020523071289,-13.028087615966797,14.583621978759766,8.764180183410645,3.075213670730591,-0.2055312097072601,2.923945188522339,-5.230443477630615,-3.876176357269287,-6.171195983886719,6.189187049865723,-2.114408493041992,-0.890953540802002,-7.401025772094727,2.893282413482666,-5.403477668762207,1.6550569534301758,-5.248713970184326,3.352156639099121,-2.723319292068481,2.7682230472564697,-3.002347469329834,2.424610376358032,-2.2359139919281006,4.920709609985352,-5.020426273345947,0.9109079241752625,-3.305981159210205,1.8773062229156492,-4.968348026275635,0.8505487442016602,-3.257664918899536,1.50199294090271,-4.77252721786499,0.6345269680023193,-2.2218475341796875,4.550478458404541,-0.9334025382995604,2.546914577484131
5,-154.2516326904297,120.86937713623048,-30.312471389770508,22.31210708618164,-2.9855620861053467,5.723108291625977,-1.5255508422851562,4.803147315979004,2.200510263442993,-2.908679723739624,-10.476934432983398,2.2564857006073,-3.483469724655152,3.1983025074005127,-2.8827083110809326,7.047860145568848,-6.880824089050293,0.9810253977775574,-3.355268716812134,3.407982349395752,-2.2159883975982666,5.811685562133789,-4.107536315917969,2.198430299758911,-3.1710307598114014,2.5468590259552,-2.796964645385742,-0.4093842208385467,-3.555314064025879,3.322706937789917,-3.009413957595825,0.0414643920958042,-3.625046491622925,1.6607091426849363,-4.065744876861572,0.259423553943634,-3.067554712295532,3.804475069046021,-1.0149741172790527,2.150457859039306
5,-375.0589294433594,40.12961196899414,-2.0038809776306152,6.863521575927734,2.117091655731201,4.6173505783081055,1.6473923921585083,5.516736030578613,1.6837514638900757,4.54597806930542,3.131974220275879,2.8710877895355225,1.3145862817764282,5.359881401062012,4.9698004722595215,6.678739547729492,4.6740922927856445,5.088714122772217,4.596785545349121,6.3614912033081055,5.2682785987854,5.607262134552002,5.227118015289307,6.070972442626953,4.344354629516602,5.322543144226074,4.435815334320068,5.3453240394592285,3.9765822887420654,4.4247589111328125,3.622336626052856,4.604086399078369,2.9579274654388428,4.247320652008057,3.1095633506774902,4.368759632110596,3.2245192527771,2.686720609664917,1.2102500200271606,2.267213821411133
5,-424.6523132324219,33.736541748046875,-2.407845973968506,4.380960941314697,0.6268259286880493,3.595047950744629,0.4528154730796814,4.273285388946533,0.8634347319602966,2.7812016010284424,1.9758484363555908,2.412067413330078,1.0998386144638062,4.085087776184082,3.697388410568237,4.764350414276123,3.5364792346954346,4.309269428253174,3.04215407371521,4.899142742156982,3.920966863632202,4.4511542320251465,3.8039584159851074,5.452591419219971,4.147623538970947,4.237059593200684,3.635041475296021,4.787417888641357,3.706622838973999,4.23453426361084,2.31736421585083,3.7424588203430176,2.774420499801636,3.687572956085205,2.8367087841033936,3.620419502258301,2.833316802978516,2.4584641456604004,1.6279879808425903,1.698722004890442
5,-397.5503234863281,32.97065353393555,-4.340216159820557,1.895007610321045,-0.9092342257499696,3.193743944168091,-0.4964146316051483,1.821088910102844,-0.9792426228523254,1.6470381021499634,0.2756718397140503,0.265284925699234,-0.5130898952484131,2.432870864868164,1.8490440845489504,3.776913642883301,1.6854581832885742,3.029144525527954,2.0697968006134038,4.108703136444092,2.5734972953796387,3.1576967239379883,2.180224895477295,3.4816253185272217,1.8991007804870603,2.9834442138671875,2.657961368560791,3.343899726867676,2.286083698272705,2.291971206665039,1.321516036987305,2.069237470626831,1.3636443614959717,2.6517574787139893,1.906864643096924,3.051708221435547,1.7556504011154177,0.9834110140800476,0.1857205927371978,0.6660234332084656
5,-389.105712890625,34.496612548828125,-3.4429168701171875,1.4465185403823853,-0.8435396552085876,2.681623935699463,-0.3819805383682251,2.5771167278289795,-0.2366616129875183,2.13371205329895,1.0419079065322876,0.0684661641716957,-1.3121172189712524,1.926431894302368,2.982630491256714,4.803198337554932,1.90272319316864,2.861240863800049,2.2386646270751958,4.98608922958374,2.753271102905273,2.979900598526001,2.427473545074463,3.0895676612854004,1.4885451793670654,2.88063383102417,2.774294376373291,2.6237576007843018,1.9456456899642944,2.5630433559417725,1.5079470872879028,3.0751829147338867,1.8536148071289065,2.9064769744873047,1.8461601734161377,2.7668545246124268,1.3723318576812744,1.6766793727874756,1.4279683828353882,1.8586317300796509
5,-392.5736083984375,32.111114501953125,-3.837242126464844,1.586816906929016,-1.1351150274276731,2.759302854537964,-0.3480881750583648,2.181455373764038,-0.4063355624675751,2.2306978702545166,0.5840998888015747,0.7454652786254883,-1.1480491161346436,1.4593214988708496,2.5782315731048584,5.094985008239746,2.03859806060791,2.895962953567505,2.4885706901550293,4.073861598968506,2.559727191925049,3.05030369758606,1.6132248640060425,2.479187250137329,1.4404741525650024,2.9254403114318848,2.492934465408325,3.040015935897827,2.3165903091430664,2.5745174884796143,1.1036900281906128,2.3378794193267822,2.185369968414306,2.467894554138184,1.4352360963821411,2.7532708644866943,1.7534568309783936,2.1670217514038086,0.9904632568359376,1.6022337675094604
5,-374.1437683105469,41.45769882202149,-5.089180946350098,2.8595166206359863,-1.2350516319274902,2.456960201263428,-0.2657855451107025,2.609050273895264,-0.3996425867080688,2.6994524002075195,0.8113154172897339,0.075356125831604,-1.22154438495636,1.767306923866272,3.4090383052825928,5.69148063659668,2.7616686820983887,3.765298128128052,2.705897092819214,5.025544166564941,3.2660906314849854,3.586543560028076,1.7096625566482544,2.9841716289520264,1.8760952949523928,2.7291529178619385,2.046757936477661,3.4552454948425293,2.496522665023804,3.075237512588501,1.3742051124572754,3.3711142539978027,2.0413661003112797,2.179286241531372,1.7765849828720093,2.965913772583008,2.530575752258301,2.0909438133239746,1.1092300415039062,1.7613403797149658
5,-316.2455139160156,57.433441162109375,-7.517630577087402,2.2138326168060303,-2.8139214515686035,4.541013717651367,-2.406524181365967,2.375868558883667,-1.235095739364624,2.910067558288574,-0.2591469883918762,-0.2291363179683685,-2.9121315479278564,0.6229174137115479,3.9291141033172607,7.453007221221924,3.4356231689453125,3.598461866378784,2.785300970077514,6.8894124031066895,3.782065153121948,3.714866399765015,1.9791076183319087,3.503364324569702,1.653574824333191,3.779458522796631,3.157501220703125,3.538532018661499,3.1539576053619385,3.124204397201538,0.9975093007087708,3.3603758811950684,2.2247257232666016,3.035094976425171,1.591298222541809,4.13770866394043,2.8949036598205566,2.479345321655273,0.6567873954772949,2.124342441558838
5,-373.1331481933594,38.38065719604492,-1.5192325115203855,8.904511451721191,2.598031759262085,5.491410255432129,1.6669176816940308,5.065980911254883,2.030550479888916,4.113339900970459,3.067381858825684,4.112030506134033,1.952160716056824,5.431719303131104,5.566583633422852,6.698751449584961,3.769739389419556,5.416605949401856,4.77819299697876,6.906843662261963,5.344969272613525,6.296748161315918,5.456780433654785,5.913909912109375,4.8992109298706055,5.259573936462402,4.583428859710693,5.583337783813477,4.394976615905762,4.656371593475342,3.847939729690552,4.681617259979248,3.62386155128479,4.430380821228027,3.081611156463623,4.270068645477295,3.080265998840332,2.985439777374268,2.098120927810669,2.3153011798858643
5,-382.6054992675781,38.599552154541016,0.3018897771835327,10.112646102905272,3.989793300628662,6.161769390106201,2.8166162967681885,5.888111114501953,2.3141088485717773,5.251263618469238,3.617756366729736,4.805621147155762,2.6705431938171387,5.530455112457275,5.494870185852051,6.411134719848633,4.422456741333008,5.827459812164307,4.792173862457275,6.270320415496826,5.067286968231201,5.890476703643799,4.857901573181152,5.404002189636231,4.507411956787109,5.828275680541992,3.854348659515381,4.883933067321777,3.8263113498687744,4.306272506713867,3.1000070571899414,3.9843437671661377,2.7020177841186523,3.5635170936584477,2.2974722385406494,3.4749648571014404,1.8887535333633425,2.410649061203003,1.1104397773742676,1.45813250541687
5,-367.9288330078125,39.45199203491211,-3.15390419960022,7.0191168785095215,2.676036834716797,6.107417106628418,2.4892544746398926,6.392017841339111,1.491913914680481,4.163539409637451,3.633543491363525,4.801874160766602,2.699723243713379,5.622438907623291,5.571437835693359,6.989786148071289,4.121488571166992,5.731522083282471,5.4405837059021,7.224456310272217,5.931555271148682,6.680202007293701,5.0587897300720215,6.378098487854004,5.369784355163574,6.53384256362915,4.72654390335083,4.824160575866699,4.645660400390625,4.888554573059082,3.329375505447388,4.7167510986328125,3.57016396522522,4.197121620178223,2.943132877349853,4.259875297546387,3.749468564987183,3.834333896636963,2.9214932918548584,3.848175048828125
5,-443.7074890136719,34.85245132446289,-2.493427276611328,5.100013732910156,0.5245528221130371,4.468834400177002,1.1803940534591677,4.158563613891602,0.6114153861999512,3.128531217575073,1.7666443586349487,1.843932628631592,0.5109219551086426,4.7733964920043945,3.674158334732056,4.991953372955322,3.922952175140381,5.324801921844482,3.3801090717315674,5.301791667938232,3.704692840576172,3.7921125888824463,3.7303502559661865,5.282599925994873,3.180206537246704,4.784704208374023,3.867165327072144,4.193703651428223,2.79097056388855,3.7577173709869385,3.156082391738892,4.205745697021484,3.427241325378418,4.095043182373047,3.051382303237915,3.656748056411743,3.0744564533233643,3.4858598709106445,1.8394855260849,2.5569984912872314
5,-451.5268249511719,32.66252517700195,-1.4318795204162598,4.908601760864258,1.617605686187744,4.263733863830566,1.7969943284988403,5.567409038543701,2.35146713256836,2.817929983139038,1.9714175462722776,2.9839327335357666,1.4652708768844604,4.886157512664795,4.126898765563965,4.902980327606201,3.85852575302124,5.584488868713379,3.702311992645264,4.736886024475098,3.7010340690612793,4.497989177703857,3.6845591068267822,4.81888484954834,3.634024143218994,4.0590925216674805,3.0336217880249023,3.703471183776856,2.402673721313477,3.170306205749512,2.520770072937012,3.450790882110596,2.54858136177063,3.213372230529785,2.1777565479278564,3.0535783767700195,2.230837821960449,2.2467410564422607,1.202271580696106,1.6814106702804563
5,-435.6150512695313,34.70565414428711,-1.7081164121627808,3.087477207183838,-1.508286476135254,2.314293384552002,0.9431971907615662,4.270142078399658,-0.7061704397201538,0.8118863701820374,0.3314661383628845,1.8696627616882324,1.2739359140396118,5.16396951675415,4.003664016723633,4.462637424468994,3.289894819259644,4.639963150024414,3.3663229942321777,4.238276958465576,4.367160320281982,4.3028645515441895,3.1905148029327397,4.000792503356934,2.65877628326416,3.5528759956359863,2.790074825286865,3.2169411182403564,1.7365034818649292,1.6006759405136108,1.946190595626831,4.204572677612305,4.13821268081665,5.737339973449707,5.1254401206970215,5.153961181640625,3.277128934860229,2.9583065509796143,1.310004711151123,1.9763091802597048
5,-431.8031005859375,34.653564453125,-3.294893264770508,4.230858325958252,0.7411085367202759,4.012881755828857,1.090570330619812,3.9132189750671382,0.672561526298523,2.386346340179444,1.2968435287475586,2.586977481842041,0.9760701060295104,4.085077285766602,4.010396480560303,5.1845550537109375,3.161754608154297,4.568666458129883,2.9222512245178223,4.768844127655029,3.673693418502808,4.680220603942871,4.113192081451416,4.860743522644043,3.50593900680542,4.86948299407959,3.150817632675171,4.312316417694092,2.9544336795806885,3.762264490127564,2.5486459732055664,3.5940499305725098,2.84382700920105,3.3171331882476807,2.462175130844116,3.7051842212677,2.603847980499268,2.63262152671814,1.3280763626098633,1.8717728853225708
5,-422.952392578125,24.16364479064941,-2.69092345237732,1.837910532951355,-0.1712629050016403,2.41223692893982,-0.6744546890258789,1.7949652671813965,-0.0830757841467857,1.5849249362945557,0.5470127463340759,0.0688437297940254,-0.3874677121639251,2.081477165222168,1.6593800783157349,2.7410888671875,1.6846846342086792,2.678584098815918,1.8376436233520508,3.3269293308258057,2.2185721397399902,2.6712472438812256,1.982550382614136,2.7656121253967285,1.7243191003799438,2.645760059356689,1.4288955926895142,2.5544135570526123,1.8877594470977783,2.20764684677124,1.5614556074142456,2.528778553009033,1.6632723808288574,2.278774738311768,1.820992946624756,2.285238742828369,1.505795121192932,1.0211327075958252,0.5620241165161133,0.8674329519271851
8,-330.5122985839844,53.522193908691406,-7.608951091766357,5.077834129333496,-0.259463757276535,4.012726306915283,-2.3736443519592285,1.3546240329742432,-1.4994179010391235,1.751630783081055,-0.3767072260379791,0.4305993616580963,-0.439013808965683,3.263786554336548,4.811257362365723,4.217642784118652,0.5021129250526428,4.54325532913208,2.947538375854492,6.688520908355713,4.275930881500244,4.583754062652588,2.1984200477600098,4.55534029006958,2.1257660388946533,4.083938121795654,2.7551581859588623,4.987258434295654,2.9891812801361084,2.868018865585327,1.8333784341812132,3.160693883895874,1.709446907043457,4.050135135650635,2.383660793304444,4.334783554077148,2.687528371810913,1.1705667972564695,-0.2690116763114929,1.0727335214614868
8,-289.9770202636719,66.39789581298828,-10.327276229858398,3.306326150894165,-2.304320812225342,4.324782848358154,-4.42735767364502,1.8656704425811768,-3.1114842891693115,3.0798003673553467,-1.6577262878417969,-0.8329663872718811,-1.88623571395874,3.267277479171753,5.232689380645752,7.159343242645264,0.2995599508285522,4.958128929138184,5.496825695037842,7.276791095733643,5.1805419921875,4.496395587921143,1.2472375631332395,4.915883541107178,0.2501447796821594,3.731511116027832,3.674294948577881,5.141247749328613,3.209524393081665,3.881057739257813,1.28010356426239,4.458696842193604,1.7292728424072266,2.7490103244781494,1.7496047019958496,3.7233693599700928,1.748671293258667,3.5739846229553223,1.926448464393616,2.9866843223571777
8,-256.9397888183594,75.52545928955078,-10.210010528564451,3.2622971534729004,-1.9956570863723757,5.447043418884277,-2.4088501930236816,2.0174789428710938,-4.270826816558838,1.6372288465499878,-0.990954339504242,0.0678455978631973,-1.2278356552124023,2.96848201751709,4.550314426422119,9.348638534545898,-0.0556530468165874,2.8609914779663086,2.348165512084961,6.46190357208252,6.039994239807129,7.363377571105957,1.6177592277526855,5.39892578125,1.2668099403381348,5.873111724853516,3.6531200408935542,5.573160171508789,4.9142231941223145,2.4404425621032715,1.3634754419326782,2.877945899963379,2.8312902450561523,5.028244495391846,1.6695555448532104,4.817041873931885,2.6318225860595703,2.7686216831207275,-0.5844528079032898,1.5468816757202148
8,-270.8294372558594,68.9877700805664,-10.087970733642578,3.365317821502685,-2.779459238052368,4.444862842559815,-3.6372923851013184,1.1249239444732666,-4.215300559997559,1.5549732446670532,-1.6838299036026,0.1677353382110595,-2.08407998085022,2.0814208984375,5.5076518058776855,9.596592903137209,1.8447389602661133,4.571272850036621,2.879897117614746,6.215167045593262,6.016770362854004,5.77522611618042,2.4167463779449463,5.769977569580078,0.1012980788946151,3.746054410934448,3.837270736694336,5.289763450622559,3.938978672027588,3.021411418914795,2.3769102096557617,4.873823642730713,2.131941795349121,2.641595363616944,1.5240862369537354,4.83075475692749,3.7614903450012207,2.9230446815490723,1.924983024597168,2.543351411819458
8,-310.2701110839844,59.84202194213867,-7.677155017852783,3.956094741821289,-0.9850066304206848,3.967456102371216,-2.288740873336792,2.4509592056274414,-2.957477569580078,1.5168577432632446,-0.8171142935752869,0.9622052311897278,-1.9108806848526,2.302342653274536,4.738513946533203,8.530325889587402,2.4342191219329834,3.814260482788086,3.3775923252105717,5.371464252471924,4.475281715393066,5.4195427894592285,1.5443649291992188,4.727870941162109,1.018940806388855,3.750933408737183,3.486801862716675,5.039492130279541,3.900162935256958,2.192518949508667,1.8251880407333372,4.424722671508789,2.0851376056671143,2.641918897628784,1.3764705657958984,4.8282470703125,2.7541511058807373,2.630989789962769,1.7012805938720703,2.714676856994629
8,-290.46832275390625,65.4823989868164,-8.688456535339355,4.057509422302246,-1.6582894325256348,4.880129337310791,-2.561862707138061,1.634358525276184,-3.772506475448608,1.7238140106201172,-1.454882025718689,0.1154216974973678,-1.891710996627808,2.4279427528381348,4.85249662399292,9.102276802062988,2.1719000339508057,4.21872615814209,3.3482439517974854,5.743443489074707,4.682765483856201,5.939513683319092,1.6982191801071167,4.1794209480285645,1.0301769971847534,4.33261775970459,3.1923704147338867,5.395573616027832,4.350618362426758,2.060124397277832,1.6628756523132324,4.1017231941223145,2.710934638977051,2.6623384952545166,0.97854882478714,5.34480619430542,3.2072088718414307,2.2696011066436768,1.883853912353516,2.451310873031616
8,-302.8139038085937,61.16177368164063,-8.490349769592285,3.544006109237671,-1.586201548576355,4.87016487121582,-2.790417194366455,1.888450503349304,-2.635037899017334,1.234785795211792,-1.605839729309082,1.0110909938812256,-1.2729144096374512,2.16118597984314,4.512322425842285,8.98210620880127,2.536504030227661,4.183865070343018,3.017106771469116,6.075108528137207,4.88040018081665,4.961513996124268,2.505889177322388,4.720478057861328,0.8952047228813171,4.3973469734191895,3.073615312576294,4.886976718902588,3.93403697013855,1.7948952913284302,1.849979281425476,4.647570610046387,2.297600030899048,2.7037742137908936,1.1056458950042725,4.369406223297119,3.3708739280700684,2.90431809425354,1.8842575550079343,1.780528545379639
8,-257.0956420898437,73.74382781982422,-10.883597373962402,4.06658411026001,-1.7314635515213013,5.032381534576416,-4.560085296630859,2.222137689590454,-4.397845268249512,0.4767302572727203,-1.5238580703735352,0.553838312625885,-3.3228237628936768,2.329830408096313,5.570652484893799,9.60373592376709,1.6034836769104004,4.937826633453369,3.4610278606414795,6.5676140785217285,4.779196739196777,5.5548176765441895,2.728940010070801,4.688104152679443,0.2168987244367599,5.029964923858643,3.883722066879273,5.310619354248047,4.248382568359375,2.802952527999878,1.6245958805084229,5.443828582763672,2.485200881958008,2.801066398620605,1.0909429788589478,5.421161651611328,4.010814189910889,2.9385669231414795,1.5428451299667358,2.3652563095092773
8,-262.7582702636719,74.0041732788086,-10.119845390319824,2.8121426105499268,-2.8194656372070312,5.359228134155273,-4.137050151824951,0.631676971912384,-4.485320568084717,1.6647831201553345,-3.233567237854004,-0.0392424687743186,-2.115365982055664,2.1497275829315186,4.799193859100342,9.324798583984377,2.186377763748169,4.927757263183594,3.3876659870147705,7.145572185516357,4.716547012329102,5.454800128936768,2.088228225708008,3.899522542953491,-0.2090068012475967,4.159740447998047,3.2331435680389404,5.228448867797852,4.2642598152160645,3.082775831222534,1.7227048873901367,5.47169303894043,2.847353458404541,2.7144665718078613,0.974790096282959,5.31276273727417,4.2662529945373535,3.978549718856812,1.4048166275024414,2.4246740341186523
7,-101.0843734741211,143.28684997558594,-14.74765682220459,7.329512119293213,14.65520477294922,19.106674194335938,-3.088658332824707,18.790054321289062,-3.0574758052825928,10.212045669555664,1.206269145011902,-1.1403456926345823,-5.2886505126953125,7.254194736480713,2.6311299800872803,12.224479675292969,-2.4578680992126465,3.5125069618225098,2.8424203395843506,5.798441410064697,-6.916650772094727,-8.712862968444824,-3.5054614543914795,6.460916519165039,4.294074535369873,1.8097771406173704,-6.836227416992188,10.8936128616333,8.939513206481934,-5.096761226654053,-21.54231834411621,-0.9428618550300598,13.411559104919434,6.647064685821533,-5.792837142944336,1.875116229057312,-5.011526107788086,-13.452550888061523,-4.953638076782227,16.06365966796875
10,-263.730712890625,119.43435668945312,-77.85408020019531,-72.50411987304688,-0.3189822435379028,11.85710906982422,-17.86581039428711,23.646846771240234,9.603116035461426,12.651911735534668,-14.112471580505373,4.702629089355469,4.316664218902588,0.985266387462616,1.2046502828598022,9.4863920211792,2.593871831893921,4.836164474487305,1.697232365608215,3.422479152679444,4.058258056640625,4.5104193687438965,-2.021721363067627,7.763041973114014,-1.5500613451004028,2.1999340057373047,-6.618234157562256,3.170188665390014,-2.975327730178833,7.553142070770264,-4.679172515869141,1.1128708124160769,-4.26521110534668,-1.2394789457321167,-0.2310021966695785,-3.1347010135650635,-3.137709379196167,1.0505783557891846,-3.2194695472717285,1.5912634134292605
10,-200.4864044189453,91.46554565429688,-23.072734832763672,15.698436737060549,-7.724942207336426,-6.22403621673584,0.8199824690818787,4.337925434112549,3.224563837051392,7.01715898513794,-6.164443016052246,-2.411677837371826,-6.811262130737305,1.1118414402008057,-0.6363244652748108,2.6926534175872803,-3.759603977203369,3.5926308631896973,-0.5502036809921265,4.193094730377197,-0.3109776079654693,4.679355144500732,0.2251265347003936,7.010541915893555,1.610236883163452,6.659241199493408,1.4500757455825806,4.504127502441406,0.3002025485038757,1.742426872253418,-2.8623437881469727,2.750205516815185,-1.445934772491455,1.9308500289916992,-0.7764347791671753,3.149195432662964,-0.7472174167633057,1.9880499839782717,-1.2296500205993652,2.837966203689575
10,-203.0874786376953,84.0549087524414,-26.465314865112305,22.90140724182129,-8.508259773254395,-3.662589550018311,4.04649543762207,2.914252758026123,4.19582986831665,2.9599733352661133,-8.425415992736816,2.1272902488708496,-1.8671809434890747,8.235222816467285,0.266040027141571,0.2314444333314895,-5.287235736846924,3.41935658454895,0.4500555992126465,4.333887577056885,-1.339453935623169,2.713862180709839,0.5363999605178833,8.117778778076172,1.8288673162460327,5.020394325256348,0.5901169180870056,3.572361469268799,-0.921675145626068,1.4788111448287964,-1.8027222156524656,4.705889225006104,-2.017872810363769,0.6006982326507568,0.1760191470384597,2.8952407836914062,-1.3367043733596802,0.4312169849872589,-2.299330234527588,5.266745567321777
10,-231.66905212402344,88.57115936279297,-17.99964714050293,19.609987258911133,-0.9030739665031432,0.688785195350647,0.5062803626060486,7.9864983558654785,1.9529712200164795,7.265794277191162,-1.584171175956726,2.0217652320861816,-3.779815196990967,0.1663262695074081,-3.5191445350646973,6.501739978790283,-0.8852494359016418,3.438452959060669,-1.7230372428894043,6.188584327697754,1.1114603281021118,6.537570953369141,1.0797934532165527,5.114797592163086,-0.4076521396636963,5.018014430999756,1.2230870723724363,4.006465911865234,0.2856399118900299,4.545934200286865,-1.3492470979690552,3.5810353755950928,-2.3428843021392822,3.261634111404419,2.345499038696289,3.280784368515014,-1.3205751180648804,3.0235321521759038,-1.205577373504639,3.4114246368408203
10,-239.37646484375,82.25160217285156,-21.753870010375977,15.7406587600708,0.990427017211914,1.82315993309021,-0.7813305258750916,5.542576313018799,3.045097589492798,13.616982460021973,2.492563247680664,9.125164985656738,-4.748682022094727,1.2344539165496826,-3.17538857460022,4.7731218338012695,-2.259190082550049,4.402865886688232,-1.8434169292449951,7.39495325088501,3.659437894821167,6.3519463539123535,-3.2112786769866943,3.254199743270874,-1.9788898229599,4.439276218414307,-0.6041535139083862,4.731672763824463,-0.6181231141090393,2.5070559978485107,-2.2289397716522217,6.335896015167236,0.6856773495674133,3.5109825134277344,-0.2221898883581161,3.3255417346954346,-1.917601466178894,1.5604346990585327,-2.191112995147705,3.0531694889068604
10,-296.4288330078125,76.39722442626953,-6.783936977386475,23.78789710998535,9.77142333984375,7.914535045623779,5.42966365814209,8.637859344482422,1.8962044715881348,6.700528144836426,-3.0712311267852783,5.16677713394165,-2.3846569061279297,3.719760417938232,-1.209153175354004,4.017016410827637,-2.2686164379119877,3.0901098251342773,-0.9889765977859496,6.158135414123535,1.3641307353973389,5.536134243011475,-1.296724796295166,4.0063157081604,-0.1823951601982116,4.31516695022583,-0.8094469904899597,3.942147731781006,-1.1392236948013306,3.965777635574341,-0.5550999045372009,3.3519487380981445,-1.0474227666854858,3.3925280570983887,-1.5652296543121338,3.2337820529937744,-0.682463526725769,3.0357789993286133,-0.8942917585372925,3.257667064666748
10,-285.15606689453125,84.39705657958984,-13.601759910583496,26.643260955810547,8.006414413452148,8.869601249694824,2.5536413192749023,5.995294094085693,-0.7583086490631104,5.945450305938721,-3.5197062492370605,6.548662185668945,-0.6209456324577332,5.426476955413818,0.2758822739124298,4.66877031326294,-3.2355995178222656,4.226237773895264,-1.6439234018325806,3.990704298019409,0.122043639421463,5.703160762786865,-3.7750918865203857,1.6966924667358398,-0.7104881405830383,4.6879563331604,-1.9464703798294067,4.253270626068115,0.3508013486862182,4.826724529266357,-0.6925070285797119,3.6417815685272217,-1.7625309228897097,1.6318970918655396,-0.7626141905784607,3.911163091659546,0.2131677716970443,3.803957223892212,-1.527458906173706,2.6742055416107178
10,-331.33892822265625,91.43004608154295,-16.56636619567871,22.20115852355957,6.512284755706787,9.146484375,2.728637456893921,10.493189811706545,0.1450726240873336,5.775561809539795,-5.438920021057129,3.101379632949829,-2.634186029434204,7.548322677612305,3.0761160850524902,4.8515625,-7.201150894165039,1.956594467163086,-2.571805953979492,7.234164714813232,2.7181196212768555,6.237367630004883,-0.8353152275085449,5.14260196685791,-0.1616625785827636,3.1358642578125,-1.435517191886902,6.070172786712647,1.635961651802063,3.3597517013549805,-4.293100833892822,2.1420488357543945,-0.3539047241210937,2.007643461227417,-2.5113885402679443,2.319122076034546,-2.135871410369873,2.3661673069000244,-0.3581682443618774,2.971855640411377
10,-321.3139953613281,101.04932403564452,-4.142302989959717,22.92975807189941,9.118141174316406,9.143543243408203,-0.5622236728668213,5.423689842224121,0.5892603993415833,10.583385467529297,0.4069758951663971,6.11056661605835,-4.16815710067749,5.438560485839844,-1.104298114776611,4.767199993133545,-1.55499005317688,4.1435866355896,-1.4754120111465454,4.38346529006958,-0.8844636082649231,4.536246299743652,-0.7858840823173523,3.540189266204834,-1.4649547338485718,4.555858135223389,0.5284633636474609,6.346792697906494,1.2076972723007202,6.131766319274902,0.348610907793045,4.148100852966309,-0.8542715311050415,3.5501863956451416,-0.9881501793861388,3.924540042877197,-0.3414206206798553,2.715152740478516,-1.545880675315857,2.241713762283325
5,-363.3532104492188,114.31087493896484,20.243881225585938,6.162980079650879,2.306952953338623,-5.855480670928955,-3.91982102394104,0.651007354259491,0.5473079085350037,5.746738433837891,5.685568332672119,5.711597919464111,-2.072190046310425,5.046783924102783,-1.5538040399551392,-0.3379184603691101,-5.940145969390869,5.897341251373291,0.0084512522444128,0.2825223803520202,-2.7078866958618164,-2.4042341709136963,-2.1149098873138428,-0.912202775478363,-4.541999340057373,-2.26462197303772,-6.172826766967773,2.0466647148132324,-6.947789669036865,-0.0537618286907672,-6.225741863250732,-0.7709876298904419,-3.976574182510376,3.950294733047485,-2.3890483379364014,2.161655902862549,-0.365736186504364,1.993798017501831,0.5784368515014648,2.696596622467041
5,-240.25636291503903,129.3987274169922,7.076737880706787,6.416752338409424,-4.3626790046691895,-16.713003158569336,-12.61270523071289,-5.366671085357666,-7.780202865600586,2.4492876529693604,5.731032371520996,8.992451667785645,1.4798643589019775,5.911458015441895,-0.7740506529808044,7.45150089263916,-2.785100221633911,5.25213098526001,-1.9438499212265012,-3.999122142791748,-6.935965538024902,0.3623705804347992,-2.277820110321045,1.9978902339935305,-4.436447143554688,3.68234658241272,-3.7780511379241934,4.308903694152832,-4.244001388549805,2.5829875469207764,-3.1269419193267822,-0.6389656066894531,-5.22264289855957,-0.3141029775142669,-3.852350234985352,1.217806100845337,-2.862671136856079,-1.4842000007629397,-5.342301368713379,-1.546856164932251
5,-242.23866271972656,119.11188507080078,8.195223808288574,10.254602432250977,3.639870643615722,-8.58045768737793,-8.53924560546875,-6.466888427734375,-7.730108261108398,4.007835865020752,1.7222566604614258,7.354221343994141,2.406723022460937,5.730247020721436,-1.7123372554779053,5.031999588012695,-5.613621234893799,3.9222044944763184,-1.0709563493728638,2.5870723724365234,0.5375351309776306,5.835618019104004,0.5404947996139526,1.3488948345184326,-3.5680034160614014,2.5268611907958984,-5.199817180633545,-1.1786607503890991,-7.412665367126465,0.9727551937103271,-3.820056438446045,3.1652183532714844,-2.783845901489258,0.6258184313774109,-5.504322052001953,-0.0344192869961261,-3.063223600387573,0.9084564447402954,-3.196962594985962,-0.0879938229918479
5,-251.17111206054688,118.02066040039062,16.23393440246582,8.418636322021484,3.482176780700684,-5.896432876586914,-6.31259298324585,-4.676772594451904,-7.291367530822754,3.2446818351745605,2.2243032455444336,6.206884384155273,1.6154532432556152,6.873139381408691,-2.0953304767608643,4.471724510192871,-5.313243389129639,4.999656200408936,0.5380160212516785,3.19059419631958,-1.1738873720169067,4.405387878417969,-2.3841774463653564,0.0431578978896141,-5.009019374847412,0.8389610052108765,-2.771002531051636,0.0882893353700637,-6.1800537109375,0.7596250176429749,-3.370346784591675,2.251361131668091,-4.873321056365967,0.9920058250427246,-5.434645175933838,1.7450392246246338,-1.946315050125122,1.5367027521133425,-2.721167087554932,-0.7235564589500427
5,-243.89910888671875,112.78160858154295,17.3956298828125,8.167726516723633,4.094569683074951,-6.007206916809082,-8.55411434173584,-2.137670516967773,-4.48726749420166,3.357762575149536,2.8131160736083984,5.381587028503418,0.6830456256866455,8.720075607299805,-1.6432796716690063,4.272563457489014,-4.635748386383057,6.281000137329102,1.0399208068847656,2.5808353424072266,-3.508777379989624,3.306843042373657,-3.337787628173828,0.4082929491996765,-4.700552940368652,-0.7826350927352905,-3.84042239189148,0.822235643863678,-4.729161739349365,0.4236614108085632,-1.0654579401016235,4.648368835449219,-2.979827404022217,2.0259549617767334,-6.4867777824401855,0.3919949531555176,-3.235165596008301,1.8855093717575075,-2.5235111713409424,-1.947742581367493
5,-226.76156616210935,126.21004486083984,12.339266777038574,5.712488651275635,-1.8820786476135252,-8.453198432922363,-6.363650798797607,1.5165371894836426,-6.923703193664551,0.9679800271987916,5.678466796875,8.653200149536133,-0.1944336593151092,7.1142683029174805,-2.530921459197998,6.539936065673828,-4.425346374511719,3.442848920822144,-0.775061309337616,-2.941084861755371,-7.373910427093506,3.097949504852295,-0.8870340585708618,3.162083864212036,-2.0560190677642822,3.035813093185425,-6.952473163604736,-1.4168683290481567,-5.998337745666504,0.0676550865173339,-2.4659433364868164,2.7866480350494385,-4.252315998077393,0.9225336909294128,-5.3283209800720215,1.3159233331680298,-1.529544234275818,-0.0702306032180786,-4.715484619140625,-1.5111708641052246
10,-199.8275451660156,115.26860809326172,24.57736587524414,28.52202606201172,5.422146797180176,-9.363999366760254,0.162175178527832,1.3936104774475098,-3.570507526397705,6.934585094451904,-7.64249324798584,-1.71556556224823,-8.9039888381958,-5.659188270568848,-5.857489109039307,-7.355992317199707,-12.714922904968262,-3.5343680381774902,-7.3103718757629395,-3.3459508419036865,-12.562237739562988,-4.709212779998779,-6.243015766143799,2.271575689315796,0.1831313967704773,1.089807391166687,-9.171499252319336,-0.5218303203582764,-3.034151554107666,-5.167423248291016,-10.225773811340332,-6.024178504943848,-8.65438461303711,-2.877462863922119,3.513590097427368,7.243749618530273,0.4165550768375397,5.8759541511535645,-2.1046199798583984,-1.3900436162948608
10,-241.14585876464844,131.33348083496094,27.58690071105957,34.56866455078125,3.154658079147339,2.9067654609680176,1.0590709447860718,6.7105889320373535,7.272144794464111,8.64067554473877,-5.389589309692383,0.1734333336353302,-7.078990936279297,-1.8294445276260376,-6.292882442474365,-6.995153903961182,-8.655936241149902,0.525251030921936,-7.018323421478272,-2.366006851196289,-8.940664291381836,-5.296269416809082,-1.9753124713897705,3.3358376026153564,-6.315985679626465,-0.6387207508087158,-2.0680651664733887,1.0472252368927002,-7.150887966156006,-3.668147563934326,-3.3920135498046875,-2.749131441116333,-7.376158714294434,-1.952492475509644,-4.287627696990967,0.4359994232654571,-1.7546141147613523,1.8694711923599243,-1.6035782098770142,1.4406403303146362
10,-255.45709228515625,136.75904846191406,16.462644577026367,18.043188095092773,6.223337650299072,-5.008944988250732,0.2233080565929412,4.139369010925293,2.9106287956237797,4.284153938293457,-9.998234748840332,-3.3398237228393555,-8.674348831176758,-6.192508220672607,-9.391627311706545,-1.8548893928527832,-1.562409281730652,2.212640285491944,-6.605027675628662,-2.333683490753174,-9.966569900512695,-3.557767868041992,1.806616306304932,4.839228630065918,-5.743718147277832,-2.3096137046813965,-2.6980154514312744,4.121468544006348,-6.22280216217041,-3.98649787902832,-2.953961133956909,4.622115135192871,-4.199070453643799,-2.4825146198272705,-3.679775714874268,0.1457880735397339,-4.336718559265137,2.1362998485565186,0.6728315949440002,2.775545597076416
10,-247.17901611328125,140.74227905273438,20.20581817626953,25.12565803527832,2.0414347648620605,3.4059433937072754,1.969895601272583,3.50726318359375,6.884628772735596,9.92849349975586,-9.136075973510742,-5.649474620819092,-12.86909294128418,-5.404991626739502,-5.860225200653076,-2.4714019298553467,-6.457427024841309,-1.735865592956543,-7.828932285308838,-5.793167591094971,-10.499126434326172,-3.096823215484619,4.353929996490479,7.079775333404541,-6.7395782470703125,-0.6021430492401123,-4.1302666664123535,-1.9355770349502563,-6.746313095092773,-1.4862465858459473,-4.06057596206665,3.5485856533050537,-3.253458976745605,-4.315304756164551,-4.274801254272461,-0.9720895290374756,-5.106955051422119,3.5341365337371826,0.370663583278656,0.441606193780899
10,-218.689208984375,133.33900451660156,21.639636993408203,27.44392967224121,4.351906776428223,-3.9000918865203857,1.1410911083221436,5.499592304229736,6.330531120300293,10.480405807495115,-2.3107357025146484,4.109491348266602,-5.505729675292969,-2.664926528930664,-8.093377113342285,-11.528936386108398,-10.808849334716797,-0.3071182370185852,-3.8290469646453857,0.9642072916030884,-9.8285493850708,-4.2247724533081055,-2.474120616912842,4.224186897277832,-4.038068771362305,0.8028180003166199,-2.3021812438964844,0.4790834188461303,-6.776148319244385,0.7357482314109802,-4.611120700836182,-3.6350018978118896,-7.359924793243408,-1.4176840782165527,-4.170731067657471,0.0706110596656799,-3.227048635482788,1.6366312503814695,0.2822954356670379,0.1464239954948425
10,-142.42918395996094,108.8860855102539,35.94519805908203,3.328235387802124,-0.984415590763092,-1.5716266632080078,3.305039644241333,4.746633052825928,9.592928886413574,10.20033359527588,-5.924013614654541,-2.222443103790283,-10.618289947509766,-7.189457893371582,-7.031350135803223,-8.197580337524414,-11.679981231689451,-6.407613277435303,-13.32706356048584,-2.9465672969818115,-8.383523941040039,-0.9197352528572084,-0.1151186972856521,3.8901565074920654,-2.1161413192749023,-2.333686828613281,-9.348326683044434,-1.1696372032165527,-4.540568828582764,-2.965301036834717,-8.091570854187012,0.7833974957466125,-3.520704746246338,0.3410299718379974,-2.62813138961792,-2.004946231842041,-7.05294942855835,-1.008670210838318,-2.260396718978882,4.291985988616943
10,-226.9365997314453,134.02810668945312,11.647014617919922,25.67205047607422,1.482418179512024,-6.227880477905273,-1.4669468402862549,1.180430889129639,0.5357033610343933,5.559880256652832,-9.348472595214844,-1.5012056827545166,-11.992810249328612,-7.599559307098389,-7.732857704162598,-4.161405086517334,-9.55940055847168,0.8993056416511536,-5.359089374542236,-4.403294086456299,-12.452271461486816,4.92313289642334,9.8278169631958,5.90287446975708,-4.749715805053711,-0.4537884593009949,-9.568941116333008,-1.9535952806472776,-7.183291912078857,-5.386807918548584,-4.374325275421143,5.179303169250488,-0.0652427896857261,-2.085824966430664,-7.862880229949951,-5.936316013336182,-10.018355369567873,3.843979358673096,-3.87255334854126,0.0719135254621505
9,-488.0308837890625,-10.671557426452637,-43.97835922241211,4.3966064453125,-4.709484577178955,-16.010957717895508,-30.46630859375,-11.209617614746094,-20.281850814819336,-9.20728874206543,-9.544858932495115,-8.304919242858887,-14.468672752380373,-6.164447784423828,-0.6629752516746521,16.522932052612305,31.08663558959961,37.20534133911133,17.532821655273438,-2.762418746948242,-28.76714515686035,-17.70088005065918,7.576630592346191,11.084423065185549,-8.182167053222656,-17.246482849121094,-12.365900993347168,11.623339653015137,6.40389347076416,-15.76811981201172,-10.828828811645508,18.71708869934082,15.472041130065918,4.124863624572754,-3.295822858810425,9.229860305786133,-1.168947696685791,-16.964200973510742,-6.405821323394775,18.093839645385746
8,-421.7696228027344,-45.43500900268555,-47.15764236450195,8.80988883972168,-6.1983723640441895,-12.731873512268066,-32.649993896484375,-9.712703704833984,-22.519893646240234,-5.104986190795898,-18.72994613647461,-16.39382553100586,-24.768142700195312,-8.08587646484375,-1.7077215909957886,24.96683692932129,49.728546142578125,55.43790435791016,20.549633026123047,-5.954588890075684,-42.03326034545898,-25.301410675048828,15.196197509765623,16.6346435546875,-15.686607360839844,-26.567855834960938,-15.14311695098877,17.91785430908203,-1.620368719100952,-24.79994773864746,-17.846172332763672,24.394264221191406,23.474586486816406,9.640996932983398,-2.5747616291046143,11.710603713989258,-0.3467532694339752,-24.98988914489746,-8.132495880126953,26.49984359741211
7,-387.9641418457031,-65.87989807128906,-54.10050201416016,9.83338451385498,-7.194365978240967,-17.195133209228516,-32.46036148071289,-9.939517974853516,-16.785886764526367,-6.342237949371338,-13.312215805053713,-21.41084861755371,-29.030323028564453,-9.29135036468506,-6.187727451324463,30.73269271850586,50.3260498046875,61.95908737182617,24.45657539367676,-7.301298141479492,-43.578731536865234,-29.20070075988769,17.819761276245117,17.45438575744629,-17.65768814086914,-25.79525184631348,-25.55194091796875,21.150354385375977,-2.1839723587036133,-26.22589874267578,-20.93701171875,34.10090637207031,27.890783309936523,15.447145462036133,2.1054370403289795,10.595254898071287,3.4398767948150635,-28.586055755615234,-14.651517868041992,29.88643264770508
10,-363.6108093261719,97.64774322509766,-41.88852310180664,10.643567085266112,-18.42483329772949,12.66502857208252,3.4156370162963867,6.205013275146484,-0.3145287334918976,6.593257427215576,-0.4174445867538452,5.89113187789917,-2.985175132751465,-4.42961311340332,-11.30164909362793,-9.532925605773926,-11.761693954467772,-4.441715717315674,-4.832289218902588,-4.112143039703369,-5.204660892486572,1.1710706949234009,0.8781219720840454,-0.1918801665306091,-5.050580978393555,0.3673443496227264,0.5041552782058716,1.734928846359253,-3.824697971343994,0.2119365334510803,0.2608619332313537,0.2029095888137817,-1.6975685358047483,1.2205256223678589,-0.5766538977622986,-0.6582372784614563,-2.6770341396331787,2.506056785583496,1.0737053155899048,0.4741587936878204
5,-356.6522216796875,93.14354705810548,-49.11983489990234,13.478141784667969,-18.197528839111328,11.585119247436523,1.0517032146453855,9.349563598632812,1.23952054977417,5.885851860046387,-3.712854385375977,5.617817401885986,-1.5533545017242432,-4.121264934539795,-12.669100761413574,-9.72215461730957,-14.277381896972656,-6.07317590713501,-5.729964733123779,-5.140178680419922,-5.667660713195801,-1.136064052581787,-1.5637271404266355,0.4561847448348999,-5.835086345672607,0.1080824136734008,-0.0277441050857305,0.6723809838294983,-3.2180933952331543,0.5680093765258789,-1.264909267425537,-2.466219663619995,-2.040245532989502,1.228438138961792,-1.3044296503067017,-1.7518630027770996,-1.8830746412277224,4.18577766418457,0.2807005047798157,0.6679314374923706
5,-311.6521301269531,178.28848266601562,3.5143775939941406,-4.716643333435059,-1.1415634155273438,22.79743194580078,5.374208450317383,12.986054420471191,4.332101345062256,11.834080696105955,2.9086618423461914,7.448527336120605,0.3781940639019012,6.719738483428955,-0.1312933415174484,3.2212934494018555,-1.9387224912643437,1.6842612028121948,0.710483729839325,3.902986526489258,-2.5222864151000977,4.041733264923096,-1.5023362636566162,3.405482053756714,-2.4563963413238525,1.857756733894348,-1.2719252109527588,3.327276468276977,-1.6934537887573242,1.710856556892395,-1.820046305656433,2.08654522895813,-2.4781668186187744,0.9907684326171876,-2.522948265075684,0.9884746074676514,-2.808467149734497,0.0697227492928505,-3.3385729789733887,0.3707630038261413
5,-306.5658874511719,178.3268280029297,3.340415954589844,-3.850374698638916,-4.2996439933776855,21.17302894592285,4.7540364265441895,12.693986892700195,3.283667802810669,11.652737617492676,2.474565267562866,7.480193614959717,-0.0172897949814796,6.20875358581543,-0.6962544918060303,4.413427829742432,-1.3918017148971558,2.593997001647949,0.0403799600899219,3.106730461120605,-2.142896175384521,4.755415439605713,-2.470893621444702,3.2560923099517822,-2.5411267280578613,1.6115362644195557,-1.7062069177627563,2.842993974685669,-1.9754338264465328,2.8166327476501465,-1.3767155408859253,2.771718263626098,-2.111772060394287,2.246884346008301,-2.5473127365112305,1.652095913887024,-2.72517466545105,1.1569370031356812,-2.795859336853028,1.1105124950408936
5,-305.9853210449219,177.89622497558594,3.1662442684173584,-5.437896728515625,-3.738160610198975,22.308469772338867,3.585536003112793,10.079228401184082,2.2851550579071045,11.75472927093506,1.7885143756866455,6.188098430633545,-1.4061195850372314,6.373073577880859,-0.7973544597625732,4.046611309051514,-0.480211466550827,3.7340199947357178,0.5357300639152527,2.606406211853028,-2.338667631149292,4.831440448760986,-1.8946572542190552,3.4920597076416016,-2.0552423000335693,2.0816009044647217,-1.3858381509780884,3.3256659507751465,-0.7821975350379944,3.8923206329345694,-0.3916196525096893,3.3207802772521973,-1.7032231092453003,2.457134962081909,-2.071370840072632,1.658463478088379,-2.949180126190185,0.8758673071861267,-2.3980064392089844,1.2991541624069214
5,-309.7532043457031,176.40847778320312,1.092818021774292,-7.800753116607666,-2.8620500564575195,25.58717918395996,4.703366279602051,9.075173377990724,2.8894851207733154,11.243704795837402,1.4457130432128906,5.526944637298584,-1.6097654104232788,6.477508068084717,0.6201966404914856,3.4506208896636963,-0.7610929012298584,4.064732551574707,0.0345424935221672,3.4380874633789062,-2.6297640800476074,4.554130554199219,-0.7421733140945435,3.782249212265015,-2.088414669036865,2.9119315147399902,-1.177382230758667,3.27351975440979,-0.5518137216567993,3.1081464290618896,-0.6950663924217224,2.9329488277435303,-2.597182035446167,1.8286168575286863,-2.337336778640747,1.081621527671814,-2.750038385391236,0.264636754989624,-2.877678394317627,1.058241605758667
5,-312.0939636230469,175.63714599609375,-2.2153148651123047,-8.643925666809082,-3.0871567726135254,25.786096572875977,5.042103290557861,9.263107299804688,4.076671600341797,11.744906425476074,0.7181402444839478,4.769482612609863,-1.8763446807861328,7.116113662719727,1.8660708665847776,3.5478734970092773,-1.8104116916656492,4.407753944396973,0.1435937732458114,4.028658390045166,-2.018144369125366,4.485753536224365,0.2872105538845062,4.129376411437988,-2.3632891178131104,2.677335023880005,-1.0422682762145996,2.7716851234436035,-1.3391834497451782,1.7632834911346436,-1.398249626159668,2.764172315597534,-3.198218822479248,1.5526556968688965,-2.3024682998657227,1.730343461036682,-1.9768258333206177,0.7098318338394165,-3.1246182918548584,1.607980728149414
5,-312.24737548828125,178.37249755859375,-2.930898427963257,-9.884265899658203,-4.092619895935059,24.74691772460937,5.409694671630859,8.65095043182373,3.564809560775757,12.301711082458496,0.8733431696891785,4.9012227058410645,-1.816883206367493,7.402868747711182,1.6564631462097168,3.29328989982605,-2.371511459350586,3.087527275085449,0.3094395399093628,3.533097982406616,-1.8303312063217163,3.805675029754639,0.1389435082674026,4.497571468353272,-1.7075964212417605,2.403301239013672,-0.9288493990898132,3.149160146713257,-1.2572799921035769,1.994211196899414,-0.9039143323898317,2.667423963546753,-2.688352108001709,1.1730873584747314,-2.534170627593994,2.193766832351685,-1.9279340505599976,0.3684559464454651,-3.0317630767822266,1.0036596059799194
5,-311.0827941894531,180.35006713867188,-2.929485321044922,-9.768917083740234,-5.201704502105713,24.253564834594727,4.664744853973389,8.757826805114746,3.367274761199951,11.806570053100586,1.731553077697754,5.152408123016357,-1.7948336601257324,7.232495307922363,1.8567781448364256,3.700514554977417,-1.8881443738937376,3.2988076210021973,0.3145075142383575,3.74381422996521,-2.424522876739502,3.896101236343384,-0.1868341714143753,4.605929374694824,-1.4744844436645508,2.95583724975586,-1.3785414695739746,3.5166800022125244,-2.0381476879119877,2.341824769973755,-1.2316313982009888,2.819758653640747,-2.3738913536071777,0.7081561088562012,-3.2037904262542725,1.5494476556777954,-2.558098077774048,0.9276878833770752,-2.7420191764831543,0.9493375420570374
5,-306.9546203613281,179.89967346191406,-5.719999313354492,-9.845415115356444,-3.792082071304321,25.766891479492188,3.222233295440674,7.106698513031006,3.619329690933228,12.397401809692385,2.5960564613342285,3.485681772232056,-2.487455368041992,8.854795455932617,1.7698118686676023,3.332359313964844,-2.40433120727539,3.474081993103028,0.9415439367294312,3.549591541290283,-3.113049030303955,4.2772626876831055,0.4515716433525085,4.27540397644043,-2.2628798484802246,2.7799265384674072,-0.7246124744415283,4.007702350616455,-2.993222951889038,1.678258776664734,-1.6309738159179688,2.9375362396240234,-2.65498423576355,0.2792676091194153,-2.959707736968994,1.8067059516906736,-2.6803765296936035,0.8117442727088928,-2.9742636680603027,1.5643949508666992
7,-370.6950988769531,155.67381286621094,10.283089637756348,27.53969955444336,-3.5234262943267822,21.37535095214844,8.625873565673828,15.694540977478027,-1.6447817087173462,10.15736484527588,2.063901662826538,2.920022487640381,-2.7992022037506104,5.714193344116211,-0.5617813467979431,6.6575026512146,-1.462111234664917,0.1184344440698623,-1.9358528852462769,5.138376235961914,-2.036832332611084,0.7581748366355896,-5.853532314300537,1.2784854173660278,-1.2303643226623535,0.864378035068512,-4.657782554626465,1.8224064111709597,0.0789481177926063,1.5260465145111084,-4.5657830238342285,0.5950196385383606,-0.8654899597167969,1.5560791492462158,-3.0809311866760254,0.6282573342323303,-2.188472986221313,-0.4270882904529571,-3.4793179035186768,0.0840491130948066
7,-370.1421813964844,151.12608337402344,21.89643669128418,30.992130279541016,2.780287742614746,26.4238224029541,8.88769817352295,19.622499465942383,6.387693881988525,8.897846221923828,3.815378189086914,4.784976959228516,1.2511847019195557,5.5739569664001465,1.3602849245071411,4.453054428100586,0.547889232635498,3.237999439239502,-0.7520829439163208,2.888534545898437,-1.594803810119629,3.17593765258789,-1.9350665807724,1.1854019165039062,-0.5970246195793152,0.7194464802742004,-1.7132186889648438,1.7556681632995603,-0.2645616829395294,0.761712372303009,-2.296193599700928,0.9751722812652588,-2.404336452484131,0.1766394972801208,-2.5408411026000977,0.2227135300636291,-3.035101890563965,-1.3218568563461304,-2.9395782947540283,0.0318369343876838
7,-365.5485229492188,151.03594970703125,20.953235626220703,31.64298820495605,3.151595115661621,22.78229522705078,6.625616073608398,17.285701751708984,5.865427494049072,7.945538520812988,3.6213245391845694,7.212702751159668,-0.0495444051921367,6.748064041137695,-0.632642388343811,4.737010955810547,-0.4368514716625213,3.033169984817505,-0.1028725504875183,3.090137243270874,-0.3614260852336883,2.642390489578247,-2.7298898696899414,1.826348066329956,-1.4837039709091189,0.2642450034618377,-0.8415838479995728,0.8044756650924683,-3.305559635162353,0.1485634297132492,-1.1784439086914062,1.9628294706344604,-2.191965341567993,0.2138959467411041,-1.972512125968933,0.1724475622177124,-1.830244779586792,0.3190633058547973,-2.37777042388916,-0.919084906578064
7,-397.6780700683594,160.7652130126953,19.560983657836918,23.1190185546875,-4.216794013977051,21.64826011657715,3.0151846408843994,15.963114738464355,4.929023742675781,6.8870110511779785,0.3199178874492645,4.677224159240723,-3.137671947479248,6.953053951263428,-1.747139811515808,4.280069351196289,-2.748851776123047,2.0771114826202397,-1.965960144996643,3.892650842666626,-3.08007287979126,4.2312912940979,-3.3187806606292725,1.5996383428573608,-3.5356967449188232,0.6705617904663086,-2.573036193847656,1.309631586074829,-2.8271901607513428,1.2694462537765503,-3.2125332355499268,0.6652164459228516,-2.171426296234131,1.5234556198120115,-3.133628845214844,0.5994579195976257,-2.5583438873291016,-0.1496690809726715,-2.972134828567505,0.2521677017211914
7,-398.8868408203125,161.9642791748047,21.429706573486328,23.57501602172852,-3.438574314117432,21.23228454589844,3.641536712646485,15.59095573425293,3.467038154602051,5.821666717529297,0.2299963384866714,6.029849529266357,-3.179143190383911,5.508976936340332,-3.2104318141937256,4.1540703773498535,-1.9762595891952517,3.289628028869629,-2.015817880630493,3.1908717155456543,-2.3235998153686523,2.762519121170044,-4.034847259521484,0.8700510263442993,-3.118192195892334,1.2842812538146973,-2.3797085285186768,1.2098718881607056,-2.303377151489258,0.8210141658782959,-2.348877191543579,1.863208770751953,-2.1490135192871094,1.469865083694458,-2.826291561126709,1.3817757368087769,-2.164907217025757,0.8168560862541199,-2.525459051132202,1.7720637321472168
7,-388.5064086914063,149.2950897216797,13.983190536499023,31.833202362060547,-5.4519362449646,20.43503189086914,5.199347019195557,16.85179901123047,1.4439159631729126,3.5982108116149902,-0.6003069281578064,7.433730125427246,-0.978301465511322,6.222368240356445,-1.8342951536178589,4.178950786590576,-2.989612102508545,1.4764338731765747,-3.0045833587646484,3.18715500831604,-3.919752597808838,2.1648106575012207,-4.44361686706543,3.643064260482788,-1.3596203327178955,1.3493729829788208,-2.978798151016236,1.8733336925506592,-3.871902465820313,1.3120681047439575,-1.6581939458847046,2.564177989959717,-3.144761562347412,1.5052008628845217,-2.531925678253174,0.3088516891002655,-3.05401611328125,3.146468162536621,-2.2162225246429443,-0.4216199517250061
7,-367.781982421875,162.78187561035156,21.853981018066406,25.649879455566406,-0.3101331293582916,26.401147842407227,7.074959754943848,11.265180587768556,2.506216526031494,8.183124542236328,3.7017102241516113,1.269843339920044,-3.8228235244750977,1.886143684387207,2.446416139602661,4.971451282501221,-1.5826666355133057,-0.2414034754037857,1.3413501977920532,4.405206203460693,-0.9544010758399964,1.122076153755188,-1.4276585578918457,2.6361000537872314,0.6597403883934021,0.2114904522895813,-0.1285453736782074,0.8485695123672485,-0.1219566538929939,0.9348212480545044,-0.4323796927928924,0.235607162117958,-0.5842745900154114,1.034038543701172,-1.3031620979309082,0.1042369976639747,-0.435810387134552,0.5671835541725159,-0.1172918006777763,0.1162021085619926
10,-291.3604736328125,136.47894287109375,-49.81330108642578,8.838418006896973,-3.577507257461548,34.44854736328125,19.82398223876953,15.708446502685549,7.457744121551514,17.134828567504883,14.712504386901855,3.35512924194336,-2.687262296676636,11.120308876037598,4.47934627532959,6.582034111022949,3.569279432296753,-3.896702289581299,5.860837936401367,17.98628044128418,-6.294445514678955,-0.4265869557857513,8.878585815429688,4.926505088806152,5.824353218078613,0.3842083811759949,-3.149389266967773,1.9773781299591064,6.666005611419678,1.4235658645629885,-6.345295906066895,3.2441132068634038,-0.9902049899101256,0.1925845295190811,-2.1982712745666504,-0.1360703557729721,-4.056440830230713,-0.6339717507362366,0.3621518909931183,-3.597470760345459
10,-173.4329376220703,108.98875427246094,-43.08015823364258,-4.921428203582764,-3.4371800422668457,26.547941207885746,17.476852416992188,11.414591789245604,5.032158851623535,8.850171089172363,8.206609725952148,-1.5513030290603638,-4.546998977661133,6.973553657531738,2.270786762237549,2.6713104248046875,3.4430880546569824,-0.3772268891334533,6.22672176361084,17.333332061767578,-3.91938066482544,3.0299882888793945,8.913373947143555,5.851980686187744,6.989960670471191,2.5725114345550537,-2.444072961807251,2.0647006034851074,4.615266799926758,0.98273104429245,-5.897575855255127,2.1717023849487305,-1.6936193704605105,1.2621641159057615,-2.022130012512207,0.6841663718223572,-2.8901257514953613,0.4467118084430694,0.9595822095870972,-1.8735346794128416
10,-134.7192840576172,113.18197631835938,-39.8896369934082,-7.586572647094727,-8.224166870117188,18.071876525878903,12.918392181396484,11.234230041503906,8.2866849899292,7.033986568450928,1.7226686477661133,-0.0860895588994026,-2.752065896987915,4.931980609893799,1.3802587985992432,4.471273899078369,4.2162909507751465,7.770575046539307,4.078562259674072,8.606145858764648,-0.9526537656784058,4.255746841430664,4.336201190948486,6.991937637329102,2.8973748683929443,1.5828404426574707,-3.106037139892578,2.7863690853118896,1.723780870437622,1.7618228197097778,-3.759202241897583,1.6851799488067627,-1.9110147953033447,2.5499091148376465,-1.3821007013320925,2.7120585441589355,0.136352002620697,1.338420033454895,0.168680265545845,3.0482466220855717
10,-138.6444854736328,115.7199478149414,-45.88738632202149,-6.036734104156494,-7.555968761444092,24.431663513183597,14.98048973083496,11.800267219543455,8.820398330688477,11.101460456848145,5.023702621459961,1.1952677965164185,-3.227867126464844,5.291507244110107,1.537000060081482,5.968654155731201,5.015957832336426,7.197727680206299,2.7847912311553955,5.6094818115234375,-3.7324650287628174,4.358723163604736,1.8236027956008911,5.707343101501465,0.5693764090538025,0.0950619280338287,-3.293107032775879,4.087595462799072,3.1293859481811523,1.0315271615982056,-1.6069053411483765,2.834869623184204,-1.8225111961364744,2.4319121837615967,-3.0245120525360107,1.167661428451538,-0.9977704286575316,-0.2909514605998993,-2.99214243888855,2.624495029449463
10,-112.57864379882812,106.82925415039062,-43.159576416015625,-6.426998615264893,-6.594842433929443,25.423791885375977,16.011611938476562,10.165963172912598,3.3559892177581787,11.944226264953612,8.176457405090332,3.076763868331909,-6.986996173858643,4.412067890167236,2.4232492446899414,4.640574455261231,4.249338150024414,5.859234809875488,-1.102697491645813,4.851431846618652,-1.3716464042663574,2.6248273849487305,-1.109716296195984,4.586236476898193,-0.5429501533508301,3.856877088546753,-0.6135878562927246,4.601829051971436,2.459320545196533,1.231630563735962,0.4410693347454071,2.2464358806610107,-2.417656660079956,1.5557365417480469,-3.9918830394744873,0.0228452738374471,-2.534113645553589,-0.0885994061827659,-6.384718418121338,1.3011415004730225
10,-87.2923812866211,106.40001678466795,-32.45365524291992,-4.293522357940674,-9.32102394104004,20.34496688842773,14.390181541442873,7.652421474456787,-1.0910544395446775,8.8950777053833,5.863629817962647,2.9397404193878174,-12.699328422546388,1.2730276584625244,0.7440468072891235,2.823584794998169,2.277587413787842,6.385156631469727,-8.992237091064453,1.2526806592941284,1.745866060256958,-1.7763705253601074,-5.336949348449707,4.015639781951904,-3.1344244480133057,7.757741451263428,-0.8907113671302795,3.980311393737793,-0.0380836017429828,3.748146295547485,4.850050449371338,2.812568426132202,-1.2124347686767578,3.490219593048096,-1.5022226572036743,3.611758232116699,-0.3748927414417267,2.8043441772460938,-6.25975227355957,4.353396892547607
10,-65.25244903564453,108.07793426513672,-40.03914260864258,-5.961950778961182,-12.436731338500977,22.959991455078125,14.491363525390623,3.625905752182007,-3.954019784927368,9.021839141845703,4.27130651473999,-3.4632890224456787,-14.756477355957031,2.5279791355133057,-0.7622659206390381,1.7155416011810305,0.8934951424598694,2.3535397052764893,-5.705401420593262,3.640784502029419,-2.782151937484741,-2.19228744506836,-4.281674861907959,2.737109899520874,-3.4065961837768555,4.982447147369385,-2.242106676101685,3.4898452758789062,-0.1384721398353576,3.662651538848877,3.113024473190308,5.126871109008789,0.1840615421533584,4.643704891204834,0.8119609355926514,5.062078952789307,1.7220028638839722,4.951136589050293,-3.800203323364258,4.93601131439209
10,-82.66004180908203,105.46305847167967,-45.469970703125,-10.097458839416504,-12.970538139343262,21.40173721313477,11.927434921264648,8.040413856506348,2.032183885574341,9.984389305114746,1.9002469778060915,-3.2003157138824463,-6.205203533172607,4.4347310066223145,-1.8005459308624268,2.790771484375,1.8195738792419436,1.8791831731796265,0.528912365436554,7.549489974975586,-3.0843653678894043,1.2620593309402466,-1.1854935884475708,4.047141075134277,-1.76526141166687,2.668834924697876,-1.899308204650879,2.260711908340454,0.5875695943832397,2.967444658279419,-1.6108875274658203,3.4108455181121826,-0.9817010164260864,3.544891595840454,-0.4301638007164001,3.3848140239715576,0.4286603927612304,4.086167335510254,-1.0656155347824097,3.3842074871063232
10,-181.9605712890625,122.10955810546876,-38.491477966308594,-7.484348297119141,-7.899145126342773,19.518848419189453,10.68437385559082,12.463525772094728,13.21517276763916,11.211647033691406,5.43142032623291,4.421142101287842,-0.1325050145387649,0.1919888108968734,-2.8249454498291016,5.625743865966797,7.94846248626709,8.21006965637207,2.51108980178833,6.571633338928223,4.45925235748291,4.872581481933594,-0.4071339070796966,3.23012113571167,1.0623486042022705,3.304011583328247,-3.343595504760742,-0.8313013911247253,0.7068458795547485,2.526103973388672,-0.8610966205596924,0.7032802104949951,-0.7311880588531494,2.6254255771636963,-2.6532576084136963,0.6381716728210449,0.0845829546451568,1.5012251138687134,-0.6796526312828064,3.1248648166656494
7,-306.0645751953125,144.05616760253906,-7.968136787414551,12.487733840942385,-3.758634805679321,-2.477248430252075,-6.648245811462402,-1.703159213066101,-3.566643714904785,-3.0209643840789795,-7.901770114898682,-2.19186806678772,-5.752879619598389,7.611473560333252,-3.785071611404419,2.192203998565674,-2.186429262161255,2.552154779434204,-2.7785587310791016,2.1084415912628174,-4.027855396270752,3.705580234527588,-2.8656342029571533,1.7999777793884275,-5.96368932723999,-0.8695580959320068,-1.5516126155853271,2.958144426345825,-1.7874490022659302,2.59075140953064,-1.1484811305999756,1.8188921213150024,-1.9449418783187864,5.55030632019043,-0.6572477221488953,1.121143817901611,-2.5931012630462646,0.4040745198726654,-3.2577919960021973,2.4811010360717773
7,-228.6261749267578,137.9537811279297,-14.087308883666992,27.31953430175781,-9.784424781799316,8.772517204284668,-7.741615772247314,-7.687914848327637,4.717757701873779,6.956119537353516,-4.743780612945557,-4.463284492492676,-13.162115097045898,-0.6695387959480286,-8.198474884033203,5.87554407119751,-5.916805744171143,-3.082083225250244,0.4662075042724609,-8.07703971862793,-10.541845321655272,2.954833030700684,-0.2445335984230041,0.145821988582611,-2.806215763092041,-6.296828269958496,-8.463153839111328,-2.43152379989624,-7.865640640258789,-1.0064003467559814,-9.88945770263672,-2.744815826416016,-12.96180248260498,-1.619254231452942,-4.1154561042785645,0.0006663592648692,-2.3147358894348145,-3.124340295791626,-0.3282711505889892,5.131386280059815
7,-227.44332885742188,150.70114135742188,-7.917961597442627,26.74329948425293,-14.970173835754396,4.141744613647461,-5.987890243530273,-10.18169116973877,4.181835174560547,3.932623624801636,-9.073742866516112,-1.3029643297195437,-12.844006538391112,1.50201153755188,-5.914419174194336,4.289544105529785,-5.0316481590271,-2.0520718097686768,0.1244362220168113,-7.5858635902404785,-9.312430381774902,1.3206326961517334,-2.7042715549468994,0.2834904789924621,-1.376252293586731,-6.09711217880249,-8.23749828338623,-6.985779762268066,-8.313838958740234,-3.056891918182373,-11.709324836730955,-5.609393119812012,-8.455554008483887,2.397744655609131,-0.9298003315925598,4.808300018310547,1.3551844358444214,-2.0847456455230717,-2.795329093933105,0.4852074980735779
7,-282.17852783203125,148.43426513671875,-14.224279403686523,14.968849182128906,-12.903966903686523,7.080507278442383,-3.38735032081604,1.4970383644104004,2.7964203357696533,2.994385004043579,-6.8881425857543945,-5.300713539123535,-7.530780792236328,3.657591819763184,-2.2463974952697754,3.307833194732666,-2.4578113555908203,2.8249220848083496,-2.443204402923584,-1.7135649919509888,-5.141100883483887,-2.0685372352600098,-2.208380460739136,-0.652871310710907,-2.980219602584839,-0.5216788053512573,-5.748772621154785,1.1982638835906982,-2.940574407577514,-1.309141993522644,-2.2950894832611084,-0.8498974442481995,-2.508589029312134,4.463090896606445,1.3694666624069214,3.4471893310546875,-2.506999015808105,-4.687264442443848,-3.50845718383789,2.099729299545288
7,-262.4755249023437,148.84097290039062,-18.95424461364746,17.459247589111328,-18.991701126098636,-1.969439387321472,-9.12287712097168,-0.0868853107094764,-2.4252798557281494,3.476603507995605,-5.982376575469971,-6.662924289703369,-11.385820388793944,0.0052675898186862,-4.549140453338623,-3.703522682189941,2.177234649658203,1.2257601022720337,1.484643816947937,0.5482589602470398,-4.762596607208252,7.326534748077393,2.4286837577819824,6.237379550933838,-6.462101936340332,-9.497806549072266,-7.635534763336182,-5.622342586517334,-7.368709564208984,-4.847814083099365,-2.6259469985961914,2.7425358295440674,-2.3502020835876465,4.174247741699219,0.6417446136474609,1.932288765907288,-1.961878061294556,-5.003833770751953,-3.144402503967285,6.752076625823975
7,-277.7501220703125,144.4150848388672,-18.096925735473636,15.03178882598877,-17.591306686401367,5.344387054443359,-5.5857038497924805,-1.2265154123306274,-1.59857976436615,0.3616887032985687,-8.557730674743652,-7.84943151473999,-9.044283866882324,8.253172874450684,-1.9278405904769895,-2.4878692626953125,3.8761141300201416,4.318051815032959,-0.3188684582710266,-3.656119346618652,-7.159893035888672,3.9304373264312735,0.9063658714294434,6.247191905975342,-6.262314796447754,-9.011853218078612,-12.087235450744627,-6.218391418457031,-5.3407063484191895,-2.721863031387329,-5.644286155700684,0.5992897748947144,-3.1302385330200195,8.676389694213867,4.6426849365234375,3.761863470077514,-1.6575220823287964,-5.691158771514893,-5.148748397827148,3.9530649185180655
9,-271.9546203613281,135.90904235839844,3.960660457611084,27.220802307128903,13.20911979675293,7.042408466339111,9.22490406036377,12.34103775024414,-0.3791030645370483,12.95162868499756,-5.6856689453125,5.063625335693359,-10.61220645904541,7.498775959014893,-2.061005115509033,-3.737828254699707,-8.898904800415039,3.5624375343322754,0.2604300081729889,-0.2150739133358001,-2.1667537689208984,5.243182182312012,-3.062272071838379,1.0655277967453003,-0.2023938149213791,1.5230224132537842,-3.752988338470459,3.134973764419556,-1.688100814819336,-0.2927820384502411,-6.392435550689697,2.8901288509368896,-2.810249090194702,-0.5691066980361938,-2.4379358291625977,0.4513684213161468,-3.759105443954468,-1.9712263345718384,-2.5426645278930664,-0.3885956704616546
9,-239.00071716308597,135.63436889648438,2.9955430030822754,27.188810348510746,15.89092254638672,3.3867523670196533,8.827597618103027,12.06550121307373,-2.0560543537139893,15.70181941986084,-8.69970417022705,7.356184005737305,-9.794877052307127,9.453010559082031,-8.008646965026855,-1.7167524099349976,-7.398996829986572,4.758274078369141,-1.4035727977752686,-1.6037880182266235,-3.3931326866149902,4.649322509765625,-3.9946346282958975,0.2243674844503402,-0.5751647353172302,0.3134745657444,-4.039707183837891,2.098661422729492,-4.067087173461914,-1.4787341356277466,-6.708326816558838,0.4436522126197815,-3.676266670227051,-0.7072979211807251,-4.091657638549805,-0.5836634635925293,-2.9983842372894287,-2.215739488601685,-2.5474226474761963,-2.1289634704589844
9,-291.9928283691406,150.25332641601562,7.988497257232666,27.7148494720459,11.212238311767578,8.666971206665039,4.244049549102783,7.712827205657959,1.0359114408493042,9.040823936462402,-3.780660390853882,6.789815425872803,-2.441521167755127,4.995708465576172,-6.461817264556885,-1.824363589286804,-4.001641273498535,1.5425755977630615,-2.6215121746063232,-0.2167188376188278,-2.9106192588806152,3.4250502586364746,-3.547245502471924,2.754397392272949,-2.581117391586304,2.412109136581421,-3.3230466842651367,3.2692525386810303,-3.0634701251983643,-0.075345255434513,-5.466256141662598,0.191841572523117,-4.595976829528809,0.7953035831451416,-3.294408082962036,0.4271295368671417,-4.1623215675354,0.0697424784302711,-4.2055253982543945,-0.0358985066413879
9,-375.0754089355469,140.00099182128906,21.69584846496582,20.165584564208984,14.401504516601562,12.965547561645508,3.032031774520874,6.9091105461120605,0.4235641956329345,6.859650135040283,2.089526653289795,10.192666053771973,0.6761792302131653,5.779153823852539,0.1201610267162323,1.0860295295715332,-3.905029296875,0.459682434797287,-5.60707426071167,-0.991275668144226,-1.3476570844650269,2.532439708709717,-1.4378914833068848,5.1895599365234375,-1.2312257289886477,2.6481194496154785,-2.40842866897583,2.268291473388672,-2.6469709873199463,1.218648076057434,-1.4159221649169922,2.821321725845337,-2.3643102645874023,0.1598130762577057,-1.8456300497055051,1.7154275178909302,-4.503008365631104,0.3479780256748199,-2.5288777351379395,2.396114587783813
9,-460.8902587890625,128.4324493408203,26.13227081298828,20.3601016998291,18.008949279785156,18.096067428588867,3.926171064376831,9.472405433654783,-0.2209450602531433,5.574195861816406,2.8851988315582275,10.632580757141112,0.7808996438980103,6.53537130355835,1.961262822151184,1.1019068956375122,-4.406705379486084,0.8200432062149048,-7.917425632476807,-0.9255632162094116,-2.472849130630493,1.5178353786468506,-1.5065336227416992,7.749957084655762,0.5565463304519653,2.4907114505767822,-2.852951765060425,2.2795403003692627,-5.913361549377441,1.8763025999069212,-2.306851863861084,4.169972896575928,-2.165978193283081,0.607801079750061,-2.095182418823242,2.156322717666626,-4.769078254699707,-0.2272515296936035,-2.6287240982055664,4.626101493835449
9,-237.9234161376953,132.3129119873047,6.280376434326172,24.722097396850582,18.347240447998047,1.6594443321228027,9.961722373962402,12.14249038696289,-2.3895747661590576,14.82928466796875,-9.916183471679688,9.064631462097168,-9.826022148132324,10.91812801361084,-10.52465534210205,-1.6704708337783811,-7.285356521606445,6.140369415283203,-2.5441246032714844,-0.8483590483665466,-2.700674295425415,4.529553890228272,-4.190974712371826,1.1235923767089844,0.0610560663044452,0.1202277243137359,-3.093315362930298,2.231898546218872,-3.340118169784546,-0.6178602576255798,-6.152836322784424,-0.5858362317085266,-3.892519474029541,-0.7949304580688477,-3.820645809173584,-0.8714943528175354,-2.4011688232421875,-1.9516396522521973,-2.351289749145508,-1.9545196294784544
9,-246.63253784179688,140.177490234375,4.602531909942627,24.459312438964844,15.803146362304688,5.179476737976074,8.63062572479248,11.668763160705566,-1.5705857276916504,11.426204681396484,-9.889880180358888,7.553091526031494,-6.725516319274902,10.320412635803224,-10.775548934936523,-1.8700226545333865,-5.752692699432373,5.279035568237305,-2.917935848236084,-0.5701167583465576,-2.0067038536071777,4.497892379760742,-4.057247161865234,1.620029330253601,-0.6267306804656982,-0.0773864015936851,-3.223376035690308,2.195451259613037,-3.6010820865631104,-0.0574135407805442,-6.604180812835693,-0.6817755103111267,-5.30226993560791,-0.1893154382705688,-4.033689498901367,-0.6705938577651978,-2.4735865592956543,-1.1659748554229736,-3.2478063106536865,-1.187402367591858
9,-255.1716461181641,148.5531005859375,3.805835247039795,25.33443069458008,10.859745979309082,8.923758506774902,8.33797836303711,10.616332054138184,-1.2194409370422363,8.567477226257324,-9.054498672485352,5.267409324645996,-4.615871906280518,9.220141410827637,-9.855592727661133,-2.9678256511688232,-4.062509059906006,4.613241672515869,-3.237213373184204,-1.7494722604751587,-1.6152942180633545,5.650827884674072,-4.72315788269043,1.6285721063613892,-1.6425576210021973,-0.1882272213697433,-4.706878662109375,3.0900304317474365,-3.7242424488067623,0.4137044548988342,-6.648674488067627,0.1762199252843856,-5.633059978485107,0.9826148748397828,-4.335395812988281,-0.3877193331718445,-3.1848602294921875,-1.084726333618164,-4.105770111083984,-0.5401121377944946
9,-255.6327667236328,149.63504028320312,1.1726560592651367,30.16402244567871,10.295989990234377,8.702239990234375,7.909106254577637,10.264245986938477,-1.252721905708313,8.729023933410645,-8.154129028320312,4.902032852172852,-4.513808250427246,7.964099884033203,-9.006796836853027,-3.795504093170166,-3.254502534866333,4.054859161376953,-2.321342945098877,-1.6045567989349363,-2.128971099853516,5.279717922210693,-5.672987937927246,2.695918560028076,-1.7805705070495603,0.4854846596717834,-5.105458736419678,4.06734561920166,-3.408647060394287,0.6275899410247803,-7.248893737792969,0.1442912966012954,-5.5275559425354,1.0490626096725464,-4.701612949371338,-0.4320227205753326,-3.824634313583374,-1.106644868850708,-4.688873291015625,-0.6846714615821838
9,-253.5116729736328,148.959716796875,-2.2659807205200195,32.63597869873047,11.60551643371582,8.282222747802734,6.568521499633789,10.820422172546388,-0.4571723341941833,9.413716316223145,-8.370440483093262,4.698378562927246,-4.564270496368408,6.713865280151367,-8.595159530639648,-3.832747459411621,-3.423933982849121,3.0497283935546875,-1.3935734033584597,-0.097972959280014,-2.884190082550049,3.868208408355713,-5.16002082824707,3.632317066192627,-2.082192897796631,0.701031506061554,-3.799962043762207,3.581770181655884,-3.939955949783325,0.628504753112793,-8.742755889892578,-0.823460578918457,-5.702638149261475,0.4234307408332824,-4.107563495635986,-0.4334134757518768,-4.038352966308594,-1.0655207633972168,-4.6922383308410645,-0.6863124966621399
9,-253.63873291015625,149.63343811035156,-2.2293996810913086,31.89750289916992,10.98068618774414,9.435450553894045,6.137166976928711,10.631361961364746,-0.0446748174726963,8.994963645935059,-9.651267051696776,4.8457770347595215,-4.361422061920166,6.350835800170898,-9.126208305358888,-3.79865312576294,-3.1730852127075195,2.3108644485473637,-0.8438634872436523,0.5925164818763733,-3.6380770206451416,3.2101004123687744,-4.476882457733154,3.618075132369995,-2.547522783279419,0.7751821279525757,-3.204819917678833,2.671442031860352,-4.217347621917725,0.3146032989025116,-9.07225227355957,-0.6060755848884583,-5.189319610595703,0.7446752786636353,-4.036977291107178,-0.352267861366272,-3.954987525939941,-0.8407307863235474,-4.830782890319824,-0.9171459078788756
9,-253.74429321289065,149.03018188476562,-1.904331922531128,32.22575378417969,10.635122299194336,9.131628036499023,5.933194160461426,10.002614974975586,0.2759364545345306,8.90071964263916,-10.06547737121582,5.376344680786133,-4.1975626945495605,6.092142581939697,-9.250690460205078,-3.5112736225128174,-2.8683786392211914,2.1974897384643555,-0.8385071754455566,0.7462952733039856,-4.1215362548828125,3.212364912033081,-4.230129241943359,3.533184766769409,-3.2382261753082275,0.5289799571037292,-3.131722450256348,2.729030132293701,-4.0173540115356445,-0.0651976987719535,-8.726771354675293,-0.361163467168808,-5.163496017456055,1.108837604522705,-4.3420891761779785,-0.3064506947994232,-3.979997396469116,-0.5145223736763,-4.938857078552246,-0.9508242011070251
9,-253.20709228515625,148.14334106445312,-1.6149810552597046,32.660037994384766,10.562614440917969,8.517936706542969,5.700014114379883,9.784014701843262,0.8179746270179749,9.437909126281738,-9.231247901916504,5.258061408996582,-4.699158191680908,5.325289249420166,-9.679911613464355,-3.478898048400879,-3.2582082748413086,2.597018957138061,-0.8803554773330688,0.6087039709091187,-4.721506595611572,3.314574956893921,-4.222018718719482,3.370148181915283,-2.863813161849976,1.2604137659072876,-3.661928653717041,3.059845447540283,-4.538930416107178,-0.7122223973274231,-9.046278953552246,-0.5164493322372437,-5.578632831573486,1.2596434354782104,-4.115487575531006,-0.057774368673563,-3.849193811416626,-0.2426120340824127,-5.073982238769531,-0.502543032169342
7,-261.4603576660156,118.56593322753906,-44.81131362915039,26.745323181152344,2.1293015480041504,20.995086669921875,4.623692989349365,3.4242985248565674,11.308141708374023,9.57844352722168,4.869890213012695,13.767902374267578,-6.01900577545166,2.961839199066162,5.126279830932617,14.536245346069336,1.5636640787124634,2.639121055603028,4.687326908111572,14.1272611618042,0.7196099758148193,4.841376304626465,0.3234006762504577,6.635330677032471,-0.9156951308250428,6.167301177978516,2.0382211208343506,4.140694618225098,-1.525630235671997,6.615673065185547,-1.8318504095077517,-0.5185943245887756,0.0121012674644589,2.771229982376098,-3.158097982406616,1.3749319314956665,-3.846531867980957,2.46821928024292,-1.1813206672668457,-1.0144647359848022
7,-287.9323425292969,125.88072204589844,-9.828696250915527,22.731664657592773,3.4925169944763184,19.288423538208008,4.622796535491943,16.861797332763672,7.462596416473389,8.909045219421387,3.4436705112457275,10.184090614318848,1.9778529405593872,9.06447696685791,2.9652247428894043,9.148420333862305,0.4644469916820526,8.020259857177734,6.968830585479736,10.58431339263916,0.6004157066345215,2.855278253555298,-0.230796530842781,7.520336151123047,1.3604735136032104,5.473640441894531,0.003919028211385,4.540146827697754,0.1182568594813346,3.5808980464935303,-1.9961456060409544,3.4863195419311523,-0.917766571044922,2.671438694000244,-0.9815111756324768,1.8961132764816284,-2.5281732082366943,0.741543710231781,-3.479731321334839,0.5109045505523682
7,-260.8886108398437,117.38949584960938,-23.42582893371582,19.85369300842285,2.642573595046997,22.53466033935547,5.050426483154297,15.28122615814209,8.546181678771973,11.15296459197998,6.783963680267334,9.636667251586914,-3.4836232662200928,5.741279125213623,2.46317720413208,9.994844436645508,-3.695457935333252,4.440364837646484,7.090358257293701,12.495272636413574,0.9059779644012452,3.982749938964844,0.8572132587432861,6.553390502929688,-0.1595617234706878,7.150217056274414,-0.514487624168396,2.75072979927063,-1.8205382823944087,5.001694202423096,-3.0517020225524902,-0.2659949958324432,-2.7129430770874023,1.9978938102722168,-2.1851627826690674,1.1984660625457764,-4.558247089385986,2.159907817840576,-2.041988611221313,-1.5856503248214722
7,-316.1069030761719,143.37059020996094,-21.267995834350582,19.48693084716797,2.564416646957397,20.07498550415039,9.346123695373535,18.034582138061523,6.330709457397461,2.261902332305908,-0.7153805494308472,10.023452758789062,3.813931703567505,8.753202438354492,4.028955936431885,11.11294937133789,1.172918438911438,6.105392456054688,5.524674415588379,7.198163032531738,1.0422985553741455,4.04157018661499,0.4971998035907745,4.796703338623047,0.6203573346138,4.920680046081543,1.0017060041427612,4.494938850402832,2.0095272064208984,4.78525972366333,-0.884119987487793,1.5146253108978271,1.0730973482131958,3.750564813613892,0.4204594194889068,1.9859806299209597,-1.3359180688858032,1.3946127891540527,-1.5867338180541992,1.4888025522232056
7,-317.5838928222656,147.56539916992188,-18.018817901611328,20.217321395874023,7.906185150146484,25.188810348510746,7.0481367111206055,15.475236892700195,7.810047149658203,8.293306350708008,4.433289527893066,9.2157621383667,3.3506500720977783,6.972409248352051,1.986467123031616,9.304208755493164,3.763574600219727,7.659594535827637,3.937225580215454,9.24224853515625,3.910109758377075,3.928895711898804,0.7414296865463257,5.094552993774414,1.7686315774917605,5.566706657409668,0.4567848145961761,4.016012191772461,0.4507288336753845,2.22253942489624,-1.3096721172332764,0.7643816471099854,-0.9597676992416382,1.5003912448883057,-0.9040628671646118,1.156100153923035,-2.0544545650482178,0.4204583168029785,-1.7810677289962769,-0.0951630696654319
7,-245.91184997558597,112.6889190673828,-39.06101608276367,16.571069717407227,6.241490364074707,28.670827865600582,2.1594817638397217,10.113250732421877,7.119096279144287,8.961766242980957,6.314747333526611,12.03577709197998,-1.9824352264404297,1.401523232460022,1.42447030544281,16.13147735595703,1.2108154296875,3.625764846801758,2.0097289085388184,13.963982582092283,5.271000862121582,4.939333438873291,-1.2416528463363647,6.371542453765869,0.3794167637825012,6.22434139251709,-0.3696592450141907,3.9815948009490967,-2.459857940673828,6.358051776885986,0.1901027709245681,2.0710930824279785,-4.572795391082764,2.7827084064483643,0.3294275403022766,2.281479358673096,-3.0151617527008057,0.3984980881214142,-2.4963583946228027,2.1559269428253174
7,-309.221923828125,148.71893310546875,-42.08832931518555,17.695098876953125,-3.042351722717285,28.78671646118164,7.065957546234131,12.075175285339355,10.950815200805664,6.584438800811768,5.993390083312988,12.011848449707031,5.111989498138428,5.319753170013428,1.516719102859497,9.163914680480955,2.0186548233032227,5.12441349029541,3.9859113693237305,9.519801139831545,5.44019889831543,8.011975288391113,1.6938289403915403,1.329418420791626,0.266081690788269,5.321227550506592,-0.3715729117393493,2.703236818313598,2.4154207706451416,5.920599460601807,-0.1266410648822784,-0.7651029229164124,-2.80217719078064,0.3018998205661773,-1.149927020072937,2.0634965896606445,-2.817248106002808,-2.2611405849456787,-2.7078657150268555,0.0466261394321918
9,-291.7608337402344,188.28277587890625,-44.44217300415039,-7.026370048522949,-10.1510648727417,-5.019394874572754,-10.569830894470217,-0.9077321290969848,-0.1927828043699264,3.1283774375915527,-0.8355879783630371,3.609463214874268,-1.386061668395996,6.851453304290772,-1.0382224321365356,1.764939546585083,-3.998875856399536,-1.454145431518555,-4.416884422302246,-1.1222851276397705,-1.730337381362915,1.0755749940872192,0.4804155528545379,3.346585750579834,0.4703153073787689,0.6067439913749695,-2.4534220695495605,-1.235641360282898,-3.203685998916626,-1.9930990934371948,-3.293703556060791,-2.05458402633667,-2.1390697956085205,0.6532028913497925,0.418546199798584,1.245044469833374,-0.4127097129821777,0.9193143248558044,0.0264788828790187,-0.2866555452346802
9,-284.2580261230469,190.62228393554688,-53.36156845092773,-7.228901386260986,-10.250076293945312,-3.326523780822754,-7.775928974151611,-0.0657537281513214,0.2282968759536743,-0.6331650018692017,-0.313128799200058,2.911943197250366,1.450709104537964,4.5187506675720215,1.771870255470276,0.2914517521858215,-2.592585325241089,-2.891185522079468,-3.465972661972046,-2.0388145446777344,0.1143933534622192,-1.503957986831665,0.3201642632484436,0.4958895146846771,2.0872609615325928,-0.6246744990348816,-2.439365863800049,-3.260772705078125,-3.4150867462158203,-3.883164405822754,-3.159599781036377,-1.419078707695007,-1.230174541473389,-1.5586990118026731,-0.7059153914451599,-0.5102278590202332,0.226255863904953,-0.77390056848526,-1.5225616693496704,-0.0006791695486754
9,-292.03814697265625,194.42955017089844,-52.71363067626953,-6.432640552520752,-10.571626663208008,-5.272365570068359,-9.82615566253662,-1.8831753730773928,1.0629096031188965,2.2209689617156982,0.7863772511482239,2.8491761684417725,0.7295310497283936,5.712435722351074,0.7714698910713196,0.175414502620697,-2.746385097503662,-3.708361864089966,-3.5934226512908936,-4.189458847045898,-0.6319181323051453,-0.1834067553281784,0.2695132791996002,1.472340106964111,2.760798931121826,0.500694215297699,-0.5144657492637634,-2.131984233856201,-2.070570468902588,-2.168020009994507,-4.624234199523926,-4.70454216003418,-3.5522894859313965,-1.854606866836548,-0.8060656189918518,-0.6007294058799744,-0.127921774983406,-0.6016812324523926,-0.6849151849746704,-1.4795591831207275
9,-311.1435852050781,188.67477416992188,-50.10006713867188,-1.0168792009353638,-7.949742317199707,2.2868359088897705,-9.469757080078123,4.4001665115356445,0.0873835310339927,4.53294038772583,0.6003938913345337,7.130256175994873,-0.2031512856483459,5.2774763107299805,-2.226559638977051,2.332608699798584,-3.963159084320069,1.4537051916122437,-0.7949796915054321,2.103484630584717,-0.5000211000442505,1.6961981058120728,-0.8356479406356812,2.936802387237549,1.2000490427017212,2.2441744804382324,-0.195936232805252,1.0316394567489624,-2.274832963943481,-0.3800526559352875,-3.984812259674072,-1.4679237604141235,-3.207798719406128,-0.6629047989845276,-1.338619589805603,1.6900805234909058,0.0666368678212165,2.018401861190796,0.5869156122207642,1.8573156595230105
10,-198.92410278320312,111.42559814453124,-41.270263671875,4.940988063812256,-7.51957368850708,-7.910525798797607,9.071667671203612,24.73313331604004,-3.5096421241760254,-2.435077428817749,15.492231369018556,7.139876842498779,-7.682258605957031,-7.730079174041748,-7.893412113189697,18.390539169311523,-18.259767532348636,-16.95287322998047,-3.3334550857543945,5.820676326751709,8.734454154968262,-14.502418518066406,-3.2231056690216064,-8.903064727783203,-36.56078338623047,4.218832015991211,-5.680593490600586,-28.452836990356445,-0.8422815203666687,6.707944393157959,-8.120842933654785,-10.437856674194336,-14.950031280517578,3.1784050464630127,-4.8271965980529785,-4.37745475769043,-7.68797492980957,-11.570764541625977,-10.874613761901855,-6.968355655670166
10,-192.6821746826172,108.73863220214844,-43.78389358520508,5.956011772155762,-5.3106865882873535,-7.602855205535889,9.759737014770508,26.851381301879883,-2.306065797805786,-3.152707099914551,16.780872344970703,7.889349937438965,-8.401819229125977,-6.7110276222229,-8.12818431854248,17.80278968811035,-19.433467864990234,-18.408098220825195,-4.39240312576294,6.44220781326294,9.176783561706545,-15.299107551574709,-3.894917249679565,-9.641817092895508,-37.39761734008789,3.728157997131348,-6.023128986358643,-29.108139038085938,-1.1056195497512815,6.304759502410889,-8.338972091674805,-10.708135604858398,-15.339532852172852,3.663098573684693,-4.826407909393311,-3.833950519561768,-7.744864463806152,-12.223994255065918,-10.876873016357422,-6.728824615478516
10,-216.7483062744141,111.30252075195312,-48.700775146484375,-3.879034757614136,-8.194632530212402,-8.175848007202148,10.056110382080078,22.49553680419922,-1.956818699836731,-0.5467069149017334,14.582914352416992,8.373644828796387,-6.832015514373779,-8.264822006225586,-9.77856731414795,15.30713176727295,-17.927228927612305,-15.20339012145996,-5.517543792724609,5.036371231079102,7.171801567077637,-15.096226692199709,-3.266101360321045,-10.145904541015623,-37.567081451416016,3.477477788925171,-6.584928512573242,-29.26997375488281,-0.5947205424308777,6.645766258239746,-8.693427085876465,-10.938379287719728,-14.61729621887207,4.3809919357299805,-4.807050704956055,-3.7616262435913086,-7.469808578491211,-11.919668197631836,-10.972158432006836,-7.468798160552978
7,-151.24615478515625,113.92444610595705,-41.55036163330078,-7.362225532531738,0.7943007349967957,-14.292375564575195,2.1865530014038086,37.25431060791016,-12.65850830078125,-14.59898281097412,14.952011108398438,1.9545133113861084,1.8423421382904053,2.150773525238037,-8.928695678710938,21.81694221496582,-6.32038164138794,-15.06410026550293,-12.966201782226562,-0.1876928955316543,11.904114723205566,-16.064594268798828,-11.323283195495604,0.2304651737213134,-33.56993865966797,-2.8977279663085938,4.06603479385376,-21.83706283569336,-11.003280639648438,-1.1608622074127195,-5.01280403137207,-14.92933177947998,-26.847579956054688,4.734122276306152,-0.2683061957359314,-4.436220169067383,-3.0541391372680664,-1.4560102224349976,-6.0636820793151855,-9.591941833496094
7,-153.85711669921875,111.5273208618164,-48.87116241455078,-12.552258491516112,2.971083402633667,-11.90595245361328,2.948902130126953,34.486228942871094,-14.478364944458008,-13.705659866333008,15.555785179138184,2.944931030273437,2.1008403301239014,1.427171230316162,-9.573771476745604,20.56989288330078,-7.00710391998291,-14.649231910705566,-13.84467887878418,-1.7466319799423218,11.09601593017578,-16.254234313964844,-11.444872856140137,0.636989951133728,-33.17807388305664,-3.4339466094970703,4.022719860076904,-22.025867462158203,-11.180901527404783,-0.1952443271875381,-4.593296527862549,-13.170647621154783,-24.99374008178711,6.109360218048096,0.3747538328170776,-3.6924703121185294,-2.2789814472198486,-0.4770263433456421,-5.690944194793701,-9.245820045471191
5,-246.69960021972656,75.60148620605469,36.44811248779297,25.183500289916992,18.00425910949707,3.900831937789917,4.730227470397949,0.41364786028862,-0.9755457043647766,-4.738856315612793,-10.180866241455078,-10.145851135253906,-12.737764358520508,-9.95854949951172,-14.253173828125,-5.508566856384277,-13.256037712097168,-3.725931406021118,-6.379564762115479,-3.227182149887085,-4.04181432723999,1.6143238544464111,-3.7369112968444815,5.224586009979248,-3.423903465270996,6.802403926849365,2.805860757827759,9.220489501953123,-0.4740114510059356,5.676504611968994,-5.551858425140381,2.2713427543640137,-6.808175086975098,2.405240535736084,-7.615036487579346,1.6214216947555542,-6.140429496765137,2.82737135887146,-7.045721054077148,-0.4773342311382293
5,-205.5567321777344,59.25732803344727,38.55349349975586,18.1953239440918,16.118572235107422,-8.752999305725098,3.487866163253784,-4.042062759399414,1.5147875547409058,-0.0021367073059082,-5.338590145111084,-1.9424026012420652,-15.00766372680664,-8.940055847167969,-17.370040893554688,-9.625022888183594,-7.590709209442139,-5.482686996459961,-8.525896072387695,-0.6109429001808167,-5.172058582305908,0.9938037991523744,-3.3147974014282227,6.638945579528809,-2.0614709854125977,5.682054996490479,0.5431172847747803,5.667222499847412,-3.501050472259521,4.977755546569824,-5.333881378173828,2.1267900466918945,-5.299661159515381,1.599962830543518,-7.440831661224365,-1.570773363113403,-6.101987838745117,0.1405138522386551,-7.427894592285156,-1.3900034427642822
5,-180.77322387695312,54.59284973144531,27.791248321533203,7.323580265045166,14.6207914352417,-4.830211162567139,3.2179043292999268,0.7456036806106567,-3.151792287826538,-2.5034565925598145,-7.711055278778076,-6.41470193862915,-14.970765113830566,-6.786592483520508,-12.435894012451172,-2.870337724685669,-7.657345294952393,-1.7092900276184082,-9.906105041503906,-2.4687187671661377,-6.501805782318115,1.2941888570785522,-2.856730937957764,5.789541721343994,-1.3306386470794678,1.937213897705078,1.572153091430664,6.29638147354126,-1.5113612413406372,6.56149435043335,-6.272513389587402,2.308056354522705,-6.708376884460449,1.1435939073562622,-4.559408187866211,0.6072753667831421,-5.4145283699035645,0.7038788199424744,-6.755815505981445,-0.2898029685020447
5,-209.85015869140625,67.45728302001953,36.28336715698242,17.1678524017334,7.730045795440674,-7.595094680786133,2.2078113555908203,-3.854416608810425,-1.859653115272522,1.2290822267532349,-4.730698585510254,-2.970798254013061,-13.16118621826172,-5.780898094177246,-16.646982192993164,-5.758677959442139,-9.887246131896973,-1.7373147010803225,-12.007333755493164,-1.4334722757339478,-3.161792278289795,0.8903544545173645,-2.105304479598999,6.074219703674316,-5.543978691101074,2.485481977462769,-0.3178224861621856,7.861454486846924,-1.2851637601852417,4.856552600860596,-1.977934718132019,-1.2678287029266355,-7.677478313446045,2.8834388256073,-7.945637226104736,1.0192203521728516,-7.249218463897705,1.762816071510315,-5.751091003417969,-0.5943289995193481
5,-218.7785797119141,68.58466339111328,32.81593704223633,19.390151977539062,14.77641487121582,-3.1295015811920166,3.916142463684082,-7.316858291625977,0.6716568470001221,-4.291162490844727,-6.692437648773193,-0.6638859510421753,-12.95245361328125,-0.4830133318901062,-14.437273979187012,-8.272602081298828,-6.182109832763672,-3.073494672775269,-7.935616970062256,-3.591017723083496,-3.4744908809661865,-0.5670918226242065,-2.9336626529693604,5.069981575012207,-1.2970045804977417,4.902204513549805,-0.0312631130218505,6.442188262939453,-1.246479630470276,7.30060863494873,-3.9170193672180176,1.245840072631836,-5.400421619415283,1.5870568752288818,-7.34119701385498,0.4463829398155212,-7.126816272735596,1.4816490411758425,-7.617704391479492,0.2892758846282959
5,-176.8455810546875,47.22919845581055,33.877471923828125,23.522201538085938,14.999062538146973,-10.511456489562988,-1.419815182685852,-3.1115617752075195,-4.297699451446533,-1.522088646888733,-2.237937688827514,-3.047126531600952,-18.787931442260746,-2.4335036277771,-16.398088455200195,-8.691326141357422,-7.8155646324157715,-2.7629754543304443,-7.746205806732178,-0.1370787322521209,-3.606855392456055,-0.2173804938793182,-1.9776391983032229,1.3823031187057495,-4.840435028076172,2.779487133026123,-3.0277886390686035,3.681974649429321,-1.5412979125976562,3.874549388885498,-5.323184490203857,-0.7382388114929199,-4.902418613433838,0.9174033403396606,-7.614445209503174,0.6848520040512085,-7.51555061340332,4.113113880157471,-6.58395528793335,-2.485246181488037
5,-201.116455078125,65.60354614257812,39.94983673095703,18.08780860900879,20.049524307250977,-0.2518732249736786,4.697410583496094,0.9863169193267822,4.03501558303833,-2.928838014602661,-1.203999161720276,2.07582688331604,-11.784611701965332,-0.048248004168272,-16.0634822845459,-4.135531425476074,-4.771451950073242,-2.635967969894409,-6.353312015533447,-4.840500831604004,-1.2771687507629397,2.3510642051696777,1.9141994714736936,5.0407328605651855,-0.5502138137817383,6.146539211273193,-1.8758076429367063,7.853853225708008,-0.8695502877235413,6.529415607452393,-2.858697891235352,2.3821187019348145,-4.517119407653809,3.5945146083831787,-7.798506736755371,0.4863684475421905,-7.672924041748047,2.520214080810547,-8.129562377929688,-0.2740883827209472
5,-214.79534912109372,66.12108612060547,42.691497802734375,9.654783248901367,14.837281227111816,0.0068216323852539,6.764493465423584,-1.9548643827438357,-0.4303068518638611,1.4423733949661257,-3.9871692657470703,-0.0041747796349227,-13.60440731048584,-4.803339004516602,-13.680187225341797,-6.53212833404541,-5.878108978271484,-4.31403398513794,-6.330504417419434,-4.5420823097229,-2.476385593414306,2.632345676422119,-1.7357465028762815,4.416199207305908,-4.055100917816162,6.200259208679199,-0.8913393616676331,7.967852115631103,0.0444132983684539,6.086577415466309,-3.033767938613892,0.7727406024932861,-6.11041259765625,1.0017848014831543,-7.084084510803223,1.4557539224624634,-4.023678302764893,1.9745973348617556,-6.11372709274292,0.6386435627937317
5,-179.89793395996094,36.35124969482422,44.17049789428711,19.422435760498047,15.444647789001465,-5.373461246490479,-4.0399088859558105,-0.1558776646852493,-3.0112833976745605,0.3618621826171875,-6.800164699554443,-0.6640192270278931,-17.01626968383789,-6.230076789855957,-19.158525466918945,-8.36762809753418,-7.349552631378174,-2.606539249420166,-8.080467224121094,-3.8490841388702393,-4.1657891273498535,-0.0607640296220779,-0.6534639000892639,4.444652557373047,-4.407024383544922,6.879214763641357,-0.146293893456459,5.299567222595215,-1.1029304265975952,8.47183895111084,-4.783725261688232,-0.9693902730941772,-5.158107280731201,2.649556875228882,-5.919654369354248,3.00849723815918,-6.286469459533691,2.359813928604126,-8.32181167602539,-1.145910143852234
10,-184.62294006347656,128.6444854736328,-20.48998641967773,14.636148452758787,2.8527462482452397,5.76347017288208,7.570738792419434,6.11029577255249,4.535224914550781,6.579705715179443,-0.1282006949186325,5.376948356628418,-3.3361096382141118,2.131974220275879,-2.3976845741271973,0.5696271657943726,-4.596444129943848,1.219826579093933,-2.4150707721710205,2.2044835090637207,-0.9415270090103148,4.118593215942383,-1.0405083894729614,3.3455970287323,-0.7312943339347839,4.866068363189697,-0.6184581518173218,4.0214948654174805,-0.0292443521320819,3.2233755588531494,-1.7267683744430542,3.646372079849243,-1.325868010520935,2.4617457389831543,-0.9164678454399108,2.573467969894409,-0.6914350390434265,1.872305989265442,-1.3468811511993408,1.090834617614746
10,-144.7144317626953,133.2177276611328,-22.749378204345703,15.835305213928224,2.747945547103882,5.181304454803467,8.462610244750977,5.289309978485107,4.304575443267822,4.824061393737793,-1.0950634479522705,3.554881811141968,-3.911919116973877,2.7201547622680664,-2.9645562171936035,0.2589921057224273,-5.50670051574707,0.5208656787872314,-3.499171733856201,1.4565956592559814,-1.8169679641723635,3.4945547580718994,-1.8623268604278564,2.7149946689605717,-1.876667857170105,3.668318271636963,-1.5172646045684814,2.9609763622283936,-2.0389997959136963,1.9499762058258057,-2.0576086044311523,3.0196828842163086,-2.199633836746216,1.611965298652649,-1.828660249710083,1.4160821437835691,-1.6658697128295898,1.730605959892273,-1.197045087814331,0.7819969654083252
10,-152.7728729248047,137.27627563476562,-19.67723846435547,15.524611473083496,1.126623511314392,4.46082067489624,8.66329574584961,1.7778078317642212,6.346191883087158,5.06808614730835,-0.9273930191993712,4.066969871520996,-3.1282854080200195,1.6917442083358765,-3.1117238998413086,-0.6124948859214783,-5.090933799743652,1.9474005699157717,-3.0751607418060303,2.648324966430664,-2.234830141067505,3.669288873672485,-1.2174720764160156,4.040736675262451,-0.4327102303504944,4.26871395111084,-1.2925009727478027,3.497079372406006,-0.4114011228084564,3.134424924850464,-1.29667067527771,3.4652042388916016,-2.129625082015991,2.1778814792633057,-1.2304807901382446,0.9541377425193788,-1.064672589302063,1.4798996448516846,-1.5045684576034546,0.1973154544830322
10,-155.71775817871094,137.76673889160156,-19.42286491394043,15.440442085266112,2.4408795833587646,4.864790439605713,8.923608779907227,3.6838879585266113,7.369335174560547,6.228546142578125,0.1579504907131195,4.44281530380249,-2.0156288146972656,1.4910345077514648,-2.8638916015625,-0.4070095121860504,-4.410756587982178,2.148197889328003,-3.252678394317627,2.717038154602051,-1.4192885160446167,3.4640023708343506,-0.2953121066093445,4.572779178619385,0.1324958801269531,3.9294865131378174,-0.6326939463615417,3.8285024166107178,-0.231768786907196,3.1907196044921875,-1.6238313913345337,3.61808443069458,-1.9373753070831297,1.8253813982009888,-0.96652090549469,1.0246471166610718,-0.4858646392822265,1.0576661825180054,-1.0488046407699585,0.3717806935310364
10,-148.78292846679688,132.763427734375,-18.28891944885254,18.448869705200195,2.242898464202881,6.91411828994751,7.08935546875,7.438657760620117,6.875969409942627,5.701679706573486,1.7840551137924194,3.642143487930298,-1.2986010313034058,1.0847257375717163,-2.203310966491699,-0.2039890885353088,-3.905694007873535,2.475913047790528,-2.8436341285705566,2.433515787124634,-1.2039884328842163,3.5351834297180176,-1.0774282217025757,4.619973182678223,0.3104777634143829,3.347651720046997,-0.0664556846022605,4.019505023956299,0.045314434915781,3.136384963989258,-1.7001757621765137,2.3964645862579346,-1.5759027004241943,1.6692805290222168,-1.7648643255233765,1.4515663385391235,-1.1629303693771362,0.4827513992786407,-1.5802160501480105,-0.1420780718326568
10,-150.69677734375,135.0996551513672,-18.90951538085937,19.349008560180664,2.5077624320983887,6.680440902709961,7.738995552062988,7.224445819854736,7.07839298248291,4.811344146728516,2.072660446166992,4.067653656005859,-1.9250659942626955,1.9028019905090328,-2.4458954334259038,0.3403583467006683,-4.1982951164245605,3.186607360839844,-2.178509473800659,2.218413829803467,-2.1523525714874268,3.073333263397217,-1.859854817390442,4.365863800048828,-1.0814192295074463,3.458661794662476,-0.6834473609924316,3.954370021820069,0.2114830017089843,3.1751482486724854,-1.5193079710006714,2.0710415840148926,-1.7094107866287231,2.491060733795166,-1.890174150466919,1.2228795289993286,-2.6162302494049072,-0.0663779228925705,-2.101912498474121,-0.5144477486610413
10,-160.96046447753906,143.14739990234375,-19.804981231689453,18.486927032470703,3.694449424743652,5.420157432556152,9.782611846923828,2.702168226242065,8.019405364990234,4.080025672912598,0.2569758296012878,5.274380683898926,-2.4318389892578125,3.4468462467193604,-3.3458046913146973,1.1126002073287964,-4.205513000488281,2.7035419940948486,-2.757758378982544,2.1482784748077397,-1.9035077095031736,3.5183427333831787,-1.9937292337417605,4.418204307556152,-1.7594633102416992,3.9341630935668954,-1.8191242218017576,3.891118288040161,0.1735598146915435,3.620373010635376,-0.7955729961395264,3.097229242324829,-1.826166033744812,2.95454478263855,-1.5041422843933103,1.4866819381713867,-1.7221598625183103,0.8325883150100708,-1.5685737133026123,-0.1791476607322693
10,-161.36070251464844,143.4972686767578,-20.12478828430176,18.60694122314453,2.595499992370605,4.59049654006958,9.04194164276123,2.131967782974243,7.61967134475708,3.644561529159546,-0.8782843351364136,5.170375347137451,-2.333613157272339,3.614270448684693,-3.9725899696350098,1.0612438917160034,-4.799764633178711,2.239921808242798,-3.378204107284546,1.8272055387496948,-2.1412839889526367,3.5498862266540527,-2.4123125076293945,5.023860931396484,-1.2247662544250488,4.406337261199951,-1.833115100860596,3.3193881511688232,-1.2162829637527466,3.067593097686768,-0.5956382751464844,3.389106512069702,-2.20745062828064,2.9807446002960205,-1.3629318475723269,2.259194612503052,-0.3089825212955475,2.161526918411255,-1.1691865921020508,-0.06787721067667
10,-158.5734100341797,143.49212646484375,-20.309083938598636,18.3188533782959,3.012789487838745,4.022105693817139,8.805068016052246,3.245383977890014,7.231974601745605,3.392447233200073,-0.4648037552833557,4.750289440155029,-2.7589478492736816,3.2278707027435303,-3.89989709854126,0.1628179550170898,-4.800660133361816,2.6588191986083984,-3.6339943408966064,1.035770058631897,-3.1580538749694824,3.453087329864502,-2.254716396331787,4.808396339416504,-1.3977421522140503,4.2015380859375,-2.181183099746704,2.5301618576049805,-2.298346281051636,2.1801912784576416,-1.4338480234146118,2.4980781078338623,-2.588016986846924,2.698263168334961,-1.4505449533462524,1.9804221391677856,-0.4637137055397033,2.04955530166626,-1.5397324562072754,-0.5908975601196289
10,-157.65394592285156,143.8570556640625,-20.45705986022949,17.912921905517578,3.9735283851623535,4.911500453948975,10.21719455718994,4.2075066566467285,7.856061935424805,2.8329248428344727,-0.7964113354682922,4.796278953552246,-3.2012805938720703,3.0680739879608154,-3.294823169708252,0.1089363768696785,-3.6771183013916016,3.247867584228516,-3.667128324508667,0.7251511812210083,-2.877919435501098,4.0722975730896,-2.10917592048645,4.667282104492188,-0.9648414850234984,4.015821933746338,-2.1475205421447754,3.209265947341919,-1.207502007484436,2.573381185531616,-1.95569372177124,2.270905017852783,-2.1535701751708984,2.463308095932007,-1.4566421508789062,1.610305666923523,-1.0938034057617188,1.3424609899520874,-1.592800259590149,0.1737023293972015
10,-158.01658630371094,142.76568603515625,-19.856752395629883,18.013431549072266,3.2740190029144287,5.134354114532471,10.74748420715332,4.001965999603272,6.910078048706055,3.489684820175171,-0.6427832245826721,5.1838202476501465,-3.0754988193511963,3.8935680389404297,-3.065453052520752,0.2900123596191406,-3.3170318603515625,3.281575918197632,-3.318830966949463,1.589131236076355,-2.209195613861084,4.31340217590332,-2.469787836074829,4.350405216217041,-0.4323040246963501,3.917734384536743,-1.8697491884231567,3.9957685470581055,-0.5885086059570312,3.15321946144104,-1.70410418510437,3.178440570831299,-1.464499831199646,2.699195146560669,-0.8916553854942322,2.271948337554932,-0.9806187152862548,1.549393653869629,-1.372374415397644,1.0728133916854858
10,-153.80062866210938,141.43365478515625,-19.682863235473636,18.79784393310547,1.9868905544281008,5.894777774810791,9.415146827697754,2.9822301864624023,5.336734294891357,4.349245548248291,0.5575563907623291,5.652255535125732,-2.6266887187957764,4.061637878417969,-2.8089230060577397,0.594006359577179,-3.787552118301392,3.082882642745972,-2.6567623615264893,2.8284711837768555,-2.44728684425354,4.32618522644043,-2.4002184867858887,3.281475782394409,-0.5405962467193604,3.5889525413513184,-1.8537358045578003,4.271722793579102,-0.3101267218589782,3.3289132118225098,-1.261502981185913,3.136399030685425,-1.9316155910491943,2.629931926727295,-1.0478659868240356,2.9485809803009038,-0.2702139616012573,2.5935068130493164,-1.4153807163238523,1.6269288063049316
10,-144.55044555664062,132.83570861816406,-23.614992141723636,17.031862258911133,2.1933507919311523,5.511261940002441,7.194278240203857,6.22158145904541,3.770740032196045,3.046663999557495,-0.9287569522857666,3.0032334327697754,-4.081512451171875,3.1835567951202397,-3.926088094711304,0.2029110193252563,-6.662704944610596,2.0304741859436035,-3.9066860675811768,1.2037286758422852,-2.1040802001953125,3.251297235488892,-2.5845730304718018,1.9092499017715452,-2.7340176105499268,3.268278121948242,-2.2982451915740967,2.5239243507385254,-2.1195363998413086,2.252556324005127,-1.959560871124268,2.6871461868286133,-2.6588330268859863,1.299884557723999,-1.804629683494568,0.7501044273376465,-1.862607717514038,1.453998565673828,-1.5666927099227903,0.9063799977302552
10,-151.78855895996094,142.212646484375,-21.500173568725582,17.476469039916992,2.137548923492432,5.8550333976745605,8.64422607421875,2.250420570373535,5.266696929931641,4.20109224319458,0.3543398678302765,6.053239822387695,-2.1407113075256348,4.237149238586426,-2.682914972305298,1.044838786125183,-3.5054585933685303,3.5367681980133057,-1.4134987592697144,3.3649492263793945,-2.3907833099365234,4.755729675292969,-1.9555455446243288,3.6727097034454346,-0.0231085531413555,4.377483367919922,-1.2339860200881958,4.095290184020996,-0.6041544675827026,2.4130449295043945,-1.207072138786316,2.904281616210937,-3.183516502380371,2.549501419067383,-1.325029730796814,2.407942533493042,-0.3116911649703979,2.5820038318634038,-1.325838327407837,2.3330399990081787
10,-152.8036346435547,143.46463012695312,-22.01902961730957,16.107402801513672,2.820865631103516,5.604764461517334,8.810141563415527,2.6453936100006104,7.4706339836120605,4.054216384887695,-0.1293833702802658,6.469864845275879,-2.4625861644744877,4.764126777648926,-2.0986242294311523,1.1403074264526367,-3.079763174057007,3.8694334030151367,-0.2556999027729034,4.039839744567871,-1.3260767459869385,5.780190944671631,-1.259548306465149,4.386269092559815,-0.4534823894500732,5.160050392150879,-1.0681391954421997,3.371262788772583,-0.8617098331451416,2.5707507133483887,-1.14332377910614,2.920785427093506,-2.107835292816162,3.495713472366333,-0.4734190702438354,2.636085033416748,-0.350616455078125,1.6921838521957395,-1.4319992065429688,1.654857873916626
10,-153.9053955078125,142.9613037109375,-21.039522171020508,14.99321460723877,2.566566705703736,5.449523448944092,9.10696792602539,3.027096748352051,8.691271781921387,4.227227687835693,-0.1336450725793838,6.365897178649902,-1.9676852226257324,4.600262641906738,-1.0291643142700195,1.627195119857788,-3.1827335357666016,4.12641191482544,-0.2684575617313385,4.160528659820557,-0.6824058294296265,6.347933769226074,-0.762695848941803,4.493837356567383,-1.0708805322647097,5.215035438537598,-0.494739681482315,3.999206781387329,0.1704150289297104,4.326176166534424,-0.2653307914733886,3.3956260681152344,-1.1574666500091553,4.28382682800293,0.4634187817573547,3.473304986953736,0.7555906176567078,1.9488275051116943,-0.6959488987922668,1.2929275035858154
10,-154.6240692138672,141.5265655517578,-22.378490447998047,13.569321632385254,2.131988286972046,4.635687828063965,8.93404769897461,3.692726373672485,8.514759063720703,4.67011308670044,-0.8869209885597229,5.23648738861084,-1.2944191694259644,2.3746166229248047,-1.7914196252822876,1.0147072076797483,-3.5093839168548584,4.0274834632873535,-1.6110306978225708,2.733776569366455,-1.2051881551742554,5.644988536834717,-1.2264785766601562,3.783823251724243,-0.6459461450576782,4.890130996704102,-0.2232243567705154,4.041552543640137,-0.4864921271800995,3.702336072921753,-0.8429839015007019,3.933966398239136,-1.7616459131240845,3.709613084793091,0.0191523823887109,2.8753061294555664,0.4240950345993042,1.6284139156341553,-0.3200227618217468,1.326704978942871
10,-176.02178955078125,139.437255859375,-21.854217529296875,13.858972549438477,1.1922142505645752,5.96439790725708,8.261797904968262,4.872134685516357,8.534667015075684,5.477932929992676,-0.6153678894042969,4.437027931213379,-0.988848090171814,1.2523670196533203,-2.802197217941284,-0.1740319728851318,-4.282196044921875,4.5972418785095215,-2.5851969718933105,2.66331148147583,-1.487817645072937,4.412384510040283,-1.11021888256073,3.312006711959839,-0.7445391416549683,4.251169204711914,-0.9556710124015808,3.506232976913452,-1.1695480346679688,2.69923734664917,-1.7180391550064087,3.817678451538086,-2.092165470123291,2.6714096069335938,-0.9894951581954956,1.757848858833313,-0.8613520264625549,0.7314488887786865,-1.0793639421463013,0.8143380284309387
10,-148.43820190429688,134.5308074951172,-24.168296813964844,16.541351318359375,3.256232023239136,5.662369728088379,7.037102222442627,5.561647415161133,4.547245502471924,2.9757673740386963,-0.4883709549903869,3.8232171535491934,-4.030291557312012,2.046551465988159,-4.06088924407959,0.1358847618103027,-5.580093860626221,2.880653619766236,-3.190396547317505,1.11209237575531,-2.1269352436065674,3.6209537982940674,-2.2730300426483154,2.55237340927124,-2.460461139678955,3.835161924362183,-1.1507933139801023,2.7921178340911865,-0.8249037861824036,2.1346471309661865,-1.2366046905517578,2.4351909160614014,-2.351186513900757,1.877726435661316,-1.3467556238174438,1.414131999015808,-0.9275084137916564,1.818302869796753,-1.6325092315673828,0.2939840853214264
10,-150.4257049560547,136.31199645996094,-24.77951431274414,16.476713180541992,3.890763998031616,5.789024353027344,6.643632411956787,4.261299133300781,4.719387054443359,3.426062822341919,-0.8780920505523682,3.965798377990722,-4.354395866394043,1.8881222009658811,-3.4066832065582275,0.3427604734897613,-4.948870658874512,2.80241322517395,-2.8769900798797607,0.4186956584453583,-2.105980634689331,3.865842580795288,-2.150426387786865,2.8230671882629395,-2.1305763721466064,3.3392369747161865,-0.906014323234558,2.634523868560791,-0.5655669569969177,2.190024375915528,-0.824144721031189,2.417774438858032,-1.6673636436462402,2.2591705322265625,-1.0785727500915527,1.8402283191680908,-0.8680281639099121,1.89938759803772,-1.5723774433135986,-0.2450318336486816
10,-146.31578063964844,132.79486083984375,-23.173120498657227,17.8260498046875,3.0057055950164795,6.688156127929688,4.987539768218994,5.227032661437988,5.597377300262451,2.8890066146850586,-1.022301197052002,3.954421281814575,-4.062460422515869,2.782468557357788,-3.529777765274048,0.5041152834892273,-5.6698503494262695,1.7778599262237549,-2.3200550079345703,0.6382198929786682,-2.621643304824829,3.9782052040100098,-1.9380978345870967,2.3469550609588623,-2.8301618099212646,3.438190698623657,-1.3468921184539795,2.4032533168792725,-1.3008314371109009,2.555908441543579,-0.4110226631164551,1.6053662300109863,-1.8509896993637085,2.2540178298950195,-0.64098060131073,1.2927268743515017,-1.395345687866211,2.01875638961792,-1.8424947261810305,-0.4926717579364776
10,-137.63343811035156,125.20901489257812,-22.548917770385746,19.645654678344727,0.2312072515487671,6.922928333282471,4.127153396606445,7.209890365600586,4.495612621307373,1.725147724151611,1.8078304529190063,3.914156436920166,-5.150816440582275,4.338193416595459,-3.77882981300354,0.4712302982807159,-5.767054080963135,1.776743769645691,-3.1984670162200928,0.2253343909978866,-2.6675350666046143,3.75304651260376,-1.6062254905700684,3.674404859542847,-2.9448347091674805,3.4615707397460938,-1.5415928363800049,2.6491143703460693,-0.9242090582847596,2.5149271488189697,-0.3710136711597442,1.3290343284606934,-2.4493558406829834,1.9805827140808103,-1.4849860668182373,0.9289838075637816,-1.7434706687927246,1.62041437625885,-2.235175371170044,-0.5800526142120361
10,-142.02598571777344,128.3351287841797,-21.67951011657715,17.9741153717041,-0.2679977715015411,5.33881425857544,5.522023677825928,4.484808921813965,3.7065606117248535,2.4504587650299072,1.6925357580184937,3.7968997955322266,-5.671838283538818,4.3764848709106445,-4.003468036651611,-0.4356670379638672,-4.865799427032471,1.5113673210144043,-3.714796543121338,-0.9215492010116576,-1.964685678482056,4.062811374664307,-1.1747163534164429,4.963232517242432,-1.4226118326187134,3.4981305599212646,-1.304479479789734,2.684196949005127,-0.0605923309922218,1.8398263454437256,-1.3158665895462036,1.5381413698196411,-2.159997940063477,1.7768720388412476,-2.589568853378296,0.9802979826927184,-1.549341320991516,1.080162525177002,-2.258713722229004,-0.6286206245422363
10,-154.78977966308594,137.454345703125,-19.775653839111328,16.365821838378906,1.9659092426300049,4.389385223388672,8.381479263305664,1.6780531406402588,4.739134788513184,3.7022581100463863,-1.16999351978302,4.125854969024658,-4.998709201812744,3.022254943847656,-4.133618354797363,-0.7011536359786987,-4.060243606567383,0.3649441301822662,-3.063260555267334,-0.3036465942859649,-1.966152787208557,4.021780967712402,-1.3267104625701904,4.094024181365967,-0.8908379077911377,3.951804161071777,-1.0061633586883545,1.7738124132156372,-0.2678484320640564,1.3948843479156494,-1.7454862594604492,1.0460983514785769,-2.5762486457824707,1.4862582683563232,-2.0133512020111084,1.0277595520019531,-1.3965452909469604,1.0714691877365112,-2.0037355422973637,-0.8594114184379578
10,-155.5438232421875,139.09408569335938,-19.46341133117676,16.51473045349121,1.9636896848678589,4.645313739776611,8.861645698547363,1.0637494325637815,5.185600280761719,3.8783986568450928,-1.2289870977401731,3.6742467880249023,-4.224069595336914,2.406240224838257,-3.426164388656616,-0.6104013323783875,-4.295206069946289,1.065449833869934,-3.101103544235229,1.338708758354187,-2.187529325485229,3.794494390487671,-1.9620516300201416,3.3768839836120605,-0.6663433909416199,4.189297199249268,-1.5215078592300415,1.952813982963562,-0.6060354709625244,2.1927592754364014,-1.299565315246582,1.876598000526428,-2.811758518218994,1.4185526371002195,-1.7328981161117554,1.0061688423156738,-1.3249492645263672,1.2795194387435913,-2.0713956356048584,-0.665898859500885
8,-112.02893829345705,91.12196350097656,-85.5551986694336,-30.83622169494629,-30.46440887451172,-14.89830493927002,-10.532401084899902,-11.855413436889648,-8.072056770324707,-4.75100564956665,-0.7876541018486023,-9.46174430847168,-7.657220363616943,3.131754875183105,-1.888578176498413,5.24127721786499,-4.671706676483154,-0.438814640045166,-5.942951679229736,-2.848662853240967,-10.450215339660645,0.2284447848796844,-2.8677546977996826,-1.9270672798156736,-7.97447395324707,-1.185075044631958,-2.901916980743408,1.8323643207550049,-7.416396617889404,-2.517662048339844,-6.433948040008545,1.7005897760391235,-1.0190051794052124,4.8149027824401855,3.048430919647217,6.149051189422607,2.096965789794922,2.052974224090576,-2.669430017471313,1.1908299922943115
8,-154.87298583984375,97.89686584472656,-59.337677001953125,-28.96477699279785,-17.76718521118164,-11.257787704467772,-14.790559768676758,-8.263799667358398,-5.901806354522705,1.5169966220855713,-1.6542567014694214,-5.338591575622559,-4.984604358673096,3.6944870948791504,-4.588412284851074,2.998887300491333,-3.636139869689941,1.670911192893982,-5.518892288208008,-3.6237640380859375,-8.198648452758789,-2.424856424331665,-3.8836958408355713,-1.593338966369629,-8.409984588623047,-1.7074731588363647,-6.560062408447266,0.2249344289302826,-3.848862648010254,-1.5646179914474487,-4.358942985534668,2.144869089126587,-0.9260989427566528,2.9768295288085938,4.792300224304199,6.177690982818604,-0.7378669381141663,0.9781126976013184,0.0143526941537857,0.2340345680713653
8,-121.57431030273438,90.14488983154295,-76.92841339111328,-26.044002532958984,-30.288124084472656,-16.835649490356445,-18.356979370117188,-16.50435447692871,-9.07036304473877,-1.906103491783142,0.8053549528121948,-5.241617679595947,-1.1374050378799438,2.5291597843170166,-3.4884488582611084,3.489603281021118,-4.303956508636475,2.427558422088623,-0.8550994396209717,-3.7133288383483887,-9.677984237670898,1.8280916213989256,-1.24958336353302,-0.2516507804393768,-7.153732776641846,0.371616780757904,-2.67641019821167,3.637157201766968,-4.2715935707092285,-1.762182593345642,-4.847716331481934,2.9927494525909424,0.2401507049798965,5.713596820831299,3.730747699737549,8.866618156433105,3.07947325706482,0.3731161952018738,-2.714986562728882,1.4357553720474243
8,-74.93663024902344,81.80902099609375,-79.93238830566406,-28.7353572845459,-36.01585388183594,-19.295244216918945,-22.85210609436035,-18.0916748046875,-11.258726119995115,-0.5240744948387146,-2.507330894470215,-3.90027379989624,-3.908829689025879,-0.1843393594026565,-4.013195514678955,2.0835742950439453,-7.338956832885742,1.4166532754898071,-2.261092185974121,-0.6754506826400757,-9.733293533325195,-0.07460268586874,-1.257469892501831,-1.700999736785889,-6.1257734298706055,0.3842497766017914,-3.0282909870147705,5.821201801300049,-3.565046787261963,-5.407827377319336,-6.203310489654541,0.7497203946113586,1.7303946018218994,6.359818935394287,1.200087070465088,7.998814582824707,-0.1323157995939254,1.2177438735961914,-1.2245360612869265,1.1730026006698608
8,-113.26813507080078,79.82112884521484,-76.59430694580078,-13.78315544128418,-25.204408645629883,-14.80356216430664,-15.627573013305664,-11.852556228637695,-10.155838012695312,0.4087937474250793,-0.4947049915790558,-3.607911348342896,-4.615211009979248,2.394249677658081,-3.63988208770752,5.895654678344727,0.1384750604629516,2.129532814025879,-7.687439441680908,-6.420825958251953,-8.774642944335938,0.0842049568891525,-1.128816843032837,0.7222917675971985,-8.394820213317871,-6.68036413192749,-4.526839256286621,4.476801872253418,-4.675456523895264,-4.216370582580566,-6.000298023223877,4.224688053131104,-2.447024345397949,-0.940709114074707,1.9905019998550413,5.834334373474121,-2.015838861465454,3.3674633502960205,1.98455822467804,-0.8143287897109985
8,-199.45448303222656,97.81159973144533,-60.05794906616211,-20.85480690002441,-18.75644302368164,-14.686379432678224,-10.193108558654783,-11.597641944885254,-8.468850135803223,0.9538661241531372,-1.3776895999908447,-6.046995162963867,-3.393043041229248,3.1468770503997803,-3.977905511856079,4.301544666290283,-4.211677074432373,2.439160823822021,-5.169778823852539,-2.777768135070801,-7.010149002075195,0.4508294463157654,-2.426926612854004,-0.566948652267456,-9.080992698669434,-1.455889344215393,-5.821347236633301,2.618247985839844,-3.694428205490112,-2.4805078506469727,-5.252267837524414,2.4733593463897705,-0.2930760979652405,1.8990732431411743,4.158823490142822,5.534039974212647,-0.2681064009666443,3.146772861480713,0.9669660925865172,-1.0350691080093384
8,-121.67770385742188,79.13692474365234,-71.57198333740234,-10.951539993286133,-31.774682998657227,-15.187541961669922,-9.926791191101074,-13.872556686401367,-8.711959838867188,0.9975765347480774,-0.834579586982727,-0.8579597473144531,-3.6428163051605225,3.0632548332214355,-5.861778259277344,5.172475337982178,-4.073336601257324,2.7411346435546875,-6.927674293518066,-5.5712175369262695,-10.795965194702148,-0.0298178289085626,-2.32963490486145,0.4414301216602325,-5.1883039474487305,-4.269355297088623,-1.775214910507202,6.1234941482543945,-4.832998752593994,-5.214441299438477,-4.124876022338867,3.6947290897369385,0.0992381274700164,1.1968261003494265,3.631218671798706,5.280202388763428,-0.1878551691770553,1.3074084520339966,0.3322349786758423,0.6962774395942688
8,-88.52979278564453,79.55348205566406,-75.75949096679688,-28.39405059814453,-34.58523941040039,-14.562785148620604,-12.68652057647705,-14.87882137298584,-0.5314945578575134,-5.327510356903076,-9.433755874633787,-16.22889518737793,-9.967193603515623,0.6495631337165833,1.2660224437713623,4.086890697479248,-8.440587997436523,1.7222999334335327,-8.031185150146484,-7.592422008514404,-12.739002227783203,-4.701099395751953,-6.493488788604736,-6.541472911834717,-12.72244644165039,-6.054459095001221,-6.623501300811768,0.1137388348579406,-8.0748929977417,-3.197190761566162,-2.40798568725586,2.725618839263916,-0.3762604892253876,2.249783992767334,0.5508798360824585,4.759096145629883,-1.5266897678375244,2.2862002849578857,-0.2750157713890075,4.42174768447876
8,-99.2893524169922,82.50765991210938,-77.7667236328125,-26.1566219329834,-27.80219841003418,-15.140210151672363,-13.047454833984377,-11.968891143798828,-6.364751815795898,-2.3912012577056885,-6.712408065795898,-11.537092208862305,-9.02645206451416,2.07429313659668,-0.3438141345977783,4.630972385406494,-6.2041192054748535,2.175986289978028,-7.951835155487059,-6.902556896209717,-11.867722511291504,-3.373805046081543,-6.443792819976807,-5.398195266723633,-11.073478698730469,-4.745387554168701,-7.323126316070557,-0.3879161775112152,-7.53351354598999,-4.794978141784668,-4.436932563781738,3.6676158905029297,-0.8797183036804199,0.9335396885871888,-0.3170457780361175,4.077370643615723,-1.5526708364486694,2.925375461578369,0.0530354045331478,2.12647557258606
8,-94.68279266357422,85.56017303466797,-74.27372741699219,-24.19790267944336,-25.05410385131836,-14.746517181396484,-6.752723693847656,-14.610136985778809,-1.0654842853546145,-3.830289125442505,-6.575655937194824,-6.180665969848633,-4.418469429016113,-0.3602994978427887,-0.3723797798156738,7.746374607086182,-2.7862720489501958,4.531073570251465,-5.239971160888672,-7.561657428741455,-10.371140480041504,-2.462555170059204,-5.0896759033203125,-4.546202659606934,-11.690855979919434,-9.630512237548828,-7.78369140625,2.7767810821533203,-8.483380317687988,-6.98508358001709,-3.938408374786377,1.7263462543487549,-1.5777395963668823,-0.3514822423458099,0.3080831468105316,5.101942539215088,-2.2572007179260254,2.438398838043213,0.6372045278549194,0.6923205256462097
8,-133.1993408203125,80.10600280761719,-61.4716682434082,-22.02017593383789,-29.40933990478516,-6.469356536865234,-9.082231521606444,-13.507740020751951,-0.3612428903579712,-1.6520450115203855,-7.793613433837891,-8.250931739807129,-4.443006992340088,3.1221728324890137,0.7020030617713928,7.580598831176758,-6.094123363494873,2.603848934173584,-7.9338297843933105,-5.6833906173706055,-9.517671585083008,-4.452314376831055,-7.854166030883789,-5.805635452270508,-11.78328800201416,-7.18001651763916,-7.104236602783203,2.0962860584259038,-9.134439468383787,-5.767566204071045,-5.8011908531188965,1.8980083465576167,-2.603748321533203,-0.3780959248542785,0.3446298539638519,3.073075771331787,-3.1942830085754395,1.2924094200134275,-1.5230469703674316,0.0703578367829322
9,-301.02685546875,139.49208068847656,-30.99773979187012,-30.51374244689941,-27.02567672729492,-58.880767822265625,-53.04558563232422,-33.49552154541016,-9.926434516906738,2.164687156677246,-11.979607582092283,-9.886828422546388,2.200134038925171,-12.409857749938965,-25.87478446960449,-15.93856430053711,-8.63178539276123,-9.849313735961914,-2.1635515689849854,8.605708122253418,7.822083950042725,3.014365673065185,6.40446662902832,9.743273735046388,2.944835901260376,0.2990062236785888,8.874391555786133,7.6654839515686035,-0.4382447898387909,3.9813015460968018,6.812556743621826,-1.5066360235214231,-3.4554545879364014,1.6910523176193235,3.396437883377075,2.986478328704834,3.2673439979553223,4.228150844573975,2.121443510055542,-1.4815410375595093
10,-86.97588348388672,110.81790161132812,-18.702592849731445,13.59396743774414,2.951687812805176,3.4142332077026367,-1.4413782358169556,-6.93458366394043,-7.947610378265381,-3.570333242416382,-7.896268367767334,-1.854077100753784,-9.01884937286377,0.4974744319915771,-10.129212379455566,-1.506503343582153,-7.19222354888916,-0.4443494081497192,-8.101191520690918,0.7183514833450317,-5.391467094421387,-1.0949747562408447,-4.971837520599365,-0.7903797030448914,-6.932167530059815,1.916617512702942,-4.456435203552246,-1.3236196041107178,-5.117763519287109,1.051347017288208,-2.397902488708496,1.154373049736023,-4.873349189758301,-0.8656973838806152,-4.606659412384033,1.4116860628128052,-1.7000799179077148,1.1536612510681152,-3.9405689239501953,-0.5335597991943359
10,-143.84715270996094,38.12737655639648,-6.381691932678223,13.031396865844728,4.035738468170166,0.7811363339424133,-1.2014219760894775,-1.26670241355896,-2.792036771774292,-1.8813705444335935,-6.731877326965332,4.527064800262451,-2.144408941268921,5.057942390441895,-3.874755144119263,-0.2093745172023773,-4.574009418487549,1.6335784196853638,-3.038632869720459,-1.4055618047714231,-8.36654281616211,-0.4018484055995941,-6.105381488800049,-1.6190063953399658,-4.651987552642822,-2.2764103412628174,-8.08160400390625,-1.02996826171875,-5.658901691436768,0.96841299533844,-4.265335559844971,-0.5883608460426331,-3.55019211769104,0.2553404867649078,-2.3748326301574707,3.006855010986328,-2.0234687328338623,-0.0102408966049551,-3.7545723915100098,1.3124593496322632
10,-211.9311370849609,62.64132308959961,-8.070555686950684,21.75570106506348,4.541049957275391,4.23588228225708,0.297944962978363,0.1225893050432205,-9.62120532989502,-7.52548885345459,-8.143815040588379,3.749377727508545,-1.3970173597335815,2.731443166732788,-4.652281761169434,0.9339399933815002,-5.043184280395508,1.4258848428726196,-3.625643491744995,0.4960253238677978,-9.589174270629885,-3.5645828247070312,-6.216797828674316,-1.9627294540405276,-7.073882102966309,-4.27877950668335,-8.971046447753906,-1.2900291681289673,-5.835114479064941,-0.8691673874855042,-4.68187952041626,1.2327563762664795,-2.958711624145508,1.2601499557495115,-2.799268245697021,2.926510572433472,0.6397799849510193,2.530475854873657,-1.5174511671066284,1.2339798212051392
10,-217.33493041992188,64.15057373046875,-12.334935188293455,18.408178329467773,12.262885093688965,1.67611563205719,-6.68065357208252,2.040681838989258,-4.62721586227417,-3.4265716075897217,-8.196709632873535,2.75427794456482,-2.5362091064453125,1.355059266090393,-5.724174499511719,0.835373044013977,-3.600553512573242,2.5006492137908936,-2.8284013271331787,-0.1532342135906219,-7.038358211517334,-3.136967897415161,-6.26447057723999,0.479895532131195,-6.258260250091553,-0.3239096701145172,-4.491665363311768,-1.4982229471206665,-4.994263172149658,-0.7412547469139099,-4.227787494659424,0.0835259035229682,-3.915785074234009,-0.5454733967781067,-7.023215293884277,-1.1979130506515503,-4.790821552276611,0.6009811162948608,-2.476236343383789,2.4533419609069824
8,-191.04742431640625,35.24000549316406,-26.33656311035156,7.442415237426758,-4.862986564636231,-12.611846923828123,-22.154747009277344,-10.750571250915527,-16.105178833007812,-2.543177843093872,-12.327964782714844,-11.695446968078612,-10.339152336120604,-7.112365245819092,-16.500835418701172,-10.178614616394045,-15.014190673828123,-9.559698104858398,-10.660724639892578,-11.4219388961792,-12.315069198608398,-3.55684494972229,-12.293190002441406,-7.316080570220947,-8.061379432678223,-2.2121458053588867,-5.956461429595947,1.2277531623840332,-2.044541358947754,-2.502318382263184,-2.3899991512298584,4.0232415199279785,-4.023117542266846,3.2434699535369877,-2.639280319213867,1.0902941226959229,-3.691638469696045,-1.5093318223953247,-4.502399444580078,-0.0046464926563203
8,-287.7758178710937,12.809032440185549,-9.073177337646484,19.90082550048828,8.03957748413086,0.5231468081474304,-17.97463035583496,5.732560157775879,-11.98397159576416,-2.272352457046509,-17.743051528930664,-11.166877746582031,-17.093364715576172,0.539868950843811,-10.279956817626951,-7.274132251739502,-9.33493709564209,-8.053914070129395,-9.878586769104004,-7.995106220245361,-12.253726959228516,-0.8636810779571533,-10.281590461730955,-1.5684279203414917,-6.183284759521484,-3.280062675476074,-6.472553253173828,-0.0215399265289306,-3.0725488662719727,-2.646923780441284,-4.285044193267822,1.0631494522094729,-1.1652777194976809,0.614419162273407,-2.2199716567993164,-0.88707035779953,-2.9843311309814453,0.9983434081077576,-2.7808468341827397,1.1507599353790283
8,-213.52996826171875,47.7127799987793,-29.18956184387207,1.2352551221847534,-7.198046684265137,-9.946539878845217,-14.244905471801758,-5.7547149658203125,-20.970739364624023,-8.31026840209961,-19.160808563232425,-12.118063926696776,-7.233933925628662,-1.7830837965011597,-9.805231094360352,-9.82280158996582,-17.132644653320312,-11.131410598754885,-15.354875564575195,-10.417729377746582,-10.857865333557127,-3.5795586109161377,-10.01993465423584,-3.581382274627685,-7.852946758270264,-3.7805063724517822,-4.74351167678833,0.980932593345642,-2.142608165740967,-1.989990830421448,-3.804818391799927,2.009574174880981,-3.687503099441528,2.1730332374572754,-3.954955577850342,-1.6451200246810913,-6.525137424468994,-1.5924381017684937,-4.888327598571777,0.8501583933830261
8,-233.7071685791016,65.82438659667969,-27.73831558227539,14.825693130493164,-1.2328063249588013,-9.06414794921875,-20.466598510742188,-9.873006820678713,-20.51749038696289,-13.18826675415039,-18.827829360961918,-10.808417320251465,-11.070972442626951,-3.610454559326172,-11.490105628967283,-3.8872997760772714,-15.887605667114258,-7.831691741943359,-6.326618671417236,-10.222417831420898,-13.63970947265625,-1.2582952976226809,-6.857861518859863,-1.8844926357269287,-6.330697536468506,0.6677374243736267,-4.827720642089844,-2.5184876918792725,-4.639190673828125,-2.4338197708129883,-2.8257157802581787,3.2151436805725098,-4.246557712554932,-2.3635103702545166,-5.396718502044678,-1.4197728633880615,-4.639277458190918,-1.7563234567642212,-2.9220080375671387,4.806174278259277
8,-199.45138549804688,80.32088470458984,-20.76247978210449,20.20533561706543,-1.9903823137283323,-12.409662246704102,-17.43048667907715,-3.986831188201904,-20.75233268737793,-11.157319068908691,-14.956918716430664,-7.336801528930664,-10.911438941955566,-7.932692050933838,-9.04896640777588,-3.901187658309937,-9.494162559509276,-7.779300212860107,-10.654980659484863,-2.084505081176758,-6.633418083190918,-4.014054775238037,-11.55904483795166,-2.7575342655181885,-7.140201568603516,-2.926027297973633,-7.02377462387085,-3.99043869972229,-5.984023094177246,-2.105443239212036,-3.879131555557251,-1.101100206375122,-5.1903977394104,-0.9328370094299316,-3.689655542373657,1.0804407596588137,-4.483548164367676,1.644261360168457,-2.68345308303833,0.0624738223850727
8,-279.5360717773437,29.94785690307617,-0.4418168663978576,26.917436599731445,3.6624577045440674,4.16832160949707,-13.928987503051758,-2.539784669876098,-21.90617561340332,-8.660869598388672,-21.960357666015625,-11.94975757598877,-18.53729057312012,-4.172732353210449,-6.399628162384033,-9.670902252197266,-7.114096641540527,-12.30181121826172,-12.915741920471191,-8.620912551879883,-12.57866382598877,-9.488100051879885,-11.400519371032717,-5.857133865356445,-7.720049858093262,-2.1574203968048096,-7.480391502380371,-2.865868091583252,-4.733364582061768,1.316474676132202,-3.2676305770874023,1.113844633102417,-5.474626541137695,-0.7252175807952881,-3.416794538497925,-2.124621152877808,-4.741185665130615,-1.660087823867798,-3.540472984313965,1.2569307088851929
8,-184.8755340576172,36.69890594482422,-28.34699249267578,5.409109115600586,-12.010797500610352,-9.37297821044922,-20.548992156982425,-7.453569412231445,-17.490062713623047,-3.6660525798797607,-16.44159698486328,-11.86938762664795,-12.10729694366455,-9.463467597961426,-14.755829811096191,-11.927044868469238,-16.175579071044922,-11.51512622833252,-12.754963874816896,-7.2020463943481445,-12.509015083312988,-4.366579055786133,-9.911686897277832,-2.1430461406707764,-3.6770308017730713,-1.1131669282913208,-2.954082489013672,-0.0561253689229488,-4.280480861663818,-3.512591600418091,-6.322700023651123,2.580132484436035,-1.7270134687423706,2.69922947883606,-1.5022975206375122,1.7761856317520142,-5.929593086242676,0.6364812254905701,-3.614070892333984,-1.488145112991333
8,-177.23768615722656,47.593257904052734,-25.81845092773437,4.796745300292969,-12.098315238952637,-16.03604507446289,-21.499366760253903,-6.3623366355896,-17.083152770996094,-6.6808953285217285,-21.210697174072266,-10.364386558532717,-8.562708854675293,-3.4818203449249268,-12.594253540039062,-6.815679550170898,-12.819530487060549,-8.231935501098633,-12.988544464111328,-11.11619758605957,-12.12203311920166,-4.741942405700684,-6.507928848266602,-1.2823301553726196,-6.537806034088135,-3.893605709075928,-4.1483025550842285,-1.4009296894073486,-2.420114040374756,4.134165287017822,-0.8979390859603882,0.5431943535804749,-5.484420776367188,0.7675751447677612,-5.430151462554932,1.6106925010681152,-3.963567495346069,0.3423576354980469,-2.128726959228516,0.2361748218536377
8,-222.46421813964844,44.47816848754883,-31.077749252319336,10.125704765319824,-0.010159121826291,-11.397668838500977,-17.117855072021484,-5.319757461547852,-19.11928939819336,-7.251472473144531,-15.952258110046388,-11.637028694152832,-12.438682556152344,-7.374838829040527,-14.703452110290527,-11.101235389709473,-18.01424789428711,-6.252399444580078,-11.80873203277588,-11.579475402832031,-15.466875076293944,-4.904218673706055,-8.677373886108398,-3.595820903778076,-6.388418197631836,-1.5157145261764526,-3.742446184158325,-0.8586502075195312,-3.4426183700561523,-2.4977385997772217,-2.350135326385498,4.938172817230225,-3.913221836090088,-0.3957241773605346,-3.731834888458252,0.3469652831554413,-3.813243865966797,-0.011673011817038,-3.80048418045044,2.6356780529022217
8,-201.6146545410156,51.968143463134766,-18.86696434020996,9.226975440979004,-8.387434005737305,-6.980604648590088,-22.59054374694824,-4.482520580291748,-18.034151077270508,-9.135659217834473,-20.397071838378903,-14.47139835357666,-10.838679313659668,-8.053779602050781,-13.083942413330078,-11.103022575378418,-13.712204933166504,-8.779905319213867,-14.99519157409668,-9.633049964904783,-9.933810234069824,-1.1623833179473877,-10.143874168395996,-4.555820465087891,-5.004820823669434,1.638487458229065,-1.7955538034439087,-3.0295698642730717,-5.286776065826416,0.3624166250228882,-0.2446200251579284,0.4490098059177398,-4.938416481018066,1.2357450723648071,-3.202981948852539,-1.5215662717819214,-4.324271202087402,-1.325952649116516,-5.10706901550293,-1.202593445777893
8,-193.85752868652344,41.17382049560547,-24.529510498046875,6.646659851074219,-8.102591514587402,-10.42652702331543,-20.44964027404785,-7.354374885559082,-18.24227333068848,-3.878816604614258,-15.941091537475586,-12.796563148498535,-10.954285621643066,-6.527933597564697,-12.16787052154541,-8.820993423461914,-15.65602970123291,-12.748993873596191,-14.603164672851562,-10.867594718933104,-13.328478813171388,-5.234893321990967,-8.808122634887695,-2.708237648010254,-7.840445518493652,-4.445198059082031,-4.929794788360596,-1.1117374897003174,-5.999210357666016,-1.522385597229004,-1.8196207284927368,4.95731258392334,-1.6087732315063477,3.486391067504883,-0.7496254444122314,0.0983205139636993,-5.9336018562316895,-0.7791672348976135,-3.91228461265564,-1.863033890724182
8,-202.09100341796875,44.91298294067383,-24.82952308654785,5.5079851150512695,-11.337696075439451,-10.743775367736816,-23.64275932312012,-9.327219009399414,-17.72826385498047,-1.3314030170440674,-15.838200569152832,-14.179747581481934,-11.186634063720703,-6.713622570037842,-13.672323226928713,-9.1405611038208,-14.021636009216309,-10.080241203308104,-14.410533905029297,-9.95645523071289,-14.96307373046875,-5.708591938018799,-11.081958770751951,-4.514856338500977,-6.798223495483398,-3.681455135345459,-3.663327217102051,-2.138181209564209,-5.557802200317383,-3.0374462604522705,-3.2873806953430176,3.184767007827759,-5.144931793212891,0.3584137260913849,-2.424372673034668,-0.5420241951942444,-6.291660308837891,-0.6001488566398621,-4.8478193283081055,0.1779168248176574
8,-263.54913330078125,1.6054744720458984,-15.677102088928224,15.007952690124512,6.241358757019043,2.9573121070861816,-15.757654190063477,5.56186580657959,-9.884771347045898,-2.275604486465454,-14.038972854614258,-9.94883918762207,-18.169849395751957,-1.3396799564361572,-11.22637939453125,-6.69611120223999,-10.960220336914062,-6.877679824829102,-15.02630615234375,-10.321855545043944,-10.325559616088867,-2.8249588012695312,-11.53160572052002,-5.712719917297363,-5.982177734375,-1.911935329437256,-7.190105438232422,-3.941881895065308,-0.8181129693984985,-0.0187033675611019,-2.6971275806427,0.2968921363353729,0.6193292737007141,2.9060213565826416,-2.711306571960449,1.8093254566192627,-4.954868316650391,1.18678879737854,-4.45097017288208,2.004085063934326
8,-204.77679443359372,54.373313903808594,-36.24196243286133,8.760711669921875,-7.240071773529053,-3.238473653793335,-16.54048728942871,-6.725709915161133,-23.00731658935547,-10.133087158203123,-20.76223373413086,-11.510505676269531,-9.750115394592283,-6.7836432456970215,-13.46664810180664,-10.228694915771484,-16.87657356262207,-8.693520545959473,-9.385208129882812,-9.042181968688965,-12.685880661010742,-7.557170867919922,-10.4442720413208,-5.204825401306152,-9.423755645751951,-3.797220945358277,-4.83350944519043,-1.2042869329452517,-5.9485955238342285,-0.359083741903305,-1.1764814853668213,2.5983810424804688,-3.9961905479431152,0.1945596486330032,-4.381913661956787,-0.1514608263969421,-5.067727088928223,-0.0634340047836303,-4.007428169250488,-0.0242538955062627
8,-147.17010498046875,119.30091857910156,-13.213936805725098,38.160404205322266,-18.632295608520508,13.515636444091797,-11.854342460632324,2.7706377506256104,-10.96095848083496,-6.939148426055908,-14.03147315979004,-6.439029693603516,-14.269292831420898,-3.856367588043213,-12.977429389953612,-6.928731918334961,-13.401314735412598,-3.4502298831939697,-8.939937591552734,-1.0135735273361206,-6.742159366607666,-3.949686288833618,-9.089140892028809,-4.353093147277832,-6.649733066558838,-2.4521520137786865,-6.429121494293213,-1.521901249885559,-4.862763404846191,-1.6038668155670166,-5.682485580444336,-0.2662290334701538,-2.496307849884033,-0.4465579092502594,-3.950408697128296,-2.078453779220581,-6.338491916656494,-3.0386674404144287,-3.700796127319336,-2.170433759689331
8,-110.9471206665039,115.50204467773438,-12.42746353149414,40.03916931152344,-18.15781593322754,17.08228874206543,-12.263365745544434,3.262269735336304,-14.47940158843994,-5.952407360076904,-15.308340072631836,-6.51011848449707,-16.395612716674805,-4.740479946136475,-14.705949783325195,-5.100428104400635,-11.673751831054688,-1.618724346160889,-10.226114273071287,-3.072214126586914,-8.823315620422363,-1.814079523086548,-9.425867080688477,-5.820887565612793,-9.334126472473145,-3.326544761657715,-7.76683235168457,-2.4713587760925293,-5.400816440582275,0.3312785625457763,-5.11410665512085,-1.9355486631393437,-5.173715114593506,0.2466395795345306,-4.023462772369385,-2.428785800933838,-8.555355072021484,-5.093354225158691,-6.388396739959717,-1.9160408973693848
8,-94.2723388671875,109.9913101196289,-15.047755241394045,37.93513488769531,-20.753084182739254,16.12387466430664,-14.955931663513184,-0.3222696483135223,-16.063962936401367,-5.645183563232422,-14.507298469543455,-4.466681957244873,-16.455331802368164,-7.023107051849365,-16.275917053222656,-4.119340419769287,-10.724095344543455,-2.4400763511657715,-12.100454330444336,-2.21012806892395,-6.254627227783203,-1.025145411491394,-10.72077751159668,-6.198923587799072,-8.521346092224121,-3.125478506088257,-7.40851354598999,-1.224268078804016,-4.600320339202881,-0.2175352573394775,-5.521235942840576,0.8254783749580383,-3.326286792755127,-0.0099115539342165,-3.6346514225006095,-1.633833885192871,-6.674595832824707,-2.511969327926636,-5.812823295593262,-1.7431961297988892
8,-31.62732315063477,96.4438705444336,-26.897777557373047,35.192649841308594,-16.60497283935547,17.6527042388916,-15.623346328735352,-0.4138534665107727,-16.75429916381836,-3.10587477684021,-12.796789169311523,-9.254192352294922,-19.192058563232425,-0.4166108965873718,-14.638707160949709,-9.916231155395508,-15.356185913085938,-3.2461938858032227,-12.867955207824709,-5.551943302154541,-7.957348823547363,-3.619191884994507,-13.246220588684082,-4.701915740966797,-8.26720142364502,-4.039653778076172,-7.899593830108643,-1.7771289348602295,-6.691664695739746,-0.2227400839328766,-3.91204833984375,-3.141278982162476,-7.791186332702637,-0.1132173463702201,-2.0531423091888428,1.294132947921753,-5.7304887771606445,-4.776611328125,-8.05709457397461,0.5089772939682007
8,-296.8198547363281,87.53024291992188,-41.77492904663086,23.62388801574707,-30.336936950683597,15.28782081604004,-17.612991333007812,-0.5998004078865051,-7.488540172576904,5.574610233306885,-5.607491970062256,-0.6394103169441223,-8.165124893188477,8.29794979095459,-6.910641670227051,-0.3862689137458801,-10.86556911468506,4.322478771209717,-7.767304420471191,4.724397659301758,2.645623207092285,2.799211025238037,-7.349657535552978,-4.997869491577148,-2.0765609741210938,-0.2573852241039276,-2.0566952228546143,3.078819751739502,0.0216537211090326,0.7398540377616882,-1.2547531127929688,2.1731343269348145,0.3693447113037109,-0.7988113760948181,-0.1462071537971496,2.537770271301269,-0.463540107011795,-0.6384913921356201,-1.5431797504425049,0.6593881845474243
8,-187.83050537109372,123.30686950683594,-27.306257247924805,36.54988479614258,-13.219449996948242,27.83540153503418,-15.911056518554688,-2.8288190364837646,-9.517401695251465,0.1978258788585662,-10.904038429260254,-7.526339054107666,-11.776241302490234,-2.5118517875671387,-12.59548568725586,-3.559063673019409,-12.597047805786133,-6.01406192779541,-9.480586051940918,1.5814169645309448,-3.5461955070495605,-3.021915912628174,-8.9175443649292,-3.217592000961304,-3.9723613262176514,-1.868252396583557,-6.361172676086426,0.189221516251564,-1.6232991218566897,1.710792899131775,-4.090377807617188,-0.1021537110209465,-2.150190830230713,0.9590855240821838,-3.048085451126098,-2.442239284515381,-6.046776294708252,-3.713359832763672,-5.393662452697754,-1.320695161819458
7,-255.34320068359372,161.1697998046875,-35.472259521484375,8.565531730651855,-4.6556715965271,14.36734104156494,7.7125420570373535,21.49389266967773,-5.7835564613342285,4.2550787925720215,4.135081768035889,5.297058582305908,2.887712955474853,4.211146831512451,10.463217735290527,-0.0118549764156341,5.8194580078125,6.364137649536133,-3.917722463607788,3.708423376083374,-1.9397755861282349,4.0713629722595215,1.8615256547927856,4.007863521575928,-0.4562357664108276,4.721522331237793,-3.6269760131835938,6.930419921875,0.885536253452301,-0.3162390291690826,2.478564739227295,3.207369327545166,0.3429909646511078,2.392950773239136,4.142769813537598,4.817813873291016,2.304863214492798,4.069152355194092,1.1520119905471802,1.4272537231445312
7,-180.8264923095703,164.68368530273438,-37.75909423828125,8.876622200012207,-5.861006736755371,16.541179656982422,7.137301445007324,22.435182571411133,-6.89085578918457,4.3127923011779785,3.506648540496826,4.637717247009277,3.4473819732666016,4.534368991851807,12.391154289245604,2.2240304946899414,5.220612049102783,7.365323066711426,-4.782105445861816,3.38292932510376,-2.147200584411621,3.0435616970062256,-0.3357178270816803,3.880527973175049,-0.3634769320487976,2.5333213806152344,-3.967790365219116,7.061920642852783,1.943103551864624,0.708120584487915,1.1130037307739258,2.382978916168213,1.8418933153152464,4.553767681121826,4.086516857147217,4.397144317626953,2.0972836017608643,2.3779871463775635,0.9442443251609802,3.4547407627105717
7,-171.0672149658203,163.18678283691406,-38.14332962036133,8.727988243103027,-5.987827777862549,17.650739669799805,6.787114143371582,22.011940002441406,-6.9714226722717285,3.9651479721069336,2.8283531665802,5.014310836791992,4.55203104019165,6.317361831665039,12.725083351135254,2.684335231781006,5.940808773040772,8.015510559082031,-5.653299331665039,2.6887996196746826,-2.055138349533081,2.6105024814605717,-1.7402559518814087,3.4380228519439697,-0.4686355292797088,1.341478943824768,-3.734995841979981,8.140740394592285,3.4888594150543213,1.519824743270874,-0.513701856136322,1.376689314842224,2.7649900913238525,5.920127868652344,3.414912700653076,3.914239168167114,0.8381770849227905,0.5740450620651245,0.1055867746472358,5.318556785583496
7,-217.7416076660156,177.8531036376953,-23.551856994628903,4.860120296478272,-0.1498880386352539,10.963332176208496,3.701514482498169,17.886564254760742,-1.2872114181518557,5.7580108642578125,0.1068938598036766,5.091310501098633,1.9550340175628664,7.275305271148682,8.276073455810547,3.667731761932373,1.0281132459640503,6.36402702331543,-2.4736311435699463,0.6117744445800781,-3.784616708755493,4.775688648223877,-3.074627637863159,0.7485795021057129,-1.7490179538726809,0.9844849109649658,-0.5380905270576477,4.086806297302246,0.322076678276062,3.55447006225586,-0.1460296064615249,1.0928624868392944,-3.115774154663086,1.473764419555664,-0.1683517694473266,4.744607925415039,-0.0429244302213192,3.3290083408355717,-1.3651082515716553,1.0710376501083374
7,-222.15121459960935,179.4874725341797,-21.72234916687012,3.4332847595214844,0.4687747061252594,10.551616668701172,4.671032428741455,18.103464126586918,-0.8896287679672241,5.707704544067383,-1.293252944946289,4.299066066741943,-0.199936181306839,7.33231782913208,8.247315406799316,3.918425559997559,-0.9407635927200316,6.220518112182617,-3.334678649902344,-0.1153747886419296,-4.463570594787598,5.580901622772217,-3.752528667449951,1.453791260719299,-1.8853542804718015,1.809363961219788,-0.0395036153495311,4.638469219207764,0.6984313726425171,4.594451904296875,-1.1645740270614624,1.5736031532287598,-4.5579447746276855,1.7462679147720337,-0.1228589639067649,4.303200721740723,-0.635902464389801,2.713904857635498,-1.7416889667510986,1.7628660202026367
7,-240.641845703125,188.62094116210935,-21.696746826171875,5.553378105163574,0.412358283996582,7.307464599609375,5.81103515625,12.81223487854004,-0.5906726717948914,4.334052085876465,-0.9349306225776672,5.087190628051758,1.2933045625686646,8.295308113098145,5.810913562774658,4.213133811950684,0.0330197885632514,5.428488731384277,-4.620631694793701,-0.9985476732254028,-7.1531524658203125,2.531757354736328,-4.496731281280518,0.887452244758606,-2.205098867416382,3.1111772060394287,1.4397913217544556,6.709416389465332,1.1701229810714722,6.442017078399658,1.283900499343872,2.7246756553649902,-3.883733749389648,0.949289858341217,-0.0333970412611961,3.888890266418457,-0.4380950927734375,3.611813545227051,-1.4782512187957764,2.380312204360962
7,-248.139404296875,192.21441650390625,-19.676315307617188,3.7382092475891113,1.391563057899475,5.784067630767822,6.661189079284668,12.13408374786377,-1.2233742475509644,5.026365756988525,-0.9145399928092957,4.058597087860107,1.758747935295105,8.665332794189453,6.605784893035889,4.095645427703857,-0.9092884659767152,5.456393241882324,-4.135258674621582,-0.6116825938224792,-5.81320858001709,3.111856698989868,-4.034660816192627,1.1274893283843994,-2.172610282897949,2.640500783920288,1.478079080581665,6.7167744636535645,1.7439273595809937,7.015707015991211,0.6067956686019897,2.598019599914551,-3.9316985607147217,1.4201208353042605,0.6856343150138855,3.9058358669281006,-0.3641534149646759,3.226154565811157,-1.3715866804122925,2.0145602226257324
7,-252.68109130859372,193.6171875,-18.726131439208984,2.984755754470825,1.8907537460327148,5.822155952453613,8.018808364868164,12.37993049621582,-1.0845403671264648,4.84803581237793,-1.1458606719970703,3.9393272399902335,1.8365986347198489,9.114237785339355,7.210089206695557,4.01746940612793,-0.955891251564026,4.856811046600342,-4.292165756225586,-0.5005233287811279,-4.952738285064697,2.9962003231048584,-3.7349677085876474,1.386377215385437,-1.9575834274291992,2.258849859237671,1.287883758544922,6.807783603668213,2.3407020568847656,7.749036312103271,0.5026358366012573,2.8439958095550537,-3.4242727756500244,1.6474132537841797,1.3908841609954834,4.33370304107666,-0.2252655923366546,3.383857488632202,-1.2239660024642944,2.587822914123535
7,-244.42616271972656,185.4696807861328,-14.352022171020508,1.1291251182556152,2.973707675933838,4.665290832519531,8.72905158996582,12.255763053894045,0.1391575187444687,4.579240798950195,-0.0912420898675918,3.2433199882507324,2.317215204238892,8.316587448120117,7.044130325317383,4.390614986419678,-0.130510538816452,5.497442722320557,-5.501316547393799,0.153434619307518,-5.520812511444092,3.2285044193267822,-4.008813858032227,2.0154950618743896,-1.9203053712844849,2.200947999954224,1.4061932563781738,6.889793872833252,2.349357843399048,6.770482540130615,1.318843960762024,2.297572135925293,-2.741502046585083,1.1365530490875244,1.4310463666915894,3.760338544845581,1.3605692386627195,2.509244441986084,0.3139390349388122,1.1028387546539309
7,-236.6072235107422,175.6300811767578,-8.500767707824707,-1.5257291793823242,4.587299346923828,3.4499850273132324,10.425333976745604,10.014369010925291,1.5331097841262815,4.847134590148926,0.2714434862136841,5.086869239807129,1.2227410078048706,9.266416549682615,5.962754249572754,5.104328155517578,-2.105000257492065,7.049286842346191,-8.228577613830566,2.005706548690796,-7.485045909881592,4.649205207824707,-4.833401679992676,3.1437795162200928,-3.186785221099853,4.415274620056152,-0.3083781003952026,8.530274391174316,0.7750146389007568,5.998230457305908,0.1751795262098312,3.008018493652344,-4.037634372711182,2.173452377319336,-0.1011132448911666,3.4324076175689697,2.012911319732666,1.8425447940826416,1.4484055042266846,1.4729796648025513
7,-235.61280822753903,187.52247619628903,-21.211448669433597,3.968630075454712,1.443642020225525,10.00542163848877,6.711950778961182,14.19793701171875,0.7359857559204102,6.491657733917236,-0.1127952858805656,3.61757493019104,0.3603760004043579,8.13545036315918,6.413364887237549,3.5694820880889893,-0.1829452514648437,4.889222621917725,-3.3544816970825195,-0.8641787767410278,-4.23766040802002,3.9961516857147217,-3.382420778274536,2.431315422058105,-1.6394346952438354,3.0337252616882324,1.824374318122864,5.813023567199707,1.1662594079971311,5.264764308929443,-0.3746985197067261,1.9686901569366453,-4.354278564453125,1.360566258430481,1.011491298675537,4.180318355560303,0.29324671626091,2.803521156311035,-1.253633975982666,2.7621896266937256
7,-241.4715118408203,189.78929138183597,-18.66377830505371,3.6922359466552734,1.1197459697723389,8.948122024536133,5.566907405853272,14.19246768951416,-0.626472532749176,7.719638347625732,0.3556581735610962,3.766396999359131,1.485259175300598,7.151128768920898,7.226977348327637,2.166292905807495,1.7648005485534668,2.98626708984375,-3.2193589210510254,-1.322068452835083,-5.348215579986572,4.121364593505859,-3.776928424835205,3.4528117179870605,-1.6493427753448486,4.02540397644043,2.543578147888184,6.513739109039307,2.285407781600952,4.718958854675293,1.1998273134231567,1.6745065450668335,-2.6643667221069336,0.227262943983078,1.3195680379867554,4.380932331085205,-0.4052636325359344,3.874127149581909,-2.328853130340576,3.7247872352600098
7,-238.31936645507807,187.9594573974609,-18.006357192993164,2.9118573665618896,0.1098910570144653,8.019207954406738,4.330891132354736,15.671225547790527,-1.6276476383209229,8.040760040283203,-0.9187721610069276,4.276869773864746,1.3347218036651611,6.492993354797363,7.615643501281738,1.29209566116333,2.765381336212158,2.3299074172973637,-2.634446620941162,-1.6901026964187622,-6.050102233886719,4.473541259765625,-4.770190238952637,3.353214263916016,-2.65128231048584,4.241914749145508,1.2474011182785034,5.971804618835449,2.4050662517547607,4.737188339233398,2.1511149406433105,1.2225180864334106,-1.7905259132385254,-0.2760389149188995,1.510867953300476,4.157152652740479,-1.1189260482788086,4.28031587600708,-3.185013055801392,4.275859832763672
7,-238.58038330078125,188.86160278320312,-19.868732452392575,4.913924217224121,-0.6327729821205139,8.199663162231445,5.142494201660156,14.582242965698242,-0.5600334405899048,6.961690902709961,-0.5926935076713562,5.331596374511719,0.2512198984622955,6.959872245788574,5.906470775604248,2.324671030044556,1.7981353998184204,4.866612911224365,-2.929171085357666,-0.5599252581596375,-6.006593227386475,3.383772850036621,-4.442085266113281,2.230454921722412,-2.028874635696411,3.7918975353240967,1.5969566106796265,6.500401020050049,1.9019958972930908,6.393642902374268,0.4537369310855865,2.5914525985717773,-2.758521795272827,0.4868259727954864,0.9382237195968628,3.873258113861084,-0.7625399231910706,3.6553292274475098,-2.251605987548828,3.984903573989868
7,-245.52719116210935,192.9777984619141,-19.72672271728516,4.782176494598389,0.0873813331127166,7.496187686920166,7.439413547515869,13.165485382080078,-0.6383898854255676,5.445394515991211,0.2225189357995987,5.083770275115967,0.6950896978378296,7.12376880645752,5.571753978729248,3.052960157394409,0.990053415298462,6.299778461456299,-4.3195109367370605,-0.7510063648223877,-5.906353950500488,2.747177124023437,-3.131067991256714,1.6745600700378418,-1.187719464302063,3.0114216804504395,1.9922125339508057,6.531726837158203,1.8655078411102293,6.98201847076416,0.6379745006561279,3.860335350036621,-3.091215133666992,0.752281129360199,-0.1314633339643478,2.822417020797729,-1.0521340370178225,3.473819732666016,-1.2463544607162476,2.935754776000977
7,-248.29551696777344,194.13287353515625,-18.468589782714844,3.213653326034546,1.503192663192749,6.105758190155029,8.444195747375488,11.77117156982422,-0.6048323512077332,4.78475284576416,0.5386955738067627,4.088863849639893,2.1073477268218994,7.627204418182373,6.709031581878662,3.516374349594116,0.7907071113586426,5.29032039642334,-3.798567056655884,-2.1532745361328125,-5.437417984008789,2.740642786026001,-2.6468074321746826,1.052585482597351,-1.092866063117981,2.550342082977295,2.216243028640747,5.741006374359131,1.9661946296691892,6.065900802612305,2.2158522605896,3.099095344543457,-3.284700393676758,0.5141318440437317,0.082328088581562,2.631809711456299,-0.2577714025974273,3.445919275283813,-0.0997805818915367,2.3010053634643555
7,-247.92672729492188,192.7148284912109,-19.57511329650879,4.114771842956543,2.0746281147003174,6.29414701461792,7.709934234619141,10.979591369628906,-0.1511277705430984,4.89248514175415,0.7174456715583801,4.258601665496826,2.0104763507843018,8.153873443603516,7.245140552520752,4.513957977294922,1.3202601671218872,5.772200584411621,-3.031548023223877,-2.260425090789795,-5.820422649383545,2.502803087234497,-3.0957157611846924,1.1716448068618774,-0.9451264142990112,2.7512576580047607,2.2049789428710938,5.480484485626221,1.8742833137512207,5.299687385559082,1.4646246433258057,2.790245056152344,-3.884457588195801,0.2313888669013977,-0.1474275588989257,3.2927796840667725,0.3613438904285431,3.56864857673645,-0.2502273917198181,2.436209201812744
7,-241.72796630859372,188.46534729003903,-21.619050979614254,5.900181293487549,1.3015906810760498,7.520644664764404,6.606935501098633,11.996688842773438,0.0999817177653312,4.117391586303711,-0.0257586445659399,5.263392448425293,1.44381582736969,8.02720832824707,6.929459095001221,4.421550273895264,1.3256511688232422,5.449185371398926,-3.728202342987061,-1.7424471378326416,-6.697842597961426,1.9356263875961304,-3.734086513519287,0.8068214654922485,-1.3295810222625732,2.756253719329834,1.773853778839111,5.743368625640869,1.5185340642929075,5.468725204467773,1.1781284809112549,2.8950212001800537,-3.752523899078369,0.2033472657203674,-0.1744641661643982,3.439889907836914,0.1057997047901153,3.717166185379028,-0.9681398868560792,2.808678388595581
9,-275.6236572265625,128.8386688232422,-14.438103675842283,22.798458099365234,-6.540523052215576,2.00990629196167,-12.69775390625,-3.284461498260498,-9.316203117370604,-4.604322910308838,-7.772249221801758,0.9543026685714722,-4.139416217803955,-1.6809213161468506,-8.454018592834473,-4.516974925994873,-5.881637573242188,-2.1153390407562256,-7.640861511230469,-1.1755058765411377,-2.283741950988769,0.0894192606210708,-3.1409454345703125,2.278662204742432,-1.646017074584961,3.166789293289185,-3.3195059299468994,2.315013885498047,-1.663374900817871,1.5634585618972778,-2.568554401397705,1.33292555809021,-1.535846710205078,3.866647243499756,-0.2262681722640991,1.7250027656555176,-0.3415946066379547,3.733213663101196,-0.1919009685516357,4.195509910583496
9,-290.65411376953125,128.817626953125,-9.957876205444336,22.261016845703125,-12.045085906982422,-3.653673887252808,-9.730610847473145,1.2864145040512085,-7.379542827606201,-0.7854689359664917,-5.94544792175293,4.325265407562256,-5.063703536987305,-0.0934726521372795,-6.132885932922363,-0.5105608701705933,-6.067756652832031,1.4886269569396973,-6.311220645904541,-0.07910668104887,-5.200448036193848,-0.4558476209640503,-5.111381530761719,1.547454833984375,-3.4171600341796875,-0.2148770838975906,-2.2445435523986816,2.65222692489624,-3.7699127197265625,2.488210439682007,-5.0559844970703125,0.6401933431625366,-2.5365278720855717,0.9555485248565674,-0.6468462347984314,5.104196548461914,-1.544562578201294,3.182924747467041,-3.0948500633239746,1.5996332168579102
9,-269.8984069824219,111.13996887207033,-2.8831021785736084,20.37739372253418,-10.51860237121582,2.0203707218170166,-9.437838554382324,-6.811877727508545,-14.263184547424316,-5.467589378356934,-6.436976432800293,1.6827428340911863,-4.13529109954834,-0.1204417645931243,-2.678833484649658,2.239890813827514,-0.4474333822727203,6.725224494934082,-1.0938631296157837,1.780445218086243,-7.0826945304870605,-1.5600416660308838,-2.753726005554199,1.5692238807678225,-5.832002639770508,-1.0707457065582275,-1.6466692686080933,3.8487424850463863,-2.3509116172790527,-0.4250353872776031,-2.7906925678253174,4.215233325958252,2.328524351119995,5.610316276550293,0.8587740063667297,2.856319665908813,-1.5801502466201782,0.9597699046134948,-0.2485864907503128,6.584910869598389
9,-186.3424530029297,93.10448455810548,-13.547066688537598,23.058439254760746,-12.012903213500977,-5.356412887573242,-20.90848731994629,-0.5275022983551025,-10.44162368774414,-6.658993244171143,-11.219797134399414,3.760873079299927,1.7184836864471436,5.5202250480651855,0.4654632806777954,3.388638019561768,-8.753545761108398,-2.7953717708587646,-6.571028709411621,3.367151498794556,-5.20145845413208,-1.362330675125122,-3.661595582962036,-0.040365494787693,-3.861051559448242,0.9404357671737672,-2.429253339767456,4.661704063415527,-0.3382036387920379,1.5682655572891235,-3.0181362628936768,2.763942241668701,-1.5745131969451904,2.115973711013794,-3.935202836990357,1.6959736347198486,-1.6589146852493286,2.3367013931274414,0.782501220703125,3.4905107021331787
9,-241.75775146484372,108.1199188232422,-12.273826599121094,35.496604919433594,-5.477293968200684,4.449486255645752,-7.320000648498535,-2.625927448272705,-12.087764739990234,-4.052258014678955,-8.92458724975586,2.035311222076416,-5.351333618164063,0.6528559327125549,-6.039807796478272,-0.2835358679294586,-4.046021938323975,2.5912282466888428,-4.066015243530273,-1.3441859483718872,-8.613676071166992,-1.4611479043960571,-7.714585304260254,-1.8141512870788572,-6.9193501472473145,-1.856440186500549,-2.926252603530884,5.998692035675049,2.2067346572875977,5.05925989151001,-4.255265235900879,2.172470569610596,4.29551887512207,11.386922836303713,8.470831871032715,9.08036994934082,3.107528686523437,4.482970237731934,-3.1714470386505127,1.8767935037612915
9,-187.13726806640625,97.18791961669922,-11.420781135559082,19.655519485473636,-11.736978530883787,-7.735604286193848,-16.718921661376953,-4.975748062133789,-12.210057258605955,-1.870717167854309,-9.622194290161133,1.7336443662643433,-5.80042028427124,1.0376263856887815,-6.394703388214111,-1.3291363716125488,-5.164107799530029,0.2241126298904419,-6.057948589324951,-0.9711279273033142,-5.888915538787842,-1.468523025512695,-5.485605239868164,3.576698303222656,-1.6032185554504397,2.9041216373443604,-2.229020595550537,3.419992685317993,-1.1286206245422363,2.5301735401153564,-3.903152465820313,2.0816075801849365,-0.816426694393158,4.543097972869873,-0.3515426218509674,5.018442630767822,1.1019468307495115,2.022726535797119,-3.9704604148864746,0.5494815111160278
8,-274.636474609375,125.76976013183594,-41.18003082275391,17.103382110595703,-9.36512851715088,10.869879722595217,4.117634296417236,5.462189197540283,5.70488977432251,4.025445461273193,-1.305566906929016,2.258061170578003,1.0003453493118286,1.8599553108215328,-6.465296745300293,-0.0637848898768425,-1.3507343530654907,4.431870460510254,4.010173320770264,-0.0246654357761144,-8.907349586486816,-0.930195689201355,-1.626615285873413,1.7696508169174194,-0.4098542630672455,0.0902211591601371,-3.787062883377075,0.7618741393089294,-2.3843324184417725,-0.2787083089351654,-3.1890008449554443,-0.8980405926704407,-4.291205406188965,0.8434268236160278,-1.805302619934082,-1.1694977283477783,-5.609334945678711,-3.67660403251648,-3.0048165321350098,-1.915855050086975
8,-318.1379699707031,118.2381591796875,-45.57917022705078,23.807462692260746,-10.883296966552734,10.980097770690918,-6.012129306793213,-11.727740287780762,-1.699898600578308,-1.6032277345657349,5.505960941314697,9.091943740844728,6.502196788787842,-2.8676109313964844,-14.260079383850098,-1.7891048192977903,-3.977353572845459,0.12637959420681,-5.675902366638184,0.437130868434906,2.522982597351074,6.825174331665039,-5.418818473815918,-1.4824200868606567,-1.6534967422485352,-0.603577733039856,-2.4214019775390625,2.071402072906494,1.2924875020980835,4.781763553619385,-2.113633394241333,-0.1241788491606712,-1.840961456298828,1.357066631317139,-1.22114896774292,0.890532910823822,-4.789571285247803,-4.219281196594238,0.8230774402618408,1.4335156679153442
8,-298.8423156738281,120.55265808105467,-46.09261703491211,19.68574905395508,-16.46317481994629,0.1857613772153854,-5.817802429199219,-9.116823196411133,0.8904798030853271,6.922279357910156,8.740344047546387,12.82812213897705,7.401088237762451,7.256374359130859,-11.336511611938477,-2.770267963409424,-9.373279571533203,2.3266754150390625,1.7049074172973633,7.468193054199219,-4.414448261260986,2.3962764739990234,-1.2452518939971924,5.6128411293029785,-1.3533940315246582,2.5422892570495605,-4.260379314422607,1.1932481527328491,-1.723764419555664,2.351934671401977,-3.898903131484986,0.1241270750761032,-2.326209783554077,3.4956142902374268,-0.7671584486961365,0.7014883160591125,-2.882978916168213,-1.0285077095031738,-4.254331111907959,1.1444814205169678
8,-297.3764343261719,127.39801025390624,-64.40533447265625,5.825348377227783,-20.06179428100586,2.4090776443481445,-6.661219120025635,-4.713831901550293,-9.019221305847168,-0.8068209290504456,-7.692131519317627,2.3700757026672363,10.533217430114746,8.516702651977539,-9.207802772521973,-1.762731432914734,0.3150174915790558,6.294978141784668,-5.727051258087158,-1.3466027975082395,-4.161754131317139,2.957204580307007,1.689704656600952,3.824271678924561,-0.208261102437973,0.6104826331138611,-3.0461199283599854,1.7704310417175293,-5.999098300933838,-0.8422210216522217,-2.423096179962158,2.4430105686187744,3.480640172958374,0.6537317037582397,-5.237340927124023,-1.2616676092147827,-2.14622163772583,0.4440090656280517,-2.3682878017425537,0.8795668482780457
8,-291.5122375488281,123.99085235595705,-39.11607360839844,26.665790557861328,-11.062422752380373,2.4371817111968994,0.4481873214244842,-1.3739690780639648,0.9187855124473572,6.84657096862793,2.717212677001953,0.4468050301074981,-5.007933139801025,-3.068599224090576,-3.607285737991333,-0.6555328965187073,-8.833043098449707,-2.0986311435699463,1.7729157209396362,6.962965965270996,-3.681202173233032,-1.2433537244796753,-2.1755690574646,4.475597381591797,-3.3634634017944336,-1.8549829721450808,-3.4848287105560303,-1.7871414422988892,-1.4671969413757324,1.062862992286682,-4.712305545806885,-2.457256317138672,-3.4698588848114014,-1.8220789432525637,-3.362180471420288,-1.4243983030319214,-3.0385727882385254,0.4715774059295654,-3.742002010345459,-2.731292963027954
8,-304.3556213378906,126.13169860839844,-36.37396240234375,14.61675262451172,-9.892324447631836,10.478448867797852,-2.912222146987915,-7.967364311218262,3.938941478729248,8.35101318359375,0.0076054036617279,2.2835967540740967,1.0448110103607178,3.982196092605591,-4.682028770446777,3.074061870574951,-1.2054901123046875,-2.5109822750091557,-7.904195785522461,1.5692812204360962,-0.4985251128673553,2.6674644947052,-2.967242479324341,1.5605825185775757,-0.4265696406364441,0.5335601568222046,-4.937130451202393,2.566461563110352,-1.490977168083191,0.7333799600601196,-4.656133651733398,0.0587780363857746,0.3541984856128692,0.1498517841100692,-4.352222919464111,-1.2321219444274902,-3.0203657150268555,-1.3581416606903076,-1.062310814857483,1.340512990951538
8,-296.8263244628906,128.94468688964844,-52.5183219909668,16.077482223510742,-21.13054656982422,3.4401376247406006,-4.450133323669434,-13.09952449798584,-2.679174423217773,0.1627010256052017,-1.8108587265014648,7.274474620819092,4.460431098937988,8.730377197265625,-10.219390869140623,1.337657451629639,-4.0288848876953125,6.984623432159424,-3.1010632514953613,2.2226762771606445,1.9699604511260984,5.992337226867676,-4.868760108947754,1.3581095933914185,-1.075393557548523,3.387598752975464,-2.483337640762329,4.234726905822754,-1.0420255661010742,-0.9762200117111206,-0.2407567054033279,4.774754047393799,-3.0966272354125977,-2.3587372303009038,-0.9370490908622742,0.9418038725852966,-3.622181177139282,-2.666198968887329,-5.160032749176025,-0.9475011229515076
10,-500.6160888671875,87.98212432861328,10.91616153717041,23.28843879699707,-3.439683437347412,2.4405407905578613,-4.527796268463135,1.5321511030197144,-2.188309669494629,-1.187782883644104,-2.9669384956359863,-2.24002742767334,-2.139088630676269,-1.9160349369049072,-3.355640649795532,-1.6416194438934326,-4.042052745819092,-3.84991717338562,-2.9069528579711914,-1.876289129257202,-1.3302364349365234,-1.5551528930664062,-1.4710352420806885,-0.4966951608657837,-1.629420042037964,-0.3378608822822571,-1.8744195699691768,-0.5424134135246277,-1.416645646095276,0.5271745324134827,-0.3073927760124206,0.6745710372924805,-1.5384886264801023,-1.3723608255386353,-1.5464407205581665,-0.938277542591095,-1.591275691986084,-1.4083590507507324,-1.7872518301010132,-1.3687025308609009
8,-257.4578552246094,167.9470977783203,24.912097930908203,44.883277893066406,10.103172302246094,7.894155979156494,5.6869401931762695,0.2869454622268677,-0.0606991089880466,10.13875961303711,-6.756516456604004,0.0902484282851219,-4.269025802612305,2.513166904449463,-1.357161045074463,2.841989040374756,-2.8746800422668457,3.3558108806610107,-2.2169322967529297,3.432966709136963,-1.483288049697876,5.095242023468018,-0.8048718571662903,4.706638336181641,1.3773066997528076,5.502351760864258,2.238232135772705,3.3671529293060303,-1.0135239362716677,3.88818359375,-3.5463712215423584,0.5453106164932251,0.1247471049427986,-0.188297227025032,-0.0605897940695285,2.1608943939208984,-4.545191287994385,0.8630053400993347,-2.3548858165740967,3.062825918197632
8,-239.17019653320312,166.48934936523438,17.57154083251953,44.99257659912109,16.25372314453125,9.743371963500977,4.363378047943115,1.1639702320098877,-3.2645022869110107,6.344154357910156,-7.706443309783935,0.2661348581314087,-5.277300834655762,2.302534580230713,-4.169881343841553,1.7602200508117676,-2.3375132083892822,2.247873544692993,-2.601172924041748,4.4453864097595215,-1.6608030796051023,4.3605475425720215,-1.950702667236328,4.257828235626221,0.4115231931209564,3.603389263153076,2.0437307357788086,3.398812294006348,-0.7167814373970032,3.9160289764404297,-2.354940414428711,0.994922697544098,0.4243736863136291,0.3520403206348419,-0.9068251848220824,1.8104664087295528,-4.330393314361572,0.1815599799156189,-2.9570648670196533,1.9157469272613523
8,-318.9019470214844,121.58855438232422,-23.82288932800293,43.28704071044922,3.0306265354156494,7.12105131149292,18.251239776611328,13.341991424560549,6.816140174865723,20.64031410217285,11.602806091308594,13.20608901977539,11.66181182861328,10.668295860290527,5.929239273071289,6.314315319061279,0.9227417707443236,9.240808486938477,5.8660197257995605,4.592498779296875,1.268749117851257,0.0778293535113334,0.3444996774196625,3.610783100128174,-1.3205583095550537,4.007513999938965,2.275521039962769,1.4478081464767456,-2.1443686485290527,3.2244999408721924,-1.888808012008667,1.82710075378418,-4.498779773712158,-3.140810251235962,-1.5256797075271606,2.8477768898010254,-0.1325633376836776,1.0221384763717651,-1.872557520866394,-1.781665563583374
8,-335.2681884765625,114.31803131103516,-9.594725608825684,41.84111785888672,10.261781692504885,12.199371337890623,17.475467681884766,14.923921585083008,3.205159902572632,19.65885734558105,15.263733863830566,10.996603965759276,10.252944946289062,9.201653480529783,6.513784885406494,9.832999229431152,3.648768186569214,7.954670429229736,5.588836193084717,3.4724526405334477,6.125083923339844,4.11939001083374,-0.0108564076945185,2.554957389831543,-0.8927751779556274,2.876881599426269,0.7993060946464539,1.041797399520874,1.3542946577072144,4.138429641723633,-0.4455972015857696,4.258183479309082,0.3945552408695221,-1.3941380977630615,-0.3983273506164551,2.6419782638549805,-0.7098830938339233,0.0826477110385894,0.0526893474161624,0.8261560201644897
8,-308.1298828125,105.61100006103516,-34.035545349121094,39.07934188842773,-5.783370494842529,2.979724407196045,13.17216682434082,8.76904582977295,-5.489995002746582,11.411444664001465,2.1514370441436768,9.052901268005373,3.3510618209838867,3.9734175205230713,3.512503147125244,6.257586479187012,-5.640712738037109,8.229639053344727,3.002058982849121,4.350405216217041,2.2403812408447266,2.888924598693848,-0.9810413718223572,4.267695903778076,-4.193087577819824,3.9356918334960938,-0.8206513524055481,3.5973384380340576,-1.0997215509414673,2.106674194335937,-1.7791966199874878,5.974425315856934,0.0062042414210736,1.809398531913757,-0.7767568826675415,2.797127723693848,-1.364410400390625,4.741578578948975,-0.1626153141260147,2.766278982162476
8,-277.679931640625,106.15777587890624,-38.86784362792969,45.19028091430664,-9.567208290100098,2.639409303665161,22.24110984802246,11.013418197631836,-0.3626576662063598,15.77305793762207,20.36256980895996,19.541969299316406,18.35614013671875,10.606430053710938,1.836675763130188,4.047991752624512,1.854437470436096,11.746542930603027,9.205531120300291,0.4630725085735321,0.7895904779434204,5.978496074676514,5.943995952606201,3.766887426376343,-2.115690231323242,1.6625299453735352,0.4612411856651306,0.4549813568592071,-1.540924906730652,5.485681533813477,2.2507009506225586,2.6544039249420166,-3.692996263504028,0.3338892161846161,3.9148612022399902,5.1572585105896,1.005795121192932,1.2939761877059937,-1.5082871913909912,1.0938469171524048
8,-261.7126159667969,111.27870178222656,-49.42211151123047,42.65479278564453,-11.170991897583008,3.417804956436157,18.864011764526367,6.255053520202637,-1.1953556537628174,13.95014476776123,12.121363639831545,10.323690414428713,17.410356521606445,19.083911895751957,4.420576095581055,1.1850543022155762,-4.0662055015563965,9.778088569641112,9.61621379852295,1.315553903579712,-4.262391090393066,2.271583080291748,5.454706192016602,6.025531768798828,-0.2106575965881347,3.1538407802581787,2.482510805130005,0.9439805746078492,-2.7260050773620605,6.640566349029541,1.3201086521148682,2.5279266834259038,-4.35215950012207,-0.4492946565151214,2.0056703090667725,5.277281761169434,0.9324228763580322,1.8829345703125,-1.6303730010986328,1.586559534072876
8,-306.6612243652344,110.57506561279295,-37.35709762573242,43.667850494384766,0.5104820132255554,4.5958781242370605,13.963013648986816,4.097184181213379,-1.9090805053710935,16.846981048583984,10.270543098449709,8.365423202514648,8.811616897583008,10.25120735168457,2.668774366378784,3.72438383102417,0.2816287279129028,10.469377517700195,6.624335289001465,0.9454259872436525,-1.9961613416671755,2.851836919784546,2.8421902656555176,2.2740211486816406,-2.923439741134644,3.326972723007202,0.2394921779632568,1.670336365699768,-1.4115822315216064,4.093255519866943,1.2884050607681274,4.51311731338501,-1.3594626188278198,-2.4149036407470703,-0.7943551540374756,4.651853561401367,1.216604471206665,2.514425754547119,-0.3135374784469604,2.321161985397339
8,-291.69647216796875,104.92205810546876,-38.15266799926758,38.74484634399414,-8.718379020690918,-0.2455278486013412,15.705796241760254,12.167254447937012,-1.6138253211975098,15.404629707336426,5.859647274017334,11.665045738220217,7.9576897621154785,3.423321485519409,1.625553846359253,5.763152599334717,-2.672287940979004,7.714376449584961,5.102603912353516,5.74747371673584,2.386887550354004,2.8378496170043945,0.2093271315097808,3.587739944458008,-1.9177440404891968,4.801093101501465,0.5099364519119263,3.6129987239837646,-1.365707516670227,2.0744869709014893,-1.622441291809082,5.819310665130615,2.5153815746307373,4.2713727951049805,1.0826787948608398,2.088164806365967,-1.511441946029663,4.272624969482422,-0.2524526417255401,1.5455944538116455
7,-190.3707733154297,101.83135223388672,-18.329532623291016,-14.494128227233888,8.420177459716797,15.762507438659668,6.294950008392334,5.375227451324463,-21.071727752685547,1.5058605670928955,-4.236086368560791,-2.7005257606506348,-10.364822387695312,3.452850818634033,16.20159912109375,28.17740249633789,6.473735809326172,18.86941337585449,7.514462471008301,6.707698822021484,-16.15078353881836,-8.525533676147461,-4.021337032318115,7.9485063552856445,-5.25209903717041,-6.136262893676758,-10.758581161499023,12.323044776916504,22.12106132507324,7.261218070983887,-16.495407104492188,-14.177578926086426,3.559418201446533,13.540061950683594,4.235686302185059,9.7435941696167,7.179910182952881,-12.222368240356444,-21.154150009155277,12.012510299682615
5,-340.493896484375,152.04856872558594,17.69770622253418,25.94622039794922,-1.0342930555343628,22.5741024017334,6.495948791503906,11.06270980834961,-1.779013752937317,5.308407783508301,-4.917813777923584,5.257093906402588,-1.9439613819122317,3.6259379386901855,-2.680060863494873,7.41365385055542,-2.368195056915283,4.800428867340088,0.085416667163372,4.018738746643066,-0.0029569922480732,5.1749701499938965,-1.378023624420166,3.4476680755615234,-0.87935870885849,5.650995254516602,-0.0773782730102539,2.6357645988464355,1.1060996055603027,5.05430269241333,0.7261643409729004,4.180454254150391,0.8289639949798584,3.636385917663574,0.6674160361289978,3.1619136333465576,-0.4448617100715637,3.787538290023804,-1.9066529273986816,0.9508298635482788
10,-313.744384765625,151.4599151611328,8.649112701416016,47.70063400268555,15.874484062194824,-3.827343702316284,9.04254150390625,8.052558898925781,-8.396008491516113,10.79181671142578,3.2843120098114014,-1.9837764501571653,4.30790901184082,5.664217472076416,-3.80649209022522,9.204727172851562,-2.863997459411621,-0.6708893775939941,2.084533214569092,3.502133846282959,-0.4698557555675506,5.240404605865479,3.227769136428833,2.498514175415039,0.389835923910141,10.566632270812988,2.3899645805358887,2.5284552574157715,3.0307271480560303,5.951868057250977,1.047374606132507,6.61330509185791,4.431250095367432,3.747277021408081,-0.4950006902217865,4.295065879821777,-1.490030288696289,0.6447848677635193,0.0556522607803344,3.078779935836792
7,-201.32888793945312,140.20535278320312,-57.57341766357422,35.4671630859375,-16.92234992980957,17.975419998168945,-12.77672004699707,-8.917542457580566,-17.736303329467773,-8.965560913085938,-17.22083854675293,-1.34650719165802,-9.481663703918455,-4.952281951904297,-2.434612989425659,-5.14220142364502,-2.3347043991088867,1.8776514530181885,0.4803026616573334,-2.23742151260376,-2.018577814102173,5.271448135375977,0.7013564705848694,3.559072494506836,-0.0577383749186992,0.9860951900482178,-3.192492961883545,0.4753096401691437,-3.9543845653533936,-1.586143136024475,-4.975203990936279,-2.4670701026916504,-0.332908421754837,5.741268634796143,-3.1475155353546143,-2.535027503967285,-1.372968077659607,1.1376619338989258,-1.6222498416900637,-1.6915109157562256
7,-225.8640289306641,121.93255615234376,-48.94083786010742,27.72090148925781,-15.219308853149414,14.36865234375,-4.976454734802246,4.392211437225342,-12.005565643310549,-1.9468110799789429,-12.59299659729004,0.6071892976760864,-6.04987382888794,-4.741003513336182,0.8944751620292664,-1.6021993160247805,-5.515851974487305,0.8558166027069092,-0.3342166841030121,4.490822792053223,1.7288005352020264,8.374503135681152,-0.6875007748603821,-0.1704830080270767,-1.3084341287612915,9.344736099243164,5.842616081237793,15.46902084350586,8.718640327453613,1.7133502960205078,-10.668716430664062,-5.91129207611084,-1.9266184568405151,3.5657224655151367,-2.17737340927124,-2.725128650665283,-2.5101897716522217,0.6246468424797058,-5.104349136352539,2.308036088943481
7,-231.19842529296875,124.0522918701172,-52.246803283691406,22.690654754638672,-19.32830810546875,11.137292861938477,-7.699604034423828,1.0881385803222656,-9.348257064819336,-1.40010666847229,-14.388833999633787,-3.879963159561157,-9.459954261779783,-4.50214147567749,2.439324855804444,-0.8038603663444519,-0.684801459312439,-1.0321468114852903,0.0283005554229021,4.6748456954956055,3.755648851394653,6.867807865142822,-0.4673011302947998,-1.9981248378753664,-0.9998499751091005,8.089245796203613,2.1289141178131104,6.326786994934082,2.8581764698028564,1.5131052732467651,-6.754627227783203,-2.8100311756134038,-0.6176537275314331,4.3746018409729,-0.7366238832473755,-3.3870325088500977,-3.2990996837615967,3.119358539581299,3.3561697006225586,-1.5398372411727903
7,-216.32171630859372,121.46434783935548,-56.74675369262695,23.713579177856445,-23.417198181152344,7.914045333862305,-9.376205444335938,-0.1658479571342468,-13.982433319091797,-4.116398811340332,-17.567081451416016,-1.918847918510437,-8.245025634765625,-6.295930862426758,-1.2415478229522705,-1.897061228752136,-7.670158863067627,-0.40316903591156,0.6932300329208374,7.140776634216309,4.149598121643066,9.72804832458496,-1.2138733863830566,0.9647414088249208,2.451805591583252,10.648517608642578,4.959705352783203,12.286847114562988,4.449014663696289,1.5332310199737549,-8.188529968261719,-4.5996856689453125,-0.2667378187179565,1.301982045173645,-0.1658683568239212,0.1404355019330978,-1.2534914016723633,5.296319007873535,4.4326581954956055,6.154212951660156
7,-224.7030334472656,125.68700408935548,-54.6978759765625,29.21626281738281,-20.38538360595703,17.37213897705078,-14.491290092468262,-2.657179355621338,-14.857813835144045,-4.664628982543945,-11.954245567321776,-1.1408228874206543,-7.583179950714111,-1.5004510879516602,6.357778072357178,2.140608787536621,0.0130837503820657,0.2816494405269623,-2.996835947036743,-2.25410795211792,0.5218155980110168,9.620197296142578,7.298095703125,2.108569383621216,0.2993519604206085,1.8303049802780151,1.0074230432510376,3.866206407546997,-5.093601703643799,-0.9103749990463256,2.201303720474243,6.126675128936768,-0.7179184556007385,-2.5145978927612305,-5.118427753448486,-4.533114433288574,-4.819260597229004,-2.329445600509644,4.204559326171875,4.314938068389893
7,-208.49114990234372,119.10443115234376,-55.77399063110352,30.866044998168945,-18.085861206054688,16.84723663330078,-14.295023918151855,0.9904807806015016,-12.754509925842283,-5.900698184967041,-17.413772583007812,-1.904839277267456,-9.304483413696287,-5.590585231781006,-0.0234854817390441,5.205404281616211,4.141610622406006,3.6004114151000977,-0.6655955910682678,2.6166417598724365,3.998444080352783,7.0178327560424805,4.642991542816162,1.86175799369812,-1.0835381746292114,3.305906057357788,0.98637855052948,3.4573469161987305,-7.174533843994141,-4.612302780151367,-0.2314199954271316,10.531272888183594,1.588396072387695,-3.945185422897339,-2.4962544441223145,2.893087863922119,-0.0192680358886718,-4.90170955657959,-3.0152454376220703,1.2635746002197266
7,-212.60025024414065,139.09051513671875,-38.65200424194336,41.77337646484375,1.6455042362213137,12.87388515472412,-1.9582713842391968,9.445173263549805,-5.2070488929748535,2.4620070457458496,-1.862659931182861,2.432321071624756,-1.1469894647598269,4.4906768798828125,-1.0663224458694458,1.4453792572021484,-3.612546682357788,4.240662097930908,-0.7378438711166382,1.5684961080551147,-1.9045767784118648,5.749659538269043,-2.3331122398376465,0.7566530108451843,-3.367628812789917,3.319033622741699,-1.2072410583496094,4.687023639678955,-2.5187430381774902,0.5688889622688293,-2.4056026935577397,2.1789371967315674,-2.9368762969970703,2.975203037261963,-2.363912343978882,2.737609386444092,-0.3505586385726928,1.3279401063919067,-2.6269655227661133,2.042421817779541
7,-171.57154846191406,127.69505310058594,-43.08671188354492,33.4152946472168,1.077859878540039,10.034224510192873,-4.697860240936279,11.345970153808594,-6.618764400482178,1.7621675729751587,-1.0272841453552246,1.7802356481552124,-0.5906888842582703,6.010605812072754,-0.1902089267969131,1.9407058954238887,-2.528834342956543,4.702705383300781,-4.42659330368042,1.5443986654281616,-3.314591407775879,3.91672682762146,-3.013977289199829,2.75569486618042,-2.4299604892730717,2.8994436264038086,-2.4131999015808105,3.6389565467834473,-2.529386043548584,1.0749698877334597,-1.5626589059829712,2.2418034076690674,-3.3711211681365967,2.749199390411377,-3.126356601715088,2.04836106300354,1.4842392206192017,3.647780656814575,-2.449369430541992,0.0594592466950416
7,-183.44332885742188,130.75070190429688,-42.97924423217773,28.390953063964844,-0.6382281184196472,9.797874450683594,-6.522652626037598,8.336505889892578,-7.449544906616211,1.2186533212661743,-5.409259796142578,1.103600025177002,-0.5934367775917053,4.714969158172607,-0.596140444278717,2.1232504844665527,-4.05884313583374,2.2834837436676025,-4.886410236358643,3.3112919330596924,-2.113890647888184,3.691378355026245,-3.762073755264282,1.1634331941604614,-3.078810453414917,2.891469240188598,-2.0303335189819336,4.094403266906738,-1.522262692451477,1.9415746927261357,-1.4125943183898926,3.0854060649871826,-1.5326792001724243,3.514587640762329,-2.6536569595336914,1.8428277969360352,1.5352154970169067,2.826416254043579,-3.5464894771575928,0.9703173041343688
7,-220.6315460205078,144.8561553955078,-53.84797668457031,23.799110412597656,-0.8408559560775757,16.415878295898438,-3.9336767196655273,7.367661476135254,-5.962601184844971,0.3144308626651764,-7.914820194244385,3.813408136367798,-1.0636764764785769,1.7215008735656738,-0.838191568851471,3.796466112136841,-1.5852680206298828,2.9748005867004395,-0.5698155164718628,5.90623950958252,-0.001450422918424,5.411452293395996,0.3127910494804382,4.579270362854004,-0.7335963845252991,3.4710803031921387,-1.997153759002685,5.210093975067139,-2.2653605937957764,1.3063466548919678,-2.8456294536590576,3.374358654022217,-0.7010224461555481,2.883505821228028,-0.9402429461479188,2.603957414627075,0.2078668922185897,4.098066806793213,-2.262986898422241,2.205989122390747
7,-228.00894165039065,134.3121337890625,-49.22944641113281,28.048234939575195,-4.334512233734131,10.240805625915527,-8.535307884216309,6.523590564727783,-4.354197978973389,3.1908159255981445,-4.315619945526123,6.703075408935547,-2.230465888977051,5.769322872161865,-2.761944532394409,1.2686573266983032,-2.3297455310821533,4.333209037780762,-2.0615763664245605,0.372235506772995,-3.54752779006958,3.705137491226196,-0.1705913245677948,3.4223008155822754,-1.2722148895263672,4.50696325302124,-0.3226542472839355,7.526314735412598,1.4809205532073977,3.5181398391723637,-2.7320220470428467,2.57827091217041,-0.0610223412513732,5.067638874053955,-0.42715585231781,2.6225368976593018,-1.8626720905303955,-1.473271131515503,-4.987989902496338,1.3061261177062988
7,-200.0594024658203,127.58815002441406,-50.87705612182617,24.98616981506348,-3.4839537143707275,5.401480674743652,-7.839400768280029,6.8760175704956055,-7.0531182289123535,1.2783896923065186,-2.340543270111084,8.160778999328613,-2.207448720932007,2.120480537414551,-3.7116663455963135,3.9627206325531006,-0.7301672101020813,4.435258388519287,-2.561362028121948,-0.254942923784256,-3.450295925140381,5.167383670806885,-1.4946296215057373,2.4737112522125244,-3.900335550308228,2.439124822616577,-0.7777826189994812,6.223402976989746,0.5904046893119812,3.910199880599976,-1.678449630737305,4.053189754486084,0.565142035484314,5.420551300048828,0.0959786623716354,2.009941816329956,-2.755889415740967,0.0735762044787406,-4.364956378936768,0.3284561932086944
10,-160.00279235839844,129.73780822753906,-121.14488983154295,27.59575653076172,-11.555168151855469,16.43740463256836,-11.257330894470217,20.928974151611328,-0.6431396007537842,-4.438712596893311,-4.514346122741699,2.166219472885132,-0.8974711894989014,-2.582472801208496,8.91454029083252,7.761720180511475,8.59457778930664,-3.192162275314331,4.849963665008545,0.749643087387085,1.479284167289734,-8.210250854492188,-2.078192949295044,-4.904135704040527,3.674382925033569,-1.2706782817840576,-7.824958324432373,-0.662217915058136,15.004605293273926,4.79502010345459,-14.5022554397583,-4.763887405395508,-0.1638279557228088,14.081778526306152,0.7114706039428711,7.257822036743164,1.688310623168945,-8.786393165588379,-9.850558280944824,4.768192291259766
8,-257.26239013671875,129.66868591308594,-41.37483596801758,16.78289794921875,-15.434331893920898,-18.118093490600582,-24.760814666748047,-4.460186004638672,-17.27992057800293,-0.0169722717255353,-21.579050064086918,-10.504334449768066,-9.089920043945312,-8.02247428894043,-13.213692665100098,-13.343881607055664,-10.518925666809082,-4.333909034729004,-16.003894805908203,-5.695512294769287,-6.816691875457764,-4.507652282714844,-12.632369041442873,-7.945477485656738,-11.024619102478027,-2.3365471363067627,-10.311976432800291,-1.8420032262802124,-3.3973114490509038,-4.811685562133789,-10.017682075500488,-2.376006364822388,-9.90994358062744,-4.352400779724121,-7.550488471984863,-3.619431734085083,-5.62859582901001,-3.972403526306152,-10.853877067565918,-3.453188419342041
8,-242.87353515625,109.09246063232422,-35.88374710083008,13.869104385375977,-17.508771896362305,-16.0489501953125,-32.13176727294922,-13.998456001281738,-16.08150291442871,-9.043720245361328,-20.261213302612305,-3.55761194229126,-11.197690963745115,-4.105576038360596,-11.238587379455566,-9.110116958618164,-10.542998313903809,-7.835660934448242,-15.842352867126465,-7.781223773956299,-10.335518836975098,-4.203524112701416,-8.713624000549316,-1.9076706171035769,-6.311163425445557,-2.58957576751709,-8.21332836151123,-5.471627235412598,-9.351707458496094,-3.341400384902954,-9.559588432312012,-6.7408833503723145,-10.687214851379396,-3.7179653644561768,-9.167657852172852,-4.817441940307617,-7.488540172576904,-4.268642902374268,-2.8835670948028564,-0.2055588662624359
8,-280.6761169433594,134.8837890625,-40.56755828857422,17.462827682495117,-19.52444839477539,-16.040239334106445,-22.806121826171875,-9.337403297424316,-17.284461975097656,-0.5847340226173401,-23.6934871673584,-12.032133102416992,-7.891085624694824,-10.965567588806152,-15.69453239440918,-12.88050365447998,-11.321423530578612,-5.811267852783203,-16.147262573242188,-2.943615674972534,-6.490940093994141,-5.480332374572754,-13.904170036315918,-9.104780197143556,-11.44120979309082,-3.2231812477111816,-9.382418632507324,1.352142333984375,-4.940986633300781,-9.01207160949707,-9.651122093200684,-1.5832213163375854,-9.036502838134766,-3.487595796585083,-8.37275218963623,-4.505972862243652,-6.967155933380127,-4.778608322143555,-5.190770626068115,0.4056748747825622
8,-254.9198455810547,112.7737274169922,-46.89470672607422,14.467537879943848,-17.832164764404297,-17.404001235961914,-21.82599830627441,-18.35067367553711,-12.676408767700195,-1.5086650848388672,-21.81902313232422,-10.137834548950195,-20.81444549560547,-5.421732902526856,-6.768965244293213,-14.125020027160645,-8.641325950622559,1.1006120443344116,-7.807692050933838,-6.573369026184082,-17.317834854125977,-5.860492706298828,-8.469476699829102,-5.046791076660156,-8.362386703491211,2.999297618865967,-4.799490928649902,-2.1844828128814697,-4.776637554168701,-6.193357944488525,-11.90709400177002,-3.769599676132202,-7.159432411193848,-2.6965854167938232,-6.112584590911865,-2.764871120452881,-7.079776287078857,-2.7621281147003174,-9.60482406616211,-4.457620620727539
8,-187.783203125,117.48159790039062,-52.98908233642578,2.796945095062256,-15.685441970825195,-21.08269691467285,-25.044517517089844,-23.76933860778809,-24.42729949951172,-8.3484468460083,-21.438962936401367,-8.764962196350098,-26.484115600585938,-2.331873655319214,-5.946540355682373,-13.003097534179688,-9.907485961914062,-1.257733702659607,-14.034628868103027,-3.975805997848511,-10.977895736694336,-3.149152994155884,-10.100982666015623,-6.361513137817383,-5.60587739944458,-2.8102355003356934,-10.65744400024414,-2.881843090057373,-6.150567531585693,-0.7282225489616394,-4.843851566314697,-5.823386192321777,-10.669351577758787,-1.0775504112243652,-7.361323833465576,-2.9489402770996094,-6.83943510055542,-3.021806240081787,-6.660881519317627,-3.065326690673828
8,-224.9169769287109,121.0747528076172,-52.97046661376953,5.612136363983154,-11.810540199279783,-20.85671615600586,-28.37660789489746,-21.514877319335938,-18.92208671569824,-4.7177324295043945,-14.097994804382324,-1.2022459506988523,-24.0800838470459,-6.057869911193848,-13.39412784576416,-15.703678131103516,-12.066174507141112,-3.3372249603271484,-13.384645462036133,1.1545690298080444,-7.822165489196777,-6.314897537231445,-9.554591178894045,-4.908684253692627,-9.320711135864258,0.0545502603054046,-7.485813617706299,-5.726307392120361,-10.229957580566406,-2.852622985839844,-4.520500659942627,-8.385540008544922,-16.578073501586914,-0.7218343019485474,-5.929522514343262,-3.0174150466918945,-5.251810550689697,-3.46034574508667,-2.5563316345214844,0.9184095859527588
8,-229.6357421875,123.6479949951172,-55.08953857421875,8.913155555725098,-12.674484252929688,-20.17171669006348,-26.75592994689941,-23.58626937866211,-25.584888458251957,-9.3463773727417,-16.812904357910156,-0.2609237134456634,-20.42249870300293,-2.444357395172119,-12.46060562133789,-17.2274112701416,-14.984175682067873,-5.9502716064453125,-18.983667373657227,-6.397676944732666,-10.654741287231444,-1.034798502922058,-7.820807933807373,-6.906152725219727,-6.934568405151367,1.1781831979751587,-8.200404167175293,-6.130927085876465,-9.727608680725098,-2.607806921005249,-5.695102691650391,-6.545389175415039,-12.392871856689451,-2.8030664920806885,-9.97158908843994,-5.031222343444824,-9.095304489135742,-5.129388332366943,-5.052961349487305,-0.110909454524517
5,-178.41363525390625,96.6257553100586,-18.257036209106445,25.614416122436523,4.9045844078063965,8.191580772399902,-11.980592727661133,-6.764384746551514,-7.696915149688721,11.130083084106444,2.598980665206909,-4.023682117462158,-2.958081722259521,2.0166616439819336,-3.088342666625977,-0.9502912163734436,-10.092255592346191,-2.012147188186645,-4.61939001083374,-1.2937047481536863,-6.036578178405762,7.272201061248779,-2.367162704467773,4.219598293304443,-0.0614689290523529,0.4682665169239044,-7.697143077850342,-3.666055202484131,-0.6987529397010803,13.829375267028809,2.5401713848114014,-2.748876571655273,-0.7629706859588623,6.238494873046875,-0.3903484046459198,0.9331594705581664,-6.041679382324219,3.3146584033966064,-1.3615164756774902,-2.4753947257995605
5,-170.31236267089844,88.80471801757812,-9.61593246459961,29.660703659057617,4.559198379516602,10.874797821044922,-13.77375602722168,-3.23339319229126,-4.883338928222656,7.905157566070557,-2.658867597579956,-3.213393449783325,-4.9016618728637695,-1.4864364862442017,-6.104330539703369,-3.0126469135284424,-10.588393211364746,-1.6267869472503662,-3.4984917640686035,1.4149349927902222,-7.501149654388428,0.2098728716373443,-2.5350236892700195,2.6021344661712646,-0.698725163936615,4.096137523651123,-4.044886589050293,-1.4618279933929443,-2.999953508377075,7.130884170532227,-6.663605213165283,-2.351858615875244,-3.1529858112335205,4.51961612701416,-1.175330638885498,0.1789668649435043,-4.090204238891602,3.9131557941436768,-1.8019037246704104,-4.422205924987793
5,-163.44125366210938,85.78944396972656,-2.992424249649048,25.72541046142578,9.999130249023438,6.163376808166504,-15.295575141906738,1.009807825088501,-4.031339168548584,5.428584098815918,-2.860732316970825,-1.275166392326355,-3.5234925746917725,-4.504133224487305,-1.990461349487305,-0.9766114354133606,-7.583146095275879,2.756493091583252,-4.4116692543029785,0.0505035817623138,-12.141339302062988,4.375860214233398,1.1362634897232056,6.55799674987793,2.633642196655273,0.2130532413721084,-6.339917182922363,-2.8020131587982178,-3.812962532043457,3.4677629470825195,-5.881495952606201,-0.7441924810409546,5.112374305725098,8.049312591552734,-1.596318602561951,0.2303261458873748,-4.630024433135986,-3.758643627166748,-3.632522583007813,3.068822145462036
5,-241.9795379638672,94.07151794433594,-2.1501522064208984,23.90574836730957,4.399618148803711,11.037869453430176,-5.036496639251709,-0.5362337827682495,-6.434712886810303,6.755040645599365,1.7977731227874756,3.9176738262176514,-3.8304948806762695,-0.0273869689553976,-3.4965407848358154,3.43252182006836,-4.258850574493408,1.511995553970337,-3.865725517272949,-0.0741652101278305,-7.923051357269287,0.2077755182981491,-4.877716541290283,0.5090678930282593,-3.51879358291626,0.6013510823249817,-4.685573101043701,0.2839231789112091,-0.9352059960365297,2.2279419898986816,-1.7060470581054688,5.29271411895752,1.659731149673462,5.46779727935791,-1.5731271505355835,3.2540318965911865,-1.5269007682800293,0.4160293936729431,-4.631134510040283,3.067514657974243
5,-175.70787048339844,92.88589477539062,-10.875895500183104,25.530054092407227,8.929436683654785,8.80837345123291,-15.248303413391112,-0.988210141658783,-6.01620626449585,3.3458492755889893,-3.2590649127960205,1.7337566614151,-7.098885536193848,-4.071396350860596,-5.5908026695251465,0.0631837770342826,-8.122716903686523,-1.6158907413482666,-4.123321056365967,2.996685743331909,-6.218711853027344,0.6291787624359131,-3.243630170822144,2.0999114513397217,-2.4034011363983154,4.133078575134277,1.8679636716842647,3.631924390792847,-2.017405271530152,1.4484741687774658,-7.378415107727051,-1.004386067390442,-3.8108315467834473,2.507675886154175,-2.294868230819702,-1.0117467641830444,-5.481936931610107,1.0408804416656494,-0.7405019998550415,0.9424454569816588
5,-171.67369079589844,84.76487731933594,-12.919594764709473,23.81822395324707,5.7748565673828125,11.286882400512695,-8.47761058807373,0.480607658624649,-7.6026291847229,2.1639678478240967,1.541533589363098,4.845890998840332,-4.264152526855469,-3.777395248413086,-5.675539016723633,-2.0615556240081787,-8.7947416305542,-4.586239337921143,-4.545535564422607,6.134427070617676,-1.7861629724502563,1.6534571647644043,-2.882266998291016,4.102336406707764,-2.9601049423217773,1.6283971071243286,-0.5643367171287537,3.1931731700897217,-2.7389509677886963,0.8034071922302246,-2.949913024902344,4.519146919250488,-3.4423534870147705,-0.6283937096595764,-4.136214733123779,1.6574037075042725,-1.5913394689559937,-0.9038599133491516,-5.115650177001953,5.127030372619629
9,-332.1965637207031,124.92152404785156,-9.66656494140625,26.049470901489254,3.2788071632385254,10.674368858337402,-8.91189956665039,1.4363974332809448,-5.309196472167969,7.4498186111450195,1.212386965751648,4.0663275718688965,-1.476501226425171,4.517168045043945,-0.0796644613146781,3.6358628273010254,-4.9864373207092285,1.2560280561447144,-2.787281990051269,3.0491929054260254,-5.2907562255859375,2.9725446701049805,-2.47800874710083,1.6644749641418457,-2.732487201690674,1.5962384939193726,-3.788599729537964,-1.0428739786148071,-2.3330399990081787,3.4562268257141118,-4.608839511871338,0.3435524702072143,-1.563666582107544,1.3024060726165771,-3.694472789764404,1.238190531730652,-3.5359437465667725,2.519740343093872,-1.3414101600646973,-0.6600897312164307
9,-318.4393615722656,121.02564239501952,-6.382349491119385,20.190675735473636,4.035301685333252,7.447113037109375,-7.4765944480896,1.202078104019165,-0.0802296996116638,8.604050636291504,1.62409245967865,4.737098217010498,-0.2703115344047546,5.579922199249268,0.5868958830833435,4.033856391906738,-2.5486650466918945,4.555681228637695,-3.405322790145874,2.660515785217285,-1.6254265308380127,5.278002262115479,-1.5186983346939087,3.465524673461914,-1.4083207845687866,2.165244102478028,-4.552370071411133,1.6149184703826904,-3.4703643321990967,3.869984865188599,-3.3246607780456543,1.6079537868499756,-1.1448220014572144,3.9508466720581055,-1.9260516166687007,1.4879353046417236,-0.7858342528343201,5.074808120727539,-2.08647894859314,-1.9073185920715328
9,-319.5165405273437,117.83551788330078,-12.53555393218994,22.36365127563477,-1.6936094760894775,10.52090549468994,-6.34992265701294,-0.9655455946922302,-2.700075387954712,7.247246742248535,-0.2222433090209961,1.5394442081451416,-2.9482929706573486,3.9273061752319336,-1.949866533279419,3.7629234790802,-1.24608314037323,4.058270454406738,-3.703509569168091,1.3924953937530518,-2.165241241455078,2.931761741638184,-1.9643572568893437,0.0228131897747516,-5.167354583740234,0.063251107931137,-5.517534255981445,-0.6273025870323181,-0.7766352891921997,5.482928276062012,-4.135549068450928,-0.3512814939022064,-1.2586959600448608,5.560863494873047,-2.77157998085022,1.774730563163757,-4.363147258758545,-0.9708039164543152,-3.211591482162476,1.5905174016952517
9,-290.05908203125,102.08878326416016,-14.54053020477295,20.670000076293945,-3.4976911544799805,8.600948333740234,-7.784754276275635,1.7587276697158811,-2.0696463584899902,5.0615553855896,0.5571452975273132,3.965378522872925,-3.5815229415893555,2.257350444793701,-3.4636363983154297,4.44290828704834,-2.023076295852661,1.7854338884353638,-3.397532224655152,0.6874932050704956,-3.3943660259246826,2.591427803039551,-4.6921706199646,2.2365176677703857,-2.032313108444214,2.279939889907837,-2.233806133270264,-0.3077601194381714,-5.638053894042969,3.02432632446289,0.4609526395797729,1.30657160282135,-3.890235900878906,2.627937078475952,-3.8345468044281006,2.7189979553222656,-0.5689975619316101,-1.7862160205841064,-5.608408451080322,3.4027578830718994
9,-312.099853515625,112.3010711669922,-10.610612869262695,24.14090156555176,-0.9009554386138916,8.492817878723145,-5.250400066375732,3.639228582382202,-2.4686944484710693,4.494287490844727,3.2285170555114746,3.976682424545288,-2.5538535118103027,4.94162654876709,-0.5119994878768921,5.207197189331055,-4.128091812133789,2.0165765285491943,-3.243149518966675,6.008053779602051,-1.0342903137207031,3.78368091583252,-4.460608959197998,-0.0159352086484432,-6.748392581939697,3.669415235519409,-4.530229568481445,-0.4190201163291931,-2.114071846008301,4.303875923156738,-0.0112753631547093,2.6047585010528564,-2.64311957359314,4.567302227020264,-4.569442272186279,0.1395426392555236,-2.294241189956665,-1.382581353187561,-3.4170379638671875,4.6013007164001465
9,-344.3392028808594,123.0063934326172,-6.232690811157227,25.66152000427246,0.7604743838310242,9.917688369750977,-6.017407417297363,1.5068926811218262,-2.31758713722229,4.606064796447754,0.3434780240058899,3.2818398475646973,-0.4084457159042358,4.097049236297607,-1.0968613624572754,2.384280204772949,-3.270190715789795,2.8706278800964355,-1.400405764579773,3.0143344402313232,-5.260081768035889,0.8416160345077515,-2.0110421180725098,1.8176019191741943,-3.1181752681732178,2.7244873046875,-2.8290882110595703,-0.5458878874778748,-4.28330135345459,4.336107730865479,-1.5885632038116455,-0.5716372728347778,-3.0510189533233643,2.783043622970581,-2.013120412826538,2.2319159507751465,-2.4568066596984863,1.4449570178985596,-4.279572010040283,-0.5352590680122375
8,-516.4574584960938,121.89248657226562,-48.69842529296875,-35.161380767822266,-2.762269258499145,-13.868582725524902,-23.22347640991211,7.568198680877685,-6.46245002746582,-14.2142333984375,-6.828726768493652,1.681746006011963,6.754118919372559,14.602334976196287,12.535358428955078,9.834914207458496,2.6875061988830566,7.564473152160644,8.946864128112793,1.390170693397522,-6.8489484786987305,-0.6490036845207214,0.3183425962924957,-3.2711544036865234,-0.9489079117774964,0.3055449426174164,-2.367716073989868,-1.8249043226242063,-5.61438512802124,-3.427257537841797,1.339076042175293,2.136457681655884,-0.3500666320323944,-1.0004570484161377,-0.8681208491325378,-0.5596436262130737,-0.7269620895385742,0.0275220870971679,-0.2486060410737991,-2.4246163368225098
8,-591.1751708984375,113.32415008544922,-26.7802791595459,-19.53764533996582,5.59449577331543,-5.9891462326049805,-10.929189682006836,7.496061325073242,-1.443519949913025,-8.323108673095703,0.0396849364042282,1.131638765335083,1.3529176712036133,12.792834281921388,14.37664794921875,13.246892929077148,4.345438003540039,3.1481637954711914,0.4824141263961792,-0.0404551066458225,-0.786103367805481,-1.993525981903076,-5.46207332611084,-6.346654415130615,-3.811883211135864,0.2261510044336319,-3.5329959392547607,-2.5247890949249268,-1.4712380170822144,-1.2581493854522705,-2.354600191116333,-3.413217782974243,-1.6506388187408447,-1.056916117668152,-2.977558135986328,-3.72111177444458,-2.147755622863769,-3.875958681106568,-2.122361898422241,-0.2725929319858551
8,-519.4585571289062,114.28145599365234,-44.96858596801758,-35.76750564575195,-5.547186851501465,-21.026329040527344,-29.375789642333984,-0.3524228036403656,-9.849770545959473,-13.797466278076172,-6.36558198928833,-3.3311033248901367,1.6907814741134644,18.224321365356445,19.637319564819336,16.554059982299805,5.051534175872803,5.058418273925781,3.1982316970825195,1.9878628253936768,-3.2230031490325928,-4.616970539093018,-5.187794208526611,-5.378119468688965,-0.9744015336036682,2.362732172012329,-0.1454754769802093,-1.3968921899795532,-3.4348807334899902,-3.756468772888184,-0.3961091935634613,-0.8329493999481201,-3.3782687187194824,-2.351794481277466,-2.61606240272522,-2.4349422454833984,-0.5965150594711304,1.2214888334274292,1.6592471599578855,-0.9916778206825256
10,-249.11312866210935,115.44998931884766,7.494060039520264,23.45658493041992,8.062407493591309,6.158932209014893,1.3111852407455444,2.7181766033172607,-2.544278383255005,6.585127353668213,-0.6417657732963562,-0.5038610100746155,-4.665590286254883,2.4481730461120605,-2.886948347091675,1.294844150543213,-3.753223180770874,3.2899112701416016,-2.818197011947632,0.5683435201644897,-3.924412250518799,1.2633198499679563,-3.8922994136810303,3.676877021789551,-3.3707964420318604,3.851848363876343,-2.007675170898437,2.4448792934417725,-4.901857376098633,4.44193172454834,-1.481033205986023,4.060624599456787,-3.6692593097686768,2.8681764602661133,-2.68650484085083,1.6442289352416992,-2.6037161350250244,3.062854290008545,-1.7311897277832031,1.4758822917938232
10,-246.80865478515625,111.00257110595705,8.779106140136719,24.59537506103516,9.286572456359863,5.833240509033203,-1.160167574882507,2.1590733528137207,-2.1785874366760254,5.055865287780762,-1.2621568441390991,0.6340998411178589,-7.919175148010254,1.4580950736999512,-3.576965570449829,2.752305746078491,-4.315754890441895,5.50801944732666,-0.2252363562583923,3.916626930236816,-1.46418559551239,2.682945251464844,-2.5935604572296143,3.6938188076019287,-2.8678481578826904,2.8140268325805664,-2.8011131286621094,3.518760681152344,-3.7892346382141113,2.8146915435791016,-1.4672130346298218,3.855306386947632,-1.9338419437408447,2.885010004043579,-2.440328598022461,2.566933870315552,-1.8045285940170288,3.5780029296875,-0.9938924312591552,2.2872731685638428
10,-296.5814208984375,136.4521942138672,-6.323466777801514,28.91960334777832,5.358903408050537,11.940824508666992,5.298932075500488,2.939842700958252,1.2530025243759155,6.783321857452393,0.5956696271896362,3.9782440662384033,-5.966150760650635,5.75573205947876,-4.0008978843688965,7.25644588470459,-3.3951330184936523,4.442672252655029,-2.86588978767395,3.651632785797119,-3.2064871788024902,-0.3805313408374786,-3.857353448867798,2.9084725379943848,-0.9806336760520936,1.9265776872634888,-1.428276300430298,3.1538608074188232,0.0874020755290985,2.547055244445801,-1.338913083076477,3.930081844329834,-1.1127703189849854,3.1257050037384038,-0.3978316485881805,3.437605857849121,-0.6525223851203918,3.1344735622406006,0.1742123067378997,2.44787859916687
10,-312.0754089355469,140.57301330566406,-15.699007034301758,18.12064552307129,-2.72727632522583,1.8024450540542605,2.6154825687408447,2.9575889110565186,-2.1813056468963623,4.779830455780029,-3.058355569839477,5.248242378234863,-3.76652193069458,1.3655821084976196,-1.4864357709884644,2.3986082077026367,-4.227994918823242,3.034088373184204,0.4739580452442169,6.319066524505615,-1.2604093551635742,4.819365501403809,-1.482712745666504,5.420114517211914,-1.1847732067108154,0.5798184275627136,-4.090978145599365,2.5045902729034424,-2.5076255798339844,3.5194592475891118,-0.539093017578125,3.606539487838745,-1.6882597208023071,4.0357770919799805,-0.1889785975217819,3.913381338119507,0.0412529297173023,3.115969657897949,-1.4666756391525269,3.733463287353516
10,-322.5706787109375,138.16551208496094,-16.465221405029297,27.05450439453125,-0.4227739572525024,11.564249992370604,0.4276352226734161,1.0611568689346311,-1.983307719230652,7.110960006713867,-1.1358507871627808,4.347751617431641,-4.3981451988220215,3.380512237548828,-1.1564139127731323,3.035762310028076,-2.1283552646636963,6.092300891876221,-2.096086978912353,2.7057671546936035,-0.8446177244186401,3.8483424186706543,-2.6968038082122803,2.2925305366516118,-4.393275260925293,0.4082347154617309,-1.825515866279602,2.0188090801239014,-1.631481409072876,2.922696113586426,-3.3325517177581787,3.223329305648804,-0.7176006436347961,4.04611873626709,-1.312593698501587,1.0923088788986206,-2.7900583744049072,2.327190399169922,-0.6792420744895935,1.6657512187957764
10,-328.41949462890625,138.97079467773438,-16.255504608154297,23.47039604187012,3.495908260345459,9.087416648864746,1.7480112314224243,0.3528232872486114,-2.2360105514526367,9.607444763183594,0.5348060131072998,6.730529308319092,-2.51580810546875,7.823233127593994,0.2035695761442184,5.178526878356934,-0.1241348385810852,5.514416217803955,1.4159448146820068,4.494039535522461,0.7650065422058105,3.706553220748901,-1.5667353868484497,3.028456449508667,-0.4061786532402038,1.598789930343628,-0.9553562998771667,3.9780759811401367,1.7314798831939695,3.536385536193848,-1.5406333208084106,2.4982800483703613,-0.208395630121231,3.834692478179932,0.0395613647997379,1.6536246538162231,-0.6675640940666199,1.7787659168243408,0.036467358469963,4.320992469787598
10,-337.8970947265625,144.3107147216797,-14.528005599975586,19.88939476013184,6.483621597290039,8.394746780395508,3.511070966720581,1.0229899883270264,-3.387614250183105,8.970175743103027,-0.153776928782463,7.477635860443115,-3.609010934829712,6.621788024902344,-0.4575980305671692,4.183646202087402,-1.8019508123397827,4.437732696533203,1.1906113624572754,2.123241186141968,0.080473355948925,4.750951766967773,-0.0362625569105148,3.2650139331817627,-0.0928135588765144,1.448414325714111,-1.2423298358917236,3.67695689201355,1.430700182914734,2.111485004425049,-1.1520187854766846,2.53051233291626,-1.723466157913208,1.9035725593566892,-0.7315986752510071,1.8140225410461424,-0.1180226132273674,2.724769592285156,0.1986473351716995,3.1435554027557373
5,-191.53468322753903,114.32042694091795,-32.50048065185547,25.20224952697754,-8.833246231079102,10.047183990478516,-3.898918390274048,-8.032833099365234,2.686567544937134,3.783023834228516,-5.794143199920654,2.893790006637573,-9.595535278320312,7.380409240722656,-7.012127876281738,-3.7946600914001465,-6.423587322235107,4.601816654205322,0.0638603717088699,1.7313982248306274,-4.71563196182251,1.5484644174575806,-3.650315523147583,4.7901482582092285,-0.8928326964378357,1.9666056632995603,-2.9611196517944336,1.961068034172058,-3.719355821609497,1.0865999460220337,1.3088833093643188,2.392005443572998,-6.763907432556152,0.8942626714706421,-3.276818037033081,4.611856937408447,2.543906211853028,1.231889009475708,-1.2068018913269043,-1.7671291828155518
5,-188.761962890625,110.13245391845705,-33.81257247924805,27.78243637084961,-7.391582012176514,10.960545539855955,-5.593335151672363,-10.757749557495115,4.720794200897217,5.736396312713623,-3.262048959732056,4.495359897613525,-9.64201831817627,7.048520565032959,-4.877429962158203,-5.28164529800415,-6.920198440551758,5.1641526222229,-2.0330772399902344,1.0370471477508545,-4.321162223815918,3.1290268898010254,-1.9376797676086424,1.5977578163146973,-3.173722267150879,1.9052385091781616,-4.743782997131348,0.7215380072593689,-3.448440790176392,0.7798987627029419,4.712049007415772,4.663029193878174,-9.535150527954102,-1.3125839233398438,-3.255087375640869,2.996685743331909,3.312014102935791,1.6520782709121704,-2.9625070095062256,-2.996954679489136
5,-203.2689208984375,119.97814178466795,-13.961033821105955,29.23232078552246,2.007071018218994,15.180875778198242,7.816640377044678,-1.249221920967102,4.966719150543213,7.469304084777832,-0.5523715019226074,4.870177745819092,-4.877469539642334,9.517565727233888,1.391906499862671,3.5074586868286133,-4.444611549377441,-0.1972697973251342,0.0515676513314247,5.332564830780029,-2.7571558952331543,2.646702766418457,-0.0204990040510892,7.482304573059082,1.821674108505249,4.0080437660217285,-0.5055280923843384,6.098419189453125,-0.9784762263298036,0.0188943948596715,-4.826907634735107,5.665426254272461,1.3020193576812744,1.194934368133545,-3.623538255691528,2.124879837036133,-5.800535678863525,-2.001288652420044,1.4732547998428345,4.497579574584961
5,-218.4358062744141,121.67564392089844,-14.529672622680664,26.652406692504883,-1.3734095096588137,15.807703018188477,7.8091912269592285,-0.0703107118606567,6.83351993560791,9.125731468200684,0.1280473470687866,7.176785945892334,-3.1547579765319824,6.955879211425781,-1.2694573402404783,3.068769216537476,-3.0571210384368896,0.9262725114822388,0.8013201355934143,7.914942264556885,0.0364640951156616,4.6937642097473145,-0.3462128341197967,4.42292070388794,-2.504415988922119,2.312429904937744,-0.5151098370552063,4.711784839630127,-0.8564527034759521,0.4170139729976654,-5.834333419799805,3.0391530990600586,2.4660186767578125,4.061399459838867,-3.5514039993286133,1.7282116413116455,-3.1239490509033203,-0.8498483896255493,-2.9714744091033936,-0.5665357112884521
5,-183.40696716308597,116.9874038696289,-31.37493133544922,25.976072311401367,-6.4963154792785645,13.259868621826172,1.3801578283309937,-2.894097328186035,5.628830432891846,3.4947431087493896,-3.084568500518799,7.684814453125,-9.264082908630373,6.164163589477539,-4.193467140197754,-0.8340630531311035,-8.2628812789917,1.8218353986740112,-2.8597781658172607,0.1509080976247787,-1.9216147661209104,9.191165924072266,1.9735350608825684,4.793545722961426,0.5083364844322205,2.836367607116699,-4.121640682220459,3.58068323135376,-0.9801161885261536,-0.8390312194824219,-3.251439332962036,1.083109974861145,-1.601044774055481,5.83901309967041,-0.1196722164750099,2.332772731781006,-4.071416854858398,1.7122061252593994,2.4879064559936523,-0.480097234249115
5,-182.85601806640625,108.71747589111328,-30.775325775146484,25.23441505432129,-9.116339683532717,10.483180046081545,-2.384110450744629,-4.901241779327393,5.07650089263916,1.1443685293197632,-2.9467341899871826,4.741618633270264,-10.769392013549805,4.831934452056885,-6.4406514167785645,2.0354490280151367,-6.582168102264404,1.0548090934753418,-1.6828778982162476,0.7814784646034241,-8.066434860229492,-0.5495184063911438,-3.9555318355560303,4.174899101257324,-0.5179514288902283,4.771965503692627,-3.2250027656555176,2.7900073528289795,-1.0668556690216064,2.563972234725952,-1.9783910512924197,-1.6082417964935305,-4.780150890350342,2.062905788421631,-4.034534454345703,1.834915041923523,-3.417891025543213,-2.1767778396606445,-0.416308730840683,-0.3430688977241516
10,-141.61883544921875,83.17202758789062,11.622332572937012,17.06666374206543,3.53456711769104,12.854729652404783,-8.945794105529785,-6.07081413269043,-18.96438407897949,-10.082027435302734,-15.293397903442385,-9.937992095947266,-19.06528663635254,-15.568489074707031,-19.3536434173584,-10.809378623962402,-15.342426300048828,-7.532210350036621,-11.713127136230469,-3.368400812149048,-7.742726802825928,-1.7621004581451416,-7.646214962005615,-1.502729415893555,-7.876382827758789,0.0058961492031812,-4.817547798156738,0.3408922851085663,-5.519658088684082,-0.8905501961708069,-4.021612167358398,2.18519926071167,-2.667100667953491,0.3544240593910217,-2.976224422454834,2.4745874404907227,-2.197316884994507,2.5356922149658203,1.2232389450073242,4.693237781524658
10,-152.18804931640625,79.92569732666016,9.486357688903809,20.3132266998291,6.806081771850586,11.604206085205078,-3.117380380630493,-3.049525260925293,-19.4415283203125,-9.867350578308104,-12.55938720703125,-4.994571685791016,-16.11470603942871,-16.183788299560547,-20.662487030029297,-12.119608879089355,-15.92651653289795,-7.392035007476807,-10.828063011169434,-3.827980756759644,-8.576239585876465,0.5055750012397766,-2.5003321170806885,1.3144007921218872,-6.989401817321777,-0.9614270329475404,-8.228907585144043,-4.124161720275879,-4.350771903991699,3.940816402435303,-2.126533508300781,-1.551051139831543,-6.270022392272949,-0.6638192534446716,-4.090461254119873,1.07754385471344,-1.931259632110596,0.8419305086135864,-1.864303708076477,5.810007572174072
10,-209.1845703125,85.85781860351562,9.249515533447266,20.29499626159668,3.661550998687744,7.555562973022461,-13.965343475341797,-7.9128642082214355,-21.32124328613281,-7.664370059967041,-15.13042163848877,-13.897336959838867,-21.13551139831543,-11.997061729431152,-17.671022415161133,-12.727239608764648,-15.843791961669922,-5.288744449615479,-8.727971076965332,-5.117361068725586,-13.800970077514648,-2.6596713066101074,-3.627987146377564,-0.2983945310115814,-8.711751937866211,-2.8932363986968994,-6.176919460296631,-1.6445033550262451,-7.261271476745605,2.7081563472747803,-1.0019432306289673,-2.245795726776123,-8.396101951599121,-0.3443352878093719,-2.5734493732452397,3.0615830421447754,0.4394361078739166,1.933283805847168,-4.263864517211914,1.685161590576172
10,-254.50587463378903,93.9679946899414,16.337953567504883,20.41961669921875,2.777690887451172,11.317723274230955,-12.749717712402344,-6.903670787811279,-15.671454429626465,-8.001559257507324,-9.538822174072266,-9.974348068237305,-19.21457862854004,-13.326547622680664,-15.666213035583496,-8.654621124267578,-13.557865142822266,-7.675869464874268,-11.576748847961426,-6.144057273864746,-10.017017364501951,-2.021064519882202,-5.099756717681885,-1.7630255222320557,-7.101614952087402,-4.049363613128662,-8.577352523803711,-2.165922164916992,-4.704244613647461,0.3936006426811218,-3.8099091053009033,0.02174505405128,-3.929763078689575,0.4669634401798248,-1.2330764532089231,2.251922369003296,-1.806457042694092,2.2284367084503174,-0.3977255821228027,2.7954659461975098
10,-287.0480041503906,100.31787109375,22.808786392211918,27.58208274841309,3.5699174404144287,12.020866394042969,-10.363964080810549,-5.605062484741211,-18.55454635620117,-7.8027567863464355,-10.860365867614746,-11.460111618041992,-17.919729232788086,-12.603574752807615,-17.579687118530273,-6.744955062866211,-13.425448417663574,-6.282716751098633,-10.127446174621582,-4.755475997924805,-10.190373420715332,-2.791501045227051,-9.14125919342041,-3.9040801525115967,-8.867427825927734,-2.3637726306915283,-6.952527523040772,-1.725927472114563,-5.975306034088135,0.3857516348361969,-4.447945594787598,0.1415996700525283,-4.496893405914307,-0.04872777312994,-2.661569833755493,1.6185604333877563,-1.990005373954773,1.5914638042449951,-1.134101629257202,3.221989154815674
10,-133.0660400390625,87.73881530761719,2.6134796142578125,14.781620025634766,1.3826462030410769,16.307266235351562,-10.38300609588623,-13.720680236816406,-17.012361526489258,-11.993457794189451,-14.976079940795898,-6.945284366607666,-17.30308723449707,-17.938928604125977,-22.21417236328125,-11.328482627868652,-14.437034606933594,-7.57754373550415,-13.53085231781006,-5.13647985458374,-9.51015281677246,-1.2182695865631104,-5.813976287841797,-0.5488185882568359,-7.465200901031494,-2.8960623741149902,-8.35377025604248,-1.3167314529418943,-4.820056438446045,0.7384613156318665,-4.649304866790772,0.1000401899218559,-3.726383209228516,0.823822557926178,-1.6407859325408936,2.4625918865203857,-2.1402175426483154,3.665006637573242,-2.212801694869995,-0.3695311844348907
7,-430.9985046386719,163.5966033935547,-3.996848821640015,27.598407745361328,-1.9023970365524288,1.0974252223968506,9.629900932312012,14.400416374206545,13.10796070098877,27.213815689086918,7.851573944091797,9.938239097595217,0.9076074361801147,-5.127166271209717,-6.326992511749268,6.675824165344238,0.7541808485984802,5.526914119720459,6.835921764373779,2.1008944511413574,-6.781444072723389,0.7358836531639099,1.1308647394180298,5.485031127929688,3.5633347034454346,6.798751354217529,-1.7599881887435913,-0.0424824096262455,-2.4345295429229736,-1.8988008499145508,-3.5709707736968994,2.731043577194214,2.462579727172852,6.612337112426758,2.545773267745972,-0.2603449523448944,-2.209824323654175,-0.3154139816761017,-4.894752025604248,1.984077215194702
7,-409.68597412109375,150.3584442138672,-3.363386631011963,34.433349609375,5.888014793395996,11.044410705566406,11.103033065795898,10.10610580444336,4.363408088684082,13.77184009552002,-2.971922874450684,12.054749488830566,4.116054534912109,6.334413528442383,-1.092540621757507,2.8507068157196045,2.9925050735473637,1.9136841297149656,0.4522608816623688,5.545140266418457,0.8173929452896118,2.486490249633789,-2.100304126739502,1.53139328956604,-0.4319694340229034,3.052227735519409,-0.1149460896849632,3.6597204208374015,-2.3910064697265625,-1.2636698484420776,-7.609582424163818,-0.2550092041492462,-1.9396895170211792,-0.30685955286026,-1.7232434749603271,3.681187629699707,-2.456921100616455,3.471295118331909,1.3288078308105469,3.101213216781616
7,-418.3624877929688,153.8362579345703,-1.126794934272766,30.362987518310547,7.520016670227051,9.568720817565918,11.998848915100098,13.572077751159668,6.771006107330322,15.866084098815918,-0.3636850416660309,10.601314544677734,4.677424430847168,5.539421081542969,-3.15505599975586,2.065000057220459,3.489593029022217,3.5064573287963867,1.7098519802093506,6.578907012939453,2.391561985015869,2.117267847061157,-1.1081483364105225,2.500925779342652,-1.7226537466049194,2.7298614978790283,0.495596170425415,4.266544342041016,-3.494978904724121,-2.0285558700561523,-8.8071870803833,-0.1843419671058654,-0.3496827483177185,1.303337812423706,-1.0354979038238523,2.744339942932129,-0.8593040704727173,4.102622985839844,-2.756122589111328,0.9361903071403505
7,-419.7796630859375,153.66029357910156,1.7834656238555908,37.09298706054688,5.806119918823242,8.02166748046875,8.783649444580078,5.464863300323486,3.557457685470581,15.21320629119873,-1.2950924634933472,11.61697769165039,5.04454231262207,6.905820846557617,-0.8677703142166138,2.6978938579559326,1.2852405309677124,2.922821283340454,0.7014089822769165,7.824033260345459,6.397269248962402,3.756925106048584,2.7529633045196533,3.0536434650421143,-0.2076353132724762,2.8604156970977783,0.6423968076705933,3.563297748565674,1.0608383417129517,1.0823776721954346,-5.152401447296143,-0.5976146459579468,1.132737398147583,1.1552125215530396,-0.2000596523284912,2.908216953277588,-0.3163138926029205,-1.134061336517334,-0.5422638654708862,5.357905387878418
7,-443.8898010253906,163.12228393554688,-2.270172357559204,24.346967697143555,-3.0512406826019287,3.718259572982788,12.751747131347656,16.76461410522461,13.469440460205078,23.40683937072754,2.2115817070007324,7.722989082336426,2.5994536876678467,-0.1090856119990348,-2.918742179870605,8.506586074829102,0.5277079939842224,5.119698524475098,3.285332202911377,0.6656727194786072,-2.7326409816741943,4.010116100311279,1.4877575635910034,6.589568614959717,3.3570146560668945,5.943324089050293,-1.35302734375,2.030296087265014,-3.963519334793091,-0.6801796555519104,1.0237442255020142,4.242200374603272,-1.3533673286437988,5.04630708694458,-1.86708664894104,0.0677180215716362,0.9135013818740844,-1.252874493598938,-1.6857553720474243,10.252809524536133
7,-427.4767456054688,154.75721740722656,-7.859833717346191,30.12279319763184,0.8147906064987183,10.962881088256836,6.83553409576416,11.189360618591309,9.680758476257324,14.154447555541992,-4.996214389801025,7.33760929107666,1.4535655975341797,7.944343090057373,0.6417484283447266,5.829085350036621,-0.1632036864757537,0.514981746673584,0.2408525049686432,5.514364242553711,2.056814670562744,3.6266722679138175,-0.1300121992826461,5.484302997589111,0.1375888586044311,4.197488784790039,0.9340073466300964,6.226262092590332,-2.7147741317749023,-1.0336036682128906,-3.0509724617004395,5.660011291503906,2.4470646381378174,1.811178207397461,-5.068212509155273,-0.8108197450637817,-4.448674201965332,1.9367189407348635,0.8790722489356995,6.430932998657227
5,-520.0608520507812,118.88417053222656,-25.932109832763672,-9.69444465637207,16.364351272583008,18.51201438903809,6.3414835929870605,7.658894538879394,5.3418498039245605,8.035184860229492,7.933836460113525,7.340208053588867,5.4881768226623535,7.657822132110596,5.759835243225098,0.8320001363754272,-2.038764953613281,-5.960331916809082,-10.958791732788086,-5.5037689208984375,-2.0647006034851074,-0.0555876344442367,-3.756375551223755,-2.403028964996338,-2.918240785598755,-1.9465250968933103,-3.707687377929688,-0.697729766368866,0.5308188796043396,-0.1498374342918396,0.9873127937316896,2.915922880172729,-1.00316321849823,-1.1723240613937378,-2.221257448196411,-0.0348543375730514,0.0344337336719036,-0.0504514649510383,-2.6374902725219727,0.7397218346595764
5,-404.1297302246094,101.8692398071289,-53.10079574584961,-14.807084083557127,-1.7615090608596802,6.3606367111206055,-1.9443182945251465,11.851404190063477,9.947455406188965,9.340718269348145,8.479591369628906,5.110654354095459,6.048345565795898,3.092641830444336,3.664582490921021,2.7266170978546143,-1.949185967445373,-4.307390213012695,-4.359461307525635,-1.1650465726852417,-10.103524208068848,-4.2413740158081055,0.1513142436742782,-2.5196902751922607,-1.4004578590393066,-1.299644112586975,-4.36055850982666,-4.293987274169922,-2.091421604156494,1.252265214920044,-1.8513095378875728,0.8220402002334595,-0.294499009847641,-0.1062559410929679,-0.1607002317905426,-0.612179696559906,-0.5001945495605469,0.0657308176159858,0.5420699715614319,-0.5424718260765076
5,-348.9468078613281,79.75214385986328,-41.58608627319336,-15.58922004699707,3.425420045852661,5.274595260620117,-9.167247772216797,9.353837013244627,7.88444185256958,10.150248527526855,7.687685489654541,11.011710166931152,-0.6114568710327148,4.597892761230469,-4.622730255126953,-0.7198512554168701,-9.443900108337402,-1.3402178287506104,-4.705231189727783,0.0782604813575744,-9.423802375793455,-2.2663238048553467,-0.7321799993515015,0.6186745762825012,-4.739352226257324,-0.1696513891220092,-3.341575384140014,0.9897536635398864,-2.290529489517212,1.7312724590301514,-0.718521773815155,3.767561912536621,-1.6365951299667358,1.4580055475234983,-1.3815432786941528,2.00571608543396,-1.3414466381072998,1.4285823106765747,-2.494418144226074,0.8651999831199646
5,-374.91357421875,41.99259948730469,-30.11678695678711,-10.947747230529783,6.757688999176025,12.800792694091797,-1.3130030632019043,12.797734260559082,11.107295036315918,12.03844165802002,6.336935997009277,10.861527442932127,-0.5072720050811768,7.801430225372314,-5.15780782699585,1.0358481407165527,-9.30051612854004,2.2785370349884038,-4.366363048553467,1.3964256048202517,-8.836323738098145,-1.014235496520996,-2.164619445800781,2.8954312801361084,-5.432276248931885,-0.1888675391674041,-5.3478312492370605,1.3911161422729492,-4.35084867477417,1.8399044275283811,-2.520101547241211,3.264132022857666,-2.015204429626465,2.8973159790039062,-2.3584680557250977,2.1309919357299805,-2.043331861495972,2.3498430252075195,-3.212493419647217,1.7461543083190918
9,-224.68917846679688,122.0832748413086,-51.19263458251953,-11.672821998596191,-15.371005058288574,-10.656416893005373,-14.310224533081056,-1.8955966234207156,-10.526432991027832,-3.271822690963745,-1.2808884382247925,3.404315948486328,2.3670365810394287,5.075111389160156,1.729336142539978,4.194668769836426,-0.0775262266397476,3.13947868347168,0.7009304761886597,1.8078967332839968,-1.860967874526977,1.450825333595276,-1.587324857711792,-0.1864383965730667,-2.377792835235596,0.9085540771484376,-1.0751922130584717,1.0483874082565308,-0.8582996726036072,1.3851206302642822,-0.701025128364563,0.6502838730812073,-0.778981626033783,0.6626326441764832,-0.7870498895645142,1.4264860153198242,-0.044947862625122,1.2468079328536987,0.0134333670139312,1.5919700860977173
9,-251.7658843994141,121.35800170898438,-45.074180603027344,-5.179794788360596,-12.140283584594728,-12.7833890914917,-14.531608581542969,-3.631547451019287,-10.024920463562012,-2.7096900939941406,-1.7500163316726685,3.058068037033081,3.727888584136963,4.753788948059082,0.2671748399734497,2.358731985092163,-0.4514266550540924,1.5003066062927246,0.3339422345161438,1.3889601230621338,-1.9345026016235352,0.8732742071151733,-2.480396270751953,-0.852688729763031,-2.9205141067504883,-0.9711857438087464,-1.7559123039245603,1.0459411144256592,-1.32142436504364,0.9838371872901917,-1.6875395774841309,-0.2723248302936554,-1.1652904748916626,0.5311928391456604,-1.0989784002304075,0.1484130918979644,-1.3215686082839966,0.1824699491262436,-1.4152485132217407,0.2832452654838562
9,-328.4289855957031,109.2387237548828,-28.54059791564941,-11.562281608581545,-7.518181800842285,-7.437751770019531,-12.504556655883787,-4.3643717765808105,-8.64818000793457,-3.114933967590332,-2.8174891471862797,0.8585461974143982,2.410909414291382,5.11615514755249,1.7254374027252195,1.5599526166915894,0.5210409760475159,2.179142951965332,0.9192546606063844,1.072948694229126,-1.9045324325561523,-0.3189836144447326,-1.4358201026916504,-0.1901636570692062,-1.5744868516921997,0.0032880131620913,-1.4080379009246826,0.3305665850639343,-0.940240740776062,0.3435597717761993,-0.534264862537384,0.5349670648574829,-0.3749197423458099,0.3589766919612884,-0.4491091072559356,0.1842013746500015,-0.1684165149927139,0.6779592037200928,-0.8661353588104248,0.0654593929648399
7,-412.4915161132813,117.51519012451172,-31.46487236022949,-6.120041370391846,-13.66608428955078,-4.749660968780518,-11.87738800048828,-1.0930858850479126,-6.836223602294922,-0.8917495608329773,1.054286241531372,7.562384128570557,6.406629085540772,7.974246501922607,5.157535552978516,6.507524490356445,2.106992721557617,6.644343376159668,4.641193389892578,4.42666482925415,1.9012951850891116,3.969353437423706,1.0639595985412598,1.9808741807937624,-1.5295650959014893,-0.1215815171599388,-1.0043240785598757,0.5184348225593567,-0.3722218871116638,0.7350753545761108,0.120421253144741,1.4373939037322998,-0.3387449383735657,1.4943301677703855,0.1958327442407608,1.795193433761597,0.3970029652118683,1.7164465188980105,0.4183718562126159,1.637903094291687
7,-457.4515075683594,125.6347427368164,-34.659812927246094,1.2929763793945312,-16.416242599487305,-10.137985229492188,-13.104063034057615,-2.9539146423339844,-8.408265113830566,-1.6877226829528809,-0.0609166324138641,6.354283809661865,6.40510892868042,6.317816257476807,3.124108076095581,3.9248976707458496,0.0794480368494987,5.769416332244873,4.106376647949219,3.5399084091186523,1.3149333000183103,3.110618829727173,0.3529610335826874,0.4944703578948974,-3.0473413467407227,-1.0940496921539309,-1.6015615463256836,-0.5261464715003967,-1.922045350074768,-0.5173995494842529,-2.381093263626098,-0.8361053466796875,-1.6835857629776,0.7986277341842651,-0.5881834030151367,-0.0632443726062774,-1.631945013999939,1.3437033891677856,-0.2486073672771453,0.6990950703620911
7,-487.5718688964844,122.09942626953124,-28.511159896850582,-2.885044574737549,-12.017011642456056,-8.546857833862305,-12.730117797851562,-3.942756175994873,-8.378756523132324,-2.3144688606262207,-0.7269353866577148,4.392701148986816,4.978858947753906,6.489485740661621,2.9292166233062744,4.056718826293945,0.5564298033714294,4.263363361358643,2.1860885620117188,3.158182382583618,0.3701183497905731,0.9649211168289183,-1.7292548418045044,-1.5685805082321167,-3.646663904190064,-2.154690742492676,-2.503202438354492,-1.4870455265045166,-3.0669596195220947,-2.03513240814209,-2.4967081546783447,0.313922643661499,-1.635136961936951,-0.3736322820186615,-1.5766746997833252,-0.232143223285675,-0.6337223052978516,0.0785844624042511,-1.4209768772125244,-0.6891425848007202
8,-255.60585021972656,127.0499267578125,-76.41778564453125,-20.57173156738281,-25.031309127807617,-23.076499938964844,-23.07661247253418,-11.574004173278809,-17.329753875732422,-10.929226875305176,-8.65669059753418,-3.783897399902344,-4.431818962097168,-0.3810929358005523,-4.573212146759033,-0.9408957958221436,-5.5364837646484375,-1.945513606071472,-3.4475297927856445,-2.5064053535461426,-5.776326656341553,-2.931488275527954,-5.112664699554443,-3.067526340484619,-5.5638628005981445,-1.983703851699829,-3.561207771301269,-1.7499339580535889,-2.9185385704040527,-0.7632288336753845,-2.9547550678253174,-1.21232008934021,-2.931334972381592,-1.1693888902664185,-2.7894675731658936,-0.2187017500400543,-2.2922396659851074,0.1380686163902282,-1.345401644706726,0.3934057056903839
8,-296.0402526855469,132.84555053710938,-74.90025329589844,-9.9857759475708,-22.78594207763672,-25.48080062866211,-22.394460678100582,-13.790003776550291,-16.194211959838867,-10.611303329467772,-9.143659591674805,-3.4119715690612797,-2.615272283554077,-0.2019538581371307,-5.947099208831787,-1.893211841583252,-6.07666015625,-2.731635093688965,-4.095189571380615,-2.822054147720337,-5.715392589569092,-3.358157157897949,-5.308644771575928,-3.079583168029785,-6.124413967132568,-3.1807966232299805,-3.724411964416504,-0.8663108944892883,-3.351326942443848,-0.8098524212837219,-3.400474786758423,-1.8700191974639893,-3.1974639892578125,-0.1192516610026359,-2.362818479537964,-0.8204261660575867,-2.064239740371704,0.2806118428707123,-1.5059082508087158,0.1092782095074653
8,-373.72857666015625,130.08572387695312,-57.04051971435547,-18.757062911987305,-13.827122688293455,-18.46049118041992,-20.87519645690918,-11.609381675720217,-15.616547584533691,-10.39084529876709,-9.278517723083496,-5.527153968811035,-3.2830071449279785,0.2026775628328323,-3.774405002593994,-2.691181898117065,-4.408745765686035,-2.0476863384246826,-3.047645330429077,-3.1944496631622314,-5.431715488433838,-3.5628347396850586,-4.292929649353027,-2.6076500415802,-4.307894229888916,-2.880530834197998,-3.737590789794922,-1.2127156257629397,-2.280606746673584,-1.4578776359558103,-1.8488200902938845,-0.6984161138534546,-1.484178066253662,-0.1563824862241745,-1.3455520868301392,-0.5274873375892639,-0.7405690550804138,0.3496476709842682,-1.0339007377624512,-0.4100655019283294
9,-452.5696105957031,83.00718688964844,-38.542747497558594,-7.788200378417969,-10.442540168762209,-5.370754241943359,-11.4246244430542,-2.71968150138855,-6.81854248046875,1.1083577871322632,2.635650157928467,6.248917579650879,4.659143924713135,4.711409568786621,1.88013219833374,2.574612617492676,2.27588963508606,2.576176404953003,-1.1707733869552612,-0.3117364346981048,-1.7747125625610352,0.3911652266979217,-3.389842987060547,-1.6488769054412842,-2.9688446521759038,-1.925323247909546,-3.19946813583374,-2.295805692672729,-3.4579973220825195,-1.5375678539276123,-2.872527599334717,-2.0725889205932617,-3.3957905769348145,-3.04419207572937,-3.282000780105591,-1.8210983276367188,-3.224705219268799,-1.8942639827728271,-2.4990153312683105,-2.0364956855773926
9,-476.164306640625,84.88142395019531,-37.42499923706055,-11.000930786132812,-6.4014105796813965,-1.3782219886779783,-10.777670860290527,-2.2587730884552,-5.4536309242248535,-0.0587211586534976,1.2458542585372925,5.077129364013672,4.756776332855225,4.970973014831543,2.0370984077453613,1.7086751461029053,0.872810423374176,2.63204288482666,0.2069859653711319,1.1300208568572998,-1.5938547849655151,0.5094409584999084,-1.6052557229995728,0.34005007147789,-1.7533401250839231,-1.4063972234725952,-2.774087905883789,-1.6377100944519043,-2.25466251373291,-1.5562390089035034,-2.7864432334899902,-2.60761833190918,-3.3297717571258545,-2.309111833572388,-3.146886110305786,-2.40276312828064,-2.872723340988159,-1.9657405614852903,-3.141806364059448,-2.670064926147461
9,-464.420166015625,81.65719604492188,-35.41120147705078,-7.758475303649902,-9.27039623260498,-2.341381311416626,-10.11780071258545,-4.128011703491211,-7.183829307556152,0.1028060093522071,1.806062936782837,5.34409236907959,3.730669736862183,3.5822129249572754,2.3767409324646,2.4873251914978027,1.2851721048355105,2.3636295795440674,-0.1442546099424362,0.2147422730922699,-2.354283809661865,0.140343427658081,-2.937201023101806,-1.5275931358337402,-2.58913803100586,-1.6575788259506226,-2.9742894172668457,-1.9138410091400144,-3.623504638671875,-1.9457528591156008,-3.2084317207336426,-2.183760404586792,-3.417280435562134,-2.6312777996063232,-3.1352808475494385,-2.3829259872436523,-3.1308865547180176,-0.7605196833610535,-1.722612977027893,-1.5206859111785889
9,-465.54925537109375,84.96128845214844,-32.372337341308594,-5.161881923675537,-10.649642944335938,-5.704190731048584,-10.8221435546875,-2.2765421867370605,-7.358584403991699,-1.1056212186813354,0.719030499458313,4.212267875671387,4.866409778594971,5.097813606262207,1.13103985786438,0.8538463711738586,0.0551840290427207,2.0102322101593018,-0.0965911298990249,0.1936881989240646,-3.0918097496032715,-1.0311239957809448,-3.1825098991394043,-1.905181169509888,-3.433116912841797,-1.912379622459412,-2.790522813796997,-2.9430973529815674,-4.853353977203369,-1.9036433696746824,-2.875326633453369,-1.7330459356307983,-2.6033618450164795,-2.066371202468872,-2.792223691940308,-1.780268311500549,-2.729483127593994,-1.7961232662200928,-1.948853850364685,-1.3839365243911743
10,-575.09912109375,114.0561294555664,-42.30478286743164,-14.757530212402344,-6.515724182128906,-15.934679985046388,-16.01390266418457,-9.863226890563965,-12.680964469909668,-3.8192083835601807,0.0260533485561609,1.402000069618225,2.405250310897827,3.84345817565918,-2.659067392349243,-1.052886962890625,-0.4246159493923187,1.4524894952774048,-1.276402235031128,-1.9827346801757808,-3.864033937454224,-0.8161709308624268,-0.831121027469635,-1.512978196144104,-3.0545454025268555,-0.3360134065151214,0.2725396752357483,-0.1590523421764373,-1.0332573652267456,0.6676643490791321,0.291550725698471,0.6428325176239014,-0.2188495397567749,1.429571509361267,0.4656924307346344,1.805350661277771,0.9698684811592102,1.6308269500732422,0.5794007182121277,1.5237488746643066
10,-570.3203125,111.86377716064452,-54.323219299316406,-22.995555877685547,-10.954931259155272,-17.118318557739258,-17.398305892944336,-10.946955680847168,-11.664956092834473,-6.060577869415283,-3.765465021133423,-1.1427875757217407,-0.0121095767244696,3.917346477508545,0.6442334055900574,1.134628176689148,0.3010188341140747,0.8870031237602234,0.2089036703109741,0.7300706505775452,-2.111458778381348,0.1408330202102661,-0.2981435060501098,0.2456097900867462,-1.2642990350723269,0.0861726477742195,0.5302793979644775,1.2090317010879517,-0.0260660499334335,1.5243595838546753,0.5894957780838013,1.3566293716430664,0.8332762122154236,1.8378350734710691,1.077915072441101,1.3051565885543823,0.4422357082366943,1.2485066652297974,0.93027526140213,1.9202994108200075
10,-605.9990234375,117.6578369140625,-44.03868103027344,-13.092897415161133,-6.530422210693359,-15.199459075927734,-16.966615676879883,-11.513307571411133,-12.17393684387207,-7.131650447845459,-3.553879737854004,0.3095186054706573,2.664532423019409,4.24994421005249,-0.8693855404853821,-0.8825201988220215,0.2346100956201553,1.3795855045318604,-0.99447101354599,-0.9837427735328674,-3.650562524795532,-1.898257851600647,-0.958673357963562,-0.3830092549324035,-1.4684810638427734,-0.4132749140262604,0.1066780537366867,1.9581201076507568,-0.229227140545845,0.6756431460380554,0.8154517412185669,2.281243801116944,1.3350727558135986,2.308125734329224,1.436249017715454,1.69394850730896,1.1224600076675415,1.5410038232803345,0.4075270593166351,1.3342249393463137
10,-619.7130737304688,124.11111450195312,-45.24971389770508,-9.64890480041504,-5.638331890106201,-17.122961044311523,-18.53338432312012,-9.558265686035156,-13.743399620056152,-5.5895280838012695,-5.124598979949951,1.6502041816711426,0.9262810349464417,1.9643683433532717,-3.304014205932617,-0.6210018992424011,-1.5467729568481443,2.970660924911499,-0.9201024770736694,-0.484870582818985,-4.227758407592773,-0.1279887408018112,-1.535626769065857,-0.4188091158866882,-2.792214870452881,1.3898940086364746,0.9726734161376952,1.561452031135559,0.1809543520212173,1.8256633281707764,0.0985063537955284,2.34306263923645,0.5884867906570435,2.05047345161438,0.3680378198623657,2.404114007949829,1.0897098779678345,1.680680274963379,0.6744315028190613,2.2827842235565186
10,-369.5364379882813,84.51081848144531,-19.91217422485352,-2.7939748764038086,-5.717413425445557,-0.7467174530029297,-7.700316429138184,-0.630615234375,-2.2006537914276123,2.0734596252441406,4.464877128601074,7.932552814483643,5.563010215759277,4.742954254150391,1.9372211694717407,0.9840972423553468,-0.3975647091865539,0.9227063059806824,-0.9959271550178528,-1.0817272663116455,-2.829675912857056,-0.2763390839099884,-2.467650413513184,-2.3094396591186523,-3.0743184089660645,-1.5515167713165283,-2.5764896869659424,-1.738776683807373,-2.033116102218628,-0.6741722822189331,-2.508538007736206,-1.4426544904708862,-1.648694396018982,-1.1392781734466553,-1.0106631517410278,0.0214448273181915,-1.1634222269058228,-0.6088417172431946,-1.6666563749313354,-0.5318902730941772
10,-374.9395446777344,87.76066589355469,-18.442310333251957,-5.330822467803955,-7.328917503356934,-2.7611196041107178,-7.044688701629639,-2.641603469848633,-5.346864700317383,1.4267624616622925,4.419503211975098,8.134005546569824,8.032879829406738,6.868538856506348,1.7505933046340942,0.9431312680244446,0.6907293200492859,1.9267477989196775,0.2576779425144195,-0.2553629279136657,-2.87617301940918,-1.2677936553955078,-2.192084312438965,-2.142986536026001,-3.336078643798828,-1.6183983087539673,-2.086836576461792,-1.561862826347351,-2.6977133750915527,-2.1698546409606934,-3.147918701171875,-1.1587897539138794,-1.7393014430999756,-1.8004645109176636,-1.6892849206924438,-0.6617663502693176,-1.505735158920288,-0.0426426380872726,-0.9869424700737,-0.9491308331489564
10,-397.87933349609375,78.41149139404297,-10.21147632598877,0.5017669200897217,-4.265029430389404,-0.993898332118988,-4.588889122009277,-0.381162166595459,-2.68719744682312,2.6470093727111816,5.2000603675842285,7.857433319091797,7.492596626281738,7.145802021026611,2.6031289100646973,1.4220136404037476,1.0351805686950684,1.3390010595321655,-0.4185860455036163,-0.6344936490058899,-2.525098323822021,-1.4888266324996948,-2.8088436126708984,-2.867318868637085,-3.653846263885498,-2.237879514694214,-2.680591583251953,-2.594874858856201,-3.4754912853240967,-2.332903861999512,-3.146667957305908,-1.7269693613052368,-2.206798791885376,-2.357818365097046,-2.776414155960083,-2.0492892265319824,-2.3637940883636475,-1.7786411046981812,-2.343038320541382,-1.6991065740585327
9,-257.2979736328125,99.54859161376952,2.080340623855591,8.919212341308594,-11.39599895477295,1.154869794845581,-2.801145315170288,20.474655151367188,-2.794320106506348,-4.2498955726623535,-8.800886154174805,3.538849353790283,-10.596370697021484,4.744068622589111,-8.068131446838379,-3.2086355686187744,-5.987745761871338,11.40467643737793,-4.13058614730835,-1.312454104423523,1.0069917440414429,2.819495677947998,-6.466490745544434,-0.8675822615623474,-3.887595415115357,-2.762127161026001,-5.220510005950928,1.4161827564239502,-6.90540885925293,-0.5467303991317749,-8.249052047729492,1.087901592254639,-3.5098249912261963,-2.3359875679016118,-3.775288343429565,-0.3034075796604156,-5.026533603668213,0.6628381609916687,-4.026853561401367,0.5212077498435974
9,-240.07162475585935,91.89006805419922,5.465175151824951,12.31279754638672,-6.528320789337158,4.085028171539307,-6.843193054199219,16.30318832397461,-4.091788291931152,-0.4792335927486419,-9.88543701171875,0.3354885578155517,-9.54898166656494,3.710686922073364,-11.828641891479492,-1.841981053352356,-4.83153247833252,8.079480171203613,-4.157646179199219,-2.5737838745117188,-0.5919761061668396,4.913171768188477,-6.096724033355713,-1.344487190246582,-0.4312005937099457,-2.3688580989837646,-6.468634128570557,2.504637718200684,-5.690656661987305,0.3367683887481689,-5.9524407386779785,1.305917501449585,-3.705785036087036,-3.3019886016845703,-2.8631930351257324,1.2095105648040771,-7.228806495666504,0.9957449436187744,-4.652797222137451,0.3483756482601166
9,-259.9983215332031,95.23607635498048,-10.16994285583496,3.824454784393311,-13.231441497802734,7.034683704376221,-4.75137996673584,17.193584442138672,3.61930251121521,1.144581913948059,-15.748811721801758,-0.9896113872528076,-4.120196342468262,4.598383903503418,-9.509953498840332,-5.28768253326416,-3.80207633972168,3.628802537918091,-6.592108726501465,-2.3239312171936035,-5.426614761352539,3.2713463306427,-4.988550186157227,-0.4012544751167297,-7.536338806152344,-4.585951328277588,-5.656718254089356,1.0687350034713743,-7.078494548797607,1.1658046245574951,-3.2045340538024902,-0.2711256742477417,-4.087253570556641,-1.4083704948425293,-4.117053985595703,2.164647340774536,-4.678140163421631,-0.0525037497282028,-2.981624126434326,1.853174090385437
9,-282.49530029296875,110.03826904296876,-15.157709121704102,6.121939659118652,-15.134273529052734,3.69182562828064,0.2660881578922272,7.677296161651611,0.0256328023970127,-1.5844576358795166,-11.563371658325195,4.004955291748047,2.6290833950042725,1.470996975898743,-12.037485122680664,-3.1032869815826416,-4.3867292404174805,3.455543041229248,-10.465132713317873,-0.3235421478748321,1.370880961418152,-0.8470324873924255,-10.879121780395508,4.854383945465088,-2.182621479034424,-6.502355098724365,-3.416256666183472,3.8384525775909424,-7.532096862792969,-0.0311340149492025,-3.475708246231079,3.4347481727600098,-3.112640619277954,-1.0754988193511963,-1.0829126834869385,1.2975910902023315,-3.0434329509735107,1.7709221839904783,-2.9345862865448,3.715073108673096
9,-293.3231201171875,114.23217010498048,-4.046505928039551,6.580577850341797,-7.065891265869141,4.304584503173828,4.397059440612793,19.273408889770508,-0.5209681987762451,4.04897928237915,-10.255650520324709,0.4915417730808258,-2.975435972213745,6.341067314147949,-7.516229629516602,-4.434564113616943,-3.187333106994629,6.465907096862793,-6.461908340454102,-0.4416938722133636,-2.306157350540161,-0.3826366662979126,-5.640294075012207,1.8397198915481567,-5.315603256225586,-3.301487445831299,-3.671560287475586,0.2312917113304138,-2.9668984413146973,0.5334856510162354,-6.48652982711792,1.9074280261993408,-5.038013935089111,-0.664857804775238,-4.516789436340332,-1.2352889776229858,-3.734492063522339,0.4803845584392547,-5.656794548034668,0.4203244149684906
9,-311.3280334472656,116.98218536376952,1.0516170263290403,-2.550424814224243,-11.789645195007324,3.191441535949707,-3.26188588142395,17.560827255249023,1.7937976121902466,-0.5567507147789001,-13.015884399414062,3.6141204833984375,-3.810230493545532,-1.5892351865768433,-8.408934593200684,-2.278581142425537,-0.8450984358787537,4.668319225311279,-3.841796636581421,0.2362363040447235,-4.58725118637085,1.3138844966888428,-5.738104343414307,2.210947036743164,-5.63909387588501,-3.94908618927002,-6.706488132476807,0.3115249872207641,-4.223583221435547,-0.4847548902034759,-6.505918502807617,0.3100961744785309,-4.955400943756104,-1.5100136995315552,-4.113637447357178,-0.1719407737255096,-4.668074607849121,0.3442612886428833,-3.9721994400024414,0.1375840902328491
9,-262.2070007324219,104.59154510498048,-5.2920331954956055,4.885683536529541,-18.45297622680664,3.6961028575897217,-1.5922863483428955,13.873664855957031,-0.8381436467170715,1.4243499040603638,-11.990694046020508,-2.186737537384033,-5.750351428985596,2.062485694885254,-12.156571388244627,-4.847340106964111,-2.6084353923797607,3.110163927078247,-5.537825107574463,1.492755651473999,-3.8379833698272714,-0.3821122646331787,-3.11155104637146,1.6422427892684937,-10.575353622436523,-0.7558086514472961,-6.514925003051758,-1.4833046197891235,-2.0244030952453613,0.6442667245864868,-7.389696598052978,3.667659282684326,-3.374931573867798,-0.85932457447052,-2.0375030040740967,0.9099708795547484,-5.385410785675049,0.086432047188282,-2.3362836837768555,0.3416342437267303
9,-255.31118774414065,97.07701873779295,0.1016917154192924,12.134038925170898,-19.82703399658203,-0.4167307615280151,-3.8916382789611816,15.234631538391112,-6.460258483886719,-8.815908432006836,-10.829480171203612,-1.9890828132629397,-11.89714527130127,1.8148270845413208,-9.915666580200195,-4.514294147491455,-2.440028667449951,7.658591270446777,-6.02237606048584,2.944916248321533,-1.2845957279205322,-0.3930971324443817,-5.83856725692749,-3.057240724563598,-8.579886436462402,-1.813440442085266,-6.397602081298828,-1.2864792346954346,-2.425953865051269,-0.3210645616054535,-6.431797504425049,1.8488682508468628,-4.736947059631348,-0.2337182611227035,-5.2866315841674805,0.2517418265342712,-3.93778657913208,-1.6031123399734497,-3.9827756881713863,0.0325528196990489
10,-139.36080932617188,138.06790161132812,-29.146053314208984,8.396512985229492,-7.090380668640137,-18.228626251220703,-13.352218627929688,-8.133841514587402,-27.59150505065918,11.386567115783691,1.9132200479507449,-5.783541202545166,13.950544357299805,6.589367866516113,9.874160766601562,22.421876907348636,4.082764625549316,3.29931902885437,2.378328561782837,3.6994082927703857,1.430295705795288,-2.570882558822632,-2.810210466384888,3.9767165184021,-0.2557472586631775,6.54508638381958,2.251538753509521,4.030543804168701,-0.8920491933822632,-1.2845889329910278,1.5739036798477173,3.208958864212036,-5.049832344055176,2.323628664016724,0.5894194841384888,6.618293285369873,2.019043207168579,7.321383476257324,-0.1986677944660186,-3.453226089477539
10,-98.3875732421875,137.67166137695312,-35.19805145263672,-11.107335090637209,-12.019744873046877,-2.0104422569274902,-22.96999168395996,-2.5215818881988525,-8.803800582885742,8.869891166687012,17.858579635620117,-2.757622480392456,9.53853702545166,12.460981369018556,4.502724647521973,20.350101470947266,3.223893880844116,9.90424633026123,-0.9890813827514648,2.140106201171875,-1.404693603515625,0.3952600657939911,-2.993328332901001,6.911592960357666,-3.8324902057647705,5.772431373596191,1.699066996574402,2.125119924545288,-2.682734251022339,2.3138906955718994,2.160397291183472,5.092621326446533,-4.872660636901856,2.8454976081848145,-0.7990196943283081,4.5052995681762695,-1.9806292057037356,-0.0448975563049316,-2.074981927871704,0.2364593297243118
10,-158.6390838623047,126.49610900878906,-25.72796440124512,16.410539627075195,-7.724216938018799,2.31705904006958,-13.948006629943848,2.5948801040649414,-19.87438201904297,14.064983367919922,13.738920211791992,-0.1295394003391266,11.610974311828612,8.760746955871582,12.213000297546388,19.059295654296875,2.656005859375,12.767352104187012,3.360933542251587,2.307414054870605,-1.7970430850982666,-5.197713851928711,-4.95039701461792,4.7260518074035645,7.646152496337891,14.956185340881348,8.846142768859863,2.190289258956909,-10.07047176361084,-1.1793220043182373,-1.6630102396011353,0.0056456676684319,-1.1901371479034424,1.0899596214294434,-2.642240285873413,3.7274692058563232,3.925546407699585,3.725689888000488,-3.8160159587860103,-2.7913992404937744
8,-385.190673828125,47.56775665283203,-19.92161750793457,4.429365634918213,-0.9441083669662476,0.1280157715082168,8.298653602600098,12.910833358764648,10.220888137817385,5.557239532470703,1.385786533355713,8.085151672363281,5.1733012199401855,0.1674901694059372,-6.305575847625732,1.0612128973007202,1.1601566076278689,2.2615232467651367,1.0182079076766968,2.6999623775482178,-0.226239413022995,0.3926806151866913,-1.1511266231536863,0.0335329100489616,-3.1234519481658936,-1.2694826126098633,-3.440234899520874,-1.250243902206421,-2.6955361366271973,-0.96819406747818,-4.375687122344971,-2.996387720108032,-1.3326478004455566,0.4476897716522217,-1.860945701599121,-1.7393769025802612,-2.393446683883667,-1.199570894241333,-3.5527286529541016,-0.1903335452079773
8,-416.7673950195313,57.32423400878906,-18.63199234008789,19.858736038208008,-6.205200672149658,-2.302591562271118,-5.747049331665039,-2.329133987426758,2.865878105163574,10.957932472229004,-2.9458162784576416,2.205578088760376,-0.7683467864990234,2.2001962661743164,-0.5366480946540833,7.004119396209717,1.324898600578308,-0.0382607094943523,-3.0352556705474854,2.940598964691162,-4.921261787414551,-1.7511307001113892,-5.258341312408447,-2.713134527206421,-5.594902038574219,-0.4057718217372894,-2.764935255050659,1.119895100593567,-2.8604304790496826,-2.13130259513855,-4.407827854156494,-2.068366289138794,-3.544515371322632,-0.6986231803894043,-4.043732643127441,-1.3990012407302856,-3.1201767921447754,-0.6806614398956299,-1.9064528942108157,1.44413959980011
8,-445.3820495605469,55.25396347045898,-14.237025260925291,14.316197395324709,-1.5820573568344116,-2.48035740852356,-4.231508731842041,1.435402750968933,6.512883186340332,9.759232521057127,-1.8139182329177856,2.3651235103607178,2.3793091773986816,1.263920783996582,-3.538475751876831,5.080432415008545,3.611598014831543,0.6034246683120728,-1.6961051225662231,2.79365348815918,-3.071392059326172,-1.231791377067566,-5.651872158050537,-3.009201765060425,-4.390411376953125,-0.4774481654167175,-2.6441335678100586,0.5525370240211487,-3.4214682579040527,-1.894081473350525,-4.910751819610596,-1.611414909362793,-3.2483270168304443,-1.6706005334854126,-4.305616855621338,-2.751399278640747,-3.211822986602783,-0.4469558298587799,-2.260549545288086,-0.0934450924396514
8,-496.8460998535156,56.87702178955078,-11.177480697631836,13.980027198791504,2.5210776329040527,1.1108860969543457,-0.3483061194419861,1.7503443956375122,4.963936805725098,9.953971862792969,1.73097825050354,1.8545910120010376,1.219351053237915,1.6383026838302612,-0.9460785388946532,4.237415313720703,3.178276300430298,0.2046959549188614,0.45234015583992,5.039089679718018,-2.6773247718811035,-2.3661129474639893,-3.6750664710998535,-3.360801696777344,-3.5080955028533936,-1.2624589204788208,-2.146033763885498,-0.6061522364616394,-2.7574896812438965,-2.798482656478882,-4.928569793701172,-1.316542148590088,-1.7186009883880615,-2.963428258895874,-3.866686105728149,-2.719235897064209,-3.5858874320983887,0.0596908852458,-1.1667112112045288,-0.6166384220123291
7,-270.5806884765625,100.31256866455078,-17.821475982666016,10.877535820007324,-14.597085952758787,11.9833402633667,-1.7963083982467651,-1.5431201457977295,-5.567051410675049,0.745951771736145,-7.401422023773193,5.671988487243652,-0.330344408750534,9.782520294189451,-3.882169008255005,2.4902944564819336,-1.0657589435577393,6.986498832702637,-1.492293357849121,0.8676904439926147,-4.188018798828125,0.7783901691436768,-2.141409158706665,4.4173359870910645,-2.619774341583252,0.2776406705379486,-3.937720060348511,-2.0801684856414795,-5.607829570770264,0.5812110304832458,-4.631233215332031,-2.413314819335937,-5.445968627929688,2.2868974208831787,-1.796662211418152,3.1395585536956787,-2.771534204483032,1.1731104850769043,-0.4973028004169464,0.8145634531974792
7,-276.5617370605469,106.98538970947266,-16.59060287475586,11.711691856384276,-5.493393421173096,5.871716976165772,0.4771291017532348,-2.3662500381469727,-4.5251288414001465,0.0964370891451835,-6.4406561851501465,5.643985271453857,-4.726485729217529,2.8645670413970947,-7.268960475921631,1.8254623413085935,-3.507055282592773,4.678299427032471,-2.768105745315552,2.708585262298584,-5.857167720794678,2.725255012512207,-1.397702932357788,-0.7964455485343933,-3.156665325164795,1.9394057989120483,-4.464715480804443,-0.7376289367675781,-5.657639503479004,0.0661762803792953,-4.57744026184082,-1.4114497900009155,-4.846809387207031,0.4966439604759216,-3.84113359451294,1.769739031791687,-3.168099403381348,1.5451929569244385,-4.350643634796143,-1.258391261100769
7,-328.6733093261719,122.36483001708984,-4.73410701751709,12.36030387878418,-14.569777488708496,9.909228324890137,3.870198965072632,0.6782442927360535,3.646946430206299,2.383044004440308,-2.385371685028076,7.22124433517456,-1.9320433139801023,6.375369548797607,-1.0490649938583374,3.192720413208008,-3.590253591537476,2.949837684631348,0.8525975346565247,6.821685791015625,-0.0059070917777717,0.8908781409263611,-6.410397052764893,0.559379518032074,-2.5231821537017822,1.55440354347229,-2.334707260131836,2.2528767585754395,-2.9154906272888184,2.876333713531494,-1.950193762779236,2.164633274078369,-6.363158702850342,-0.5710299611091614,-3.2548201084136963,0.6759878993034363,-1.5718640089035034,1.3330308198928833,-0.3272837400436401,3.2336578369140625
7,-312.1708984375,104.75758361816406,-10.397945404052734,21.99466896057129,-13.273126602172852,10.889257431030272,-1.6434592008590698,3.035724878311157,4.353936195373535,-4.835264682769775,-3.138488531112671,3.704986810684204,-0.1757422685623169,4.458826065063477,-1.8560731410980225,-2.388214588165283,-6.565089702606201,1.174933671951294,-1.437569499015808,1.710780143737793,-6.392037391662598,0.8739770650863647,-6.0597453117370605,2.611266851425171,-2.2565481662750244,-0.3693438768386841,-3.430999279022217,-0.2553993761539459,-2.866943597793579,1.0878108739852903,-4.862302780151367,-0.981400430202484,-4.4403605461120605,1.0398681163787842,-3.092078447341919,1.5482615232467651,-1.3580350875854492,1.4504846334457395,-2.246513605117798,0.0597537718713283
7,-293.7327575683594,105.24246215820312,-21.279685974121094,4.27302885055542,-10.964098930358888,13.5564546585083,4.503153324127197,-3.017117738723755,2.51704740524292,-2.6704373359680176,-4.244831562042236,4.013481140136719,7.434231758117676,7.51554536819458,-4.415214538574219,-3.5332465171813965,-7.130965709686279,2.931581258773804,-1.8597536087036133,3.237565040588379,-5.314341068267822,-0.2661520838737488,1.665339708328247,7.591543674468994,-0.1500780433416366,2.089128255844116,-1.378093957901001,-0.0907448530197143,-3.222733497619629,2.902549982070923,-0.6351194977760315,-0.3386207520961761,-5.3963727951049805,0.3662174642086029,-3.497332811355591,0.45990651845932,-0.3188614249229431,0.1306667923927307,-6.204786777496338,0.6847875714302063
7,-331.6907653808594,124.78705596923828,-11.892783164978027,14.824933052062988,-11.86748504638672,10.314495086669922,8.978466033935547,-4.187312602996826,-0.684840202331543,0.6493197679519653,-7.124471664428711,1.292100429534912,-1.1459331512451172,6.957254409790039,-0.6512669920921326,0.3383387625217438,-7.80353307723999,-1.3762242794036863,-0.8193016052246094,11.15921115875244,0.0442406982183456,-1.513113021850586,-6.773451805114746,1.413616180419922,-0.3297993242740631,2.6649296283721924,-1.4844589233398438,4.134312152862549,-2.0303192138671875,-1.1908881664276123,-6.313171863555908,3.096740484237671,-1.2500910758972168,-0.2746531665325165,-3.097012042999268,0.6528342962265015,-4.057502746582031,1.0720908641815186,-1.019684672355652,0.8848658204078674
7,-357.83172607421875,125.38335418701172,-4.509078502655029,6.295302391052246,-6.978006362915039,7.381272792816162,4.634063720703125,4.969185829162598,1.1349149942398071,2.2196176052093506,-4.03095293045044,5.030282497406006,-2.353686809539795,1.9343611001968384,-6.200434684753418,1.673110008239746,-2.69606614112854,1.911054611206055,-4.361058712005615,3.8338098526000977,-0.2179951816797256,4.760149955749512,-3.696650981903076,0.821049690246582,-3.329197406768799,1.719497799873352,-4.0278143882751465,1.1983073949813845,-2.2901642322540283,1.8922595977783203,-5.663956642150879,-0.0775781348347663,-2.896278619766236,0.8797860741615295,-4.039931297302246,0.0367452800273895,-4.686459064483643,0.4330325126647949,-1.7809175252914429,0.5486117005348206
7,-325.0753173828125,123.1478271484375,-16.562335968017578,22.35639953613281,-13.49660301208496,6.327579021453857,8.971099853515625,-3.710222005844116,1.2518256902694702,-1.271144151687622,-6.490245819091797,7.140117645263672,1.3223243951797483,9.528905868530272,1.6276767253875732,0.7267658710479736,-1.6880401372909546,1.893583297729492,-3.399862766265869,3.8637194633483887,-6.051372528076172,-4.079385757446289,-6.794843673706055,2.5754101276397705,-1.2803082466125488,0.8162567615509033,-1.1854987144470217,3.7212188243865967,-2.9776647090911865,0.6672234535217285,-2.6864171028137207,0.7911989092826843,-4.202762603759766,-0.1223730370402336,-3.0081257820129395,0.999899446964264,-1.3843919038772583,0.9360809922218324,-3.988015174865722,-0.6287723183631897
5,-54.24704360961914,77.61487579345703,30.39901351928711,39.18711853027344,-1.1208616495132446,24.07876205444336,8.866700172424316,7.071105480194092,13.758009910583496,8.43039608001709,-4.691522121429443,9.850471496582031,-2.1954424381256104,6.2608184814453125,1.003760814666748,4.6583991050720215,1.0287185907363892,3.96674394607544,-1.7259050607681274,1.933555126190185,-3.642559766769409,2.60028076171875,-6.979392528533936,1.7580771446228027,-0.2873752117156982,1.6594241857528689,-1.546723246574402,4.049178600311279,-6.042119026184082,7.649908065795898,-6.076364517211914,3.818291187286377,2.123817682266236,2.5532400608062744,3.3249998092651367,3.6022603511810303,0.0532515421509742,6.463762283325195,-2.2829840183258057,-0.1446092128753662
5,-54.59786987304688,76.66608428955078,30.4205265045166,39.34311294555664,-1.666463017463684,23.75884056091309,9.589917182922363,7.1559224128723145,14.52115535736084,8.099798202514648,-4.895387172698975,10.175654411315918,-2.0363705158233643,5.8632402420043945,0.7152588963508606,4.988246440887451,1.070099115371704,4.5609450340271,-0.9193347096443176,2.646025419235229,-3.629265308380127,1.77986741065979,-7.758052349090576,1.6388556957244873,-0.821586012840271,1.6089929342269895,-2.035308599472046,4.063514709472656,-6.029882431030273,7.744212627410889,-6.562187194824219,4.431375503540039,2.0627174377441406,3.177999973297119,3.716931581497192,3.4159090518951416,-0.5333106517791748,6.910748481750488,-2.559213638305664,0.3504224419593811
5,-53.02822494506836,76.08991241455078,31.01047706604004,39.33505630493164,-0.7113934755325317,23.50735092163086,7.669713497161865,7.102161407470703,15.24405288696289,7.022119522094727,-2.953566074371338,9.034472465515137,-1.2306751012802124,7.332248687744141,0.239400252699852,3.7823503017425537,1.6428861618041992,4.069561004638672,-1.72517192363739,2.9837350845336914,-5.895450115203857,3.317126035690308,-8.268876075744629,2.1426455974578857,1.1573210954666138,2.3605360984802246,-2.7851810455322266,3.9005842208862314,-6.502877235412598,7.597134113311768,-5.4814863204956055,3.923230409622192,1.7035504579544067,3.1640970706939697,3.031089782714844,3.654964447021485,-0.2733809053897857,6.798373222351074,-2.508127450942993,0.3309889435768127
5,-53.43935012817383,75.08875274658203,30.76740837097168,39.90993118286133,-0.7489820122718811,23.42296028137207,7.894872188568115,7.411635398864746,14.887907028198242,7.68844747543335,-3.741302728652954,8.828710556030273,-1.3104463815689087,7.167315483093262,0.4415909945964813,4.614745616912842,1.840943932533264,3.56620192527771,-1.51452898979187,3.084848403930664,-5.734690189361572,2.990554094314575,-8.084940910339355,2.2772417068481445,0.7339087724685669,2.664083480834961,-2.4583961963653564,3.583769559860229,-6.766729831695557,7.294973373413086,-5.892673969268799,3.9970357418060303,2.085246324539185,3.20686936378479,3.599281311035156,3.530725479125977,-0.6880759596824646,7.125932693481445,-2.3943207263946533,0.851165235042572
5,-53.33706665039063,74.48902893066406,31.213512420654297,40.11997985839844,-0.6087027788162231,23.534727096557617,8.048446655273438,7.298107147216797,14.480712890625,7.525935173034668,-4.097713470458984,8.906326293945312,-1.0852255821228027,7.618514537811279,0.3670403063297272,5.1226677894592285,1.4843477010726929,3.767220973968506,-1.479703664779663,3.126647710800171,-5.480374813079834,2.563546895980835,-8.491169929504395,1.9168256521224976,0.7957918047904968,2.0281102657318115,-2.214306116104126,4.160747528076172,-6.531808853149414,7.693291664123535,-6.021839141845703,3.749141216278076,1.7897828817367554,3.1176931858062744,3.641476631164551,3.384373188018799,-0.6422508955001831,7.320903778076172,-2.241727828979492,0.3195923864841461
5,-54.141204833984375,76.01675415039062,30.76322555541992,38.98675155639648,-1.5233757495880127,24.19270133972168,8.741914749145508,7.257726192474365,15.154547691345217,7.076229572296143,-3.957879304885864,9.509004592895508,-2.339060068130493,6.705929279327393,0.3632427453994751,4.527227401733398,1.4738174676895142,4.270367622375488,-1.371111512184143,3.271259307861328,-4.447757244110107,2.7169909477233887,-7.810257434844971,2.046150684356689,0.3834384679794311,1.9903035163879397,-2.622614622116089,3.5649759769439697,-6.2412109375,7.379457950592041,-5.967889785766602,3.784892320632935,2.106606960296631,3.776137828826904,3.2540762424468994,3.0296454429626465,-0.7536517977714539,6.996877670288086,-1.6705149412155151,0.134593978524208
5,-53.48921203613281,76.5508041381836,31.145368576049805,40.06391525268555,-1.8958817720413208,23.340023040771484,7.925448894500732,7.319361209869385,13.80659008026123,7.584878444671631,-4.209010601043701,9.61936378479004,-0.8260674476623535,7.145479679107666,1.3711373805999756,4.898079872131348,0.8467656970024109,3.521406412124634,-1.693260908126831,2.6060163974761963,-4.5859904289245605,2.552431583404541,-7.260193347930908,2.181666851043701,-0.0553087778389453,1.551334261894226,-2.08320426940918,3.810302495956421,-6.551739692687988,7.303797245025635,-5.465048313140869,3.906338214874268,2.1694581508636475,3.6182429790496826,3.296110153198242,3.3250925540924072,-0.6986508369445801,6.816468238830566,-1.896206021308899,-0.2202048152685165
5,-52.94103240966797,75.68921661376953,31.10368537902832,40.16309356689453,-1.4904258251190186,23.43739891052246,8.334026336669922,7.753334522247314,14.103907585144045,7.538925647735596,-4.237801551818848,9.724976539611816,-0.4113859832286834,6.722383975982666,0.7887914776802063,4.581429481506348,0.1886565089225769,2.9023759365081787,-1.5206083059310913,3.068781614303589,-4.696334362030029,2.9051592350006104,-7.750088691711426,1.8760310411453247,0.0147775635123252,1.7413731813430786,-2.301708459854126,3.889945507049561,-6.936459064483643,7.54791784286499,-5.1154632568359375,4.1878180503845215,2.634547233581543,3.5828893184661865,3.475202798843384,3.250184774398804,-0.3999581336975097,6.6825852394104,-1.6071611642837524,0.312637984752655
5,-52.51631546020508,76.06703186035156,31.117345809936523,39.42631912231445,-1.0083928108215332,24.005475997924805,7.345382690429687,7.065464973449707,14.479748725891112,6.5993242263793945,-3.167802572250366,9.775301933288574,-1.4420270919799805,7.276867389678955,0.3841598927974701,4.242322444915772,1.0943334102630615,3.8175649642944336,-2.6956560611724854,3.0948073863983154,-5.164495944976807,2.693946361541748,-8.080147743225098,2.156141757965088,0.0688543394207954,1.5222601890563965,-2.3748369216918945,4.083940982818604,-6.128338813781738,7.561520099639893,-5.357146739959717,4.699914455413818,1.9852944612503047,3.233903646469116,3.7660610675811768,4.0636982917785645,-0.1893777102231979,7.050230979919434,-2.1789588928222656,0.5824660062789917
5,-54.823856353759766,76.51713562011719,30.678335189819336,39.91691970825195,-1.5243600606918335,23.572214126586918,8.721549987792969,7.136383056640625,14.313400268554688,7.676525115966797,-4.307682991027832,10.256677627563477,-1.3615821599960327,6.69566822052002,1.169152021408081,4.563136577606201,0.9244390726089478,3.877203702926636,-2.062774181365967,2.791027545928955,-4.696864604949951,2.4110984802246094,-7.337759494781494,2.4118845462799072,0.3084772527217865,2.263249635696411,-2.328089714050293,4.030375957489014,-6.718895435333252,7.566825866699219,-6.476589202880859,4.105861663818359,1.4997113943099976,3.2857682704925537,3.8022947311401367,3.7686731815338135,-0.6056383848190308,7.009596347808838,-2.6483795642852783,0.5571966767311096
5,-52.93896865844727,74.9393539428711,31.21426773071289,39.74171447753906,-1.1904823780059814,23.19453430175781,8.544974327087402,6.838790416717529,15.198078155517578,6.978179931640625,-4.320728778839111,8.717865943908691,-2.1162824630737305,6.556189060211182,0.8511071801185608,4.359445571899414,1.4888272285461426,4.499844074249268,-1.2072184085845947,2.9215757846832275,-4.810536861419678,2.050095319747925,-8.200386047363281,1.871503829956055,0.3452526330947876,2.088623285293579,-1.8173387050628664,3.386568546295166,-6.818725109100342,7.526972770690918,-5.966795444488525,4.295490741729736,2.3961706161499023,3.819164752960205,3.7487599849700928,3.2914514541625977,-0.4124717116355896,7.887722015380859,-1.5151591300964355,0.6642428636550903
5,-53.95283126831055,74.95649719238281,30.992074966430664,39.661529541015625,-1.0510309934616089,23.20987701416016,8.753671646118164,7.489452362060547,15.836240768432615,6.692856311798096,-3.636143684387207,8.609782218933105,-2.084991216659546,6.449160099029541,0.7126900553703308,4.877262115478516,2.1060259342193604,4.1761345863342285,-1.346238374710083,2.976158857345581,-4.791967391967773,2.380102634429932,-8.125144004821777,1.4042035341262815,-0.0403878539800643,1.6977909803390503,-2.081193685531616,3.6564924716949454,-7.353720188140869,7.597325801849365,-6.113248825073242,3.66872239112854,2.253504753112793,3.8426246643066406,4.160208702087402,3.929760217666626,-0.385994404554367,7.603390216827393,-1.7969201803207395,0.6250439882278442
5,-54.15254211425781,74.87930297851562,31.32205390930176,40.02137756347656,-0.3412244617938995,23.04574012756348,8.478432655334473,7.142153263092041,16.152225494384766,6.221775531768799,-4.121953010559082,8.944365501403809,-2.0202925205230717,6.821601867675781,0.4426409006118774,4.914027214050293,2.377889633178711,4.193835735321045,-1.4841758012771606,3.260653018951416,-4.628284454345703,2.5307486057281494,-8.478748321533203,1.0656360387802124,-0.6788195371627808,1.477173924446106,-2.498279571533203,3.545966625213623,-6.956475734710693,7.695799350738525,-5.476138591766357,4.001162052154541,2.2898733615875244,4.079216480255127,4.243342399597168,3.9799883365631104,-0.6935045719146729,7.046370506286621,-1.821791768074036,0.947258234024048
5,-55.9351692199707,76.21308135986328,31.769306182861328,39.49130630493164,-0.5643417835235596,23.29368782043457,8.053692817687988,7.326745510101318,15.78551197052002,5.792206764221191,-4.032497406005859,9.482721328735352,-2.0876383781433105,7.379434108734131,0.5549097061157227,4.2737226486206055,2.1644253730773926,3.991569995880127,-1.391864538192749,3.3641836643218994,-4.658886909484863,2.610769033432007,-8.596290588378906,1.3631205558776855,-0.4494212567806244,1.554295539855957,-2.4731438159942627,4.020113468170166,-6.157147407531738,8.043647766113281,-5.271550178527832,4.470456600189209,2.203449249267578,3.2612171173095703,3.5121209621429443,3.472530603408813,-0.7401567697525024,6.7126946449279785,-1.7616989612579346,0.9511709809303284
5,-56.62058639526367,75.8487777709961,31.20088195800781,39.35123062133789,-0.7750638127326965,23.826454162597656,8.601710319519043,7.5073466300964355,15.556673049926758,6.0296244621276855,-3.477270126342773,9.904865264892578,-1.2757800817489624,7.514695644378662,0.1797516494989395,3.7980294227600098,1.4528099298477173,3.6967906951904297,-1.683976411819458,2.886505365371704,-5.171611309051514,2.6178464889526367,-8.399928092956543,1.4219971895217896,0.3312407433986664,2.1082992553710938,-2.0524284839630127,4.518112182617188,-6.309558868408203,8.18435001373291,-5.407285213470459,4.077573776245117,2.403097629547119,3.1451902389526367,3.552146673202514,3.553614377975464,-0.5802175402641296,6.919464588165283,-2.028264284133911,0.728477954864502
5,-54.56599426269531,74.66114044189453,30.55259895324707,39.6154670715332,0.1028799191117286,23.79955291748047,8.027778625488281,7.414794445037842,16.298511505126953,5.859816551208496,-3.727423667907715,8.96033763885498,-1.0059760808944702,7.869129180908203,-0.0471395589411258,4.151290416717529,1.750895380973816,3.889813661575317,-1.5009052753448486,3.2751002311706543,-6.033358573913574,3.299762010574341,-8.647907257080078,1.0530509948730469,0.8147309422492981,2.332998752593994,-2.346163272857666,4.790478706359863,-6.800994396209717,7.402342319488525,-5.5892205238342285,3.5634779930114746,2.8444972038269043,3.893585681915283,3.9086172580718994,3.3722057342529297,-1.0605233907699585,7.190038204193115,-1.9720524549484253,0.8325160145759583
5,-52.77798843383789,76.12012481689453,31.17729377746582,38.94179916381836,-0.2005261778831482,23.67320251464844,7.761133670806885,7.020443439483643,15.992798805236816,6.033285617828369,-4.422082424163818,8.264896392822266,-1.8947824239730835,7.548457145690918,0.9366252422332764,4.079452037811279,1.7908494472503662,4.698249340057373,-1.323528528213501,3.2782020568847656,-5.302052974700928,3.126747369766236,-8.394028663635254,0.8439621925354004,0.5238714814186096,2.058933734893799,-2.6325900554656982,3.854079008102417,-6.258905410766602,7.311977863311768,-6.13645076751709,4.030559062957764,2.6066458225250244,3.8124074935913086,3.452597618103028,3.566660165786743,-1.1666308641433716,7.591250896453857,-2.107637405395508,0.9269145727157592
5,-53.681888580322266,76.5832748413086,31.60566711425781,39.157108306884766,-0.6425976753234863,24.00463485717773,8.215910911560059,6.961455345153809,15.383069038391112,5.818464279174805,-4.398410797119141,8.86245346069336,-1.3054790496826172,7.297163486480713,0.893792986869812,3.671362638473511,1.3453662395477295,4.233895301818848,-1.4272737503051758,2.877460479736328,-5.183622360229492,3.071260929107666,-7.994266033172607,1.5118176937103271,0.5811733603477478,1.810298442840576,-2.319023609161377,3.469456672668457,-6.58506965637207,7.8915324211120605,-6.18611478805542,4.037249565124512,2.163219690322876,3.4530975818634038,3.388551950454712,3.834173440933228,-0.81175696849823,7.486573696136475,-2.676884174346924,0.5678936243057251
5,-54.32195663452149,77.06683349609375,31.168834686279297,39.573333740234375,-1.0159622430801392,24.08185386657715,8.196208953857422,7.318638324737549,15.108101844787598,6.418474197387695,-4.141420841217041,9.0403413772583,-1.0514172315597534,7.07692813873291,0.3886607587337494,3.8281965255737305,1.0049159526824951,3.2024497985839844,-1.6535781621932983,3.408240556716919,-5.220653533935547,3.2207348346710205,-7.82823371887207,1.8449862003326416,0.3796842694282532,1.969071388244629,-2.184476375579834,3.4744315147399902,-6.792177200317383,8.294106483459473,-6.029461860656738,3.3067731857299805,1.7797322273254397,3.213852643966675,3.938702821731568,4.369293212890625,-0.3079792559146881,6.8853373527526855,-2.4678750038146973,0.5580438375473022
5,-54.3441047668457,75.95346069335938,31.05685043334961,40.14739990234375,-1.0636649131774902,23.77133178710937,8.529152870178223,7.401539325714111,13.892951965332031,7.493231296539307,-4.593271732330322,9.31394100189209,-1.69651198387146,7.097578525543213,1.1867854595184326,4.69493293762207,1.4295486211776731,4.113580226898193,-2.4197864532470703,2.7728915214538574,-4.514989376068115,2.494367837905884,-7.004322528839111,2.2610459327697754,0.1513851433992386,2.438498020172119,-1.846108675003052,3.681297063827514,-6.566391468048096,7.504333972930908,-6.636161804199219,4.198587417602539,1.340180516242981,2.9075794219970703,3.2593796253204346,3.780646085739136,-0.8215372562408447,6.570606708526611,-2.261327743530273,0.5627057552337646
5,-54.8228645324707,77.13587188720703,31.109527587890625,39.23389053344727,-1.1164621114730835,23.74262237548828,8.186738967895508,7.233786582946777,15.855632781982422,6.398446083068848,-3.495378255844116,9.436058044433594,-2.0549235343933105,6.937822341918945,0.3857907056808471,4.000945568084717,1.302763819694519,3.736472129821777,-1.617120623588562,3.20478892326355,-5.06207799911499,2.669760227203369,-8.423029899597168,1.6064802408218384,-0.09742271900177,1.832645893096924,-2.369612693786621,3.660393238067627,-6.4720845222473145,7.91008996963501,-5.621962547302246,3.749950647354126,1.897205829620361,3.6043386459350586,4.309231758117676,4.318653106689453,-0.0807516798377037,7.530445575714111,-1.6955323219299316,0.8074933290481567
5,-56.18109130859375,75.79951477050781,31.517070770263672,39.93772506713867,-0.6264079809188843,23.404932022094727,8.203154563903809,6.971189975738525,16.31570053100586,6.821905612945557,-3.9366800785064697,9.9672269821167,-2.13098669052124,6.698802471160889,0.6259361505508423,4.36160945892334,1.5136553049087524,4.241466522216797,-1.315282702445984,2.4009850025177,-5.291635036468506,2.0218420028686523,-8.629353523254395,1.952902674674988,0.4959799647331238,2.22087836265564,-1.9323112964630127,4.110885620117188,-6.986666679382324,7.0034661293029785,-6.110260009765625,3.938363313674927,1.873934864997864,3.94571852684021,4.555736541748047,4.083313941955566,-0.1683006137609481,7.884013652801514,-1.3816925287246704,0.5150492191314697
5,-56.22298431396485,75.32477569580078,31.14861488342285,40.25632095336914,0.1777146458625793,23.1082820892334,8.117993354797363,7.585186958312988,16.320640563964844,6.871517181396484,-3.906171321868897,9.350071907043455,-2.0104973316192627,7.106863021850586,0.0803572833538055,4.3140645027160645,2.467002868652344,4.588565826416016,-1.2601524591445925,2.212077140808105,-5.703694343566895,2.908698081970215,-8.966863632202148,1.5487719774246216,1.1286927461624146,2.217782735824585,-2.348776340484619,4.304134368896484,-7.736627101898193,7.057658672332764,-6.19851016998291,4.103633403778076,2.0990731716156006,3.8043816089630127,4.386617660522461,4.071367740631104,-0.1360814124345779,6.976491928100586,-2.0292465686798096,0.4613143801689148
5,-54.90059280395508,75.73931884765625,30.746910095214844,39.00619125366211,-0.096853531897068,23.81679916381836,8.683204650878906,7.718801021575928,16.13941764831543,6.351223945617676,-3.724261522293091,8.934139251708984,-2.3822078704833984,7.75803279876709,-0.3323911428451538,3.738584756851196,2.8644673824310303,4.894913673400879,-1.363991618156433,3.051933526992798,-5.229011535644531,3.4098119735717773,-8.932292938232422,1.3462247848510742,0.7426934242248535,2.038594961166382,-3.074345111846924,3.819221019744873,-7.326511859893799,7.473847389221191,-6.207460880279541,4.259443283081055,2.4932096004486084,3.453853845596313,4.148427486419678,3.557123899459839,-0.3058539927005768,6.920180320739746,-2.316893577575684,0.264998197555542
5,-53.77178192138672,76.4734878540039,30.962066650390625,39.012691497802734,-0.7057048678398132,24.147113800048828,8.845602989196777,7.105302810668945,15.410562515258787,7.211865901947021,-4.039076805114746,8.738075256347656,-2.302421808242798,7.791764259338379,0.2046475559473037,3.862350225448608,2.2252085208892822,4.262703895568848,-1.6665215492248535,3.3343594074249268,-5.363807678222656,2.795635223388672,-8.08981990814209,1.2867493629455566,0.2995187938213348,2.1541004180908203,-2.4936296939849854,3.566303253173828,-6.723802089691162,7.781303405761719,-6.040328502655029,3.79537034034729,2.3911924362182617,3.151642084121704,3.820085287094116,3.3535664081573486,-0.4414913058280945,7.580913543701172,-1.767223596572876,0.0798714011907577
5,-54.355987548828125,77.08746337890625,31.57623672485352,39.62905883789063,-0.4016450643539428,24.25237274169922,8.16992473602295,6.608994007110596,14.582208633422852,7.054559230804443,-3.82072114944458,9.018712997436523,-1.8246124982833865,8.12877082824707,0.5601484179496765,4.584157466888428,2.0752742290496826,3.924720764160156,-1.9481385946273804,2.880478620529175,-5.866359710693359,2.54551100730896,-8.41317081451416,1.5358622074127195,0.7635138034820557,1.9260592460632324,-2.052971601486206,4.421315670013428,-6.316533088684082,7.708549499511719,-5.904590606689453,3.5295114517211914,2.173187017440796,3.188190698623657,3.976466178894043,3.47195816040039,-0.261186271905899,7.384609699249268,-1.861479878425598,0.2168790847063064
5,-54.06613540649414,76.13398742675781,31.51146507263184,40.1634521484375,-0.7132606506347656,23.53268051147461,8.614432334899902,7.60190486907959,14.47897243499756,7.161097526550293,-4.655689239501953,8.835265159606934,-1.938002347946167,6.901463031768799,0.3931833505630493,4.666327953338623,1.6815601587295532,4.387702465057373,-1.8764853477478027,2.8601646423339844,-4.203336238861084,2.3282060623168945,-7.581859588623047,1.6491328477859497,-0.319136768579483,1.8465068340301516,-2.1199371814727783,3.541290521621704,-6.291927337646484,7.836286544799805,-6.560418605804443,4.771318435668945,1.5718941688537598,2.893763542175293,3.235156774520874,3.4799001216888428,-1.0712192058563232,6.729815483093262,-2.3086555004119877,0.4932796061038971
5,-53.006683349609375,75.87516021728516,30.897584915161133,39.94454956054688,-0.4982388019561767,23.20555686950684,8.1858549118042,7.658438205718994,14.901350021362305,7.786001682281494,-4.377963066101074,9.003252983093262,-1.9154620170593264,6.2880539894104,0.5242573022842407,3.986191511154175,0.7476928234100342,4.067734718322754,-1.6882777214050293,2.48620343208313,-4.252350330352783,2.8075857162475586,-7.263623714447021,1.75439715385437,0.2660631537437439,1.814794659614563,-2.063035488128662,3.637104988098145,-6.043682098388672,7.816609382629394,-5.908729076385498,4.748569965362549,2.389569997787476,2.803089141845703,3.2240984439849854,3.6358137130737305,-1.231441617012024,7.25249433517456,-2.4971323013305664,0.0464723967015743
5,-53.11037826538086,75.2358627319336,30.89900779724121,39.99956512451172,-0.6960821747779846,23.3834228515625,8.105457305908203,7.307782173156738,15.523369789123535,7.337127208709717,-4.785229206085205,9.586801528930664,-1.8386664390563965,5.963283538818359,0.7392393946647644,3.655059576034546,0.3070993721485138,4.5876288414001465,-1.5559909343719482,2.575704336166382,-4.412189960479736,2.2960245609283447,-7.699277400970459,1.677233338356018,0.1607112437486648,1.8915746212005613,-1.5431889295578003,3.6909821033477774,-6.031844615936279,7.651926517486572,-5.697545528411865,4.8642683029174805,2.212531566619873,3.276853322982788,3.835500478744507,3.977813243865967,-0.9398623704910278,7.701564311981201,-2.4457316398620605,-0.0321523994207382
5,-54.43769073486328,75.6270751953125,31.389095306396484,39.91434860229492,-1.4666945934295654,23.09914207458496,8.830931663513184,7.112605094909668,15.847309112548828,6.970401287078857,-4.827706336975098,9.854503631591797,-1.7794203758239746,6.21694803237915,0.9376310706138612,4.179928302764893,1.2893682718276978,4.685678005218506,-1.7735077142715454,2.580169200897217,-4.482325077056885,1.470020413398743,-7.611038684844971,1.9439139366149905,0.0705823823809623,1.383976697921753,-2.4045894145965576,2.853452444076538,-6.336010932922363,8.074832916259766,-6.167795181274414,4.696821689605713,1.5617263317108154,3.814300775527954,4.278628826141357,4.011375904083252,-0.3661293089389801,7.750853061676025,-2.1665399074554443,0.8375788331031799
5,-53.555850982666016,75.40555572509766,30.894615173339844,39.52983856201172,-1.3383593559265137,22.904674530029297,8.485795021057129,7.700047016143799,16.08438491821289,7.921691417694092,-3.857426166534424,9.352882385253906,-1.7613202333450315,6.881655216217041,0.5207011103630066,4.319921970367432,1.2962535619735718,3.692946672439575,-2.237066984176636,2.3898401260375977,-5.018368244171143,2.8011627197265625,-7.6817097663879395,2.526181697845459,1.0945117473602295,1.846127152442932,-2.8815691471099854,2.7656118869781494,-6.541733741760254,8.166741371154785,-5.847638130187988,3.576188564300537,1.6178834438323977,3.330998182296753,3.5959677696228027,3.792482614517212,-0.672732412815094,7.417373180389404,-2.202897071838379,1.02990984916687
5,-52.58818435668945,75.22494506835938,30.7431640625,39.02972412109375,-0.5247708559036255,23.535734176635746,7.626894474029541,7.529876708984375,16.022254943847656,7.093121528625488,-2.75607967376709,8.757648468017578,-1.3240331411361694,7.706543445587158,-0.0892999842762947,3.7866289615631104,1.1717723608016968,3.5259110927581787,-1.9585167169570925,2.879655599594116,-5.868466377258301,3.958638191223145,-8.443449974060059,2.268989086151123,1.7785526514053345,2.1333110332489014,-2.779219150543213,3.817492246627808,-6.711008071899414,7.847141742706299,-5.101197719573975,3.353353261947632,1.759840965270996,3.289273500442505,3.0343122482299805,3.555253505706787,-0.6084135174751282,6.960679054260254,-2.60709810256958,0.188680961728096
10,-30.66693115234375,50.54719924926758,3.4373555183410645,13.86845874786377,8.927238464355469,26.12886619567871,11.501423835754396,4.559617042541504,-7.953306674957275,12.440482139587402,-1.6962456703186035,4.0515618324279785,-14.45591926574707,-1.0467664003372192,2.0672054290771484,7.402329921722412,3.498257160186768,6.877279281616211,-7.809699058532715,-2.072906017303467,-4.47935152053833,0.8009679913520813,-2.1199629306793213,5.1839094161987305,9.532407760620115,5.112155914306641,-2.0753297805786133,5.9448089599609375,-3.917506694793701,9.04961395263672,1.8026769161224363,9.081281661987305,3.8083648681640634,-2.983159303665161,-4.592550754547119,6.150278091430664,-5.4865031242370605,-4.29736328125,-10.774521827697754,-0.429921954870224
9,-109.10425567626952,72.2919921875,-11.298107147216797,32.53688430786133,2.2383341789245605,12.242315292358398,23.13759422302246,6.6923508644104,-10.964825630187988,36.178592681884766,-7.312129974365234,-6.404052257537842,14.341620445251465,0.083426609635353,-2.627269506454468,17.83384895324707,-9.33853816986084,7.312772274017334,13.24481964111328,-1.3822534084320068,-3.015260696411133,18.33428192138672,-6.353606700897217,9.61060619354248,1.6352462768554688,-7.565813064575195,5.183115482330322,13.59035873413086,0.989380180835724,-6.344921588897705,-4.282748222351074,13.816967964172363,3.0693159103393555,3.21590256690979,-12.11587619781494,6.695329666137695,7.799814701080322,14.284652709960938,-17.25831413269043,-2.1698930263519287
5,-151.734619140625,91.04850769042967,5.62686824798584,37.81454086303711,-21.144948959350582,-4.965836048126221,21.987720489501957,2.879662275314331,-23.26631164550781,18.990215301513672,-14.324041366577148,-8.365283012390137,11.110725402832031,2.13349723815918,-6.286325931549072,14.785948753356934,3.108450174331665,9.159209251403809,6.089226722717285,10.037637710571287,5.524473667144775,-1.2755104303359983,-0.7423439025878906,4.828765392303467,-10.23294162750244,-6.618710041046143,-3.192479372024536,-6.308590412139893,-4.318251132965088,-4.583612442016602,-5.984619140625,4.241164684295654,3.706254959106445,-3.3647961616516118,-1.957618832588196,10.392060279846191,0.6790528297424316,0.452719122171402,-0.0812137126922607,12.264946937561035
10,-338.0342712402344,136.81370544433594,-0.4023753404617309,8.83043384552002,1.2411350011825562,5.876797676086426,0.2023752033710479,13.767820358276367,-10.180063247680664,0.2288137525320053,-12.524078369140623,5.117355346679688,12.042871475219728,17.090675354003906,10.46737575531006,17.51325035095215,-12.021808624267578,-4.02117919921875,-7.611097812652588,7.005266189575195,2.6694397926330566,-0.015259375795722,-21.905134201049805,0.3285333812236786,14.284964561462402,10.424144744873049,-5.875153541564941,19.103242874145508,19.624269485473636,-13.354703903198242,-23.37355613708496,9.268383026123049,14.410470008850098,-15.255615234375,-9.035479545593262,14.230157852172852,-8.852935791015625,-16.531208038330078,24.851112365722656,23.992189407348636
8,-157.55911254882812,80.70751190185547,-43.49058151245117,30.9455509185791,-17.30264663696289,0.4181708991527557,-3.39731764793396,17.4794921875,-22.888954162597656,12.65085792541504,-11.060328483581545,-9.641514778137209,-6.441818714141846,5.439663410186768,14.868968963623049,29.217016220092773,-0.756691575050354,16.741046905517578,15.059781074523926,10.14116096496582,-15.237279891967772,-28.561891555786133,-15.123223304748535,10.341714859008787,8.256407737731934,-5.054996490478516,-5.103975772857666,21.28890037536621,18.8585262298584,-5.954177379608154,-33.79376983642578,-5.208434581756592,24.401775360107425,12.894619941711426,-6.565601348876953,13.566169738769531,5.420400619506836,-22.359399795532227,-10.52566623687744,21.306812286376957
9,-241.57855224609372,115.20530700683594,-20.64161872863769,6.117915630340576,-1.4612809419631958,10.93963623046875,-16.028493881225586,9.741942405700684,-8.212207794189453,6.737683773040772,-13.691690444946287,-4.97801399230957,7.134890079498291,16.052968978881836,15.88693904876709,20.786357879638672,2.0881223678588867,9.757851600646973,-3.8470869064331055,-2.9766924381256104,-9.080181121826172,-10.527979850769045,-7.832430362701416,9.465688705444336,-2.287165403366089,0.3038864433765411,7.160834789276123,19.493200302124023,7.29481840133667,-10.388376235961914,-16.89191436767578,10.219080924987791,14.626676559448242,-1.9538034200668333,-6.492362976074219,5.557559013366699,-8.03996467590332,-20.83927726745605,2.458902597427368,26.73676872253418
8,-174.9220733642578,93.2459487915039,-15.158923149108888,14.362648963928224,-22.26085662841797,12.675856590270996,-17.06376838684082,12.385910987854004,-13.44308853149414,2.3205699920654297,-2.604534864425659,9.902689933776855,-4.158504962921143,3.831208229064941,18.51637077331543,18.17125129699707,-1.1934212446212769,14.92371654510498,2.5491416454315186,-5.144132137298584,-12.30067539215088,-14.72616958618164,-3.704702138900757,17.753698348999023,3.529301643371582,-2.781465530395508,-4.336109638214111,18.11176109313965,10.413235664367676,-10.024906158447266,-16.53649139404297,12.431884765625,18.828065872192383,-3.942272901535034,-5.14276933670044,9.400561332702637,-13.41318416595459,-16.006988525390625,13.393033027648926,19.61576271057129
8,-162.36660766601562,83.60201263427734,-14.372725486755373,12.832195281982422,-12.24974536895752,15.730111122131348,-22.2440185546875,21.65404891967773,-12.24868106842041,0.9588552117347716,-4.4983649253845215,6.120684146881104,-5.494808673858643,9.709473609924316,13.48194408416748,19.431745529174805,6.060303688049316,12.492279052734377,2.213346004486084,0.4544529318809509,-16.441265106201172,-11.118619918823242,-8.55571174621582,13.56032657623291,4.894476890563965,-6.77310848236084,-9.026327133178713,22.3992919921875,9.845067977905272,-12.163878440856934,-15.187779426574709,13.370790481567385,14.031925201416016,-2.502664804458618,-5.2393412590026855,9.248689651489258,-10.02574348449707,-16.608705520629883,8.167206764221191,23.48880386352539
8,-164.4566192626953,100.29109191894533,-38.43625259399414,15.899730682373049,-6.870376110076904,10.794170379638672,-13.241692543029783,19.92566680908203,-10.79467487335205,6.085423469543457,-2.497183561325073,5.765361785888672,-4.254980087280273,3.949302911758423,9.95859432220459,20.92729377746582,12.3067045211792,17.968101501464844,4.365379333496094,2.839963436126709,-10.944043159484863,-14.27047634124756,-0.3016709685325622,18.95428276062012,1.6309829950332642,-12.086891174316406,-3.6466777324676514,16.84351921081543,11.40924072265625,-9.817708969116213,-17.336933135986328,12.141907691955566,18.517807006835938,6.203857898712158,-3.1173036098480225,8.429594039916992,-6.702676773071289,-12.429550170898438,8.704306602478027,19.72159576416016
9,-351.6219177246094,74.33267211914062,-33.65298080444336,-15.891494750976562,-16.028757095336914,-20.809797286987305,-33.49306869506836,-22.028823852539062,-27.186004638671875,-14.707138061523438,-27.534433364868164,-17.097341537475586,-17.43035125732422,-1.1270883083343506,-8.5128755569458,-0.9579609036445618,-10.266379356384276,-4.320344924926758,-12.361984252929688,-1.706484079360962,-10.542799949645996,4.134305000305176,-5.855669975280762,1.1764816045761108,-5.1324076652526855,4.133687973022461,1.7814775705337524,6.257478713989258,1.7358546257019043,7.542538166046143,6.279060363769531,7.918931007385254,3.2995710372924805,6.397568225860596,2.771475076675415,8.35322380065918,2.45342755317688,7.363186836242676,-1.5090794563293457,4.551648616790772
9,-334.5614013671875,73.17862701416016,-43.7427864074707,-5.498895645141602,-13.789913177490234,-24.66278648376465,-38.25506210327149,-26.48579788208008,-22.918487548828125,-15.78195571899414,-24.44710731506348,-17.621784210205078,-16.38103675842285,-2.9047746658325195,-10.51129150390625,-0.6783392429351807,-11.1710205078125,-1.1947340965270996,-8.463912010192871,0.6379668712615967,-7.348162651062012,2.6100966930389404,-5.500933647155762,1.4041402339935305,-4.457118511199951,2.483176946640014,1.0627292394638062,3.733033180236816,-0.3322661221027374,6.524611473083496,4.022994518280029,8.793998718261719,0.3278942704200744,6.436877727508545,3.081123113632202,8.705621719360352,3.233358860015869,7.994993209838867,-0.1772921830415725,5.8663716316223145
9,-376.8119201660156,59.75395202636719,-37.57100677490234,-1.8168728351593015,-15.349685668945312,-12.670513153076172,-27.614421844482425,-22.082904815673828,-22.363956451416016,-12.254352569580078,-22.493953704833984,-17.086692810058594,-17.930294036865234,-10.88929557800293,-16.336109161376953,-10.52872085571289,-10.752440452575684,-7.452861309051514,-11.954022407531738,-2.701752185821533,-8.297112464904785,0.1791040003299713,-3.2017836570739746,-0.2223124355077743,-1.5212068557739258,2.4634439945220947,-1.3679062128067017,4.909845352172852,-0.2188952267169952,6.706976890563965,2.5254147052764893,7.019932270050049,2.563638925552368,6.0953688621521,4.141788005828857,6.610401153564453,3.0716753005981445,6.348910331726074,2.088368654251098,4.812198162078857
9,-311.7835998535156,90.25588989257812,-21.970043182373047,1.748209834098816,-5.293179035186768,-17.568408966064453,-38.280723571777344,-17.149154663085938,-21.605806350708008,-18.262563705444336,-26.217531204223636,-10.475584983825684,-18.960372924804688,-5.800494194030762,-9.169812202453612,-5.959843158721924,-5.759911060333252,-7.686029434204102,-8.695019721984863,-4.398934364318848,-5.352712631225586,-0.7681757807731628,-2.894728422164917,0.2919480800628662,-2.3840889930725098,1.6463797092437744,1.5917271375656128,3.9889028072357178,6.728564262390137,4.405848979949951,9.00521469116211,5.313164710998535,5.628499984741211,5.572067260742188,2.4847357273101807,4.698769092559815,1.2083534002304075,6.930419921875,-0.2511937022209167,7.834132671356201
7,-125.98381805419922,112.87477111816406,12.61178207397461,20.25166702270508,-6.958012580871582,30.603904724121094,-4.599671363830566,16.67818832397461,-6.121581554412842,4.5316033363342285,-4.915774345397949,-0.8815739750862122,-5.242520809173584,0.7792689800262451,-6.153598308563232,-0.2098273783922195,-8.870229721069336,6.441847801208496,-8.016769409179688,6.722322463989258,-4.379049777984619,-0.3687495291233063,-0.4762279093265533,0.7104598879814148,-1.25633704662323,1.6993889808654783,-4.720893859863281,0.995168685913086,-6.839451313018799,2.077898502349853,-4.945532321929932,-0.8171175718307495,-4.886262893676758,-1.632038116455078,-1.404782772064209,-3.915590763092041,-1.5675595998764038,-2.046038627624512,-1.68372905254364,2.153479814529419
7,-132.219970703125,118.05619049072266,10.756773948669434,20.012453079223636,-6.314290046691895,30.05074691772461,-3.06498122215271,16.446243286132812,-5.025747776031494,5.068090438842773,-4.82917070388794,-0.3652344942092895,-4.990979671478272,0.6296671032905579,-5.168884754180908,-0.9687130451202391,-8.55366039276123,5.4408860206604,-8.515419960021973,6.000681400299072,-5.838113784790039,-0.0840914323925972,-1.2926315069198608,0.6677781343460083,-1.7723819017410278,0.9484971165657043,-4.668320655822754,0.5791639089584351,-6.150948524475098,1.1952509880065918,-5.177419185638428,0.1404593884944915,-5.408101558685303,-2.075679063796997,-2.778238296508789,-2.969684839248657,-2.9478859901428223,-1.903066635131836,-1.6867738962173462,1.3763209581375122
7,-111.81787109375,109.35660552978516,3.563617706298828,13.783073425292969,-6.956460952758789,28.725475311279297,-4.814221858978272,13.238384246826172,-4.290986061096191,4.093296527862549,-4.632696151733398,0.3540971875190735,-6.45525598526001,-0.9980635643005372,-4.823738098144531,0.4271816313266754,-11.448409080505373,5.318217754364014,-9.732834815979004,6.070721626281738,-5.6064887046813965,0.41920205950737,-2.4915544986724854,0.5001057386398315,-1.24073326587677,0.8130065202713013,-3.4893107414245605,-0.1204888224601745,-5.601415157318115,0.4546655118465423,-6.895415306091309,-0.6473478078842163,-4.481011867523193,-2.5153825283050537,-3.440657615661621,-2.5545814037323,-4.075503826141357,-1.7494637966156006,-2.7254292964935303,0.0696045979857444
7,-110.2196273803711,111.45384979248048,0.4013018608093261,14.495672225952148,-4.056625843048096,26.73375129699707,-2.8564558029174805,13.458109855651855,-4.20043420791626,5.01746129989624,-3.3401849269866943,1.8752882480621336,-7.999519348144531,0.3349523842334747,-6.3812255859375,0.3769806027412414,-8.57654094696045,3.186379194259644,-8.754827499389648,5.853561401367188,-5.940675735473633,1.6389117240905762,-2.221079111099243,1.0155081748962402,-2.0441105365753174,0.4165683388710022,-4.119176387786865,1.0339888334274292,-5.560566425323486,0.0637155026197433,-6.41890811920166,-0.8203071355819702,-4.637853145599365,-1.676815152168274,-4.3136372566223145,-1.5584375858306885,-5.078653335571289,-2.530716896057129,-2.976445436477661,-0.5776628851890564
7,-115.83596801757812,113.74694061279295,1.848354458808899,13.788774490356444,-4.7979512214660645,28.191408157348636,-1.916099190711975,14.15044403076172,-2.955452442169189,5.328299522399902,-3.6414947509765625,2.6678178310394287,-8.474950790405273,0.5070846080780029,-7.817066669464111,-0.1357264816761016,-7.932717323303223,3.175626277923584,-8.33150863647461,6.021172523498535,-6.046929836273193,2.069912433624268,-2.27602767944336,1.8067446947097776,-3.268684864044189,1.7539868354797363,-4.68642520904541,0.4013269245624542,-5.358354091644287,-0.6341885328292847,-5.901328086853027,-0.7120639681816101,-4.463903903961182,-1.664101481437683,-4.790695667266846,-1.2390830516815186,-4.273443698883057,-2.264538049697876,-2.310136318206787,-0.8780374526977539
7,-125.65756225585938,116.84088134765624,5.096653938293457,11.881882667541504,-7.20550012588501,31.153472900390625,-3.606481313705444,15.17355251312256,-3.128304004669189,5.276244640350342,-5.963805198669434,0.8431465029716492,-8.308212280273438,-0.3546247780323028,-7.504065036773682,-0.5347161293029785,-9.309988021850586,4.587627410888672,-8.150066375732422,5.397002220153809,-5.090561389923096,1.809416890144348,-1.743026614189148,2.7812435626983643,-3.4686684608459477,2.495412349700928,-4.781758785247803,-0.2671360075473785,-4.961220264434815,-0.4583969414234161,-5.491828441619873,-1.629589319229126,-4.088709354400635,-2.704385757446289,-4.56016731262207,-2.906240940093994,-4.183965682983398,-2.3645386695861816,-2.382744312286377,-0.5822405219078064
7,-127.36965942382812,116.8009033203125,4.159127235412598,10.960593223571776,-7.637450695037842,30.369922637939453,-4.983644962310791,16.003995895385742,-3.954676628112793,5.15828800201416,-6.890011310577393,-0.0925311967730522,-8.111810684204102,-0.3946373164653778,-6.330860137939453,-0.5341516137123108,-9.314709663391112,4.672240734100342,-7.858752727508545,5.966058254241943,-4.385915279388428,1.195096731185913,-2.168552875518799,2.2045626640319824,-3.794610261917114,1.9008421897888184,-4.498530864715576,-0.255298376083374,-4.8288893699646,0.2928607165813446,-5.15234899520874,-1.9247171878814695,-4.229946613311768,-2.866602659225464,-4.882258415222168,-3.557983160018921,-4.466995716094971,-2.6651790142059326,-2.626506805419922,-0.2717994749546051
7,-126.9963836669922,113.03974151611328,5.322867393493652,12.297078132629396,-8.703014373779297,29.839937210083008,-4.38596248626709,15.42618179321289,-4.2534356117248535,3.7444581985473633,-5.356014251708984,0.475113183259964,-6.647157669067383,-0.367093950510025,-5.855644702911377,-0.7146865725517273,-9.829193115234377,5.41146993637085,-8.5006103515625,6.64508867263794,-5.182581901550293,0.4691362679004669,-2.828532218933105,2.0072946548461914,-3.225699186325073,1.3115267753601074,-4.869618892669678,-0.2988300621509552,-4.822828769683838,0.93877911567688,-5.1178083419799805,-1.14423406124115,-4.722238063812256,-2.9816484451293945,-4.41409969329834,-2.4932048320770264,-3.711717128753662,-2.6854710578918457,-2.688056230545044,-0.3712239265441894
7,-126.16542053222656,106.25198364257812,10.398314476013184,15.20132541656494,-10.814241409301758,30.19733428955078,-4.377342700958252,14.920974731445312,-3.1803112030029297,1.9138816595077517,-5.128010272979736,-0.511621356010437,-6.227138042449951,-1.0871920585632324,-5.961696624755859,-1.36378014087677,-11.7529935836792,6.667050838470459,-10.23359489440918,6.873976707458496,-6.744013786315918,1.6782242059707642,-2.4193115234375,1.8013015985488892,-1.063259243965149,0.7094594240188599,-4.213832378387451,-0.1731527000665664,-5.177975654602051,1.0093894004821775,-6.057636260986328,-0.9106485247612,-5.413275241851807,-3.8419175148010254,-4.969043731689453,-3.23354172706604,-4.68500566482544,-3.64526891708374,-4.379813194274902,-0.6449617743492126
7,-123.41571044921876,101.762939453125,13.470155715942385,16.684200286865234,-10.648088455200195,30.647777557373047,-5.82889986038208,15.760273933410645,-3.6665797233581534,3.065603017807007,-5.965794086456299,-0.6704354882240295,-7.09502649307251,-1.3783506155014038,-5.404613494873047,-1.5469629764556885,-11.634535789489746,6.976963520050049,-10.180288314819336,7.16619348526001,-6.209205150604248,1.54108726978302,-2.4752867221832275,0.8349392414093018,-0.7101069688796997,0.367279052734375,-3.3859338760375977,-0.0996972694993019,-6.742774486541748,1.3400845527648926,-7.248504161834717,-1.1931666135787964,-4.689220428466797,-3.9981651306152335,-4.67448616027832,-4.530351638793945,-4.849547386169434,-4.751826763153076,-4.472093105316162,-1.9138569831848145
7,-113.56353759765624,101.01428985595705,10.364151000976562,15.932388305664062,-9.63356590270996,30.3492431640625,-6.00362491607666,16.015954971313477,-5.685166358947754,3.897591829299927,-4.606461048126221,-0.0464982166886329,-7.186878204345703,-0.4797733724117279,-4.839739799499512,-1.1136205196380615,-11.449166297912598,6.827622413635254,-10.122321128845217,6.478982925415039,-4.9348673820495605,1.0207699537277222,-2.0685067176818848,0.0626735910773277,-1.5122886896133425,0.2896632254123688,-4.090173244476318,0.9258788228034972,-6.95590877532959,2.130800485610962,-7.49551248550415,-1.2785685062408447,-4.849658966064453,-4.518033027648926,-3.741231679916382,-5.00639009475708,-4.745593070983887,-4.796399116516113,-3.40005111694336,-2.295767307281494
7,-103.04800415039062,104.85317993164062,3.0056557655334477,13.270256996154783,-7.746209621429443,30.048120498657227,-6.275967597961426,15.430792808532717,-6.055221080780029,3.564439058303833,-4.0906596183776855,-0.5824662446975708,-6.885282039642334,-0.4085426926612854,-5.8009562492370605,-1.3667597770690918,-11.92707633972168,6.720685958862305,-10.69375228881836,6.007214069366455,-4.4492506980896,1.8756297826766968,-1.292441964149475,-0.1668646037578582,-1.1580228805541992,-0.1336022466421127,-4.099016189575195,1.721828579902649,-6.013429164886475,1.5168538093566897,-7.09853458404541,-0.9893719553947448,-5.038256168365479,-4.682235240936279,-3.805457353591919,-4.802914142608643,-4.941706657409668,-4.271369457244873,-3.4025018215179443,-1.1810661554336548
7,-134.6488037109375,120.66390228271484,7.670178890228271,19.633304595947266,-7.591276168823242,30.94608497619629,-4.192903518676758,15.98732852935791,-5.081471920013428,3.613225936889648,-4.084840297698975,-1.7454208135604858,-3.0757555961608887,-0.2455114871263504,-4.217673778533936,-0.4327741861343384,-8.734807968139648,6.520541667938232,-8.911405563354492,7.346332550048828,-5.314304828643799,0.0124261667951941,-0.9838135242462158,-0.4747182130813598,-0.7266333103179932,-0.249022826552391,-4.312197208404541,0.0861493349075317,-6.846843242645264,1.800939440727234,-6.8797287940979,0.6465606093406677,-5.268065929412842,-2.58233642578125,-3.169993162155152,-3.610226392745972,-3.744469165802002,-1.524704098701477,-3.05043625831604,1.3571312427520752
7,-103.3307647705078,113.1776351928711,-5.379266262054443,11.446741104125977,-4.471626281738281,30.216859817504883,-4.968883514404297,13.998817443847656,-6.326197147369385,3.985094785690308,-5.157820224761963,-0.9838083982467652,-6.485870838165283,-0.4125975668430328,-6.517582416534424,-1.3997403383255005,-10.998017311096191,6.035281658172607,-9.908174514770508,6.417826175689697,-3.614780902862549,0.8564599752426147,-1.403141736984253,0.1048680543899536,-1.245104193687439,0.5471794009208679,-3.2740883827209477,0.210604578256607,-5.939353466033936,0.4750925004482269,-6.450745105743408,-0.7709894180297852,-5.066988468170166,-3.73917818069458,-4.228264331817627,-3.9248876571655273,-5.057886600494385,-3.707023143768311,-3.785168647766113,-0.70057213306427
7,-121.56195831298828,119.89382934570312,-6.446799755096436,10.689199447631836,-4.604793071746826,30.393709182739254,-4.690642833709717,13.243102073669434,-6.973638534545898,3.946540594100952,-4.295674800872803,-0.9894936680793762,-7.626060009002685,-0.0998440533876419,-7.299461841583252,-0.8171877264976501,-11.143343925476074,5.9200439453125,-8.91227912902832,6.543959617614746,-2.751029253005981,-0.2481354773044586,-0.7885870337486267,0.4775494635105133,-1.1657466888427734,2.008000612258911,-3.025181293487549,0.2107476443052292,-5.888936996459961,0.4876081943511963,-6.9137773513793945,-1.197332501411438,-5.0979533195495605,-3.97737455368042,-3.992621421813965,-4.783708572387695,-5.919739723205566,-4.1985859870910645,-4.789216995239258,-1.005852460861206
7,-146.34112548828125,122.87232208251952,1.181589961051941,12.285073280334473,-8.096382141113281,32.33372497558594,-6.639240741729736,15.0949125289917,-8.304764747619629,2.91794753074646,-3.6207761764526367,-1.5401684045791626,-6.750049591064453,-1.2788599729537964,-7.012178897857666,-1.3000366687774658,-12.410906791687012,6.644704818725586,-8.577975273132324,6.3890485763549805,-3.0760343074798584,-0.6209279894828796,0.5740835666656494,-0.3086254596710205,-0.8588424324989319,1.0509353876113892,-4.009702682495117,1.4398229122161863,-6.6408233642578125,1.8338876962661743,-8.402634620666504,-1.381758689880371,-4.6758904457092285,-5.012623310089111,-3.611061334609986,-6.156907558441162,-5.848107814788818,-4.8565192222595215,-5.026423454284668,-0.9537357091903688
7,-149.2583770751953,122.53872680664062,6.212573051452637,15.246352195739746,-10.42206573486328,33.24456787109375,-6.684842586517334,14.922855377197266,-8.5154390335083,2.247088432312012,-3.81166672706604,-3.0199496746063232,-5.7923760414123535,-3.068042993545532,-6.370217323303223,-1.0681837797164917,-11.67570972442627,8.13927173614502,-8.617318153381348,6.231932163238525,-4.90994930267334,-0.8131591081619263,-0.1176011636853218,-1.0698693990707395,-0.3384459912776947,-0.97232186794281,-4.195206642150879,1.537248611450195,-7.680098056793213,2.225627899169922,-9.457619667053224,-0.9764583110809326,-5.320062637329102,-5.212943077087402,-4.357657909393311,-6.455818176269531,-6.446688652038574,-4.80264139175415,-6.177089214324951,-0.6676856875419617
7,-116.66629791259766,119.04857635498048,-2.1248412132263184,12.964160919189451,-8.517913818359375,29.12176513671875,-4.916182041168213,13.418157577514648,-8.196532249450684,4.419747352600098,-2.207814216613769,-3.5926852226257324,-6.317076683044434,-3.0876119136810303,-6.68416690826416,1.1576000452041626,-8.555243492126465,6.659152984619141,-8.280716896057129,5.673017501831055,-5.050787925720215,-1.2785334587097168,-1.924560546875,-1.1738537549972534,0.1024586334824562,-1.0259820222854614,-4.620424747467041,0.9467284679412842,-6.818531036376953,2.098334312438965,-9.937417030334473,-0.8898966312408447,-4.974574089050293,-4.290591716766357,-4.939994812011719,-5.807243824005127,-6.174529552459717,-4.983611583709717,-7.025798320770264,-0.8850904107093811
7,-105.0859375,117.1817398071289,-4.666759490966797,10.699813842773438,-9.284284591674805,27.660234451293945,-4.924505710601807,13.422101020812988,-8.193109512329102,4.094987869262695,-1.1890361309051514,-2.063901662826538,-5.983749866485596,-1.043154001235962,-4.940121650695801,1.439570069313049,-7.154942035675049,3.943871021270752,-8.728376388549805,6.061802387237549,-4.926780223846436,-0.5417086482048035,-2.8446083068847656,-0.6857941746711731,-1.4998271465301514,-0.1187800019979476,-4.838912487030029,-0.0755944028496742,-5.791360378265381,1.6215386390686035,-8.932908058166504,-1.2593449354171753,-5.43186092376709,-3.011326313018799,-5.563557624816895,-4.206097602844238,-5.4609198570251465,-4.778559684753418,-5.553739070892334,-1.0893964767456057
7,-120.31250762939452,115.05927276611328,5.63356876373291,12.343679428100586,-11.604751586914062,29.88610076904297,-6.908105850219727,13.968608856201172,-7.434496879577637,2.644228219985962,-3.3792223930358887,-0.7479541897773743,-7.782235145568848,1.051619291305542,-3.885884046554565,0.352224051952362,-7.008714199066162,2.5969221591949463,-7.631875514984131,5.602672100067139,-4.758612632751465,0.7864249348640442,-2.59872841835022,1.0071476697921753,-3.8671469688415527,0.8986215591430664,-5.272704124450684,-0.2098276168107986,-6.310673713684082,0.4767226278781891,-7.7309184074401855,-1.2781684398651123,-5.956115245819092,-2.8824234008789062,-5.887808799743652,-4.365745067596436,-4.865719318389893,-5.072122573852539,-4.038722038269043,-1.6127437353134155
7,-120.4921875,111.60883331298828,9.088586807250977,14.121187210083008,-9.234439849853516,28.881988525390625,-7.945525646209717,13.29486846923828,-6.506375312805176,4.004585266113281,-4.647853851318359,-1.143049716949463,-9.071523666381836,1.6015015840530396,-5.267377853393555,-0.8176429867744446,-6.972298622131348,1.874008655548096,-7.447334289550781,4.654890060424805,-3.80947470664978,0.3403591215610504,-1.8205903768539429,1.5766534805297852,-4.974422454833984,1.496715784072876,-5.8406171798706055,0.3644508719444275,-6.563300132751465,0.7708966135978699,-6.923810005187988,-1.306515336036682,-4.496977806091309,-2.589930295944214,-5.288238525390625,-4.6268630027771,-4.198899269104004,-5.602530956268311,-3.75112533569336,-1.887597918510437
7,-116.72828674316406,112.16333770751952,5.559943199157715,14.364848136901855,-6.272114276885986,27.44213104248047,-6.655398368835449,12.530309677124023,-5.652146339416504,4.147434711456299,-2.9065535068511963,-1.5882587432861328,-9.682302474975586,1.7465132474899292,-6.727153778076172,-3.0609593391418457,-7.855442047119141,2.1470632553100586,-10.218021392822266,5.662519931793213,-4.0837883949279785,-0.959178864955902,-2.486679553985596,2.2230656147003174,-5.46221399307251,2.512318849563598,-4.964474201202393,-0.0290100891143083,-5.763742923736572,1.407784342765808,-5.60542631149292,-2.095916509628296,-3.9529154300689697,-2.1384565830230717,-5.618801116943359,-3.1092119216918945,-3.969479560852051,-4.818975448608398,-3.068397045135498,-1.960723161697388
7,-115.3377456665039,115.63735961914062,0.7930396795272827,13.13314151763916,-5.3196539878845215,26.938859939575195,-5.063892841339111,12.968024253845217,-5.976328372955322,4.00206470489502,-2.4176900386810303,-0.8431041836738586,-10.106184005737305,2.0209028720855717,-7.569103240966797,-3.96938157081604,-8.196962356567383,2.3293910026550293,-9.882104873657228,6.057504177093506,-4.910953044891357,-0.7547826170921326,-3.7542483806610103,3.0753262042999268,-5.535904407501221,3.106074094772339,-4.780530452728272,0.9537705183029176,-4.859218120574951,0.953605055809021,-5.399691581726074,-2.5386979579925537,-4.919243812561035,-2.587184429168701,-6.513529300689697,-2.284717798233032,-3.415525197982788,-3.678591012954712,-2.346553325653076,-2.4079153537750244
7,-130.46946716308594,119.9372100830078,5.837026596069336,20.361276626586918,-8.21585464477539,30.81206512451172,-5.751720428466797,15.653800010681152,-4.873010158538818,2.760906219482422,-2.475088119506836,-1.4674361944198608,-1.574787974357605,0.047516044229269,-3.648667573928833,0.9408339858055116,-9.080869674682615,6.486454963684082,-8.611040115356445,7.881788730621338,-4.628923416137695,0.736294686794281,0.5005658268928528,0.0307585876435041,0.8285011053085327,-0.0416996031999588,-4.318140983581543,-0.3161711990833282,-7.872758865356445,1.5319117307662964,-7.836586475372314,0.8996548652648926,-4.728840351104736,-2.098742246627808,-3.1617047786712646,-3.5310020446777344,-3.2604782581329346,-1.2613308429718018,-4.475272178649902,0.9346904158592224
7,-118.3858413696289,118.3506851196289,0.3914478719234466,10.657662391662598,-4.688549041748047,28.44561767578125,-5.650390625,12.641618728637695,-5.416993618011475,3.727199077606201,-3.787877798080444,0.6705361604690552,-8.832180976867676,0.9166126847267152,-8.15937328338623,-3.77659010887146,-8.563511848449707,2.507171392440796,-8.085010528564453,5.393413066864014,-5.527469635009766,0.9698096513748168,-3.8038675785064697,2.224813222885132,-5.878705978393555,2.417945146560669,-7.087210655212402,0.8317813873291016,-5.50006628036499,-0.055336307734251,-5.679843425750732,-2.547534942626953,-5.431036472320557,-2.1204304695129395,-6.694113731384277,-3.506307363510132,-3.955355882644653,-3.7726449966430655,-2.186098337173462,-2.5084598064422607
7,-122.3261260986328,119.52298736572266,0.2858592867851257,10.750900268554688,-3.8080251216888423,28.968854904174805,-5.6955742835998535,12.651107788085938,-4.876485824584961,4.163680553436279,-4.641047477722168,0.9949623942375184,-9.88131332397461,0.6088597774505615,-7.888130187988281,-3.310627222061157,-8.61501407623291,2.334698438644409,-8.05542278289795,5.464822769165039,-6.008234977722168,1.330724835395813,-4.774921417236328,1.5767148733139038,-6.229543685913086,2.3204824924468994,-8.094256401062012,-0.0028880566824227,-6.952075958251953,-0.7868490219116211,-6.199406623840332,-2.5301997661590576,-5.377261638641357,-1.358753681182861,-5.720462322235107,-3.3619656562805176,-3.894928455352783,-3.393562793731689,-1.2663562297821045,-2.470872163772583
7,-130.8630828857422,120.02659606933594,5.426308155059815,18.984146118164062,-4.997106075286865,28.52158546447754,-5.043721675872803,15.515433311462402,-5.298233985900879,5.806821823120117,-3.473209857940674,2.038069248199463,-3.564640522003174,3.176701068878174,-5.47974157333374,0.738775372505188,-8.236713409423828,3.8990237712860103,-6.171513080596924,5.3913679122924805,-3.3467538356781006,0.4489762783050537,-0.2342979162931442,1.4260365962982178,-1.504647135734558,1.8301695585250852,-5.370040893554688,-0.0677144229412078,-7.735989570617676,0.4610032141208648,-6.176112651824951,-0.5249404311180115,-3.048600673675537,-1.587199091911316,-2.2067365646362305,-2.53065824508667,-3.365992307662964,-1.4847960472106934,-3.3409762382507324,-0.1665163934230804
7,-123.0171356201172,114.41381072998048,8.465167999267578,17.43471336364746,-3.15307092666626,29.54243278503418,-5.699361801147461,16.385347366333008,-5.112106323242188,7.4152021408081055,-4.1093854904174805,2.499922752380371,-4.4832305908203125,2.472891330718994,-7.630469799041748,1.4319292306900024,-9.823482513427734,4.149791717529297,-6.807402610778809,5.424872398376465,-2.8097524642944336,-1.1584635972976685,-0.6813846230506897,0.8043213486671448,-1.8471829891204836,2.4195032119750977,-4.044607162475586,0.9168255925178528,-6.517242431640625,1.966313123703003,-4.7946648597717285,-0.408458411693573,-1.2795964479446411,-2.283970355987549,-1.0709739923477173,-2.5004653930664062,-2.9175405502319336,-2.271343231201172,-2.9835214614868164,-0.0379201211035251
7,-116.9734344482422,109.79723358154295,8.538002967834473,16.954553604125977,-5.136832237243652,32.141387939453125,-7.866426944732666,16.23484992980957,-4.500991344451904,6.139244079589844,-3.32204008102417,-0.3529589772224426,-3.1748857498168945,-1.7849385738372805,-7.252945423126221,2.099369525909424,-12.171366691589355,7.959819793701172,-10.059494018554688,7.337630748748779,-4.242489337921143,-1.4565197229385376,0.1459152996540069,-0.9676031470298768,0.9587762951850892,0.3754180371761322,-1.3511557579040527,1.8493049144744875,-5.895866394042969,3.91597056388855,-6.564278602600098,0.9807330965995787,-1.6051441431045532,-3.5211069583892822,-1.3804922103881836,-3.2321889400482178,-2.9630205631256104,-2.464839220046997,-3.59475326538086,1.368741154670715
7,-116.06383514404295,108.62899780273438,6.178159236907959,14.001967430114746,-7.960113525390625,31.89682960510254,-8.032496452331543,15.61906909942627,-4.839418411254883,5.383910655975342,-5.796805381774902,-0.6114001274108887,-3.713191270828247,-2.8808577060699463,-6.132150650024414,1.7913395166397097,-12.68325901031494,7.91997480392456,-10.742656707763672,6.68679666519165,-4.314935207366943,-2.182785749435425,-0.6443858742713928,-1.8605389595031736,0.3166100084781647,-1.160276174545288,-2.5825271606445312,1.4769327640533447,-6.748676300048828,3.921177864074707,-7.674188137054443,0.4833269119262695,-2.193894624710083,-4.199228763580322,-1.7014769315719604,-3.553794860839844,-2.4982786178588867,-2.22542142868042,-3.0654408931732178,1.789800047874451
7,-110.10010528564452,106.103515625,7.506584644317627,12.588349342346191,-9.832772254943848,31.411996841430664,-6.489015579223633,16.012771606445312,-3.885734081268311,6.12173318862915,-6.112188816070557,0.0683846473693847,-3.924497842788696,-1.922385811805725,-6.091325759887695,0.989392340183258,-12.433128356933594,7.232670783996582,-11.237319946289062,6.150819778442383,-4.649276256561279,-1.7742676734924316,-1.582508563995361,-0.9746448397636414,-0.2756471037864685,-0.2110563665628433,-3.681752920150757,0.3275979161262512,-7.169360160827637,3.06662392616272,-6.904495716094971,-0.3988025188446045,-3.5379631519317627,-4.509827136993408,-2.251676082611084,-3.5701301097869877,-2.6145153045654297,-1.8605141639709477,-3.233980655670166,0.9368990063667296
7,-109.42912292480467,106.4786148071289,6.896894931793213,13.613754272460938,-9.34359073638916,30.38849449157715,-5.089080333709717,14.777304649353027,-3.1563940048217773,4.834196090698242,-4.918883800506592,-0.0630814358592033,-4.486479759216309,-1.784788966178894,-5.432372570037842,0.1558707952499389,-12.3801908493042,6.799594402313232,-11.086836814880373,6.3867716789245605,-5.650725841522217,-0.4012261927127838,-2.4801948070526123,-0.4596257209777832,-0.9710462093353271,1.1477473974227903,-3.283496618270874,-1.127484917640686,-6.348859786987305,1.1467270851135254,-6.695209980010986,-0.5717650055885315,-4.813220500946045,-3.691881895065308,-3.4630088806152344,-3.485137701034546,-3.5417768955230717,-1.395211100578308,-3.0995123386383057,0.3691812753677368
7,-131.55340576171875,107.84909057617188,15.30539321899414,15.711578369140623,-13.904596328735352,32.94306182861328,-7.421779155731201,17.352136611938477,-7.904430389404297,1.8649144172668457,-1.9914017915725708,-1.315049648284912,-3.4776434898376465,-2.4159305095672607,-4.901866912841797,-0.5992836952209473,-13.206746101379396,8.582493782043457,-11.176636695861816,7.440666675567627,-5.421391487121582,1.0739998817443848,-0.7902942895889282,-2.1025545597076416,0.0117966150864958,-3.19258189201355,-3.874032497406006,-0.8277917504310608,-8.141178131103516,0.5391970872879028,-8.476919174194336,-1.19868266582489,-4.717276573181152,-2.295567035675049,-2.348393201828003,-3.761147975921631,-4.601212501525879,-3.023833990097046,-5.428401470184326,0.6089296936988831
7,-124.9416961669922,110.86969757080078,12.004149436950684,13.087244033813477,-13.349420547485352,32.58484649658203,-7.366069793701172,17.017593383789062,-8.151823043823242,1.356400728225708,-1.6541719436645508,-1.0541281700134275,-4.557730197906494,-2.1178197860717773,-4.506406307220459,-1.0690248012542725,-12.375174522399902,7.657201290130615,-10.702550888061523,7.890347003936768,-4.898910999298096,1.490364909172058,-1.0639928579330444,-1.1724820137023926,-0.2736337184906006,-2.1342384815216064,-4.514042854309082,-1.4203641414642334,-8.172048568725586,0.7520230412483215,-9.34543514251709,-0.3030711412429809,-3.702027797698975,-2.17261815071106,-1.867105484008789,-2.771976947784424,-4.2831645011901855,-3.758442640304565,-5.552193641662598,0.4404104650020599
7,-112.41658782958984,122.35945129394533,-5.752618312835693,9.230964660644531,-7.915798187255859,28.43431663513184,-11.468470573425291,11.739481925964355,-7.92673397064209,6.452051162719727,-4.195465087890625,-0.3534017503261566,-8.112496376037598,-0.0798692181706428,-4.412310123443604,-0.094406634569168,-8.628414154052734,4.821440696716309,-8.154346466064453,5.378028392791748,-3.961541414260864,1.9162853956222532,-2.189914464950561,-0.0247690714895725,-2.0370402336120605,-1.2150059938430786,-4.5599141120910645,-1.371329426765442,-6.012234687805176,0.6601971387863159,-7.00777530670166,-0.7882850766181946,-5.170377731323242,-1.5321481227874756,-4.371502876281738,-2.3059756755828857,-4.853631496429443,-2.0249361991882324,-4.033279895782471,0.454054981470108
7,-120.79492950439452,112.34334564208984,8.237316131591797,10.750565528869627,-12.400712013244627,32.420494079589844,-6.981817245483398,16.0743408203125,-8.057910919189453,2.5748610496521,-2.856328010559082,0.4543132483959198,-5.730016708374023,-1.2631640434265137,-3.549206018447876,-0.2354668378829956,-10.629965782165527,8.064791679382324,-9.958386421203612,8.529030799865723,-4.122591018676758,1.7848860025405884,-1.4398308992385864,-0.5855469703674316,-0.6854925155639648,-0.925479769706726,-4.700233936309815,-2.151628255844116,-6.854523181915283,0.4536344408988952,-9.118704795837402,-0.2188339233398437,-3.9438636302948,-1.6931560039520264,-2.589509963989258,-2.9734091758728027,-4.3616623878479,-3.924362182617188,-4.603277683258057,-0.5930899381637573
7,-122.35205841064452,115.9759521484375,4.969131946563721,11.98570728302002,-11.09395980834961,31.304428100585938,-8.399543762207031,14.405831336975098,-7.51773738861084,3.7596724033355713,-3.042304754257202,-0.7725810408592224,-7.612819194793701,-0.6795428395271301,-4.217874526977539,-0.27728071808815,-9.085247039794922,5.986565113067627,-8.378389358520508,7.162277221679688,-3.999652147293091,1.922942280769348,-1.697219967842102,-0.3158407211303711,-1.6719887256622314,-0.890950620174408,-6.000601291656494,-1.5741077661514282,-6.9291510581970215,-0.1891873031854629,-8.497757911682129,-0.8917554616928101,-5.129432678222656,-1.2560973167419434,-4.063527584075928,-2.709782361984253,-4.18111515045166,-2.6561813354492188,-4.145310878753662,-1.9568686485290527
7,-115.46324157714844,118.02903747558594,3.08876633644104,13.31338882446289,-10.473962783813477,29.70522689819336,-9.832149505615234,13.539172172546388,-6.886701583862305,3.992930173873901,-2.847501039505005,-2.517732620239258,-8.760976791381836,-1.237374782562256,-4.96919584274292,-1.277377367019653,-8.754569053649902,4.135740756988525,-7.823842525482178,6.109612941741943,-4.555785655975342,1.8593947887420652,-1.426597237586975,-0.2492262721061706,-2.9339423179626465,-0.9208528399467468,-6.2813825607299805,-0.978776514530182,-7.147701740264893,-0.3354921340942383,-8.312503814697266,-0.9088520407676696,-5.192681312561035,-2.0113749504089355,-4.960327625274658,-3.193501234054565,-4.713425636291504,-2.4699301719665527,-3.8150670528411865,-2.225682497024536
7,-109.28913116455078,118.08238983154295,3.0662567615509038,13.298483848571776,-10.334720611572266,28.855344772338867,-10.671238899230955,12.179281234741213,-6.808157920837402,4.380618572235107,-4.018048286437988,-2.5238940715789795,-9.049896240234377,-1.251861572265625,-4.895549297332764,-0.4977625012397766,-8.315221786499023,5.487656593322754,-8.3457612991333,6.758827209472656,-4.397769451141357,1.939974904060364,-1.684525728225708,-0.2172303795814514,-2.7214555740356445,-1.3961443901062012,-5.82691764831543,-0.8823683261871338,-6.586709499359131,-0.4133597016334533,-8.094511032104492,-0.6528394222259521,-4.956089496612549,-2.234830379486084,-5.348042011260986,-3.216156244277954,-5.270785331726074,-2.7203195095062256,-3.894487142562866,-1.9470585584640503
7,-108.72435760498048,121.00467681884766,2.7830636501312256,12.448044776916504,-10.825201988220217,28.05056381225586,-11.687820434570312,10.226032257080078,-8.251927375793457,3.078080654144287,-5.26856803894043,-1.972056865692139,-9.113459587097168,-0.8904179334640503,-4.489256381988525,1.2788575887680054,-6.583060264587402,7.3484110832214355,-6.05373477935791,7.912541389465332,-3.530632972717285,2.209977865219116,-2.319450616836548,-0.2571193277835846,-2.7561111450195312,-1.704433560371399,-6.111904621124268,-1.12249755859375,-5.869023323059082,-0.331185519695282,-7.906499862670898,-1.2243880033493042,-4.957419395446777,-1.1437602043151855,-4.407641410827637,-2.2444369792938232,-4.561383724212647,-2.2807321548461914,-3.94222903251648,-1.4907920360565186
7,-105.07706451416016,123.81121063232422,-0.2043100744485855,11.70057773590088,-11.255539894104004,28.13176727294922,-11.889518737792969,9.95901584625244,-10.916210174560549,1.034941792488098,-5.1830573081970215,-1.3258126974105835,-9.161023139953612,-1.4600099325180054,-3.942102432250977,2.250141143798828,-6.3281426429748535,7.7969207763671875,-4.564525127410889,7.972987174987793,-3.863851308822632,2.1449496746063232,-2.296151638031006,-1.1518961191177368,-2.896013736724853,-1.877110838890076,-6.463522911071777,-0.7113245725631714,-5.888429164886475,-0.2993569672107696,-8.057099342346191,-1.1428420543670654,-5.145710468292236,-1.2379827499389648,-3.384158134460449,-1.3386561870574951,-4.294940948486328,-2.412106990814209,-4.4761643409729,-1.135038137435913
7,-101.5675048828125,123.25157928466795,-2.697461605072021,10.275774002075195,-9.443306922912598,29.292341232299805,-11.602372169494627,10.084007263183594,-10.3674898147583,3.0979998111724854,-4.543875694274902,-1.2612073421478271,-8.787810325622559,-2.037339448928833,-4.087620735168457,1.2171183824539185,-7.913129806518555,7.541010856628418,-6.241612434387207,6.939597129821777,-4.511287212371826,1.5450139045715332,-1.9309413433074951,-1.566115140914917,-1.7960392236709597,-1.9766901731491089,-5.384157180786133,-0.381350040435791,-5.685623645782471,0.4404153227806091,-7.750545978546143,-0.3959605991840362,-4.924966335296631,-1.7487249374389648,-3.234981060028076,-1.1976220607757568,-4.165584564208984,-1.9057791233062744,-4.801097393035889,-0.9219226241111756
7,-103.36052703857422,122.41023254394533,-6.391291618347168,8.814050674438477,-7.950968742370605,29.18522453308105,-11.43752670288086,10.542560577392578,-8.41158676147461,5.818231582641602,-4.583017349243164,-1.28844952583313,-8.131491661071777,-1.3811100721359253,-4.833237648010254,0.1496569067239761,-9.449352264404297,6.432490348815918,-7.995725631713867,6.173145294189453,-4.626054763793945,1.4608993530273438,-2.234361410140991,-0.5079017877578735,-1.7011383771896362,-1.633759617805481,-4.2219414710998535,-0.8995099663734436,-5.755163669586182,1.6113330125808716,-7.040951251983643,-0.4597764313220978,-5.13027811050415,-1.6712366342544556,-3.924838304519653,-2.1719157695770264,-4.165546417236328,-1.756298303604126,-4.632612705230713,-0.3306519389152527
7,-115.46529388427734,119.48352813720705,-1.3409030437469482,11.800741195678713,-9.89411735534668,31.35367584228516,-11.663091659545898,13.200397491455078,-7.315417766571045,2.83522891998291,-2.8075857162475586,-2.215292453765869,-6.39330005645752,-1.068031668663025,-3.870961427688599,-1.8551298379898071,-9.851325988769531,6.302991390228272,-10.71560287475586,5.002224445343018,-4.786134243011475,1.5872269868850708,-0.2649695873260498,0.8180297017097473,0.3140406608581543,0.0987326577305793,-3.302696704864502,1.657080888748169,-5.694754123687744,3.04372239112854,-5.257751941680908,2.0276217460632324,-3.294090747833252,-0.6801197528839111,-1.7898290157318115,-1.5051170587539673,-1.693966031074524,-1.161797285079956,-3.121340274810791,1.4496701955795288
7,-111.3422622680664,121.47052001953124,-1.8998292684555051,13.412897109985352,-7.441782474517822,30.305099487304688,-10.222561836242676,14.832633972167969,-5.672971725463867,5.492358207702637,-2.188454389572144,-0.4876727163791656,-6.584843635559082,0.2882698476314544,-3.021090269088745,-0.2310578227043151,-8.078845024108887,6.264575004577637,-9.189538955688477,5.935197830200195,-3.4425408840179443,2.8955342769622803,-1.2556792497634888,0.9228608012199402,-1.1178122758865356,-0.5393989682197571,-4.181986331939697,-0.0645493119955062,-6.673065185546875,1.8259644508361816,-6.247409820556641,1.002446532249451,-3.5280210971832275,-0.8231136798858643,-2.2717859745025635,-1.326153039932251,-2.142977476119995,-1.8511794805526731,-3.144200563430786,1.1749211549758911
9,-212.07199096679688,128.10684204101562,29.520017623901367,12.726327896118164,-8.049177169799805,13.01638126373291,-4.0431437492370605,-1.0370867252349854,23.827396392822266,-15.404309272766112,30.850811004638672,-8.597404479980469,2.3481502532958984,12.197436332702637,-10.844482421875,15.559440612792969,-0.398998886346817,-7.352354049682617,3.4763925075531006,-6.751885414123535,-8.340399742126465,4.224123001098633,-10.015849113464355,13.497729301452637,-12.880329132080078,13.61314582824707,-5.423773765563965,5.899598121643066,-7.17655611038208,6.388036727905273,-6.534523963928223,1.1350204944610596,-3.008723020553589,0.4001241624355316,-6.7539963722229,5.367636203765869,-4.189151763916016,6.071871757507324,-6.021866798400879,5.460770130157471
9,-212.37701416015625,128.03553771972656,28.13843536376953,12.807354927062988,-7.363119125366211,14.3206205368042,-2.3222522735595703,-0.8455660343170166,24.44274139404297,-15.151970863342283,29.635047912597656,-9.546542167663574,3.094921350479126,13.295051574707031,-10.778282165527344,16.732818603515625,-0.7638518810272217,-7.84986686706543,4.77388334274292,-6.875617980957031,-8.97016429901123,5.6250410079956055,-9.827825546264648,12.432510375976562,-13.292579650878906,13.172036170959473,-6.030857086181641,5.671387672424316,-7.314977169036865,6.870205879211426,-4.944247722625732,0.3988277316093445,-2.6156740188598637,1.3195483684539795,-6.851613521575928,4.157040119171143,-3.331296682357788,6.567498683929443,-6.313586711883545,6.167168617248535
9,-214.7357940673828,129.42323303222656,33.03290939331055,16.434682846069336,-4.696627616882324,19.430482864379883,-1.1565622091293335,-2.7669951915740967,21.089046478271484,-20.30867576599121,25.39066505432129,-10.246541023254396,0.5433584451675415,11.230977058410645,-13.556034088134766,12.64328670501709,-1.5501952171325684,-6.186614990234375,4.497951030731201,-5.296334266662598,-7.057661056518555,2.7974448204040527,-10.337642669677734,11.633265495300291,-14.975156784057615,12.675451278686523,-7.641024589538574,2.977660894393921,-6.924132823944092,6.037482738494873,-7.875075340270996,1.3342114686965942,-3.2444725036621094,0.2807281017303467,-4.366622447967529,5.215883731842041,-5.409024238586426,5.874372005462647,-6.178103923797607,5.266918182373047
9,-220.91542053222656,123.0271987915039,31.663503646850582,14.273496627807615,-4.7636027336120605,22.23531723022461,-2.374594688415528,-0.8310070633888245,21.09529685974121,-17.573806762695312,28.121286392211918,-8.664549827575684,2.3194475173950195,11.847373962402344,-13.17036247253418,12.498190879821776,0.009297034703195,-4.9717698097229,6.037100791931152,-4.335102081298828,-7.705967426300049,3.449018239974976,-12.985560417175291,12.998449325561523,-12.76252269744873,13.679667472839355,-6.739047527313232,5.933647155761719,-4.559931755065918,6.596683025360107,-5.744936466217041,1.3041025400161743,-1.2263975143432615,0.5298258066177368,-5.984504699707031,4.624876022338867,-5.830512046813965,4.896727085113525,-5.397709369659424,5.819947719573975
8,-429.2786865234375,142.45681762695312,20.76303100585937,28.7871036529541,9.016486167907717,15.009889602661133,6.428082942962647,14.823509216308594,2.632707118988037,7.371975898742676,0.9713082909584044,7.833247661590576,2.917233943939209,10.201181411743164,4.738300323486328,7.632855415344238,-1.427598237991333,3.7952146530151367,-0.741757869720459,7.32737922668457,1.4695607423782349,5.324206829071045,-0.1356019079685211,5.695971012115479,2.804999828338623,9.280658721923828,4.125054359436035,6.161579608917236,-0.5536162257194519,2.0402352809906006,-2.654990196228028,1.2487736940383911,-0.7948747873306274,2.8673324584960938,-0.7288445234298706,1.4902310371398926,-1.240795373916626,1.0673298835754397,-2.569779396057129,-1.6233700513839722
8,-433.4245910644531,135.39024353027344,19.473045349121094,33.339935302734375,13.113066673278809,15.957595825195312,5.605538368225098,12.58719253540039,0.9553247094154358,7.786006450653076,3.2425668239593506,9.436107635498049,4.265280723571777,9.963485717773438,4.183954238891602,8.463469505310059,0.74040687084198,4.172854900360107,-0.3996962606906891,6.275750637054443,1.709363341331482,7.76364803314209,3.205294132232666,6.9250006675720215,2.9236514568328857,8.267230987548828,2.9685115814208984,4.182247638702393,-0.4057067632675171,2.8089230060577397,-1.4292598962783811,2.6767358779907227,0.2571921348571777,3.681328058242798,-0.0893875360488891,2.914659023284912,0.9708349108695984,2.597118377685547,-1.555287480354309,-0.9881607890129088
8,-433.3524169921875,135.3700408935547,19.790307998657227,33.219635009765625,13.287267684936523,15.793437004089355,5.687020301818848,12.490702629089355,1.056438446044922,7.669830322265625,3.447608470916748,9.233101844787598,4.098651885986328,9.448944091796877,4.110132694244385,8.188014030456543,0.8718720078468323,4.0053229331970215,-0.2623222768306732,6.333091735839844,2.008479595184326,7.86367654800415,3.476814746856689,6.973606109619141,3.080803871154785,8.28588581085205,3.1370835304260254,4.210973262786865,-0.1223132163286209,2.8407113552093506,-1.220887303352356,2.5992352962493896,0.3637357354164123,3.5805184841156006,0.1278738975524902,2.8799848556518555,0.9405030608177184,2.281904458999634,-1.6891762018203735,-1.129629373550415
8,-433.3862915039063,135.4749755859375,19.556983947753903,33.0499267578125,13.15017795562744,15.875967025756836,5.887207508087158,12.55308437347412,0.8296611905097961,7.717368602752685,3.361250400543213,9.303211212158203,4.152889251708984,9.46800422668457,3.8070147037506095,7.97791576385498,0.7036747336387634,4.352574825286865,-0.3558227717876434,6.178689956665039,1.8838257789611816,7.938857555389404,3.320796489715576,7.334256649017334,3.419973373413086,8.518510818481445,2.9588584899902344,4.113925933837891,-0.3650871813297272,2.884265661239624,-1.157158613204956,2.5262198448181152,0.0463845692574977,3.200138092041016,-0.3604758381843567,2.762979745864868,0.8636590838432312,2.380025863647461,-1.6672009229660034,-1.158344268798828
8,-433.4169006347656,135.42271423339844,19.49956512451172,33.04180145263672,13.194432258605955,15.92385959625244,5.837371349334717,12.500462532043455,0.8680230975151062,7.78707218170166,3.1908082962036133,9.45207405090332,4.378139019012451,9.76008129119873,3.931740760803223,8.209199905395508,0.6868137717247009,4.5785746574401855,-0.3461839854717254,6.040013790130615,1.512604594230652,7.637620449066162,2.9458892345428467,7.088329315185547,3.147488832473755,8.441649436950684,2.651560068130493,3.81660795211792,-0.6478837132453918,2.766106128692627,-1.4290432929992676,2.2538530826568604,-0.2806997895240783,3.1400182247161865,-0.4378625154495239,2.8899471759796143,0.9413514137268066,2.55723237991333,-1.5614219903945925,-1.1648503541946411
8,-433.38519287109375,135.58924865722656,20.032054901123047,33.48112106323242,13.485569953918455,16.137868881225586,6.021644592285156,12.70548152923584,1.0194765329360962,7.829244136810303,3.052293300628662,9.131733894348145,4.027005672454834,9.49264430999756,4.068403720855713,8.016477584838867,0.5702898502349854,4.211067199707031,-0.0753941163420677,5.923076152801514,1.605892777442932,7.605434894561768,3.1158180236816406,7.197458744049072,3.010946035385132,7.985342979431152,2.863541603088379,3.8201403617858887,-0.7409672141075134,2.5620248317718506,-1.2690154314041138,2.4005889892578125,0.1131425127387046,3.216681957244873,-0.2451155930757522,2.6754136085510254,1.0122729539871216,2.627272129058838,-1.1813608407974243,-0.8839735984802246
8,-433.2369384765625,135.68081665039062,20.113262176513672,33.40595626831055,13.495055198669434,16.064777374267578,6.077618598937988,12.738343238830566,1.03210711479187,7.806181907653809,3.2783775329589844,8.945892333984375,3.755703449249268,9.125950813293455,3.911779165267944,7.855428695678711,0.6200041770935059,3.951789379119873,-0.2051238417625427,6.100884437561035,2.046567678451538,7.929789066314697,3.461085796356201,7.335700511932373,3.2551255226135254,8.18714427947998,3.223017454147339,4.168585777282715,-0.3362661600112915,2.6980185508728027,-1.11229145526886,2.65061616897583,0.3442475497722626,3.2660765647888184,-0.1843521893024444,2.539191961288452,0.87875896692276,2.4720232486724854,-1.276113748550415,-0.9216647148132324
8,-433.3048706054688,135.46958923339844,19.816057205200195,33.49576568603516,13.410030364990234,15.894293785095217,5.7656569480896,12.450532913208008,0.6634817123413086,7.805727481842041,3.206691265106201,9.00747013092041,3.791250705718994,9.559826850891112,3.9667930603027344,8.331308364868164,0.7183314561843872,4.216519832611084,-0.3581418991088867,6.028645038604736,1.769120454788208,7.741750240325928,3.235480070114136,7.123631000518799,2.9382011890411377,8.387842178344727,3.275702476501465,4.327454090118408,-0.4480447471141815,2.6194658279418945,-1.332286357879639,2.564732313156128,0.2128462344408035,3.397114515304565,-0.2825525403022766,2.634748697280884,0.7796178460121155,2.636946439743042,-1.3513938188552856,-1.001302719116211
8,-433.6061096191406,135.4593963623047,19.544044494628903,33.62308120727539,13.19789218902588,15.748458862304688,5.736408710479736,12.745954513549805,0.901555597782135,7.976073741912842,3.125642776489258,9.299971580505373,4.190310478210449,10.024288177490234,4.118615627288818,8.409448623657227,0.5972703099250793,4.408385753631592,-0.2786531150341034,6.191163539886475,1.5354533195495603,7.781045436859131,2.9733693599700928,7.022603988647461,3.0358686447143555,8.25740909576416,2.7475430965423584,4.057656288146973,-0.6090453267097473,2.752350330352783,-1.42951762676239,2.4434168338775635,-0.0132839856669306,3.640660285949707,-0.3203539550304413,2.773872137069702,0.9318114519119264,2.725684404373169,-1.4606521129608154,-0.9838433265686036
8,-433.43505859375,135.1996307373047,19.489200592041016,33.05265426635742,13.149913787841797,15.836249351501465,5.769299030303955,12.389628410339355,0.964592218399048,7.628993511199951,3.222198009490967,9.504877090454102,4.464862823486328,9.832992553710938,4.354374885559082,8.438167572021484,0.8922211527824402,4.116150856018066,-0.3750248849391937,6.169722080230713,1.7285964488983154,7.612845420837402,3.3077597618103027,7.031360149383545,3.119456052780152,8.221599578857422,2.947394132614136,4.0593743324279785,-0.2774122357368469,2.7543177604675293,-1.4457013607025146,2.496634006500244,0.2496564090251922,3.5455596446990967,-0.0526620596647262,2.894310712814331,1.0715526342391968,2.4884512424468994,-1.6620324850082395,-1.1926875114440918
8,-433.25335693359375,136.5972900390625,20.12420082092285,31.36709976196289,11.980507850646973,15.557076454162598,6.32913875579834,13.23768138885498,2.634417772293091,8.373941421508789,3.3493571281433105,7.881925582885742,3.1139652729034424,10.11970043182373,4.972414016723633,7.5992608070373535,-0.5768042802810669,4.003799915313721,-0.1060205325484275,6.59940767288208,2.026350498199463,6.2500834465026855,2.0789947509765625,6.49791145324707,3.317704677581787,8.307352066040039,3.7495412826538086,5.079390048980713,0.4972518384456634,2.4969403743743896,-2.019282817840576,1.1819442510604858,0.1986339390277862,3.165423631668091,-0.5813168883323669,1.1197739839553833,-0.5881397128105164,1.4898914098739624,-1.6495879888534546,-1.5367501974105835
8,-433.221923828125,135.62554931640625,19.891223907470703,33.30363082885742,13.430596351623535,15.98317527770996,6.149337291717529,12.70090389251709,1.0061360597610474,7.803470134735107,3.389775514602661,9.21627426147461,4.040963172912598,9.424418449401855,3.9229447841644287,8.003318786621094,0.6781574487686157,4.264804363250732,-0.2539491653442383,5.9867844581604,1.7910417318344116,7.868691921234131,3.1777946949005127,7.1419358253479,3.0912065505981445,8.242149353027344,2.9157214164733887,3.8961682319641113,-0.4840696454048157,2.728034496307373,-1.0524449348449707,2.4222564697265625,-0.114744558930397,2.96040678024292,-0.4521341621875763,2.592602014541626,0.9299360513687134,2.3838040828704834,-1.7209097146987915,-1.263352394104004
8,-433.371826171875,135.4778289794922,19.75838279724121,33.120269775390625,13.328500747680664,15.925472259521484,5.893929481506348,12.59516143798828,1.0295462608337402,7.828413009643555,3.2583961486816406,9.150367736816406,4.171911239624023,9.539688110351562,4.04803991317749,8.097286224365234,0.735788881778717,4.248907089233398,-0.1804557889699936,5.905300617218018,1.4876610040664673,7.4591240882873535,3.081908941268921,7.163831233978272,3.169846296310425,8.223833084106445,2.757808208465576,3.7115068435668954,-0.7010639905929565,2.6212942600250244,-1.288554310798645,2.358967065811157,-0.0174018796533346,3.087279319763184,-0.3447544872760772,2.7635629177093506,1.0044448375701904,2.6247494220733643,-1.2659462690353394,-1.0516576766967771
8,-433.2738952636719,135.59446716308594,19.77096176147461,33.446781158447266,13.310572624206545,16.194095611572266,5.760898113250732,12.52850341796875,0.8515363931655884,7.903128623962402,2.9894087314605717,9.166126251220703,3.815028190612793,9.648001670837402,4.0389084815979,8.24142074584961,0.4940351247787475,4.24913501739502,-0.3201028108596802,6.059692859649658,1.6025644540786743,7.649253368377685,3.140354633331299,7.164053916931152,2.857496500015259,8.285970687866211,3.2596473693847656,4.269688129425049,-0.6503469347953796,2.5107245445251465,-1.5199306011199951,2.5605900287628174,0.0998931154608726,3.403970241546631,-0.3241128325462341,2.7611751556396484,0.8501976132392883,2.6971893310546875,-1.274146318435669,-0.769740104675293
8,-433.5390625,135.483154296875,19.88633346557617,33.419166564941406,13.317317962646484,15.673924446105955,5.796527862548828,12.445216178894045,0.6226385831832886,7.708779811859131,3.2586493492126465,8.88335132598877,3.893588542938232,9.444852828979492,3.8983075618743896,8.161075592041016,0.7443669438362122,4.035085678100586,-0.3239717781543731,6.109551906585693,1.906525492668152,7.877798557281494,3.1875476837158203,7.125193119049072,3.3167593479156494,8.55440902709961,3.2081997394561768,4.120983600616455,-0.137187972664833,2.949215173721313,-1.0534435510635376,2.636599063873291,0.3198942542076111,3.5033113956451416,-0.3489466309547424,2.532494068145752,0.880068302154541,2.648775339126587,-1.338129639625549,-1.172840595245361
8,-433.4090576171875,135.50302124023438,19.686872482299805,33.45201110839844,13.339072227478027,15.951942443847656,5.730478763580322,12.591187477111816,0.7872850894927979,7.852357864379883,3.2913944721221924,9.131500244140623,3.9265024662017822,9.557212829589844,3.960541009902954,8.306981086730957,0.7818678617477417,4.2007975578308105,-0.4295554757118225,6.156435012817383,1.8733935356140137,7.8169989585876465,3.169167280197144,7.032788276672363,3.112067699432373,8.339526176452637,3.0271949768066406,4.215795040130615,-0.2506066262722015,2.8615849018096924,-1.263345718383789,2.623420476913452,0.2071219235658645,3.5412817001342773,-0.1897815465927124,2.7485525608062744,0.9013094305992126,2.722620248794556,-1.313219666481018,-1.1427236795425415
8,-433.4734497070313,135.1969451904297,19.533615112304688,33.183597564697266,13.229310035705566,15.767539024353027,5.781519412994385,12.5831937789917,1.166312336921692,7.864275455474853,3.1827194690704346,9.273479461669922,4.259929180145264,9.78365707397461,4.293739795684815,8.356990814208984,0.7837979793548584,4.317484378814697,-0.1844745576381683,6.247714519500732,1.776289939880371,7.605985164642334,3.118771314620972,6.748279094696045,2.8687918186187744,8.124678611755371,2.777660131454468,3.872166633605957,-0.4107653796672821,2.592490673065185,-1.4632415771484375,2.294318914413452,0.0821083784103393,3.569024085998535,0.0568486489355564,2.8791370391845703,1.0908201932907104,2.4828312397003174,-1.6224552392959597,-1.1590346097946167
8,-433.5167236328125,135.29867553710938,19.234188079833984,32.999366760253906,12.929930686950684,15.950079917907717,5.680149078369141,12.399919509887695,0.7529638409614563,7.701246738433838,3.1005218029022217,9.65087890625,4.449436664581299,10.14642333984375,4.253236770629883,8.411264419555664,0.5481591820716858,4.445988655090332,-0.3757857084274292,6.3533616065979,1.6975905895233154,7.921229839324951,3.2091684341430664,7.121305465698242,3.0083515644073486,8.340032577514648,2.7203826904296875,4.01305627822876,-0.605262815952301,2.7985968589782715,-1.5320305824279783,2.384482383728028,-0.0391049124300479,3.406885862350464,-0.2911526560783386,2.8678274154663086,0.8640733957290649,2.4542105197906494,-1.8419039249420168,-1.0808464288711548
8,-433.2603759765625,135.41445922851562,19.774503707885746,33.04983139038086,13.221705436706545,15.86944580078125,5.934347152709961,12.412609100341797,0.8455972075462341,7.666712760925293,3.4463653564453125,9.363770484924316,4.355418682098389,9.59695529937744,4.005564212799072,7.972938537597656,0.7070860266685486,4.221696376800537,-0.2387117445468902,6.210697650909424,1.9417999982833865,7.972357749938965,3.5271100997924805,7.187082290649414,3.307378053665161,8.341535568237305,3.065340757369995,4.226462364196777,-0.2448346763849258,2.896388530731201,-1.1638212203979492,2.4693965911865234,0.163642019033432,3.3160879611968994,-0.1398373544216156,2.772078514099121,0.8786707520484924,2.355051755905152,-1.6263266801834106,-1.17207133769989
8,-431.6970825195313,136.56358337402344,19.91381072998047,32.82321548461914,13.197275161743164,15.46865940093994,5.952662944793701,12.54830551147461,1.6015111207962036,7.922322273254394,3.965410709381104,9.295104026794434,4.120968341827393,9.478641510009766,4.277537822723389,8.106796264648438,0.690731406211853,4.128026962280273,-0.3438746631145477,6.002899169921875,1.901302456855774,7.493467330932617,3.203246116638184,6.724306106567383,2.9780139923095703,7.737277984619141,2.9899396896362305,4.266105651855469,0.3886098563671112,3.2215497493743896,-1.0973315238952637,2.1631317138671875,0.1970143020153045,3.165665626525879,-0.040466871112585,2.415195941925049,0.7862756848335266,2.0838422775268555,-1.6575303077697754,-1.1639925241470337
8,-433.4097595214844,135.67601013183594,19.876148223876957,33.38800430297852,13.417892456054688,16.077272415161133,6.024964332580566,12.894104957580566,0.9920453429222108,7.90513801574707,3.3300106525421143,9.061493873596191,3.802586793899536,9.159324645996094,3.7652108669281006,7.921135425567627,0.6338616609573364,4.092241287231445,-0.1751288026571273,6.103671550750732,1.7316594123840332,7.776873588562012,3.2302324771881104,7.277387619018555,3.1669728755950928,8.3355073928833,2.981100559234619,4.060991764068604,-0.5108528137207031,2.810897827148437,-1.083337664604187,2.677016496658325,0.2147715091705322,3.157913446426392,-0.2856559455394745,2.7068912982940674,0.9605134129524232,2.4968197345733643,-1.4200993776321411,-0.9751893877983092
8,-433.3937072753906,135.64096069335938,19.73209381103516,33.45509338378906,13.373061180114746,16.17809295654297,5.964356899261475,12.876785278320312,1.0125361680984497,7.916121482849121,3.0223548412323,9.245606422424316,4.011164665222168,9.587637901306152,4.014307975769043,8.184800148010254,0.6709896326065063,4.317417621612549,-0.2514196932315826,6.014078140258789,1.5276224613189695,7.653702735900879,2.9747140407562256,7.282304286956787,3.1120693683624268,8.249908447265625,2.7955739498138428,3.793797016143799,-0.8828551769256592,2.63130521774292,-1.3242353200912476,2.568100452423096,0.1232324466109275,3.283488512039185,-0.2086161822080612,2.81300687789917,0.8531185388565063,2.5970208644866943,-1.2569681406021118,-0.8864249587059021
8,-433.2694091796875,135.3370819091797,20.043161392211918,33.35924530029297,13.578816413879396,15.840970039367676,5.9645161628723145,12.384342193603516,1.094130039215088,7.835549354553223,3.190426826477051,8.853597640991211,3.982237100601196,9.46371841430664,4.233695983886719,8.247434616088867,0.8011946678161621,4.130423545837402,-0.1022639647126197,5.827754020690918,1.7881264686584473,7.531553268432617,3.357856273651123,6.963327884674072,2.9949986934661865,8.078792572021484,3.503394603729248,4.076537609100342,-0.3176471590995788,2.3105249404907227,-1.3324986696243286,2.3544163703918457,0.3165056109428406,3.281321287155152,-0.1595035791397094,2.5174477100372314,1.0125905275344849,2.5766663551330566,-1.0661541223526,-1.0679229497909546
8,-433.2021789550781,135.5159912109375,19.98078346252441,33.34618377685547,13.587828636169434,15.840790748596191,5.948339462280273,12.44672966003418,0.9364786148071288,7.840420246124268,3.478481769561768,8.801214218139648,3.763516664505005,9.178678512573242,3.9740469455718994,8.03358268737793,0.7727382183074951,4.0684332847595215,-0.1081892028450965,5.993146896362305,1.882519006729126,7.700759887695312,3.514147520065308,7.051038265228272,3.04653549194336,8.24699592590332,3.5172970294952397,4.288671493530273,-0.1014029309153556,2.534384250640869,-1.111953616142273,2.499067544937134,0.3457162976264953,3.2132434844970703,-0.3129118680953979,2.4786081314086914,1.0749887228012085,2.4088611602783203,-1.405075192451477,-1.1806557178497314
8,-433.3573913574219,135.43487548828125,19.9927978515625,33.3654670715332,13.265946388244627,15.580227851867676,5.900151252746582,12.539451599121094,0.7668902277946472,7.612631320953369,3.302311658859253,8.906706809997559,4.012685298919678,9.482080459594728,3.9501240253448486,8.054349899291992,0.7426004409790039,4.073412418365479,-0.2403701096773147,6.095267295837402,1.9593164920806885,7.926296234130859,3.2812280654907227,7.131234645843506,3.3292477130889893,8.397541046142578,3.0733468532562256,4.131489276885986,-0.1360446959733963,2.905342102050781,-0.983526051044464,2.6093287467956543,0.2917157411575317,3.5067596435546875,-0.1892061680555343,2.5852625370025635,0.90938538312912,2.448401689529419,-1.4845582246780396,-1.2648437023162842
8,-433.5565490722656,135.21380615234375,19.487682342529297,33.249298095703125,13.13443660736084,15.916136741638184,5.620475769042969,12.537724494934082,0.9770769476890564,7.7861552238464355,3.191566705703736,9.544707298278809,4.3598456382751465,9.95687484741211,4.250550270080566,8.520358085632324,0.8058473467826843,4.271984100341797,-0.389956533908844,6.3511223793029785,1.6413849592208862,7.659788131713867,3.124940633773804,6.87624454498291,2.791240692138672,8.22216796875,2.87141752243042,4.061763286590576,-0.516210675239563,2.7764296531677246,-1.5220476388931274,2.46088981628418,0.1823277175426483,3.704458236694336,-0.1147120669484138,2.9532415866851807,0.9520261883735656,2.6073288917541504,-1.5538619756698608,-1.0015246868133545
8,-433.2721252441406,135.11769104003906,19.470678329467773,32.77716445922852,13.178393363952637,15.773061752319336,5.937227725982666,12.41703987121582,1.0495030879974363,7.644778251647949,3.2703990936279297,9.43882942199707,4.606547355651856,9.861769676208496,4.142550468444824,8.184484481811523,0.7891773581504822,4.317405223846436,-0.3846499025821686,6.061419486999512,1.6817200183868408,7.615417957305908,3.166080474853516,7.137552738189697,3.35173773765564,8.272714614868164,2.8788888454437256,3.924402236938477,-0.5969093441963196,2.640612363815308,-1.358535647392273,2.344017744064331,0.1207407563924789,3.2963521480560303,-0.2325209230184555,2.871157646179199,1.0509798526763916,2.4687340259552,-1.48703932762146,-1.1831544637680054
8,-433.3768005371094,135.67874145507812,19.68337631225586,33.4085578918457,13.264304161071776,16.18873405456543,5.967957019805908,12.939464569091797,1.0173512697219849,7.957451820373535,2.985685348510742,9.28717803955078,3.9568064212799072,9.636091232299805,3.9359610080718994,8.195000648498535,0.6011837720870972,4.37035083770752,-0.2403546422719955,6.052463531494141,1.4888570308685305,7.643388748168945,2.907989263534546,7.316004276275635,3.0509541034698486,8.28583812713623,2.79492449760437,3.838172912597656,-0.9024101495742798,2.676144361495972,-1.353105068206787,2.5855190753936768,0.023907208815217,3.247962474822998,-0.3532416224479675,2.8447866439819336,0.8047691583633423,2.674330234527588,-1.2709288597106934,-0.781098484992981
8,-433.3482666015625,135.7592315673828,20.077667236328125,33.44007873535156,13.436455726623535,16.1585750579834,6.061506271362305,12.842538833618164,0.8605798482894897,7.833839893341064,3.1426846981048584,9.063446044921877,3.75913405418396,9.21386432647705,3.82839035987854,7.975928783416748,0.621499240398407,4.108476638793945,-0.2918795049190521,6.088749408721924,1.866589903831482,7.958057403564453,3.3139281272888184,7.316893100738525,3.1715247631073,8.364215850830078,3.0824270248413086,4.115799427032471,-0.3921767771244049,2.790258407592773,-1.1086901426315308,2.702385187149048,0.22154001891613,3.242839813232422,-0.1831418573856353,2.676781177520752,0.7998302578926086,2.6087522506713867,-1.2818801403045654,-0.9214325547218324
8,-433.3005676269531,135.5451202392578,20.035249710083008,33.2385368347168,13.509248733520508,15.86913776397705,5.908080101013184,12.47602367401123,0.8610913753509521,7.924354553222656,3.3797452449798584,8.745452880859375,3.664167642593384,9.101547241210938,3.935930013656616,8.164310455322266,0.6844996809959412,3.948000431060791,-0.244850218296051,6.094366550445557,2.024996519088745,7.78067684173584,3.508466482162476,7.026226043701172,3.002461194992065,8.40090560913086,3.5954058170318604,4.383518218994141,-0.0512586720287799,2.584893226623535,-1.225953221321106,2.5741982460021973,0.3058696687221527,3.252816200256348,-0.2864900231361389,2.4791781902313232,0.941415786743164,2.6170365810394287,-1.3477129936218262,-1.1357582807540894
8,-433.3181762695313,135.46974182128906,19.85475349426269,33.45477294921875,13.404796600341797,15.83015251159668,5.701674461364746,12.337878227233888,0.7230786681175232,7.871023178100586,3.14324951171875,8.92971134185791,3.703745841979981,9.476836204528809,3.95015287399292,8.275697708129883,0.6652969717979431,4.202982425689697,-0.3849769532680511,6.036346435546875,1.7336657047271729,7.741401672363281,3.241552352905273,7.053583145141602,2.810525417327881,8.197640419006348,3.294087171554565,4.3323845863342285,-0.319169282913208,2.609466791152954,-1.3285179138183594,2.4602503776550293,0.232174277305603,3.387624740600586,-0.3785426914691925,2.627525329589844,0.8319374322891235,2.6381289958953857,-1.4409466981887815,-1.0809049606323242
8,-433.6562805175781,135.28457641601562,19.50880241394043,33.60151672363281,13.03889274597168,15.74124240875244,5.58940315246582,12.629542350769045,0.6014333963394165,7.838664054870605,2.87613296508789,9.26136875152588,4.104583263397217,10.188817024230955,3.933575391769409,8.435164451599121,0.4856382608413696,4.510004997253418,-0.3957939445972442,6.211864471435547,1.4299923181533811,7.88875675201416,2.825600862503052,7.216533184051514,2.9766409397125244,8.362263679504395,2.574319362640381,4.065521240234375,-0.7332849502563477,2.832627296447754,-1.4038089513778689,2.606349468231201,0.0196921620517969,3.780461072921753,-0.4492528736591339,2.830002546310425,0.8340665698051453,2.821131706237793,-1.5026297569274902,-0.9231196641921996
7,-200.5211334228516,88.47051239013672,0.245576411485672,37.56866836547852,-4.269662380218506,22.671276092529297,-10.00101089477539,6.550048828125,-5.190581798553467,-0.4462850391864776,-3.302507877349853,-3.143216371536255,-4.294573783874512,5.871433258056641,-1.2319793701171875,2.5528805255889893,-3.5295772552490234,0.5799685716629028,-5.738401412963867,8.835563659667969,-3.2915427684783936,6.627563953399658,-5.375128269195557,-2.586203098297119,-6.459887504577637,-2.1368062496185303,-3.918323278427124,-1.100356936454773,-2.420090436935425,3.2601335048675537,-1.8028608560562132,5.783072471618652,-1.89352822303772,4.816433906555176,-2.080899715423584,0.8331660628318787,1.613448143005371,0.1160095334053039,-3.319587469100952,2.7747671604156494
7,-229.5095672607422,85.20246124267578,10.041218757629396,22.205730438232425,-8.424958229064941,27.21379852294922,-5.668438911437988,14.427144050598145,-3.3037688732147217,4.505302429199219,3.858756065368652,5.33482027053833,-7.0463738441467285,5.008446216583252,-2.7117276191711426,3.027729034423828,-6.854660987854004,-2.1812491416931152,-3.1160690784454346,-0.1694368124008178,-6.966755390167236,3.2411603927612305,-5.691279888153076,-0.5026558041572571,-5.200847625732422,-1.0149919986724854,-2.381885528564453,-0.7096169590950012,-5.2168803215026855,1.6045889854431152,-3.133089780807495,4.370828151702881,-5.846402168273926,2.669179677963257,-1.2622157335281372,-0.9363964200019836,-1.5952794551849363,1.68261981010437,-2.789581775665283,1.5687721967697144
7,-176.39019775390625,88.98115539550781,11.03332805633545,16.20536231994629,-0.5423464775085449,20.813093185424805,-3.552435874938965,9.89515209197998,-7.920363426208496,1.1396564245224,-1.86882746219635,3.2286362648010254,-6.153407573699951,1.9016928672790527,-1.1201943159103394,5.55800724029541,-2.2703113555908203,0.753560483455658,-3.486738681793213,0.188279241323471,-5.696261405944824,3.508723497390747,-3.813443422317505,0.3538992702960968,-6.169703006744385,-4.164478302001953,-7.588795185089111,-3.134315729141236,-7.85877513885498,-0.8030737638473511,-2.7841427326202397,0.0131710469722747,-5.830653667449951,0.6731380820274353,-2.1008782386779785,0.3532319068908691,-0.8494385480880737,2.2703182697296143,-2.5517587661743164,4.511071681976318
7,-205.8086853027344,72.94171905517578,7.230751037597656,32.5183219909668,-12.85759449005127,17.70033073425293,-2.099748373031616,9.282602310180664,-7.1925048828125,10.088106155395508,-3.4668962955474854,-4.311610698699951,-10.798845291137695,0.0488319173455238,3.961424350738525,8.111204147338867,-1.83531653881073,0.4736255407333374,-0.518282413482666,1.5147849321365356,0.3385885655879974,5.8650898933410645,-7.196458339691162,1.6454893350601196,-5.4890313148498535,-1.7021902799606323,-4.61929988861084,-2.28072190284729,-6.2710723876953125,-0.887807309627533,-2.4511258602142334,3.369381666183472,-7.877877235412598,0.7834687829017639,2.528284072875977,-0.3208674788475036,-4.034514904022217,1.9966014623641968,-1.326171636581421,6.256392955780029
7,-309.06915283203125,84.99687194824219,11.574231147766112,26.954084396362305,-16.23447036743164,36.05548477172852,-12.470252990722656,12.448212623596191,-0.98027366399765,-5.17594051361084,11.079195976257324,-2.764243125915528,-10.260385513305664,2.344036817550659,-3.616548538208008,6.724739074707031,-9.162962913513184,-1.4343528747558594,1.2282506227493286,7.272510528564453,-11.78485107421875,11.726038932800291,-10.797956466674805,-1.6561223268508911,-3.653367519378662,-0.8271574974060059,1.488895297050476,-2.260919570922852,-3.515587329864502,-1.303829789161682,-5.9281907081604,0.9894888401031494,-6.734847068786621,2.747098207473755,-1.4591810703277588,-0.5927223563194275,-2.243558406829834,1.3620491027832031,-1.99595046043396,4.637106895446777
7,-170.7412109375,82.51766967773438,1.6782631874084473,17.67965316772461,2.3915884494781494,26.95267105102539,-1.9505800008773804,14.287668228149414,-5.495757102966309,7.05695104598999,-1.1197185516357422,4.323336601257324,-4.341336250305176,0.9547304511070251,-5.949814796447754,2.415792226791382,-1.5539840459823608,0.171050414443016,-5.627826690673828,1.0796666145324707,-3.769022226333618,4.706119537353516,-1.6453248262405396,1.994981050491333,-1.5394821166992188,2.154295921325684,-2.630248069763184,2.479152202606201,-2.671168804168701,4.966926574707031,-2.450679302215576,5.710128307342529,-5.061752796173096,1.5506658554077148,-1.5984830856323242,-1.3150097131729126,-1.886210322380066,-0.1018277183175087,-4.138150215148926,1.5272767543792725
7,-175.17747497558594,97.00496673583984,-30.11789894104004,16.838336944580078,-10.502227783203123,27.173458099365234,-9.179563522338867,8.815470695495605,-0.6655511856079102,2.8604366779327397,-10.484244346618652,-4.204630374908447,-4.665572166442871,10.687994956970217,3.741098642349243,0.3746548593044281,-3.930217504501343,0.6367294192314148,-3.513399600982666,6.197908401489258,-1.2328824996948242,6.229114055633545,-4.173414707183838,-0.177223652601242,-4.531255722045898,-1.3472520112991333,-3.1700711250305176,1.185271382331848,-3.2570676803588867,1.1427483558654783,-2.8610620498657227,3.465638875961304,-3.652839422225952,3.579898834228516,0.6361921429634094,1.7022521495819092,-0.5983506441116333,2.9261629581451416,-1.104110598564148,4.1028733253479
7,-253.69325256347656,93.8716278076172,-17.011150360107422,28.84912109375,-14.011303901672363,32.995567321777344,-11.440956115722656,7.222410678863525,-0.3636035025119781,0.0932842120528221,-0.2240368127822876,-1.92487895488739,-4.04417610168457,9.7252836227417,2.5372085571289062,1.9207082986831665,-5.482502937316895,3.6030161380767822,-5.590636253356934,8.373186111450195,-5.236322402954102,8.765891075134277,-9.263739585876465,-0.4918214678764343,-4.156501770019531,2.1507530212402344,-0.3246245682239532,-1.096415877342224,-3.672461986541748,-0.0856373757123947,-4.252871036529541,4.694765567779541,-4.14492654800415,1.758629560470581,0.1385497599840164,0.708246648311615,-0.4345678985118866,2.593388795852661,-0.9108763337135316,4.268222332000732
7,-258.944580078125,101.6014404296875,-13.75373363494873,25.133913040161133,-14.89694118499756,28.28926658630371,-14.19076442718506,15.021210670471191,7.066353797912598,6.433011531829834,9.986233711242676,-2.618143320083618,-5.662589073181152,6.916590213775635,-0.6657372713088989,2.7171614170074463,-3.93025541305542,3.447882652282715,-5.287965774536133,7.137957572937012,-6.23956823348999,9.302998542785645,-11.900223731994627,-1.6190307140350342,-0.9234614968299866,3.040180921554565,2.974193811416626,-1.6623862981796265,-4.662780284881592,-1.155100703239441,-5.427740097045898,3.988413095474243,-7.422559261322021,0.5671157836914062,-3.1577980518341064,-2.3017287254333496,-2.117136001586914,0.1754191815853119,-3.662955045700073,1.7289601564407349
7,-260.1295166015625,98.94554901123048,-16.52049446105957,25.180612564086918,-13.379005432128906,29.721057891845703,-13.29628086090088,14.054235458374023,6.493656635284424,6.927364826202393,11.241792678833008,-1.4909520149230957,-5.789271831512451,6.055206775665283,-0.8264573812484741,1.9224278926849363,-2.4506068229675293,3.85658860206604,-5.647088527679443,7.514401435852051,-7.037985801696777,8.656394004821777,-12.28901195526123,-1.986467123031616,0.011639192700386,2.3233859539031982,2.130110740661621,-2.407205104827881,-5.016529083251953,-1.027212381362915,-5.566407680511475,2.928802728652954,-6.980614185333252,0.28811115026474,-3.405548572540283,-2.261232614517212,-2.584923267364502,-0.3219130933284759,-3.1573591232299805,2.2211833000183105
7,-173.7176055908203,91.88864135742188,7.732553005218506,22.41899681091309,-3.7420053482055664,21.933826446533203,-2.7873165607452397,6.690839767456055,-4.359543800354004,2.437260150909424,0.1353246420621872,1.9027734994888303,-5.051971435546875,2.854849100112915,-4.318132400512695,1.2178159952163696,-1.7168512344360352,-0.6470958590507507,-7.570483207702637,4.742022037506104,-5.269164085388184,3.422168493270874,-2.2336108684539795,0.3392784595489502,-4.350605010986328,0.2134749591350555,-6.671650409698486,-4.4345383644104,-5.3619384765625,3.123387575149536,-0.6692320704460144,3.5369904041290283,-1.4556490182876587,4.793941974639893,-2.5353844165802,1.5172425508499146,0.9820361733436584,1.3211678266525269,-0.4857144355773926,4.535375595092773
7,-329.2094116210937,77.04510498046875,14.285853385925291,25.17165756225586,-13.317907333374023,32.392242431640625,-15.715402603149414,21.42740631103516,4.067761421203613,-7.119970321655273,13.958860397338867,4.093392848968506,-6.70932674407959,2.1048505306243896,-1.4687316417694092,7.3263044357299805,-10.712108612060549,-5.561582565307617,0.2818253934383392,10.669577598571776,-15.158939361572266,9.004611015319824,-6.88638973236084,2.482583522796631,-3.202683210372925,0.1011685729026794,3.4445412158966064,-1.7093982696533203,-4.393715858459473,2.707313060760498,-7.290669918060303,4.520132541656494,-5.353400230407715,3.1020076274871826,-1.6395657062530518,-1.0652039051055908,-2.627932548522949,4.542235851287842,-3.353518486022949,0.7097530961036682
7,-328.4378967285156,78.46621704101562,14.27591037750244,22.233417510986328,-14.75311279296875,32.198951721191406,-16.05625343322754,21.373464584350582,4.04939603805542,-5.093181133270264,12.063762664794922,1.6125859022140503,-7.806979179382324,1.063955307006836,-4.180337905883789,6.441472053527832,-10.143580436706545,-5.271838665008545,-0.6465058922767639,10.801390647888184,-14.393710136413574,7.038322925567627,-7.962908744812012,2.347888469696045,-3.618595838546753,-0.6213839054107666,1.7549453973770142,-2.5888960361480717,-4.196710109710693,3.718860864639282,-5.893609046936035,2.4948925971984863,-7.028905868530273,3.1781084537506104,-1.326322317123413,-0.165763109922409,-0.7832371592521667,4.299091815948486,-1.658007264137268,0.2585859298706054
7,-336.6748046875,70.63382720947266,20.85785675048828,31.031085968017575,-14.70396614074707,33.09543228149414,-15.231992721557615,20.346885681152344,1.994341492652893,-11.48648738861084,11.462531089782717,4.688537120819092,-6.363480091094971,3.116607189178467,-3.780094146728516,6.588105201721191,-10.673827171325684,-5.753965377807617,-1.544411063194275,10.203590393066406,-14.51970100402832,8.778776168823242,-5.707920551300049,2.681582450866699,-4.055355548858643,-1.039571762084961,0.8619758486747742,-0.4936423301696777,-3.336288928985596,0.7885937094688416,-6.485824108123779,3.1879515647888184,-4.499443531036377,4.112190246582031,-2.0608012676239014,-1.040067434310913,-0.9248306155204772,2.480517864227295,-1.7117692232131958,0.6695972681045532
7,-291.8682556152344,80.40199279785156,9.222939491271973,17.111623764038086,-9.202274322509766,38.89202880859375,-7.22844934463501,15.11616325378418,3.815383911132813,1.3370652198791504,14.32057762145996,6.288284778594971,-1.8798086643218996,7.316394805908203,-2.995880603790283,3.150652408599853,-4.698348522186279,-1.1510536670684814,0.2916843295097351,6.577038288116455,-8.282877922058105,8.287285804748535,-4.285305976867676,2.850924015045166,-1.938562631607056,-1.8262134790420528,1.5772926807403564,-0.635863721370697,-2.630411386489868,2.3230817317962646,-5.580354690551758,2.017798662185669,-6.6343255043029785,2.7596256732940674,-1.7766351699829102,-0.5872874855995178,-2.176560163497925,0.7451754212379456,-2.361180305480957,1.344202160835266
7,-264.7317199707031,81.22679138183594,7.852606296539307,12.956304550170898,-6.287896633148193,37.68684005737305,-4.967350959777832,13.303037643432615,3.237168550491333,4.071083545684815,12.186999320983888,7.185740947723389,-0.6187316179275513,6.446756839752197,-4.665119647979736,2.018369197845459,-5.205959320068359,-2.373283624649048,-1.016120195388794,4.95906925201416,-7.451385498046875,5.845597267150879,-4.667532920837402,1.793572187423706,-2.929266452789306,-1.928808689117432,0.5586273670196533,-0.8227840065956116,-4.230136871337891,0.2764388918876648,-4.334280967712402,3.048346281051636,-7.399617195129394,0.9344131350517272,-1.565769910812378,-0.5226055979728699,-1.7362815141677856,0.724406361579895,-2.8151562213897705,2.201804876327514
7,-269.8340759277344,81.53517150878906,-4.971213817596436,21.995471954345703,-8.060961723327637,33.08869171142578,-1.7045063972473145,15.397743225097656,8.386168479919434,9.32441520690918,10.513887405395508,1.6768684387207031,-4.508919715881348,4.495786666870117,-6.446879863739014,1.7101837396621704,-3.4022209644317627,2.186490535736084,-5.570652008056641,4.063743114471436,-8.540453910827637,6.913699626922607,-5.305775165557861,3.607198476791382,-3.328895092010498,0.547048032283783,1.205947756767273,-2.715627908706665,-2.636504411697388,0.150443285703659,-5.049901962280273,2.9734232425689697,-7.7223076820373535,-0.1546873897314071,-3.218258142471313,-0.5190865397453308,0.3252152800559997,-0.2325182408094406,-5.714466094970703,0.891316831111908
7,-335.7510070800781,68.80268096923828,19.942153930664062,30.34427261352539,-14.870031356811523,35.0828971862793,-13.122961044311523,18.67601203918457,1.891193389892578,-4.933434963226318,12.552936553955078,2.107907295227051,-8.713201522827148,4.867726802825928,-3.632832527160645,5.924816131591797,-9.66175651550293,-3.331486940383911,-0.6499541997909546,9.91922092437744,-13.185202598571776,9.389103889465332,-6.780867576599121,1.2985179424285889,-3.478169202804565,1.0304230451583862,3.328562498092652,-3.479050397872925,-0.6626998782157898,2.820626735687256,-7.22850227355957,3.781897783279419,-3.7087247371673584,4.624946594238281,-0.8134486675262451,-1.0785808563232422,0.1357479244470596,3.493696451187134,-2.7730705738067627,0.9425309896469116
7,-257.135986328125,82.41697692871094,-1.886052489280701,22.940364837646484,-2.036786794662476,36.30534362792969,-4.89813232421875,13.902755737304688,-2.179328680038452,-1.112423062324524,5.822749614715576,4.166645526885986,-3.5782294273376465,0.9149274826049804,-7.343662738800049,2.2974038124084477,-5.75274133682251,-2.257230281829834,-3.4496829509735107,3.1805434226989746,-9.073180198669434,5.639151573181152,-7.897674560546875,1.7062925100326538,-5.757744789123535,-1.7885432243347168,1.0701030492782593,0.3812616467475891,-2.356201410293579,4.643343925476074,-1.555356740951538,3.5189335346221924,-4.043179512023926,3.4753997325897217,-0.0123714823275804,1.0519176721572876,-0.3572693169116974,2.6801204681396484,-1.9230449199676516,1.515494465827942
7,-226.3679962158203,76.9974365234375,-11.47278881072998,42.696434020996094,-4.095237255096436,25.446001052856445,-3.721067190170288,13.049627304077148,-5.119343280792236,4.377243041992188,-2.034494400024414,-0.833670973777771,-9.94625186920166,0.9317285418510436,-5.24998664855957,0.1954092532396316,-7.79652214050293,-0.8530341386795044,-6.421602725982666,3.404083728790283,-7.744349479675293,1.2764101028442385,-6.75131368637085,3.6162455081939697,-3.5443429946899414,-0.0165438782423734,-1.334367036819458,1.342705488204956,-1.3860613107681274,0.2821181714534759,1.6506067514419556,8.561993598937988,-5.549099922180176,4.059210300445557,5.273459911346436,5.459447383880615,-1.2428371906280518,4.852888107299805,1.336249589920044,5.625070095062256
7,-248.91943359375,79.27457427978516,-9.494537353515623,36.59504318237305,-10.675216674804688,27.0296688079834,-3.435610294342041,14.829131126403809,-4.1935133934021,2.9408392906188965,0.3313632011413574,-3.039027690887451,-11.92322826385498,0.2538722455501556,-2.657285451889038,1.712464451789856,-9.107425689697266,-0.2403313070535659,-4.573925971984863,2.077356576919556,-7.990114212036133,4.270183086395264,-8.38631820678711,2.988713026046753,-3.3854455947875977,-1.5576800107955933,-0.9954125881195068,-1.4350324869155884,-1.8610607385635376,2.495152711868286,-0.2028842121362686,7.150149822235107,-6.182209968566895,2.491942882537842,4.589849948883057,4.161907196044922,-2.271229982376098,5.165981292724609,0.5486778020858765,4.154516220092773
7,-276.3322448730469,81.32749938964844,-2.331325054168701,33.28297805786133,-13.169819831848145,29.938465118408203,-6.155438423156738,16.064577102661133,-2.0226759910583496,0.7442229986190796,5.105543613433838,-2.819981098175049,-10.455548286437988,1.0254108905792236,-3.4084577560424805,2.516208410263061,-9.995588302612305,-1.1096022129058838,-2.4915919303894043,4.067992687225342,-9.710088729858398,7.235880851745605,-9.873002052307127,1.2948254346847534,-2.9711294174194336,-0.7296429872512817,0.1701530963182449,-2.3249542713165283,-1.848224401473999,3.8612685203552246,-1.7978919744491575,4.667979717254639,-5.336461067199707,2.3673715591430664,2.282177686691284,2.9351422786712646,-1.841843605041504,4.583425045013428,-0.1369785964488983,3.0714399814605717
7,-301.78277587890625,81.77665710449219,1.61961567401886,36.34394073486328,-11.553545951843262,32.427452087402344,-6.348483085632324,15.195871353149414,-3.079552412033081,-4.897016525268555,7.8413310050964355,-0.4874213337898254,-6.842632293701172,-0.2416906803846359,-8.25459098815918,2.1204466819763184,-12.364261627197266,-1.9408811330795288,-2.799946546554565,7.177738666534424,-15.28657054901123,8.623656272888184,-10.138325691223145,-2.0360212326049805,-3.6153085231781006,0.8214146494865417,2.657420873641968,-0.8858751654624939,-0.2299032658338546,0.7271260023117065,-6.043564796447754,4.137216567993164,-3.153934955596924,5.203249931335449,1.8517404794692995,2.598231077194214,-1.84871506690979,3.5913360118865967,-1.1260662078857422,3.5183284282684326
7,-300.4437255859375,82.35840606689453,1.413521647453308,35.99037170410156,-11.260295867919922,31.33073234558105,-6.396400451660156,16.37271499633789,-4.064329147338867,-6.691967964172363,9.606040000915527,-1.6150456666946411,-8.503050804138184,-0.7859869003295898,-7.89604902267456,2.2190911769866943,-12.335626602172852,-1.5323299169540403,-2.2136924266815186,5.903871536254883,-15.219171524047852,8.594170570373535,-10.721559524536133,-1.76984441280365,-3.0041236877441406,1.3573198318481443,2.055812358856201,-1.1377959251403809,-0.0209421962499618,-0.4048846364021301,-6.054014205932617,3.782078981399536,-4.298453330993652,5.838589668273926,2.8624393939971924,3.665038824081421,-1.741175651550293,2.685068368911743,-0.1733848452568054,3.7766621112823486
7,-322.8555603027344,81.0936508178711,19.928022384643555,29.46928024291992,-13.76773452758789,36.11238479614258,-9.522820472717283,20.40515518188477,-0.5371056199073792,-7.434677600860596,11.363364219665527,-2.1859309673309326,-10.503952980041504,1.7636401653289795,-7.324018478393555,2.19987154006958,-11.438453674316406,-5.1916584968566895,-2.639519214630127,5.703680992126465,-15.902382850646973,8.852267265319824,-8.41623592376709,-0.3974444568157196,-2.431972026824951,-0.8287215828895569,1.5027741193771362,-1.8713780641555784,-0.970948338508606,2.57612943649292,-3.1412229537963867,6.230817794799805,-3.361994504928589,4.963334083557129,-0.354920744895935,0.5558975338935852,-0.3406893312931061,4.946974754333496,-0.9145772457122804,1.6739678382873535
7,-325.30963134765625,80.16756439208984,17.24774742126465,24.899215698242188,-11.552851676940918,36.08074569702149,-11.459097862243652,18.875402450561523,-0.9196299910545348,-5.643826484680176,13.674687385559082,-2.87772798538208,-11.219603538513184,2.7280259132385254,-5.460341453552246,3.954089879989624,-11.622247695922852,-4.783499240875244,-0.6829235553741455,6.922013282775879,-14.022950172424316,7.991827487945557,-9.86346435546875,0.081636756658554,-2.101846218109131,0.0994128212332725,1.897568941116333,-1.6855891942977903,-0.4449324905872345,1.854529619216919,-4.934298992156982,5.168021202087402,-3.5130178928375244,5.043231964111328,-0.8027513027191162,0.2427612096071243,0.0718813985586166,3.988457679748535,-1.771650314331055,1.1962919235229492
7,-331.3388061523437,74.15633392333984,17.90119171142578,28.131542205810547,-9.905457496643066,37.06060409545898,-12.221784591674805,17.266910552978516,-1.6095309257507324,-7.047388553619385,14.156943321228027,-2.3886640071868896,-10.553117752075195,4.322093486785889,-3.353601694107056,5.007958889007568,-11.847370147705078,-6.374245643615723,-1.3146562576293943,7.174393177032471,-12.925424575805664,9.0978422164917,-9.507378578186035,-0.0279346425086259,-2.279957056045532,-0.029247922822833,1.2418757677078247,-2.897982358932495,-1.492213249206543,1.314142107963562,-4.8951416015625,4.6807541847229,-4.2719340324401855,5.42125129699707,-0.5134400725364685,-0.0157273579388856,0.2900969982147217,4.1366963386535645,-1.6901086568832395,1.5665760040283203
7,-328.21636962890625,73.7943344116211,12.433725357055664,28.077465057373047,-10.553693771362305,33.90577697753906,-13.070624351501465,16.65251922607422,1.2825710773468018,-6.227994918823242,12.244003295898438,-2.691584348678589,-8.03653335571289,4.054529666900635,-1.2667497396469116,8.478694915771484,-10.141153335571287,-4.373564720153809,-2.0297529697418213,8.058088302612305,-11.72298812866211,11.072233200073242,-8.58039665222168,-0.2385845929384231,-3.0004994869232178,0.2303759902715683,0.9550851583480836,-4.501601219177246,-1.2992829084396362,1.6663742065429688,-4.242212772369385,2.8897416591644287,-5.731552600860596,3.7055530548095694,-1.1348130702972412,-2.187655448913574,-0.6982364654541016,3.9419851303100586,-2.301292896270752,0.0793594196438789
7,-323.78717041015625,73.1837158203125,12.379292488098145,28.966066360473636,-10.975281715393066,33.41618347167969,-13.620142936706545,15.309296607971191,-1.4012006521224976,-2.899347305297852,12.661767959594728,-0.1098998859524726,-9.313575744628906,3.530035972595215,-0.5671542286872864,5.858846187591553,-11.018205642700195,-1.804507613182068,-0.457226425409317,6.772344589233398,-11.132243156433104,8.789619445800781,-8.234387397766113,0.999781608581543,-2.634622097015381,0.5831117630004883,2.88110089302063,-3.558149814605713,-2.1731648445129395,2.006547451019287,-5.66597843170166,2.63689923286438,-5.419698715209961,3.777854681015015,0.3381511270999908,-2.154451847076416,-2.4999403953552246,2.354830265045166,-2.123314142227173,0.9242780208587646
7,-255.5970916748047,89.81622314453125,16.09640121459961,16.652896881103516,-9.002410888671875,31.92241668701172,-8.683755874633789,14.098841667175291,-2.633750915527344,2.5919175148010254,6.884362697601318,5.552009582519531,-6.881231784820557,4.656799793243408,-4.300437450408936,5.364419460296631,-4.559430122375488,-1.5612926483154297,-1.2746562957763672,2.262796640396118,-11.334875106811523,1.6677863597869873,-5.300257205963135,1.512681007385254,-3.862206220626831,0.7715124487876892,-0.0992345660924911,-0.5408156514167786,-2.133963823318481,0.7137228846549988,-4.151407718658447,0.7385151386260986,-5.504223823547363,0.9099088311195374,-0.0938591957092285,0.0887519493699073,0.9760485291481018,2.285346031188965,-2.94873571395874,1.5921006202697754
7,-294.8798828125,89.28961181640625,15.358869552612305,24.562747955322266,-16.38051414489746,29.671875,-14.272899627685549,13.085034370422363,-3.169743299484253,-2.7075905799865723,10.908507347106934,1.2096827030181885,-7.438727855682373,6.033927917480469,-3.367332220077514,7.63798189163208,-6.361453533172607,-3.350461006164551,-2.249976396560669,3.0044057369232178,-15.293824195861816,5.51337480545044,-8.96461296081543,0.252338707447052,-2.8596079349517822,2.0119738578796387,2.4322404861450195,-2.152212142944336,-0.3989717364311218,1.1193302869796753,-6.578611373901367,1.4202778339385986,-6.70330286026001,1.5843613147735596,0.2829421460628509,0.2868958413600921,0.3011050224304199,1.8037128448486328,-4.015562057495117,1.363039255142212
5,-140.15516662597656,145.8990020751953,-79.21443939208984,55.872703552246094,-50.20624542236328,12.457883834838867,-37.89773941040039,-13.641121864318848,-8.170371055603027,-31.555116653442383,-8.70577621459961,-41.54890823364258,-9.802425384521484,-22.14616584777832,-13.136272430419922,-15.742446899414062,-18.964818954467773,-10.179545402526855,-23.5430908203125,-5.65328311920166,-12.084298133850098,-9.866860389709473,-14.392927169799805,-9.921380996704102,-8.882922172546387,-10.131013870239258,1.2101877927780151,-7.056032180786133,-2.369126319885254,-7.07918643951416,-10.735962867736816,-10.603483200073242,-3.932206630706787,-0.5372801423072815,-5.159023761749268,-1.381943702697754,-4.845023155212402,-1.9175331592559812,-1.9876772165298464,-0.011704615317285
5,-131.02490234375,149.55751037597656,-80.98639678955078,58.03738021850586,-47.1265869140625,12.649670600891112,-38.22933578491211,-17.348907470703125,-12.701891899108888,-33.098995208740234,-8.058354377746582,-40.945106506347656,-9.792418479919434,-21.281436920166016,-12.889058113098145,-16.0426025390625,-18.641447067260746,-9.52649974822998,-23.368282318115234,-5.919118881225586,-14.99378776550293,-14.49582862854004,-16.64306640625,-11.045660972595217,-8.347112655639648,-5.323572635650635,8.698881149291992,-3.557302474975586,-3.574584722518921,-8.204668998718262,-12.927108764648438,-13.845702171325684,-6.519157886505127,-0.2306135296821594,-3.2033817768096924,-1.424854397773743,-3.813319206237793,-0.0037269371096044,-1.555505633354187,-0.587371289730072
5,-144.55628967285156,140.22946166992188,-75.3769760131836,47.06292724609375,-38.509765625,10.340234756469728,-34.551170349121094,-16.062210083007812,-5.311430931091309,-31.741256713867188,-12.15365219116211,-31.86400032043457,-4.448087215423584,-18.84224319458008,-13.846994400024414,-15.635821342468262,-24.0404052734375,-13.870596885681152,-21.73212242126465,-3.852236032485962,-5.64193058013916,-3.275547981262207,-8.168569564819336,-7.818038940429687,-6.9075541496276855,-11.81520938873291,0.4230375289916992,-6.117893695831299,-5.540166854858398,-5.117592811584473,-6.520760536193848,-5.02545976638794,-3.1089096069335938,-3.97136664390564,-6.682567596435547,-3.3241584300994877,-7.617026805877685,-5.853234767913818,-5.605955600738525,-2.122119426727295
5,-125.66046905517578,140.822021484375,-89.63973999023438,50.12657928466797,-40.33624649047852,21.07920265197754,-32.189308166503906,-24.650962829589844,-4.823967456817627,-27.56573486328125,-13.118231773376465,-39.22957229614258,-9.57030200958252,-18.719602584838867,-11.523982048034668,-13.483491897583008,-19.280651092529297,-9.427425384521484,-21.5711612701416,-8.771978378295898,-13.288068771362305,-8.259383201599121,-8.21782398223877,-2.299577474594116,-3.562705993652344,-10.458964347839355,-2.423661947250366,-12.071053504943848,-5.800724983215332,-5.228466510772705,-3.094856739044189,-2.5898420810699463,-6.282529354095459,-3.4397926330566406,-4.892827033996582,-1.35536527633667,-6.241979122161865,-5.440148830413818,-5.104922771453857,-2.8418493270874023
5,-108.0246353149414,148.64268493652344,-100.27110290527344,50.0064582824707,-47.25443649291992,15.68674373626709,-41.29268264770508,-19.80185890197754,-4.622570514678955,-26.69258117675781,-4.501272201538086,-34.87379455566406,-9.205931663513184,-22.528654098510746,-11.757689476013184,-19.027193069458008,-24.449878692626957,-12.040282249450684,-20.422199249267575,-4.23874568939209,-6.746032238006592,0.1790554970502853,-9.705048561096191,-5.985714435577393,-8.279685974121094,-15.896961212158203,-5.580747604370117,-12.539556503295898,-4.079190254211426,-3.66498327255249,-4.541335105895996,-5.529325008392334,-3.1918509006500244,-5.372054576873779,-7.0094099044799805,-2.440792798995972,-10.270333290100098,-6.185263156890869,-6.217702388763428,-0.3821108639240265
5,-96.27800750732422,144.84707641601562,-98.67302703857422,49.18503952026367,-38.88640975952149,16.921192169189453,-39.56543731689453,-23.003387451171875,-5.003506660461426,-26.89619445800781,-3.662987947463989,-32.652217864990234,-10.75118923187256,-20.40872383117676,-12.248255729675291,-17.62816047668457,-22.55032157897949,-8.802087783813477,-16.541820526123047,-3.854729890823364,-7.004522800445557,-1.6569687128067017,-11.150288581848145,-8.78180980682373,-7.680659294128418,-12.973158836364746,-3.158012628555298,-10.424586296081545,-4.146751880645752,-4.999186992645264,-5.921548843383789,-5.432466983795166,-3.2009992599487305,-3.6715574264526367,-7.022165298461914,-1.6424609422683716,-7.695552349090576,-4.831961154937744,-4.629088878631592,-2.5441856384277344
8,-200.5487365722656,162.66314697265625,-104.09822845458984,16.331634521484375,-33.581817626953125,20.384803771972656,-14.20228672027588,2.882071018218994,2.321452617645264,6.703349590301514,4.204936027526856,-0.0503266267478466,7.600250244140625,3.7718255519866943,11.531174659729004,15.381211280822754,14.088491439819336,3.2547450065612797,1.0841703414916992,-10.181560516357422,-4.579552173614502,-5.987896919250488,3.0658366680145264,-2.806537628173828,-6.081925392150879,-0.5515382289886475,-1.030720353126526,4.81547212600708,2.481104850769043,5.140972137451172,-0.9259718060493468,1.683884620666504,2.455599784851074,2.548597574234009,-0.4200396239757538,1.037304401397705,-0.1141010746359825,-3.47791051864624,-4.445662498474121,-4.702837944030762
8,-218.2271423339844,137.8861083984375,-95.77789306640624,10.771390914916992,-13.969895362854004,24.350725173950195,-19.388858795166016,2.316326856613159,-5.722484111785889,5.990573883056641,2.11743712425232,-0.2133387625217437,0.079612597823143,4.09691858291626,14.384499549865724,16.782060623168945,10.578239440917969,-10.749001502990724,-3.8758296966552734,-9.632561683654783,-0.2899797260761261,-9.946511268615724,-1.3154884576797483,-5.666975975036621,-3.353877544403076,5.19087028503418,-0.3742183446884155,8.400555610656738,4.647572040557861,11.129254341125488,1.0647629499435425,-3.1205570697784424,-4.816407203674316,-3.7490293979644775,-0.8110726475715637,-4.067559242248535,-2.5248851776123047,-2.703366041183472,-1.1813654899597168,-1.4739323854446411
7,-92.96833038330078,129.4744873046875,-32.53239059448242,54.496803283691406,-11.82931137084961,-2.9834041595458984,17.216594696044922,4.492176532745361,-22.171937942504883,22.57550430297852,-6.099437713623047,-9.02324676513672,2.584947109222412,-1.4900585412979126,-12.158365249633787,3.518336057662964,-4.546026706695557,-0.9636152386665344,0.3240373134613037,1.1032497882843018,-5.018133163452148,7.193096160888672,-6.079899787902832,0.8822463154792786,-2.456700801849365,-0.2289750874042511,-2.3347420692443848,-0.0100218299776315,-1.4900429248809814,2.13004732131958,-5.657894611358643,3.221219301223755,-4.532086849212647,-2.055392026901245,-2.2452712059021,4.626284599304199,-6.804548740386963,0.2403908669948578,2.05962347984314,-1.3743112087249756
9,-55.24578857421875,145.23898315429688,-16.40863609313965,-6.817201614379883,5.140829563140869,9.675506591796877,-1.8675734996795652,6.011630058288574,2.755185127258301,11.433835983276367,2.242837190628052,5.582746505737305,0.0491447448730468,3.1718475818634038,-6.986509323120117,-1.6027181148529053,-5.0891313552856445,0.9222514629364014,-2.621623039245605,3.967740535736084,-2.4223737716674805,2.274806499481201,-2.9039673805236816,1.0923094749450684,-3.943984270095825,1.212957739830017,-3.2530322074890137,1.642409086227417,-3.08162522315979,1.2299890518188477,-2.935652732849121,2.087507724761963,-2.708141326904297,0.2730423510074615,0.0683511719107627,4.664905548095703,-0.9925118684768676,2.0955233573913574,-2.432234048843384,1.7998909950256348
9,-55.38368606567383,149.20982360839844,-7.821951389312744,-5.377222061157227,2.1244823932647705,7.938595771789551,-5.579283714294434,5.158564567565918,1.6742640733718872,10.437444686889648,2.325147151947021,6.738986015319824,-0.4526466727256775,1.2638061046600342,-5.885809898376465,-2.8084020614624023,-8.190975189208984,0.1662734597921371,0.5550526976585388,6.944389820098877,1.0440804958343506,3.976328611373901,-2.754173994064331,0.6870285868644714,-6.195688247680664,0.1697658598423004,-2.716415405273437,3.613714456558228,-2.4126851558685303,1.4944300651550293,-3.2481789588928223,0.1807396858930587,-5.574369430541992,-0.5153549313545227,-0.5879003405570984,4.550021648406982,-0.2736601531505584,1.306299328804016,-2.480416774749756,2.5014352798461914
9,-62.88763046264648,143.9889373779297,-13.35080337524414,-14.88713836669922,-3.972395658493042,7.49038553237915,-1.1934465169906616,6.870896816253662,1.9539953470230105,11.45819091796875,2.7624943256378174,4.862050533294678,-0.2665853202342987,3.1691782474517822,-5.558345317840576,-0.4499086439609527,-6.820616245269775,0.0491042137145996,-1.0133183002471924,5.6659836769104,-0.907082736492157,4.544891357421875,-0.5887941122055054,2.386655330657959,-3.064184188842773,1.94946563243866,-3.0568645000457764,1.76033353805542,-2.70405387878418,2.487854242324829,-1.3689149618148804,2.9577560424804688,-2.350090265274048,1.2725961208343506,-2.185800552368164,2.4987175464630127,-2.12770414352417,1.4589852094650269,-2.860797166824341,1.1780294179916382
5,-73.1971664428711,33.53730773925781,20.42116928100586,20.546092987060547,3.999483823776245,26.098949432373047,6.1158976554870605,22.75949478149414,3.614892482757568,-1.3737725019454956,-2.6559321880340576,11.373611450195312,-10.743463516235352,4.9375834465026855,-1.0392447710037231,2.4090912342071533,-7.928890228271484,-6.266745567321777,3.2876086235046387,-0.0803530514240264,-3.637551307678223,6.180302143096924,-2.093222618103028,-5.378456592559815,2.4970242977142334,-1.907847285270691,-1.297691822052002,1.7262693643569946,-1.1113961935043335,1.3765552043914795,-1.704827070236206,1.1588773727416992,7.975926876068115,-2.243037700653076,0.4766584932804107,-0.1203103065490722,-4.776728630065918,5.429709911346436,-11.032123565673828,8.673249244689941
5,-74.25173950195312,40.63605117797852,14.115889549255373,19.166162490844727,3.890721559524536,22.825366973876957,6.900492191314697,23.911375045776367,3.5463478565216064,-2.067073345184326,-2.4747228622436523,11.536023139953612,-7.174785137176514,6.089373588562012,-0.4153747260570526,3.513463258743286,-9.986943244934082,-2.756765365600586,3.1207833290100098,0.1181878969073295,-6.265606880187988,2.6343257427215576,-0.4008914232254028,-4.254650592803955,2.205918550491333,0.1982626318931579,0.008984163403511,2.552184820175171,-0.667296290397644,2.706444263458252,-0.6023754477500916,0.8090333342552185,7.744545459747314,-4.525660991668701,-1.570384502410889,0.1593739986419677,-3.972545862197876,3.932593584060669,-10.909957885742188,8.287321090698242
5,-103.8070831298828,43.39263916015625,14.1432523727417,19.766143798828125,6.077958583831787,22.29897117614746,6.763217449188232,24.311410903930664,2.490697860717773,-1.942839741706848,-2.227842092514038,12.012398719787598,-7.0598464012146,6.0652265548706055,-0.9081780910491944,1.6553150415420532,-9.111573219299316,-1.988683819770813,2.786552906036377,1.441869854927063,-6.484322547912598,4.873480319976807,-1.6656938791275024,-3.7055699825286874,2.548722267150879,0.474108338356018,-1.2329316139221191,3.1683437824249268,-1.6802620887756348,2.434237480163574,-0.8524000644683838,-0.2382013350725174,7.168745040893555,-4.650356769561768,-0.6791948676109314,1.443457841873169,-3.8112213611602783,5.032689571380615,-9.953986167907717,8.415336608886719
5,-102.00804138183594,44.94476318359375,13.251425743103027,17.679439544677734,6.392609119415283,20.44609642028809,5.358109951019287,26.92693328857422,3.767958402633667,-7.182030200958252,1.5242979526519775,11.01114559173584,-8.332039833068848,4.856439590454102,-6.26908016204834,1.563624382019043,-6.135959625244141,-1.6773258447647097,-0.6771994233131409,-2.309652090072632,-3.470839023590088,4.566538333892822,0.0560374855995178,-1.853131651878357,2.0251142978668213,0.7416326999664307,1.369212627410889,0.27828049659729,-4.45304536819458,1.3416177034378052,-0.3653381764888763,0.1568889319896698,5.695819854736328,-4.509112358093262,-2.624072790145874,2.600859403610229,-4.618838787078857,4.025150299072266,-9.92966079711914,10.123071670532228
5,-113.106689453125,38.93732070922852,16.36737632751465,21.33660888671875,6.789281845092773,23.197362899780277,5.439510822296143,24.60274314880371,1.698700785636902,-2.0775625705718994,-1.5856904983520508,10.595911026000977,-6.695698261260986,6.310844421386719,-1.073565125465393,-0.0649193152785301,-9.478771209716797,-1.5869839191436768,2.732317447662353,0.3980556428432464,-4.730395317077637,5.108255386352539,-0.8468185067176819,-3.4746110439300537,3.636977672576904,0.8524569272994995,-2.766515016555786,4.343140125274658,-2.9294328689575195,1.1383590698242188,0.7451791763305664,0.4407967925071716,7.128318309783936,-5.171811580657959,-0.1043411120772361,0.3755596876144409,-3.4656593799591064,6.4128899574279785,-9.733074188232422,7.277278900146484
5,-115.4122314453125,40.50740432739258,15.983988761901855,22.401185989379883,6.845651626586914,22.769519805908203,5.779948711395264,25.04157447814941,1.973284721374512,-3.85953950881958,0.1622360348701477,11.563055038452148,-6.935675144195557,6.578504085540772,-2.914201021194458,0.7350261807441711,-7.773346424102783,-2.60154390335083,0.6655241847038269,-0.8809437155723572,-2.2211122512817383,5.144546985626221,-1.2281315326690674,-3.357851505279541,4.006070137023926,0.0526152588427066,-1.0929380655288696,3.554805994033813,-3.000795841217041,1.7964848279953003,1.7484127283096311,-0.261810302734375,5.825144290924072,-5.297753810882568,-0.6069810390472412,-0.3913036286830902,-2.986717700958252,8.101601600646973,-9.194774627685549,6.825704097747803
5,-113.12897491455078,40.11911392211914,15.70154857635498,22.095033645629883,7.397277355194092,21.232221603393555,6.529659748077393,26.65423393249512,2.8934504985809326,-7.103460788726807,1.184359073638916,13.121538162231444,-8.355110168457031,6.351276874542236,-4.596807479858398,2.2133309841156006,-6.583768367767334,-2.9948644638061523,-1.4863927364349363,-0.7557448148727417,-2.3669819831848145,3.7452216148376474,-1.6290013790130615,-2.478851318359375,3.4784598350524902,-1.106341004371643,2.3273122310638428,0.4107448160648346,-3.146221876144409,3.960182428359986,1.5489064455032349,-0.573768138885498,3.44232177734375,-4.869297981262207,-1.326675295829773,-0.0609586536884307,-4.143412113189697,7.183819770812988,-8.899917602539062,7.779951572418213
5,-101.89466857910156,36.03361511230469,16.28396987915039,20.68254852294922,7.686107635498047,21.048627853393555,5.802071571350098,26.804224014282227,4.427545547485352,-8.891109466552734,0.7386588454246521,13.624524116516112,-10.188226699829102,5.326427459716797,-5.104580879211426,2.5808236598968506,-7.411458969116211,-3.487903356552124,-1.3452049493789673,-1.5418705940246582,-4.053691864013672,4.45956563949585,-0.7070910334587097,-3.182283401489258,2.8714864253997803,-1.0199772119522097,2.661367177963257,-1.3695170879364014,-2.6273813247680664,5.080244064331055,1.0987894535064695,0.3966337442398071,4.720444679260254,-5.038082599639893,-2.1147563457489014,1.0515975952148438,-5.176033973693848,6.305444717407227,-9.630038261413574,8.052984237670898
5,-105.44312286376952,38.88569641113281,15.718326568603516,20.390708923339844,10.013165473937988,21.10480308532715,5.701579570770264,24.726280212402344,4.8490166664123535,-8.868057250976562,2.3106610774993896,14.187847137451172,-8.968446731567383,3.771762371063232,-4.446429252624512,2.41618013381958,-6.663744449615479,-3.750784397125244,-0.006261792499572,-1.6567816734313965,-3.91142201423645,6.310692310333252,0.1428019106388092,-3.995340585708618,1.9409165382385252,0.5133100748062134,1.709880828857422,-0.527000904083252,-2.206316471099853,4.947412490844727,-1.3586575984954834,-0.0874670594930648,6.3860697746276855,-3.2069387435913086,-3.729051113128662,1.8546093702316284,-4.208053588867188,5.4507927894592285,-9.861992835998535,8.107698440551758
5,-115.6329345703125,46.21158599853516,14.752830505371094,20.576007843017575,9.136317253112791,20.324405670166016,7.3671650886535645,25.333759307861328,3.7204089164733887,-7.611562252044678,4.133993625640869,12.526849746704102,-8.447308540344238,4.470104694366455,-3.916497468948364,2.267916202545166,-5.371620655059815,-4.140096664428711,0.1709318161010742,-0.8208394050598145,-3.4990241527557373,6.159103393554688,-0.3264670372009277,-3.817037105560303,1.9104663133621216,1.4802325963974,1.0227892398834229,0.2422366291284561,-1.8981809616088867,4.320641994476318,-2.993759155273437,-0.1192218214273452,6.647119998931885,-2.7449045181274414,-3.181496381759644,1.3655986785888672,-3.559638738632202,5.177635669708252,-9.334912300109863,8.051970481872559
5,-126.66094970703124,55.02706527709961,13.671415328979492,18.662004470825195,5.2127685546875,20.597915649414062,8.647871971130371,27.870241165161133,2.502427577972412,-7.102613925933838,5.330898761749268,9.29684066772461,-8.602629661560059,4.725245952606201,-4.427473068237305,3.060688734054565,-4.822822570800781,-2.006873369216919,-0.5456087589263916,-0.5265313982963562,-3.361247062683105,5.813127517700195,-0.860085129737854,-2.248692512512207,1.856313705444336,1.5982518196105957,0.8749865889549255,1.0597968101501465,-2.177140235900879,3.3053529262542725,-2.222614049911499,-0.0017873289762064,6.466487884521484,-3.5215320587158203,-0.9533175230026244,0.802984356880188,-3.6003530025482178,4.847093105316162,-8.217371940612793,7.574910163879394
5,-115.09219360351562,49.76751708984375,13.592691421508787,18.12895393371582,5.595067501068115,21.14977264404297,7.359784126281738,27.84693717956543,2.4677741527557373,-7.40640115737915,4.148998260498047,9.498804092407228,-8.368441581726074,4.55384635925293,-5.564554214477539,2.5804426670074463,-5.031422138214111,-0.5095374584197998,-0.1064446717500686,-1.068591833114624,-2.975755214691162,5.841875553131104,-0.0124215800315141,-0.919184148311615,1.509084939956665,1.010998010635376,1.243784785270691,0.8445228338241577,-3.517381191253662,1.9421305656433103,-1.1561344861984253,0.7414702773094177,5.907400608062744,-4.032419681549072,-1.3550748825073242,1.171887755393982,-4.119619846343994,4.423603534698486,-9.160738945007324,8.58487606048584
5,-123.74514770507812,53.23309326171875,14.48983669281006,16.057315826416016,4.733739376068115,26.645971298217773,7.146703243255615,26.86947631835937,3.2798726558685303,-5.212939262390137,4.980037212371826,11.254448890686035,-3.80361008644104,5.580909252166748,-4.561376571655273,3.6843583583831783,-5.344807624816895,0.3014968335628509,-0.0978688895702362,-0.7021883726119995,-6.158519268035889,3.55984115600586,-1.3237433433532717,-2.2187557220458984,1.6242806911468506,2.112089157104492,1.0683903694152832,2.8740451335906982,-2.767620086669922,3.1208488941192627,-1.6739710569381714,-0.2791071832180023,7.956462383270264,-4.845042705535889,-2.719535112380981,1.8080575466156008,-4.680299758911133,3.469523429870605,-9.393237113952637,7.785355091094971
5,-124.26150512695312,52.24663543701172,13.898897171020508,18.34073638916016,4.336155414581299,25.867748260498047,7.986003398895264,28.18714714050293,3.125498056411743,-6.575164318084717,5.541565895080566,11.733627319335938,-5.022812366485596,6.553919792175293,-5.870960235595703,2.7660515308380127,-6.083034038543701,0.3935614824295044,-0.9303162097930908,-1.1661255359649658,-5.6677117347717285,4.301486492156982,-1.6751422882080078,-2.461379289627075,1.6129794120788574,2.1775882244110107,1.044626235961914,2.643348932266236,-2.600618362426758,3.5403785705566406,-2.605280637741089,1.3158392906188965,8.278154373168945,-4.631606101989746,-2.412559986114502,2.14861273765564,-4.2931108474731445,3.1661605834960938,-9.521327018737791,8.099550247192383
5,-137.37123107910156,61.898223876953125,11.449559211730955,18.108617782592773,3.2525856494903564,24.19423484802246,7.367945194244385,29.328954696655277,1.8576465845108032,-6.881422519683838,6.603665351867676,11.567818641662598,-4.900725364685059,7.66981315612793,-5.8070502281188965,3.125706911087036,-3.58217453956604,0.3850807547569275,-1.0861960649490356,-1.1987346410751345,-4.001195907592773,4.84791898727417,-2.640434503555298,-0.8377676010131836,1.804288983345032,1.7229857444763184,0.5290953516960144,2.787752866744995,-2.8274474143981934,2.933713436126709,-2.3661677837371826,2.283123016357422,7.218151092529297,-4.168779373168945,-0.2406117469072342,2.5103838443756104,-4.678421974182129,3.984621524810791,-9.84889030456543,7.031869411468506
5,-88.27997589111328,41.72446441650391,16.52168846130371,17.974857330322266,3.365614414215088,23.93924331665039,7.042119026184082,29.949602127075195,-0.9261487126350404,-8.034497261047363,5.611879348754883,12.219006538391112,-4.918411731719971,6.705854415893555,-6.762798309326172,4.182991981506348,-7.055765151977539,-2.163496255874634,-1.90791928768158,-5.074312686920166,-6.2707839012146,3.534266233444214,0.3323763310909271,-2.3049800395965576,0.7308158874511719,1.215917468070984,1.6663442850112915,-0.0800358355045318,-0.5329843759536743,5.74610710144043,-0.953762710094452,-0.4395880699157715,9.161280632019045,-3.485435962677002,-3.5659141540527344,-0.3100571930408478,-6.152407169342041,2.6402454376220703,-11.90532398223877,6.086609363555908
5,-98.37393951416016,41.71088409423828,15.683079719543455,17.233579635620117,3.979043483734131,25.25101089477539,6.585501670837402,26.956043243408203,0.5891558527946472,-4.659822940826416,5.271039009094238,13.714688301086426,-4.49576473236084,5.574440956115723,-4.8628926277160645,3.3296656608581543,-6.7419610023498535,-1.8124370574951167,-1.7792887687683103,-2.382317066192627,-5.350688457489014,7.311035633087158,-0.5131369829177856,-2.906282663345337,0.8007869124412537,3.0994319915771484,0.3222801685333252,-0.4900858998298645,0.6174754500389099,5.31427526473999,-0.8731814026832581,-0.1549477279186248,8.637842178344727,-3.516031503677368,-2.407521247863769,1.5421128273010254,-5.7218852043151855,3.138261556625366,-10.72711944580078,7.782567977905273
5,-109.5325164794922,42.809661865234375,6.004981517791748,15.562881469726562,10.074118614196776,20.128278732299805,6.549318313598633,25.727596282958984,2.667707681655884,-1.9232364892959597,5.699529647827148,13.637245178222656,-5.280936241149902,6.379323959350586,-12.425652503967283,4.252713203430176,-5.209915637969971,-1.1064099073410034,-1.872358083724976,-4.151057243347168,-2.4418039321899414,2.5920543670654297,-0.7257286310195923,-0.5067942142486572,-1.5723506212234497,0.347363144159317,2.530559778213501,2.052209854125977,0.5560364723205566,4.712555885314941,-1.4738383293151855,1.8807916641235352,4.319887161254883,-3.944662570953369,-4.399231433868408,3.0869557857513428,-5.478452682495117,3.741778612136841,-8.731922149658203,6.783813953399658
5,-112.44117736816406,48.81365585327149,5.449244976043701,15.24026584625244,10.045073509216309,19.501190185546875,6.16779088973999,26.06124687194824,2.9223196506500244,-1.638298273086548,5.910250663757324,12.745094299316406,-3.493329763412476,6.2197041511535645,-11.13180160522461,3.200543165206909,-5.558644771575928,-0.8271740078926086,-2.1656758785247803,-3.2414984703063965,-1.9175076484680176,2.7054569721221924,-3.47446870803833,0.1745907217264175,-1.6294643878936768,1.1041738986968994,0.1693892478942871,2.5270004272460938,-1.0367233753204346,5.69661808013916,-0.3655398488044739,2.268278121948242,3.1559860706329346,-4.619002819061279,-4.385426044464111,1.4225788116455078,-4.279655456542969,4.138334274291992,-8.831061363220215,7.130516529083252
5,-107.59219360351562,48.58100891113281,5.9169020652771,15.693562507629396,10.535038948059082,17.544708251953125,5.216185092926025,26.41158103942871,3.460577726364136,-2.3002140522003174,5.4223737716674805,10.455316543579102,-2.270426750183105,6.658349990844727,-10.965084075927734,1.7863519191741943,-5.196959972381592,-1.5600268840789795,-3.3456919193267822,-2.624704122543335,-0.2202390134334564,3.0678813457489014,-4.862406253814697,1.334152102470398,-0.6609260439872742,1.7788643836975098,-2.3035566806793213,3.289271831512451,-1.991298794746399,6.603957176208496,-0.8609125018119812,2.5022780895233154,2.457123041152954,-4.865043640136719,-3.7146291732788086,0.0198647826910018,-4.396612167358398,4.545783996582031,-8.82085132598877,7.047390937805176
5,-108.20053100585938,40.86619567871094,13.114867210388184,11.416306495666504,3.5488061904907227,26.72856330871582,6.966930866241455,28.42250633239746,1.2082687616348269,-0.7548025250434875,5.399195671081543,14.943573951721191,-2.656111240386963,5.084317207336426,-3.0027952194213867,2.9161536693573,-7.410947799682617,-0.4829775393009186,-1.860490560531616,-1.1849370002746582,-2.685654163360596,6.526027679443359,-1.105082631111145,-3.664749145507813,-1.1612722873687744,3.768381834030152,0.1825950890779495,0.615840494632721,0.8500516414642334,3.87593150138855,-1.6732406616210938,0.3955787122249603,5.917481899261475,-2.819958209991455,-2.489112138748169,3.414734125137329,-4.31640625,2.7807934284210205,-8.754029273986816,8.8595552444458
5,-113.47949981689452,37.64179992675781,11.93295192718506,7.253478050231934,5.207443714141846,27.1865234375,8.345770835876465,30.19803810119629,1.5518276691436768,-0.1134344115853309,5.165123462677002,15.915106773376465,-2.0932867527008057,4.761190414428711,-2.86686372756958,1.5980113744735718,-7.262028694152832,-1.0423307418823242,-2.207814216613769,-1.834356546401977,-1.9259657859802248,5.151783466339111,-1.8403738737106323,-4.05617618560791,-1.4774577617645264,2.430978298187256,0.5535252690315247,1.0096631050109863,1.7174731492996216,3.211092710494995,-2.5064265727996826,1.1331775188446045,3.5923874378204346,-1.7199255228042605,-2.826990365982056,4.586658477783203,-1.9956467151641848,3.0506458282470703,-8.7829008102417,9.455042839050291
5,-117.06542205810548,36.813133239746094,10.797765731811523,9.78412628173828,7.185799598693848,26.65052032470703,8.528769493103027,29.36102294921875,2.516908884048462,-2.8480703830718994,5.400752067565918,16.413116455078125,-3.527103900909424,6.324926376342773,-4.641829967498779,1.6668171882629397,-6.185356140136719,-1.9649019241333008,-2.0739803314208984,-1.5680410861968994,-1.8669201135635376,4.921675205230713,-2.378070116043091,-4.288783073425293,-0.779935359954834,0.9201077222824096,0.2055903971195221,0.9425876140594482,0.1592842042446136,4.171295166015625,-3.159162998199463,0.1652444452047348,3.495812177658081,-0.767573893070221,-1.238745927810669,4.499279022216797,-1.7387174367904663,3.867112636566162,-8.759867668151855,9.264019966125488
5,-118.7917251586914,36.79560089111328,8.493488311767578,12.62490940093994,8.189814567565918,26.35271644592285,8.630911827087402,27.4837703704834,3.594787359237671,-4.31011962890625,7.529675006866455,15.440661430358888,-4.737685680389404,7.67326021194458,-6.389195442199707,1.6156060695648191,-5.220816612243652,-1.461024522781372,-2.0941853523254395,-1.9361910820007324,-3.10001802444458,4.0603437423706055,-1.0856958627700806,-2.810539484024048,-0.2252188920974731,0.0091649889945983,-0.4172241985797882,1.7314897775650024,-1.806276559829712,4.353368282318115,-4.226822376251221,-0.114925131201744,3.534479141235352,0.3589763343334198,1.022057056427002,4.9739990234375,-3.424611091613769,3.154115438461304,-7.605042457580566,8.032455444335938
5,-119.53793334960938,36.10944366455078,8.175737380981445,14.56136417388916,8.608283042907715,24.946001052856445,9.690178871154783,26.30269432067871,3.758716344833374,-4.675069808959961,9.37196159362793,14.696534156799316,-3.8480048179626474,7.655136585235596,-7.318760871887207,0.0720536783337593,-3.962057590484619,-0.3629983365535736,-0.9491393566131592,-1.680972456932068,-3.923546552658081,3.9350740909576416,-1.222055435180664,-1.19658100605011,0.3599573075771332,1.3991860151290894,-0.4923062920570373,1.903295993804932,-3.504120111465454,3.8977227210998535,-5.004656791687012,-0.4015077948570251,3.7055938243865967,0.6785932183265686,0.8836145401000977,4.913086414337158,-3.9756460189819336,1.3862333297729492,-6.9955220222473145,6.776536464691162
5,-126.52680206298828,40.62477493286133,8.388431549072266,14.306885719299316,8.564017295837402,24.379783630371094,11.106813430786133,26.67643928527832,2.36866307258606,-3.3647594451904297,8.61293888092041,15.45765781402588,-2.263047695159912,7.956817626953125,-6.765822410583496,-0.7368245124816895,-4.711506366729736,-0.2697984874248504,0.3122790157794952,-1.5572024583816528,-4.628498554229736,3.2981746196746826,-2.461437463760376,-0.4811551868915558,1.2795473337173462,2.399092674255371,0.4829248785972595,2.1586251258850098,-3.364194393157959,4.571864128112793,-3.775594472885132,-0.4711994230747223,4.416050434112549,-0.1598657220602035,-0.936354637145996,4.368375778198242,-4.139488697052002,2.2620203495025635,-7.23895788192749,5.666836738586426
5,-124.20296478271484,45.12773132324219,7.081740379333496,16.1153564453125,9.200431823730469,23.91841506958008,11.89090347290039,26.686872482299805,0.8722163438796997,-2.843022346496582,7.156692981719971,14.85161590576172,-3.255943775177002,7.774927616119385,-8.374732971191406,0.0636228695511818,-5.503447532653809,-0.2616076469421386,-0.738277018070221,-2.6515982151031494,-5.107317924499512,2.613607406616211,-1.804012894630432,-0.1476621925830841,0.27719646692276,2.961169004440308,-0.0697967857122421,1.95849871635437,-2.236276388168335,5.206710815429688,-2.0238053798675537,0.4310525953769684,5.678112983703613,-2.0360777378082275,-2.9133667945861816,3.8792483806610103,-5.817720890045166,3.5297887325286865,-7.061385154724121,5.034161567687988
5,-111.09231567382812,41.75925064086914,5.684554576873779,17.941112518310547,10.16097927093506,21.010082244873047,9.362212181091309,25.64976119995117,1.5903772115707395,-3.1010220050811768,5.440465450286865,12.938897132873535,-5.683834552764893,7.977347373962402,-12.325865745544434,2.0484580993652344,-5.232828617095947,-0.3914291262626648,-1.9387108087539675,-3.6431052684783936,-3.778807163238525,3.0916740894317627,-0.4332624673843384,-0.2474290281534195,-0.9849641919136048,1.8494174480438232,1.405447244644165,1.476947546005249,-1.147065043449402,4.527801036834717,-1.983924150466919,1.490088701248169,5.198552131652832,-3.584080696105957,-3.9502267837524414,3.666086196899414,-6.537079811096191,3.0734965801239014,-7.706911087036133,5.4641523361206055
5,-103.47272491455078,43.74462127685547,16.206754684448242,20.434764862060547,2.188987493515014,24.092998504638672,8.44771671295166,27.324291229248047,3.9312613010406494,-6.756834506988525,5.981024742126465,14.419480323791504,-5.054679870605469,5.423340797424316,-8.42005729675293,5.094499588012695,-1.6960479021072388,-2.255321741104126,-1.1822888851165771,-6.553884506225586,-4.444279670715332,7.925600528717041,-4.03107213973999,-3.5942814350128174,-0.031361199915409,0.7586777806282043,0.3595443367958069,1.7253435850143433,-1.0747538805007937,8.6088228225708,-4.128896713256836,-0.4010109305381775,6.553241729736328,-7.582155227661133,-4.139260292053223,-0.827791154384613,-4.914198398590088,5.498459815979004,-9.064566612243652,5.512970447540283
5,-99.04352569580078,41.3642807006836,12.105960845947266,18.48847198486328,-1.6216554641723633,23.27772521972656,8.571088790893555,28.20800018310547,4.449925899505615,-8.68410587310791,4.111381530761719,14.898382186889648,-4.41098690032959,4.452731132507324,-6.668820381164551,3.638759136199951,-1.8924155235290527,-3.7333052158355713,-2.378194570541382,-5.242817401885986,-4.459287643432617,8.951313972473145,-5.298426628112793,-4.472853183746338,0.4002970457077026,1.0103304386138916,-0.981809377670288,1.4786810874938965,-0.9789936542510986,8.037758827209473,-5.508816719055176,-0.2559808194637298,6.249995708465576,-7.24500846862793,-3.5368306636810303,0.116136759519577,-3.338261127471924,5.784290313720703,-10.433090209960938,5.6426191329956055
5,-98.5351104736328,47.234657287597656,10.684064865112305,16.258560180664062,1.8302736282348635,15.995906829833984,7.654463768005371,29.33959007263184,-0.2025022804737091,-5.567370414733887,5.349095344543457,10.017687797546388,-0.4507017433643341,4.252115249633789,-7.514606952667236,5.89098596572876,-6.199427127838135,-0.5062393546104431,-5.693456649780273,-4.531065940856934,-0.6829007267951965,2.0840489864349365,-5.248545169830322,-0.4330174028873443,-0.6089246869087219,2.4713003635406494,-1.2374062538146973,4.892528057098389,-0.9205570220947266,7.216222286224365,-0.6656121015548706,-0.9701741933822632,5.434577941894531,-4.815511226654053,-3.887913465499878,-0.0414302200078964,-5.015239238739014,3.525676965713501,-9.635259628295898,4.011823654174805
5,-111.50870513916016,46.50568389892578,13.111822128295898,17.61835479736328,3.90524697303772,15.666457176208496,7.976545810699463,28.052753448486328,-0.0949450582265853,-5.864798069000244,2.812565565109253,13.14667797088623,-0.1572988182306289,5.998164176940918,-6.179105281829834,7.122656345367432,-6.243817329406738,-0.106870636343956,-3.5683705806732178,-4.543526649475098,-0.7860988974571228,3.640375852584839,-5.395205974578857,-0.1580143570899963,-0.6650455594062805,1.993594765663147,-0.5070497393608093,5.19965124130249,0.78517746925354,9.538568496704102,-1.7787338495254517,-0.3627122044563293,4.4143147468566895,-4.387382507324219,-4.84133768081665,1.7249757051467896,-6.129380702972412,1.753826379776001,-8.447299003601074,4.523762226104736
5,-88.36548614501953,38.97092056274414,14.096962928771973,18.12220001220703,5.63859224319458,17.0479679107666,1.8673666715621948,23.65620231628418,5.729250431060791,-6.649132251739502,0.7698010802268982,10.903145790100098,5.744021892547607,8.066076278686523,-5.300458908081055,8.830465316772461,-3.92203426361084,-0.6063340902328491,-3.927241563796997,-4.744739532470703,0.9449077844619752,2.89584755897522,-2.5947961807250977,1.6644340753555298,3.627492666244507,3.301044225692749,-4.015622615814209,3.121668815612793,1.5307155847549438,10.52561855316162,-0.2843033969402313,-0.80698162317276,7.393558979034424,-3.5412871837615967,-3.621840000152588,1.758347988128662,-6.170934677124023,0.5921778082847595,-7.739649772644043,2.9501829147338867
10,-95.94849395751952,67.29776000976562,18.579269409179688,18.522537231445312,-0.102667786180973,11.95641040802002,4.683150291442871,28.636547088623047,5.508938312530518,4.661969184875488,9.055665969848633,11.551173210144045,-8.633359909057617,3.027019500732422,-6.483532428741455,4.791355609893799,-5.331535339355469,5.199503421783447,-5.097700119018555,-0.5127758979797363,-2.538126945495605,4.539982795715332,0.860827624797821,1.161401629447937,3.028316736221313,0.4715705215930938,-3.5801947116851807,1.9244592189788816,-4.206830024719238,1.2780845165252686,-4.957804203033447,-2.2047579288482666,2.9340851306915283,-2.886190414428711,-4.532533168792725,0.3374016880989074,-6.35585880279541,5.55403470993042,-9.467367172241213,5.129004955291748
10,-73.27889251708984,63.273681640625,15.121296882629396,19.34156036376953,3.566393613815308,15.994787216186523,1.0322000980377195,30.79175567626953,4.604853630065918,4.811307430267334,7.17588996887207,7.5533270835876465,-5.0079216957092285,3.994966506958008,-3.331804037094116,4.576070308685303,-7.454417705535889,7.468003273010254,-3.9367563724517822,0.0988516137003898,-2.080713987350464,3.3908028602600098,-0.1477702111005783,-1.1914207935333252,2.689091444015503,0.7622726559638977,-4.7744460105896,3.6127679347991934,-0.8101359605789185,2.4385807514190674,-2.472971200942993,-3.6222755908966064,4.836551189422607,-2.259076833724976,-3.780450105667114,-0.6558893322944641,-5.424332618713379,3.044567346572876,-10.55716037750244,6.072492599487305
10,-89.23775482177734,55.0168571472168,17.827804565429688,23.84295463562012,4.391464710235596,20.550085067749023,5.266271114349365,29.140438079833984,7.597412586212158,2.4973394870758057,9.46207046508789,11.4681396484375,-8.53750228881836,3.0922152996063232,-2.027655839920044,4.716746807098389,-6.051558971405029,6.034731388092041,-1.5806608200073242,-2.0892975330352783,-4.811169147491455,8.131702423095703,-0.723179042339325,-2.2981958389282227,6.067384719848633,3.265080690383911,-3.2588038444519043,1.2473230361938477,-1.333440184593201,3.061717748641968,-3.755189657211304,-4.5011091232299805,7.481377601623535,-4.835585594177246,-2.7653770446777344,-0.659858226776123,-4.448946952819824,4.435941696166992,-9.928467750549316,8.747966766357422
10,-96.99853515625,65.96056365966797,9.853126525878906,19.93790435791016,0.992897093296051,32.81293487548828,-3.391519069671631,21.64733123779297,6.735757827758789,-2.211278915405273,4.688212871551514,15.195658683776855,-5.225131034851074,5.1283063888549805,-6.879776954650879,6.827789306640625,-6.426462173461914,-1.34251606464386,-3.097453117370605,0.3388572633266449,-8.18229866027832,7.732726573944092,-1.7546021938323977,-5.498253345489502,3.940667390823364,0.1986807286739349,5.507224559783936,2.8013830184936523,1.0372129678726196,3.0559773445129395,-3.279869079589844,-2.3307912349700928,4.612692832946777,-6.886260032653809,-0.5118257403373718,-3.1066246032714844,-2.2334020137786865,4.562481880187988,-12.744646072387695,8.947790145874023
10,-97.94576263427734,67.04190826416016,8.725380897521973,20.310998916625977,-0.5612292885780334,32.16472244262695,-3.417294502258301,22.0465145111084,6.374384880065918,-2.4597063064575195,6.207828521728516,14.52645206451416,-4.357637882232666,4.5140061378479,-4.916766166687012,8.373647689819336,-6.566237449645996,-0.9777967929840088,-3.67887544631958,-0.6827266216278076,-8.502176284790039,7.714307308197021,-1.6292855739593506,-6.336253643035889,5.0527215003967285,0.9896146655082704,6.209865093231201,1.1869664192199707,0.103970281779766,2.879814624786377,-2.816965818405152,-2.1346561908721924,5.267849922180176,-6.789609909057617,-0.2687619924545288,-3.897716045379639,-1.8064550161361692,4.995352745056152,-12.388697624206545,9.292659759521484
10,-99.20716857910156,64.15177154541016,8.95493221282959,21.51518821716309,0.328916996717453,31.309240341186523,-1.794839859008789,21.944488525390625,6.028748035430908,-1.249428629875183,7.989564895629883,15.080801963806152,-6.45574426651001,6.175918102264404,-4.075833320617676,6.889445781707764,-6.246726036071777,-0.8281150460243225,-3.6795365810394287,-0.8414095044136047,-8.216612815856934,8.757315635681152,-1.591094136238098,-6.37940788269043,5.075016975402832,0.8916889429092407,7.0046563148498535,1.3533879518508911,-0.443255752325058,2.3639090061187744,-2.853400230407715,-1.7159641981124878,5.228999137878418,-5.492904186248779,-0.0783770009875297,-2.520782709121704,-1.750419855117798,5.884822845458984,-11.02479076385498,7.472886085510254
10,-113.23999786376952,70.55189514160156,9.042608261108398,18.237340927124023,1.4790873527526855,30.329612731933597,1.7328964471817017,22.619564056396484,5.79727029800415,1.2743752002716064,8.782401084899902,15.430567741394045,-6.580049991607666,4.888586044311523,-3.958779811859131,5.735711574554443,-4.7451252937316895,-1.7473777532577517,-3.17704439163208,-1.7252156734466553,-7.94082498550415,7.829660892486572,-1.8351198434829712,-6.741828441619873,3.940040111541748,1.5818654298782349,4.794205665588379,1.9066754579544067,-0.0702400952577591,2.7571866512298584,-1.9027063846588133,-2.2244791984558105,6.911037445068359,-4.162425994873047,0.2321223020553589,-0.984531044960022,-1.9447418451309204,6.038290500640869,-10.247514724731444,7.757071495056152
10,-110.96682739257812,72.32115936279297,6.311961650848389,15.895984649658203,0.8135548830032349,29.300086975097656,0.3466567695140838,22.90592193603516,5.174232482910156,-0.1378731280565261,7.341564178466797,13.849579811096191,-4.199875831604004,2.2459583282470703,-3.2518084049224854,6.915047645568848,-5.065267086029053,-1.0366417169570925,-3.7058920860290527,-2.876375436782837,-8.06344223022461,6.45925235748291,-0.9761791825294496,-7.822859764099121,4.682137966156006,2.252914905548096,3.146854877471924,2.671848058700561,-0.6059780120849609,3.3786957263946533,-1.2420958280563354,-3.9197919368743896,8.132389068603516,-3.782528162002564,1.0744693279266355,-0.8912582993507385,-1.2150148153305054,6.059858322143555,-10.639119148254396,8.186543464660645
10,-95.13861846923828,67.20975494384766,6.564460754394531,17.282026290893555,-0.3393241763114929,28.97601127624512,-3.2958548069000244,23.552722930908203,6.269309520721436,-2.462561845779419,5.820842266082764,12.75905418395996,-4.225216388702393,1.8211262226104736,-4.59881067276001,8.453207015991211,-6.084099292755127,1.35817551612854,-3.7839980125427246,-0.6587674617767334,-9.754964828491213,6.421628952026367,-1.206282377243042,-7.578787803649902,5.3511834144592285,1.9731794595718384,2.989826202392578,3.2017390727996826,-0.9497326016426086,3.444766998291016,-2.683427572250366,-3.940064430236816,5.954403400421143,-4.451410293579102,0.4754856824874878,-1.3404593467712402,-1.275224208831787,4.437051773071289,-10.635235786437988,6.912081241607666
10,-96.3172836303711,67.75943756103516,7.415218830108643,18.29025650024414,1.323727250099182,28.94864654541016,-4.544286251068115,25.3290958404541,6.346847534179688,-0.1634441167116165,5.495135307312012,12.649534225463867,-5.139293670654297,2.167949676513672,-5.318031311035156,9.14765167236328,-6.792361736297607,4.196426868438721,-6.001763820648193,0.4614664316177368,-8.881035804748535,5.689979553222656,-2.663571357727051,-6.809530258178711,4.923330783843994,2.84868597984314,2.153420209884644,3.949794769287109,-1.0144168138504028,3.442887783050537,-1.7098468542099,-3.0774013996124268,4.630815029144287,-3.027523994445801,-1.024120807647705,-1.4600275754928589,-2.8638930320739746,3.15000581741333,-9.627558708190918,6.33744478225708
10,-423.494873046875,55.41005706787109,-22.914051055908203,4.027257919311523,-12.605450630187988,-9.519285202026367,-3.307739496231079,1.3729220628738403,-19.26312255859375,-2.577241897583008,-8.872177124023438,-16.172481536865234,-12.987008094787598,-11.980945587158203,-19.533706665039062,9.755152702331545,27.714168548583984,36.46844100952149,27.49712562561035,-1.8788111209869385,-25.660030364990234,-17.373239517211914,-0.5181342363357544,15.78897190093994,-4.607455253601074,-15.42758083343506,-19.993024826049805,7.072267532348633,9.208699226379396,-13.391551971435549,-25.7512264251709,6.7843546867370605,27.25282859802246,17.058452606201172,5.166460037231445,0.7517799735069275,8.320901870727539,-15.735821723937988,-25.23845672607422,8.016690254211426
5,-608.1361083984375,73.8358154296875,-25.30069732666016,-23.13438415527344,-10.688868522644045,-10.730321884155272,-17.839141845703125,-17.608755111694336,-12.628518104553224,-2.280522108078003,-2.369349718093872,-0.2635811269283294,-4.892224788665772,-7.787501811981201,-12.762794494628906,-7.314676284790039,-7.098175048828125,-8.065500259399414,-5.746880531311035,0.043045662343502,2.235301971435547,3.135791540145874,1.631178855895996,3.163679599761963,-0.280547559261322,-1.218035340309143,0.0516027100384235,0.4846861660480499,-0.3503280580043793,0.9751574397087096,0.044567085802555,1.132853388786316,1.071089506149292,0.7382171750068665,-0.8115250468254089,1.575775980949402,-1.349324345588684,0.1213036775588989,2.4956328868865967,0.3021080195903778
5,-658.6879272460938,57.03496551513672,-8.222098350524902,-10.681463241577148,-6.39499568939209,-6.3323516845703125,-9.30368709564209,-9.567254066467283,-11.232843399047852,-7.897832870483398,-5.463152885437012,-1.376327633857727,-0.5280689597129822,-1.8597753047943115,-8.7963228225708,-6.190447807312012,-4.465198040008545,-7.301259517669678,-6.223435878753662,-2.2182435989379883,-0.7432460188865662,1.769567370414734,2.9791691303253174,3.108389616012573,-0.8020017743110657,-0.5893238186836243,-0.4700274169445038,0.2773225307464599,1.2855011224746704,0.9372867345809937,-0.4373718500137329,0.6361443996429443,0.5291126370429993,0.4684377610683441,-0.0239162556827068,0.3258682489395141,-0.2802915871143341,-0.0406434834003448,1.222291111946106,-0.4364915192127228
5,-630.0655517578125,87.79888916015625,-14.132097244262695,-21.762407302856445,-16.69382667541504,-11.632019996643066,-11.285253524780272,-12.583470344543455,-11.185697555541992,-7.961382865905762,-10.022391319274902,-8.528565406799316,-4.7672953605651855,-0.5227276682853699,-9.030400276184082,-9.823033332824709,-8.157305717468262,-7.673105716705322,-7.827231884002685,-3.6050188541412354,-1.271155595779419,2.2163631916046143,1.5535123348236084,2.582801342010498,-0.658841073513031,-1.7006155252456665,-0.4902503490447998,1.305009126663208,-0.8850051760673523,-1.8042882680892944,-2.29146671295166,-1.5983158349990845,-1.7172240018844604,-1.4713350534439087,-3.014941930770874,0.1658523082733154,1.752524971961975,3.3622679710388184,5.011305332183838,1.1640214920043943
5,-598.4486083984375,65.84182739257812,-6.000519275665283,-11.2434663772583,-10.45425796508789,-10.459521293640137,-12.932113647460938,-13.579100608825684,-10.072332382202148,-1.6833125352859497,-1.782522439956665,-2.4582808017730717,-3.611367702484131,-5.21764087677002,-10.59465503692627,-7.419736385345459,-7.301225185394287,-9.950342178344728,-7.782761573791504,-3.1009514331817627,-0.3601677119731903,1.633698582649231,-1.3618457317352295,-0.6800609827041626,-0.3972561657428741,0.2402507364749908,0.2213329225778579,1.0503846406936646,0.1334634274244308,-1.9275946617126465,-2.5963451862335205,-0.5211554765701294,-0.3753175139427185,-1.3301175832748413,-1.3906762599945068,-0.0522790811955928,1.0288983583450315,3.312650680541992,2.9498469829559326,0.6538322567939758
5,-435.5142211914063,184.25669860839844,1.5337425470352173,17.601598739624023,8.696303367614746,5.257639408111572,7.25167179107666,8.706748008728027,3.5053422451019287,7.393143177032471,-1.7407848834991455,2.99086332321167,0.3719551563262939,2.9930789470672607,1.4172595739364624,5.189029216766357,-0.4093097746372223,5.690224647521973,1.319713115692139,5.3830976486206055,1.1811552047729492,2.438397169113159,-2.246123075485229,1.3305490016937256,-2.470649480819702,1.0574164390563965,-1.52996826171875,0.9459026455879213,-1.6158535480499268,2.380319118499756,-1.4493725299835205,-0.0605250000953674,-1.7604087591171265,1.5401155948638916,-0.9014386534690856,1.391015887260437,-0.0767523050308227,2.6326727867126465,-0.3977660834789276,1.523426532745361
5,-423.9931335449219,184.16429138183597,-9.6289644241333,15.081890106201172,11.448145866394045,5.420489311218262,8.44322395324707,9.493504524230955,3.0740556716918945,7.776481628417969,-1.6405081748962402,5.208067893981934,0.5205955505371094,5.9700541496276855,4.600224018096924,2.964230298995972,2.904570341110229,10.764484405517578,-1.0479744672775269,2.2533769607543945,3.4925360679626465,6.314635276794434,-2.698512077331543,2.513600826263428,1.6804206371307373,1.8518898487091064,-0.8060969710350037,2.042682886123657,-3.2412941455841064,2.9871840476989746,0.2004535496234893,-0.76233971118927,0.0783903002738952,4.206089496612549,-0.7957576513290405,1.0902713537216189,-0.27693572640419,3.864384889602661,0.5246065258979797,1.2125916481018066
5,-437.2120666503906,185.2511749267578,-1.2456315755844116,11.837886810302734,12.08156394958496,7.653518676757812,7.369065761566162,10.07632827758789,3.3738107681274414,6.65155553817749,-2.4610931873321533,4.814976692199707,0.5840837359428406,5.187099933624268,4.661969661712647,4.034212589263916,1.893834114074707,8.736559867858887,-0.3647195994853973,2.929806709289551,2.52562952041626,5.675853729248047,-1.0415080785751345,2.7943789958953857,0.3638633191585541,1.8017560243606567,-2.4720916748046875,1.259410738945007,-1.887221455574036,2.524686813354492,0.3648787140846252,1.0751972198486328,-0.1162437051534652,3.4692111015319824,-0.6214244365692139,1.8381425142288208,-0.0813039913773536,2.960143804550171,0.9093510508537292,1.9567687511444087
5,-460.6529846191406,185.6026611328125,14.701298713684082,8.650489807128906,10.255596160888672,13.467422485351562,5.218560218811035,8.034892082214355,2.1367902755737305,6.1173481941223145,-3.356501340866089,4.389388561248779,1.0103263854980469,5.111973762512207,1.083105206489563,5.734641551971436,0.4291210770606994,7.260631561279297,1.139760136604309,5.488362312316895,0.2327171266078949,4.050169467926025,-1.701589584350586,3.420527219772339,-0.5557814240455627,2.923436403274536,-2.7240562438964844,1.5145970582962036,-2.39725923538208,1.5085315704345703,-2.253107070922852,1.8370636701583865,-1.7187933921813965,2.449533462524414,-1.1147629022598269,3.326866626739502,0.2965646982192993,3.353498697280884,-0.7240142226219177,3.671539783477783
5,-460.6278991699219,187.43283081054688,13.011388778686523,8.426902770996094,11.703486442565918,12.67542552947998,5.0262885093688965,7.747715473175049,1.019615888595581,6.543403625488281,-3.686097860336304,4.259366035461426,-0.2265582233667373,5.293037414550781,1.1155682802200315,6.247006893157959,0.605695903301239,6.876490116119385,0.4580689370632171,5.516438484191895,0.0030884742736816,3.8403944969177246,-2.4987306594848637,3.06355881690979,-1.6449260711669922,2.5127370357513428,-2.9758307933807373,1.8178983926773071,-2.4383416175842285,1.633198857307434,-3.052703380584717,1.160920023918152,-2.7080414295196533,2.0341923236846924,-1.4954900741577148,3.1578190326690674,-0.2366349697113037,3.146984577178955,-0.8544477224349976,3.503493070602417
5,-453.3079833984375,190.2398681640625,11.79383659362793,9.70496940612793,9.70716667175293,9.399645805358888,3.796914577484131,6.611902713775635,0.8876603841781616,6.713492393493652,-3.877577304840088,5.034835815429688,0.1484840959310531,4.663506984710693,1.3616212606430054,5.694604396820068,-0.0323829427361488,6.231679439544678,-0.4968805611133575,5.655628204345703,0.1936694085597992,2.83659029006958,-2.821233034133911,3.014612436294556,-1.5885953903198242,2.299393653869629,-2.544584989547729,2.027815341949463,-2.0352537631988525,1.4422898292541504,-2.876471519470215,0.7421531081199646,-2.949693441390991,1.8597408533096316,-2.0957484245300293,2.1522696018218994,-1.0539551973342896,2.0947954654693604,-1.2984578609466553,2.58008885383606
5,-450.6701965332031,191.0906524658203,10.814698219299316,10.123047828674316,10.325431823730469,6.889158725738525,2.7600350379943848,7.164699077606201,1.253673076629639,5.8954033851623535,-3.324789524078369,4.616759300231934,-0.0179028809070587,5.236555099487305,2.185374021530152,5.450682163238525,0.0469712726771831,7.173089504241943,-0.4063884615898132,4.2943854331970215,-0.1821890622377395,2.9109091758728027,-2.5662877559661865,3.308267116546631,-0.4705813229084015,2.906545877456665,-2.546384334564209,2.5912632942199707,-1.8248889446258545,1.32591450214386,-2.078361749649048,2.21134877204895,-2.306647062301636,1.4944578409194946,-1.9152698516845703,2.1080336570739746,-0.9972963929176332,1.7351312637329102,-1.5989106893539429,2.042551279067993
5,-447.7240295410156,188.72836303710935,3.926994800567627,10.22321891784668,12.615764617919922,7.947413921356201,4.31221342086792,7.977300643920898,1.1802997589111328,5.864966869354248,-3.148829936981201,3.682593822479248,-0.6823258399963379,6.187941551208496,2.2334625720977783,5.256974220275879,0.7741262912750244,7.417973518371582,-0.2952070236206054,3.6711983680725098,-1.0211331844329834,3.2900779247283936,-1.6349879503250122,3.697720050811768,-0.4414501190185547,2.8960132598876958,-2.4505035877227783,2.489952802658081,-2.618405342102051,1.1776835918426514,-1.642278075218201,2.7174031734466557,-2.2584822177886963,1.67405104637146,-1.5282180309295654,2.3544468879699707,-1.1994718313217163,2.0482120513916016,-1.2058732509613037,2.6117429733276367
5,-432.8687744140625,187.5284576416016,-6.975214958190918,14.00493335723877,12.66987419128418,7.566941261291504,6.414708614349365,7.239767074584961,1.5808830261230469,7.846242427825928,-3.693095445632935,3.8301825523376474,-0.4125065505504608,6.133876323699951,2.0196518898010254,4.32393217086792,0.5567327737808228,6.454851150512695,-1.077651023864746,3.960002899169922,-1.1769181489944458,3.4721927642822266,-0.983408510684967,3.418402671813965,-1.3799113035202026,2.6131598949432373,-2.6323647499084477,1.6181340217590332,-3.2147607803344727,1.4431681632995603,-1.9393641948699951,1.9210790395736692,-2.180833339691162,2.0141234397888184,-2.0875728130340576,2.2862918376922607,-0.9750704169273376,2.322021722793579,-0.6698636412620544,2.786489486694336
5,-428.45989990234375,186.1130523681641,-1.6714437007904053,18.26179313659668,9.67986011505127,5.452878952026367,7.545077323913574,8.380651473999023,4.544235706329346,7.971757411956787,-3.069831371307373,2.512521982192993,0.4695771038532257,2.659393548965454,2.16127872467041,4.9215192794799805,-0.6723118424415588,5.375107765197754,0.533267617225647,4.399143218994141,1.3929356336593628,2.320004940032959,-1.9708086252212524,1.362621188163757,-2.77150297164917,0.652305543422699,-1.800582766532898,0.5754551291465759,-1.6221052408218384,1.8848336935043333,-1.4451179504394531,0.5087879300117493,-2.324235439300537,1.1825124025344849,-0.6109084486961365,1.1688576936721802,0.0025614039041101,2.173492670059204,-1.65920090675354,1.0342400074005127
5,-381.1204833984375,175.1011505126953,-25.97886085510254,29.861452102661133,1.0931625366210938,7.548111438751221,7.7606024742126465,6.337233543395996,2.961672306060791,9.157395362854004,-6.089666843414307,4.6270365715026855,-0.8853874206542969,4.494616985321045,0.9195093512535096,2.25920844078064,-0.1558190882205963,4.798666477203369,-2.58829927444458,4.431318283081055,-3.495443105697632,3.3927338123321533,-0.6470078229904175,3.0884597301483154,-0.4670234620571136,2.3738460540771484,-2.839915037155152,2.381319046020508,-3.36374831199646,1.940155029296875,-2.6613028049468994,0.8303120136260986,-2.0109012126922607,2.405999183654785,-1.6056673526763916,2.744248390197754,-1.5466018915176392,2.3909149169921875,-0.8971434235572815,2.4529659748077397
5,-415.24267578125,182.5186004638672,-11.540668487548828,19.10228157043457,6.198289394378662,9.786874771118164,8.267207145690918,7.721527099609375,2.6180307865142822,7.273025512695312,-4.414204120635986,5.733558654785156,-0.522556483745575,4.708810806274414,0.8521798849105835,2.3964576721191406,-0.2567007839679718,5.671403884887695,-1.155496597290039,5.239094257354736,-1.824874997138977,3.65675687789917,-0.0647341310977935,3.4006781578063965,-0.7832289934158325,2.8156003952026367,-3.429096221923828,1.8556694984436035,-3.3041608333587646,1.708078384399414,-1.3993297815322876,2.933452844619751,-0.0952463746070861,4.020700931549072,-1.507192611694336,2.973903179168701,-0.9550777673721312,2.909228801727295,-0.7284100651741028,2.538383722305298
5,-415.8372497558594,186.50363159179688,-10.348883628845217,17.12641716003418,7.349778652191162,6.681005477905273,9.990492820739746,8.323867797851562,5.626134395599365,8.110949516296387,-4.494959354400635,1.832596778869629,0.192108005285263,3.795775413513184,3.26516342163086,4.734498977661133,1.17146098613739,6.016474723815918,0.1822742223739624,4.535628318786621,1.3313238620758057,3.132633209228516,-1.5253890752792358,1.5693289041519165,-2.239372491836548,0.6845143437385559,-1.395097732543945,1.503656268119812,-2.277296781539917,1.234085202217102,-1.016920566558838,1.2081093788146973,-2.203364610671997,1.435068964958191,-0.6759668588638306,1.9899752140045168,0.3570556640625,1.836808204650879,-2.1015970706939697,0.6301936507225037
5,-458.542724609375,189.896728515625,9.39461898803711,6.679110527038574,11.718586921691896,9.788436889648438,4.5966796875,9.127190589904783,2.90675687789917,7.458847522735596,-2.983241081237793,3.7385833263397217,0.1124385520815849,6.38567590713501,2.4710443019866943,7.072751045227051,1.953824639320373,7.398606777191162,0.0118163889274001,4.161195755004883,-1.611210584640503,3.370389938354492,-1.006205439567566,3.859867572784424,-0.4565393626689911,3.613922595977783,-2.5302677154541016,1.3604133129119873,-2.5803112983703613,1.93445348739624,-0.9398875832557678,2.993758201599121,-1.93832802772522,2.589864492416382,-1.1751313209533691,2.557532787322998,-0.0605671927332878,3.783535480499268,0.2795146405696869,3.282374858856201
5,-442.1056213378906,185.0748291015625,-2.8492281436920166,13.539539337158203,13.901387214660645,7.082433223724365,4.538132667541504,8.55739974975586,1.2894558906555176,7.81605339050293,-3.3322083950042725,4.696815967559815,0.969447910785675,5.70717191696167,2.760385751724243,6.1864333152771,2.035273551940918,7.407208919525146,-0.0533639229834079,5.36325216293335,-0.8614928126335144,3.9851133823394775,-1.2719175815582275,3.142406940460205,-1.3719538450241089,2.358865261077881,-3.7157371044158936,2.1579782962799072,-2.4772050380706787,1.9587652683258057,-1.8224515914916992,1.9477639198303225,-2.3702046871185303,2.204588890075684,-1.6189706325531006,1.8987056016922,-1.2982677221298218,2.896918296813965,-0.4218183159828186,2.418140649795532
5,-398.01116943359375,174.6601104736328,-20.490833282470703,23.061403274536133,6.558797836303711,5.4043288230896,4.641354084014893,6.578649997711182,-0.6531658172607422,7.589956760406494,-2.3600549697875977,5.033634662628174,2.4062225818634038,6.950778007507324,4.79893970489502,6.162883281707764,2.5881943702697754,6.763199329376221,-0.6575056314468384,4.057332992553711,-2.649637222290039,4.944579601287842,-0.7977727055549622,2.58267879486084,-0.0251066610217094,2.7897582054138184,-3.043278217315674,1.3326971530914309,-3.190636396408081,1.8188718557357788,-1.0509799718856812,1.9639705419540403,-2.189697265625,2.3974318504333496,-1.614250421524048,2.055234670639038,-1.718647837638855,1.912879228591919,-0.4856972098350525,1.6687184572219849
5,-431.8017578125,187.36666870117188,-4.421474456787109,8.061253547668457,7.048194408416748,9.976577758789062,7.860424995422363,7.122480869293213,1.4665560722351074,8.454754829406738,-3.887031316757202,4.01724910736084,-0.0709686800837516,4.575473785400391,4.207164764404297,5.888067722320557,0.5195196270942688,5.383983135223389,-1.5193897485733032,5.841485500335693,0.6447968482971191,5.0092878341674805,-0.6557794809341431,3.0084097385406494,-0.7999216318130493,2.5053179264068604,-2.2907235622406006,2.3012189865112305,-2.449307441711426,1.156254768371582,-2.123756170272827,2.538750171661377,-1.3089598417282104,1.826042413711548,-1.5008901357650757,2.916151762008667,-0.1722309738397598,3.5986433029174805,0.392813891172409,2.42171049118042
5,-406.7109069824219,182.57760620117188,-15.240276336669922,13.508729934692385,0.9591939449310304,9.810503005981444,11.319005966186523,6.313188552856445,1.3546464443206787,9.056657791137695,-4.865571975708008,3.0827057361602783,0.4767194092273712,5.757712841033936,6.473487377166748,5.63101863861084,1.395585298538208,5.539970397949219,-2.193842649459839,5.818278789520264,0.1865391433238983,4.4845147132873535,-0.3117469549179077,2.7354586124420166,-0.0446294620633125,3.378504753112793,-0.8405633568763733,3.785953521728516,-1.681600570678711,1.1184884309768677,-2.074513435363769,1.4307305812835691,-1.7785567045211792,1.3436641693115234,-1.6637458801269531,2.9074079990386963,0.2773437201976776,3.6047208309173584,0.7799583077430725,2.3623504638671875
5,-438.8172912597656,187.61985778808597,-4.772209167480469,7.941349029541016,11.777388572692873,11.268370628356934,8.00802230834961,6.117568492889404,2.06140398979187,8.117098808288574,-3.835639715194702,3.4295928478240967,-0.08669413626194,6.131124019622803,4.538869857788086,6.506694793701172,0.376670092344284,5.526352882385254,-0.8144152164459229,4.539980411529541,-0.0662779137492179,3.915113925933838,-0.973026692867279,2.693709373474121,-1.9237061738967896,2.333714723587036,-1.4655828475952148,1.824575424194336,-2.698532819747925,2.1666955947875977,-1.5899317264556885,1.8189926147460935,-1.4020147323608398,2.487646102905273,-0.7645052075386047,2.6333932876586914,-0.7368494868278503,2.6425435543060303,-0.0538693703711032,2.5575952529907227
5,-414.92779541015625,184.11338806152344,-16.15968132019043,12.697603225708008,5.561358451843262,12.140945434570312,9.179061889648438,5.16937780380249,2.220963478088379,7.979501247406006,-4.8637542724609375,3.544871091842652,-1.1836451292037964,6.279000282287598,4.462011814117432,5.632544040679932,0.7900204658508301,5.837881565093994,-2.3539772033691406,5.116470813751221,-0.8390645980834961,4.813291072845459,-1.050851583480835,2.545883655548096,-1.904578447341919,3.176289319992065,-1.2926627397537231,2.974416732788086,-2.609431028366089,2.576202392578125,-1.7633872032165527,2.112322330474853,-1.071536898612976,1.9759610891342163,-1.810302734375,2.407773733139038,-1.4526392221450806,3.0596303939819336,-0.6707101464271545,2.5361905097961426
5,-406.4366760253906,181.417236328125,-18.05304527282715,14.687737464904783,1.8023887872695925,13.521193504333496,12.256638526916504,5.461312294006348,2.6168012619018555,7.10782527923584,-5.4930739402771,4.503108024597168,0.1602354794740677,6.4613447189331055,4.619104862213135,5.618888854980469,2.063010931015014,6.116672515869141,-2.451364517211914,5.283409118652344,-1.799107551574707,4.141748905181885,-0.2136289626359939,2.840974807739258,-1.155763864517212,2.602299928665161,-1.403871774673462,4.5454206466674805,-1.4251521825790403,2.714803457260132,-1.197230339050293,1.9670228958129885,-0.5290011763572693,2.661885023117065,-1.277125597000122,3.145388603210449,-0.4334475100040436,2.9838006496429443,-0.5924105048179626,2.3921186923980717
5,-429.19287109375,184.8336334228516,-6.713388919830322,11.398457527160645,8.774580955505371,13.087413787841797,11.865715980529783,6.846364974975586,2.0794057846069336,7.001878261566162,-4.540380954742432,4.734206676483154,1.1229636669158936,5.915750980377197,3.8133537769317623,6.518918991088867,2.691027402877808,6.919303894042969,-0.4553287923336029,5.441066265106201,-0.6361725330352783,3.6128902435302734,-0.5078026056289673,2.819124937057495,-1.0157718658447266,2.016150712966919,-2.167078733444214,2.852372884750366,-1.8948403596878047,1.692472219467163,-1.329379677772522,1.9463980197906492,-1.0204919576644895,3.359069585800171,-0.2052972614765167,3.590923309326172,0.2616249322891235,2.4479575157165527,-0.0395494513213634,3.049215793609619
5,-444.0123596191406,186.42901611328125,1.3293414115905762,9.006526947021484,13.882572174072266,11.35893726348877,9.629830360412598,8.70037841796875,1.7905079126358032,7.20960807800293,-3.11316442489624,4.618947982788086,2.3776304721832275,5.32895565032959,3.275846481323242,6.621687889099121,2.2642931938171387,6.891903400421143,1.3727353811264038,5.462087631225586,0.4710013270378113,4.098985195159912,-0.5006467700004578,2.8729231357574463,-0.7332717776298523,2.1879684925079346,-1.515946626663208,1.780079960823059,-2.159207582473755,1.1948834657669067,-1.6224619150161743,1.8206021785736084,-1.1563135385513306,2.569206714630127,-0.1857953369617462,3.2436771392822266,0.1346811205148697,2.116304636001587,0.3060269951820373,3.0026988983154297
5,-377.2703247070313,169.64437866210938,-29.59940528869629,31.96843910217285,2.2289843559265137,7.085850715637207,7.515683650970459,4.564722537994385,-1.6489636898040771,8.897567749023438,-3.4822051525115967,7.554562091827393,0.7773106694221497,4.624211311340332,3.888611078262329,3.1805756092071533,1.0504847764968872,6.802761077880859,-0.0193758402019739,6.929261207580566,-2.2944016456604004,3.9410922527313232,-1.0150774717330933,2.9709246158599854,-0.5647786855697632,1.473751664161682,-3.647680282592773,0.6117914319038391,-3.669882297515869,0.8868071436882019,-1.4142118692398071,0.718084990978241,-2.0337395668029785,2.145484447479248,-1.5823935270309448,2.509181022644043,-1.294093132019043,3.167386531829834,-0.4685918688774109,1.8835383653640747
5,-456.168701171875,192.0498962402344,13.474592208862305,11.600385665893556,8.693196296691895,2.797269344329834,1.2424204349517822,7.734864711761475,-0.6349978446960449,5.343323230743408,-3.09769058227539,4.948731899261475,0.9297782778739928,5.481541633605957,1.150826334953308,6.472296237945557,0.8385657072067261,7.313538551330566,1.5242148637771606,6.553144931793213,-0.8773015141487122,2.996713876724243,-2.304910182952881,3.2555043697357178,-1.040938138961792,2.397235870361328,-3.2707645893096924,2.1522974967956543,-2.881510734558105,1.1779046058654783,-3.017775774002075,2.1931209564208984,-1.3695812225341797,2.700622320175171,-1.4735674858093262,3.04160475730896,-0.4864508211612701,2.943145275115967,-0.6119201183319092,2.5410964488983154
5,-459.9946594238281,191.5105743408203,19.050973892211918,9.534643173217772,5.698488235473633,2.0585081577301025,0.3579278886318207,9.316688537597656,1.2574996948242188,6.173163414001465,-3.715776681900024,3.746558666229248,-0.5798154473304749,4.355733394622803,1.3823896646499634,6.848516941070557,1.835537075996399,6.980961799621582,0.5976216197013855,5.359191417694092,-0.3365153074264526,3.323913335800171,-2.2732174396514893,4.125021934509277,-0.7142724394798279,3.4386091232299805,-2.7467739582061768,1.6994261741638184,-2.569576978683472,1.2406322956085205,-3.115410089492798,2.459364414215088,-0.7509709000587463,2.6988959312438965,-1.5153813362121582,3.1002659797668457,-0.2688017189502716,2.5300633907318115,-1.45238196849823,2.722485065460205
5,-435.2140502929688,184.86009216308597,-5.132494926452637,14.238168716430664,10.6384916305542,9.195144653320312,7.604227066040039,7.637592792510986,4.042964458465576,7.134945392608643,-7.309017181396484,5.723904609680176,1.9905627965927124,5.378215312957764,0.7223398089408875,3.3560266494750977,2.6047792434692383,9.635608673095703,-1.6833833456039429,5.355837345123291,2.883035898208618,4.386702537536621,-4.502956390380859,2.500307321548462,0.0766735598444938,1.8993579149246216,-3.2963478565216064,0.2503252327442169,-3.7980105876922607,3.8441219329833984,-3.939418315887451,-0.7459229230880737,-0.1127361208200454,2.886662006378174,-3.097598075866699,1.5290156602859497,-0.5969064235687256,4.570084095001221,-1.5582021474838257,0.9017893075942992
5,-453.1591491699219,190.48974609375,17.4234676361084,10.825934410095217,-0.5844355821609497,1.5088571310043335,1.7825634479522705,6.623824596405029,0.6522426009178162,6.887030601501465,-4.105715751647949,4.296280384063721,-0.8394778966903687,6.396029472351074,2.1486518383026123,5.482232093811035,0.9094634056091307,6.449482440948486,-0.5696369409561157,4.30008602142334,-1.0310379266738892,3.183288335800171,-2.9660212993621826,3.685381174087525,-2.3354318141937256,1.6819087266921997,-2.8619868755340576,2.319680690765381,-3.4841432571411133,0.9925457835197448,-3.13004732131958,1.9421600103378296,-2.377083778381348,2.111428022384644,-1.218862771987915,2.65138578414917,-0.3184598982334137,3.5539705753326416,-1.1544113159179688,2.3964881896972656
5,-456.1878662109375,194.04443359375,23.176353454589844,7.578319072723389,-0.5439996719360352,1.7862762212753296,-0.3049371838569641,5.122934818267822,0.1768102645874023,7.823188781738281,-1.531854510307312,6.86812162399292,2.471072196960449,6.601965427398682,2.3518097400665283,6.842398166656494,1.0849363803863523,6.0234694480896,-0.6873561143875122,5.363328456878662,-0.1438623964786529,3.2037391662597656,-2.860842227935791,3.101478576660156,-1.5564892292022705,1.8214802742004397,-2.6636695861816406,2.3346869945526123,-2.645991802215576,0.2275368124246597,-3.3922853469848637,1.6689071655273438,-2.4517900943756104,2.118601560592652,-1.310596942901611,3.178025007247925,0.194300040602684,3.4937126636505127,-1.1080344915390017,1.903446674346924
5,-458.06842041015625,193.06057739257807,23.09294891357422,7.532109260559082,0.8391427993774414,3.027451038360596,0.0090670501813292,5.891496658325195,0.3608844578266144,8.085257530212402,-2.027848243713379,6.73056697845459,2.3409664630889893,5.862950801849365,2.2963526248931885,7.687392711639404,0.7281898856163025,6.589703559875488,-0.201464906334877,5.402134418487549,-1.1048729419708252,2.945030689239502,-2.4429402351379395,3.1635735034942627,-2.377816915512085,2.1602659225463867,-2.348468065261841,2.054349184036255,-2.9709665775299072,0.3762950599193573,-2.7473065853118896,2.2438502311706543,-2.470178604125977,2.929177045822144,-1.0686440467834473,2.9395883083343506,-0.353007972240448,3.698225259780884,-1.29181969165802,1.8654478788375852
5,-457.111083984375,190.59312438964844,20.47303771972656,8.886730194091797,1.082910180091858,3.694480657577514,1.0386079549789429,7.0910515785217285,2.556279420852661,7.910507678985596,-3.60396146774292,6.251777648925781,2.7103633880615234,4.633533477783203,1.8417234420776367,8.916947364807129,0.9754266738891602,6.816981792449951,0.5840014815330505,5.346276760101318,-1.2507498264312744,3.136163711547852,-1.2045044898986816,3.854349613189697,-2.839667320251465,1.6177643537521362,-2.0459609031677246,2.3491389751434326,-2.955274820327759,1.5452756881713867,-1.7477840185165403,2.7878870964050293,-2.262085199356079,2.883225679397583,-1.0415056943893433,2.598845958709717,-1.2139501571655271,3.3808984756469727,-0.1206625774502754,3.012284994125366
5,-457.3417663574219,191.6878662109375,20.824996948242188,9.16523265838623,2.1450235843658447,2.950846672058105,0.1407364904880523,5.859012126922607,1.893270492553711,6.596028327941895,-3.18718695640564,6.439757823944092,3.91131591796875,6.508824348449707,3.1978912353515625,8.94753360748291,1.5517996549606323,6.976853847503662,0.3372840285301208,4.346516609191895,-1.7193695306777954,2.207125425338745,-1.754369616508484,4.064927577972412,-1.916071057319641,1.933467984199524,-1.9228808879852293,2.853895664215088,-2.160141706466675,1.84366774559021,-1.5261234045028689,2.745025873184204,-2.5177273750305176,2.352802276611328,-1.109217643737793,2.671165943145752,-1.1033482551574707,2.62711763381958,0.3257836103439331,3.1830122470855717
5,-460.5335388183594,196.39942932128903,24.0052433013916,8.076115608215332,3.6891977787017822,1.9874533414840696,-1.3544223308563232,4.179595947265625,-1.1465479135513306,5.126091003417969,-2.524786949157715,6.531344413757324,4.0308942794799805,8.840275764465332,4.242834568023682,7.898092269897461,1.868577599525452,6.849288940429688,-0.2405650466680526,3.845421552658081,-2.281257152557373,1.2184631824493408,-2.627239465713501,3.3454604148864746,-1.2934714555740356,2.5934669971466064,-2.146379947662353,3.126479387283325,-1.7033085823059082,1.5557628870010376,-2.265284299850464,2.201289653778076,-2.303808689117432,2.162868022918701,-1.9395973682403564,2.642426013946533,-0.4404101967811584,2.6640751361846924,-0.4557105302810669,2.505600690841675
5,-459.88763427734375,196.5078582763672,24.75926399230957,8.62640380859375,3.1457319259643555,2.756489515304565,-1.1405155658721924,4.180063724517822,-2.086731433868408,4.780663013458252,-3.714217185974121,5.68329668045044,2.8092050552368164,8.293018341064453,3.57096529006958,7.452804565429687,2.702949285507202,6.517064571380615,-0.4963999390602112,3.9779927730560303,-2.2626447677612305,1.6357908248901367,-3.222572326660156,3.2907304763793945,-1.900921940803528,2.6337242126464844,-2.9246113300323486,3.0503458976745605,-2.1228151321411133,1.5868946313858032,-2.165130138397217,2.0029971599578857,-1.78184974193573,2.188526391983032,-2.284912347793579,2.445291519165039,-0.7266103029251099,2.9877450466156006,-0.9650777578353882,2.86842679977417
5,-443.0430908203125,185.57293701171875,2.3974976539611816,13.149125099182127,12.384170532226562,8.518669128417969,6.18236255645752,8.244455337524414,4.901587963104248,6.846343994140625,-6.133270263671875,5.8938093185424805,3.7197675704956055,5.904320240020752,1.6553994417190552,3.6181352138519287,1.9344886541366575,9.224322319030762,-0.9331710934638976,4.000178337097168,3.5862247943878174,4.954547882080078,-5.147496223449707,2.052492380142212,1.2642078399658203,2.2830913066864014,-1.7083085775375366,0.630835235118866,-4.180219650268555,4.195186138153076,-2.5299313068389893,-1.2219711542129517,0.7976593971252441,3.0420472621917725,-2.0561413764953613,1.75536048412323,-0.7629930973052979,4.723833084106445,0.0503765828907489,0.6558177471160889
5,-432.6055908203125,182.142822265625,2.990156650543213,13.591426849365234,4.241776943206787,8.05490493774414,5.171072006225586,7.406999588012695,1.6938189268112185,9.679758071899414,-6.086874485015869,2.866318464279175,0.9251907467842102,5.391979694366455,1.9688268899917605,4.240093231201172,2.02756667137146,5.696577548980713,-1.217124581336975,6.418583393096924,-0.9924073219299316,3.3431332111358643,-1.2018762826919556,3.893709897994995,-2.559938907623291,2.422797918319702,-3.756816864013672,2.84722638130188,-2.4040324687957764,1.1741466522216797,-1.978224754333496,2.095571994781494,-2.3644704818725586,1.9909588098526,-1.880385398864746,2.04646897315979,-1.4389095306396484,2.9433631896972656,-1.0656943321228027,2.683072805404663
5,-440.525390625,183.73794555664065,1.4805452823638916,16.27407455444336,13.528584480285645,6.940042972564697,5.9650187492370605,9.066000938415527,4.230931758880615,7.674653053283691,-5.706464767456055,4.859650135040283,3.587975263595581,6.786746025085449,1.4716229438781738,2.095252990722656,2.094151973724365,11.42120361328125,-1.7413142919540403,2.47099232673645,5.807928085327148,6.375214576721191,-6.341494083404541,2.4775073528289795,1.2368392944335938,1.990463137626648,-0.6680301427841187,1.0749386548995972,-4.8867292404174805,4.771087646484375,-1.3497037887573242,-2.3812177181243896,-0.558998167514801,3.672386884689331,-1.6467024087905884,0.9342511296272278,-1.2980901002883911,6.2347731590271,0.2614508271217346,-0.0700892210006713
5,-433.1587829589844,183.173583984375,-1.2704567909240725,16.183618545532227,11.694412231445312,6.336037635803223,8.22482681274414,9.69207763671875,3.050377607345581,7.618864059448242,-4.25045919418335,4.685656547546387,1.723481297492981,5.819535732269287,2.4711081981658936,2.6375577449798584,1.56396222114563,10.046966552734377,-1.1441364288330078,2.8650035858154297,3.565956115722656,5.873965740203857,-3.998260736465454,2.8255510330200195,0.6935798525810242,2.203946113586426,-1.401803731918335,1.786547303199768,-3.130028247833252,3.095917224884033,-1.514968752861023,-0.756982684135437,-1.7327804565429688,3.1846203804016118,-1.3582708835601809,1.819129228591919,-0.4779353439807892,4.929765224456787,-0.1258512735366821,0.8274957537651062
5,-240.96881103515625,156.4508056640625,-32.44536209106445,15.937311172485352,-2.9365768432617188,19.55166244506836,0.0420554727315902,3.5153520107269287,3.4277889728546143,-3.585353374481201,8.690775871276855,5.322415828704834,1.5817232131958008,6.459691524505615,3.676615238189697,5.111560821533203,1.542594075202942,7.363113880157471,9.127829551696776,5.167113780975342,0.7735625505447388,0.9589417576789856,3.964966773986816,4.142055034637451,-0.8550153374671936,2.4917962551116943,2.946136951446533,3.7977712154388423,0.5262798070907593,2.1539466381073,1.0751088857650757,2.8531334400177,2.638866662979126,3.744317293167114,0.725314736366272,2.4611873626708984,-0.0903412029147148,-1.6635675430297852,1.3941019773483276,0.7818979024887085
5,-214.46578979492188,158.52569580078125,-66.09083557128906,15.60074234008789,-12.360004425048828,15.417010307312012,2.388612985610962,10.1390962600708,4.816344738006592,4.326873302459717,2.713017463684082,7.173664569854736,5.0607500076293945,10.421104431152344,3.128619432449341,8.13135814666748,0.0185606405138969,5.594481468200684,-4.282703399658203,1.028252363204956,1.711992263793945,6.867664337158203,-0.9885109066963196,2.003948211669922,0.8633013367652893,4.099559307098389,-2.520986557006836,6.338456630706787,4.419328689575195,1.3547141551971436,-3.059565782546997,4.191240310668945,1.604665994644165,2.8545806407928467,-1.2606297731399536,0.2685474157333374,-1.6895445585250854,0.6488432288169861,-3.0724942684173584,1.5484836101531982
5,-230.3092041015625,161.3824005126953,-53.7187614440918,23.018259048461918,-5.890419006347656,14.224453926086426,7.362200736999512,4.881505489349365,5.60257625579834,5.008327007293701,1.6887309551239014,4.493027210235596,-4.391284942626953,9.618144035339355,4.513885974884033,7.264614582061768,2.265160083770752,2.787256956100464,-5.041508197784424,5.917189598083496,0.7514984607696533,4.164308547973633,0.3077277541160583,0.2994279861450195,-0.9716190099716188,6.016695976257324,-0.3682086169719696,2.5558736324310303,2.030258893966675,4.149117946624756,0.7450997829437256,1.773333191871643,-0.9950599670410156,2.6650068759918213,0.2792366147041321,1.5618128776550293,-0.8132474422454834,0.165202796459198,-2.345796823501587,2.236947536468506
5,-272.2216491699219,156.64285278320312,-43.01789474487305,23.188934326171875,0.961511254310608,15.533894538879396,-1.5844440460205078,5.966273784637451,7.270090579986572,3.6628530025482178,-5.2699384689331055,4.609512805938721,6.176879405975342,11.146069526672363,2.496994972229004,10.683012008666992,-1.542454719543457,4.138636112213135,-1.2297930717468262,6.185586452484131,3.299381971359253,2.2937822341918945,-3.934094667434693,1.3650110960006714,-1.7223297357559204,2.195506811141968,-0.4286178052425384,4.601820945739746,1.0192636251449585,4.631775856018066,-2.2719407081604004,2.45077919960022,0.2837038338184356,0.5533115863800049,-1.100429892539978,2.7171630859375,-2.285221815109253,1.0267783403396606,0.2579488754272461,3.7479867935180655
5,-222.28355407714844,154.6083984375,-73.22721862792969,27.80150413513184,-13.602170944213867,15.43527603149414,7.299660682678223,9.29806900024414,-2.1109890937805176,-5.847935676574707,4.904298782348633,11.519745826721191,10.437978744506836,9.68582820892334,-0.7307372093200684,4.938497066497803,1.113745927810669,8.085382461547852,-0.4807111322879791,0.3090849816799164,0.7207858562469482,6.575655937194824,-2.9430227279663086,0.8363917469978333,0.2440508753061294,7.54041862487793,0.2758578658103943,3.321436643600464,2.7280309200286865,1.6623164415359497,-4.202312469482422,3.742354393005371,5.391616344451904,2.070032119750977,-0.9753366112709044,-0.0074278549291193,-3.40151047706604,5.641594409942627,0.8850879073143005,-1.819833755493164
5,-223.6156005859375,158.64480590820312,-74.32364654541016,25.12550544738769,-11.729952812194824,8.899897575378418,4.306650638580322,2.750649929046631,2.725869417190552,1.3566495180130005,2.36761736869812,4.586676120758057,8.166128158569336,10.384511947631836,0.9491106271743774,5.620105266571045,-2.328164577484131,7.929687976837158,5.010190486907959,7.15500545501709,-0.2018070966005325,0.429969310760498,-0.7829271554946899,5.496521949768066,2.995802402496338,2.0766632556915283,3.766028642654419,3.4882748126983643,-2.07148814201355,4.296314239501953,5.258397102355957,1.663008689880371,-2.756963014602661,0.8244116306304932,0.4773744344711303,1.2976326942443848,2.7571284770965576,3.8821442127227774,-3.000901699066162,-1.1938180923461914
5,-194.02740478515625,146.6497039794922,-70.1995620727539,22.859935760498047,-7.2253642082214355,15.249408721923828,2.5797135829925537,-1.655446171760559,3.9128615856170654,0.530548095703125,10.368035316467283,11.139150619506836,9.595802307128906,-0.2229429930448532,-3.286553382873535,3.914363384246826,3.606225252151489,4.904117107391357,-0.2536622881889343,0.4806414544582367,2.0746495723724365,5.727550506591797,3.4218108654022217,-1.9467092752456665,-0.3554900884628296,3.480491399765014,1.7567535638809204,2.9284892082214355,4.30469274520874,0.2150045335292816,-3.33128023147583,4.416675090789795,6.123021602630615,-1.5371747016906738,-0.9146573543548584,-1.7662819623947144,-4.032568454742432,4.859063625335693,2.6694319248199463,-5.183177471160889
10,-268.4789123535156,151.7730255126953,-55.70466613769531,23.69378471374512,-9.780485153198242,18.728168487548828,6.943098068237305,7.058784484863281,7.55177116394043,2.6754467487335205,-0.180470809340477,9.313199996948242,6.723526954650879,9.396246910095217,1.785871505737305,5.599531650543213,-1.2752918004989624,6.210880279541016,0.5227544903755188,5.763973712921143,-0.5604274272918701,2.8721134662628174,0.141583040356636,7.047336578369141,2.985628843307495,5.217097759246826,0.3402145504951477,2.453818321228028,-0.0531651489436626,2.476486921310425,-2.1825039386749268,1.7479701042175293,0.9800348281860352,2.910421133041382,1.074551701545715,5.467037677764893,0.6368481516838074,1.3717994689941406,-0.6890801787376404,1.0444945096969604
10,-274.08868408203125,165.74290466308594,-52.92376708984375,23.486204147338867,-5.465602397918701,11.247142791748049,3.77682375907898,8.96546459197998,5.54774284362793,4.116586208343506,2.687209129333496,8.878373146057129,3.302966833114624,7.13204288482666,0.0385375283658504,3.1401586532592773,3.3092775344848637,7.4095139503479,-1.64943528175354,4.48367166519165,0.2681152820587158,5.11594295501709,1.133649230003357,3.919073820114136,0.7909685373306274,4.696836948394775,-0.5096275806427002,2.499683380126953,0.3698475658893585,2.0435190200805664,-1.920528531074524,4.561530113220215,1.1165902614593506,1.0110886096954346,-3.1030447483062744,1.3448340892791748,-1.9078129529953003,0.6101230382919312,-0.2992434203624725,4.041733741760254
10,-252.98098754882807,151.138671875,-56.71078109741211,32.577850341796875,-7.510740756988525,14.624122619628906,3.706376075744629,4.100884437561035,5.3440656661987305,7.598527908325195,7.654368877410889,13.308340072631836,0.2812467217445373,1.419805645942688,-6.64486026763916,5.718920230865479,5.164118766784668,3.5062718391418457,-2.96883225440979,6.758175373077393,6.794661521911621,8.28413200378418,-1.934759736061096,1.8074700832366943,0.6419838070869446,2.992025136947632,-0.0475957803428173,5.676745891571045,2.1609771251678467,1.678387999534607,-3.607744455337525,-1.3710079193115234,1.1246390342712402,2.197384119033813,-2.13374137878418,2.3883659839630127,-2.099786758422852,-0.9098414778709412,0.5801825523376465,2.788594484329224
10,-233.4404144287109,146.25619506835938,-66.8399658203125,16.416587829589844,-8.109661102294922,17.5650634765625,2.4201290607452397,10.219085693359377,2.2346959114074707,8.267542839050293,5.585494995117188,11.120588302612305,-0.1906803548336029,-0.0454953573644161,0.506011962890625,8.620590209960938,7.970505714416504,10.5849609375,1.5885124206542969,3.94424033164978,-0.2835493087768554,7.060089111328125,1.0857986211776731,2.399191379547119,-2.659271240234375,2.530712127685547,-1.8744643926620483,1.2970523834228516,1.0984443426132202,2.000162363052368,0.0084105031564831,4.07950496673584,2.5456130504608154,3.580845832824707,0.1811473220586776,1.6444072723388672,1.0051791667938232,0.6235458850860596,-3.0878994464874268,0.8688883781433105
10,-266.8292236328125,152.4253692626953,-44.86359024047852,23.19336700439453,-0.2801001965999603,14.968955993652344,-0.2170020341873169,12.904314041137695,1.6047109365463257,5.100467205047607,4.700220584869385,6.445158004760742,-4.02310037612915,2.234574794769287,4.594220161437988,7.048773288726807,2.0553009510040283,6.034109115600586,-0.9093011617660522,6.05142879486084,3.8781797885894775,8.417216300964355,0.2736167311668396,1.7223429679870603,-1.9219003915786743,2.403648853302002,-1.2840231657028198,0.2116728723049163,-1.8002294301986694,2.4236867427825928,2.466352701187134,3.856689453125,4.698275566101074,3.517873764038086,-2.524193286895752,-0.4100373685359955,-0.8209260106086731,-1.177555799484253,-2.250568151473999,1.965613961219788
10,-293.2737731933594,169.50836181640625,-27.69505882263184,23.53893280029297,-4.650272846221924,9.265365600585938,0.9823119640350342,8.136207580566406,6.316866397857666,6.100237846374512,0.6494112610816956,5.633894920349121,-1.7906519174575806,6.609954357147217,0.1152180358767509,6.200874328613281,0.516374945640564,5.248342514038086,0.4071185290813446,3.8674204349517822,-1.5838230848312378,1.377822995185852,-0.2076656818389892,4.648868083953857,-2.029093980789185,4.355299949645996,4.116145610809326,6.9990234375,-1.349529504776001,1.2845617532730105,-0.5287949442863464,4.532297134399414,1.7537139654159546,1.6321290731430054,-4.267963409423828,-0.9127406477928162,-0.8671845197677612,1.878338098526001,-1.3980679512023926,1.2927507162094116
10,-252.37522888183597,161.36294555664062,-48.16489410400391,20.957868576049805,-3.958697080612183,17.207250595092773,5.68765926361084,6.07527494430542,9.240818977355955,3.918290853500366,-3.105645179748535,6.3996758460998535,3.725730657577514,10.772948265075684,0.5711224675178528,4.924564838409424,-3.1088175773620605,2.1004605293273926,-0.4258541166782379,3.8825979232788086,-1.1056687831878662,3.6877477169036874,-0.2279842644929886,3.332242965698242,0.4944648444652557,6.718510150909424,2.0882883071899414,3.284921884536743,-2.5287187099456787,2.2388532161712646,0.0782265216112136,1.4144015312194824,-4.002711772918701,-0.6721633076667786,-2.309138774871826,2.573161125183105,0.6271809339523315,1.823103189468384,-2.0167934894561768,0.8125962018966675
10,-233.0135040283203,150.14173889160156,-64.45339965820312,23.161998748779297,-9.88246250152588,15.699045181274414,2.187047481536865,5.116501808166504,9.267253875732422,3.620935678482056,3.9769325256347656,7.669863224029541,1.9822534322738647,7.678091526031494,0.7370540499687195,5.581851482391357,2.1916677951812744,5.839804172515869,-0.503014087677002,3.722841739654541,-0.4915611743927002,6.468966484069824,-0.1495671570301056,1.5937221050262451,-2.120847225189209,7.0767340660095215,1.4397287368774414,0.2368138879537582,-2.452383518218994,5.709157466888428,2.4974234104156494,1.57509446144104,-0.762580931186676,5.957275867462158,-0.0904465392231941,1.429297924041748,0.5529383420944214,2.9656269550323486,-5.414078712463379,0.6036525964736938
8,-127.83042907714844,101.45194244384766,-22.04846954345703,15.560626983642578,-17.974016189575195,1.1811902523040771,-19.064266204833984,-3.50122594833374,-6.94266414642334,4.434571266174316,-11.608168601989746,1.243058681488037,-7.819660663604736,1.4715811014175415,-8.565147399902344,-2.35501480102539,-12.64830207824707,-0.2968377768993377,-6.7516865730285645,-0.1161141842603683,-4.717980861663818,0.266866385936737,-6.865234375,-5.475142955780029,-9.291839599609377,0.0500474609434604,-6.986973285675049,-2.8351449966430664,-1.3356746435165403,4.226778507232666,-4.292023181915283,-4.958883285522461,-12.205204963684082,-2.327944278717041,-2.378181934356689,2.359880924224853,-3.374618530273437,-1.1026766300201416,-3.18153977394104,1.4083101749420166
8,-131.21792602539062,101.19847106933594,-24.510723114013672,17.617141723632812,-18.903697967529297,4.960334777832031,-17.80868911743164,-6.115731239318848,-6.6499786376953125,5.577863693237305,-8.55002498626709,5.007759094238281,-6.93106746673584,-0.1171851307153701,-11.48165512084961,-5.843812942504883,-15.852727890014648,1.3987871408462524,-2.9298431873321533,1.6838510036468506,-3.6977698802948,-1.0938692092895508,-11.54367733001709,-6.7918572425842285,-6.012257099151611,1.5923101902008057,-6.924047470092773,-0.4350727200508117,-1.4524856805801392,0.7203393578529358,-6.323299884796143,-3.912027597427368,-11.575998306274414,-3.8043813705444336,-3.952674865722656,0.0155775481835007,-3.26430344581604,1.8216320276260376,-2.961309671401977,-0.8662421703338623
8,-136.9845733642578,106.53108978271484,-26.9796085357666,21.63559341430664,-20.103784561157227,2.207291841506958,-18.332237243652344,-4.086734294891357,-7.291922569274902,3.644443035125733,-5.661789894104004,5.094529151916504,-8.944673538208008,2.4582793712615967,-14.052839279174805,-3.7999422550201416,-6.98601770401001,-1.8410171270370483,-12.725177764892578,-2.811331272125244,-10.2432861328125,-4.892226219177246,-7.467954158782959,-1.4889562129974363,-5.430671215057373,3.379450559616089,-0.8046961426734924,1.5792163610458374,-10.181955337524414,-7.083295822143555,-8.222689628601074,5.082437515258789,-0.8233214020729065,-3.1431658267974854,-6.41810417175293,-2.263200283050537,-4.865879535675049,1.6669366359710691,-8.897455215454102,-6.473951816558838
8,-123.76158142089844,100.5616455078125,-23.63960838317871,12.23665714263916,-17.863025665283203,1.9373198747634888,-18.743724822998047,-7.0465407371521,-9.182694435119627,4.478952407836914,-8.52090835571289,3.695411682128906,-10.301756858825684,-1.7712972164154053,-10.3165864944458,-1.505538821220398,-12.180870056152344,-5.976405143737793,-12.900890350341797,-2.229393482208252,-7.435393810272217,-1.0529725551605225,-6.452280521392822,-2.300687074661255,-9.317426681518556,-2.828465700149536,-5.50723123550415,1.508651614189148,-4.941535472869873,-3.9805212020874015,-7.954670429229736,2.976938486099243,-2.325824499130249,-1.654053807258606,-7.178308963775635,-2.686255931854248,-5.386012554168701,2.053678512573242,-4.270586013793945,-2.5119452476501465
8,-110.1226043701172,88.45265197753906,-23.092819213867188,9.60928726196289,-16.64468002319336,1.4329142570495603,-18.005847930908203,-2.574288845062256,-10.946747779846191,3.706655263900757,-10.172935485839844,1.8005539178848269,-10.974077224731444,-1.2190072536468506,-11.00606918334961,-1.7610822916030884,-9.94881820678711,-4.536646842956543,-11.540846824645996,-3.8291304111480713,-9.520376205444336,-2.604482650756836,-7.821133136749268,-4.378486633300781,-11.076910018920898,-3.942873239517212,-4.5787034034729,1.231938123703003,-4.8303399085998535,-2.060483694076538,-7.206953048706055,4.05697774887085,-0.4850050210952759,-4.756240367889404,-7.985419273376465,-4.8509931564331055,-8.943428993225098,2.2940168380737305,-1.148910403251648,-0.1241860389709472
8,-149.205810546875,114.05480194091795,-24.27606773376465,18.519306182861328,-14.676176071166992,1.915124773979187,-18.308746337890625,-3.69723391532898,-8.846573829650879,4.974608898162842,-8.7571439743042,2.001011848449707,-10.22279453277588,-1.7624906301498413,-11.302206993103027,-1.0028287172317505,-9.55583667755127,-1.1530725955963137,-11.48702335357666,-4.245028495788574,-11.559019088745115,-6.543793678283691,-10.36738395690918,-2.9730641841888428,-6.396216869354248,-1.2476662397384644,-7.569702625274658,0.6577568054199219,-3.261531352996826,-2.2125415802001958,-5.612117767333984,0.7119264006614685,-4.189982891082764,0.5995807647705078,-4.341684341430664,-0.4516268074512481,-4.115275859832764,-1.2500914335250854,-5.383330345153809,-1.8956305980682373
5,-323.1932067871094,129.2084197998047,-35.321720123291016,14.017943382263184,-1.6787835359573364,9.147937774658203,-8.071656227111816,8.207574844360352,-11.120888710021973,4.041449069976807,-9.031140327453612,-9.123077392578123,-9.37114715576172,13.76425838470459,11.29662799835205,13.59462070465088,0.697035014629364,-2.714797258377075,5.461314678192139,12.75356101989746,-2.314267635345459,-21.416915893554688,-20.11623954772949,8.295677185058594,2.7183640003204346,6.617928981781006,-9.231781959533691,12.885171890258787,14.646366119384766,-1.5819745063781738,-25.72034454345703,2.922804355621338,23.91566467285156,6.636932373046875,-7.08042049407959,2.838367223739624,-2.668666124343872,-16.260303497314453,3.0929605960845947,16.494367599487305
10,-276.5544738769531,94.17288208007812,-5.432803153991699,7.133810043334961,-7.94184684753418,1.7545210123062134,-4.181364059448242,11.10606575012207,-9.10972785949707,-5.432869911193848,-15.3978853225708,7.579139709472656,4.552556037902832,24.16024780273437,6.328335762023926,10.787253379821776,-9.905998229980469,-20.245502471923828,-10.421842575073242,14.672377586364746,-1.3305370807647705,-8.91912841796875,-18.20438766479492,3.775712251663208,15.266489028930664,7.930481433868408,-4.714399337768555,19.606277465820312,18.84311866760254,-9.33747100830078,-30.46531867980957,8.316303253173828,14.57023811340332,-16.743860244750977,-12.480935096740724,13.32935905456543,-19.556154251098636,-10.215099334716797,25.014928817749023,18.603782653808597
9,-194.26190185546875,118.35761260986328,-48.818939208984375,26.099180221557617,18.352798461914062,-1.117337346076965,-10.215934753417969,-5.1611199378967285,2.708146572113037,-0.2658666670322418,-12.691695213317873,-7.541482925415039,-10.049193382263184,-0.3550333976745605,-8.395193099975586,-0.6753728985786438,-11.62900161743164,-2.1492271423339844,-14.16676139831543,-8.813370704650879,0.4012995660305023,-2.5774402618408203,-9.046585083007812,3.3659706115722656,-0.5462997555732727,1.7902107238769531,-3.011717796325684,-3.045418739318848,-1.0725774765014648,0.4485067427158355,-0.6859254240989685,6.821362495422363,3.7798290252685542,3.038219451904297,-7.613407135009766,5.3302001953125,-1.5805171728134155,-0.168512538075447,-5.138631343841553,-2.7228543758392334
9,-221.6626892089844,81.12471771240234,18.754344940185547,17.471803665161133,7.665172576904297,-0.6043751835823059,-16.431955337524414,-14.295775413513184,-8.305140495300293,-8.923033714294434,-7.7770256996154785,-2.422019720077514,-8.954051971435547,-3.2203824520111084,-5.320312023162842,4.006780624389648,2.090386152267456,-5.713123321533203,-8.071890830993652,2.0946249961853027,-9.497824668884276,-4.511147499084473,-12.965339660644531,0.2943246364593506,0.5791149735450745,-1.432417392730713,-4.462249755859375,-2.192202568054199,-1.2146462202072144,2.041569709777832,-6.678544044494629,1.6825132369995115,-2.668057441711426,4.962546825408936,-6.044293880462647,-4.085861682891846,-2.850071430206299,2.0208053588867188,-4.25971794128418,3.528421640396118
9,-270.5650329589844,135.04013061523438,-9.068915367126465,22.19103240966797,-4.074559688568115,0.1966127455234527,-4.1846184730529785,0.0850465446710586,-4.952638149261475,0.5730204582214355,-13.736652374267578,-4.154455184936523,-2.245598316192627,1.529135823249817,-5.257327556610107,4.102001190185547,-4.271019458770752,-5.548626899719238,-15.568432807922363,-10.138955116271973,-9.708391189575195,-3.8934173583984375,-8.41112995147705,6.508981227874756,-0.1362989097833633,-1.2631349563598633,-4.4351677894592285,-3.841500759124756,-1.6160324811935425,-1.7035447359085083,-7.50152587890625,-1.512138605117798,-3.605370998382568,3.106307983398437,-3.221433162689209,2.1910886764526367,-1.3178677558898926,3.206498622894287,-0.2710022032260895,0.6437255144119263
9,-329.8072814941406,147.65103149414062,-10.798118591308594,24.08584976196289,-8.619384765625,-3.2763466835021973,-1.436723709106445,4.39919376373291,-3.26049542427063,-4.923000335693359,-7.35627269744873,-5.012713432312012,3.2030792236328125,-1.863993048667908,-8.338113784790039,2.9083781242370605,-3.980227708816528,-10.202482223510742,-13.325594902038574,-4.8734636306762695,-4.354292869567871,1.5081908702850342,-8.651607513427734,0.8624294996261597,-2.0928099155426025,2.9234328269958496,-4.467926979064941,3.113531351089477,-0.5240486264228821,-1.398819923400879,-2.925283908843994,-1.1967041492462158,-2.096232891082764,-0.4690211415290832,-2.4320709705352783,1.8919140100479128,-1.7428042888641355,5.553702354431152,-4.931351661682129,-3.20417857170105
9,-311.437255859375,82.46157836914062,22.55392074584961,20.07597541809082,4.4342241287231445,1.992937684059143,-11.45621109008789,-0.7483145594596863,-1.1519286632537842,-13.174427032470703,-8.517267227172852,1.1263490915298462,-1.280330777168274,-0.4722060859203338,-13.74362564086914,3.127535820007324,-4.334686279296875,1.10312020778656,-10.63194751739502,-2.0561490058898926,-4.689434051513672,1.021049737930298,-8.097516059875488,3.8685946464538574,-6.822192192077637,0.3445581495761871,0.5733217000961304,4.959018707275391,-0.5744378566741943,-1.155973196029663,1.140836238861084,0.719002902507782,-2.7084765434265137,3.716248035430908,-2.8096632957458496,-0.036722358316183,-2.1195974349975586,0.4903088212013244,0.3008730709552765,1.1090140342712402
9,-242.26373291015625,64.18801879882812,20.628284454345703,1.369174838066101,-5.513093948364258,1.6251518726348877,-8.647046089172363,3.7418580055236816,-2.193723678588867,-7.774362087249756,-6.592511177062988,1.9058200120925903,5.662595748901367,-2.051252603530884,-6.3341827392578125,6.834099292755127,-0.9319251775741576,5.0343546867370605,-11.415190696716309,2.98547887802124,-6.762353897094727,-5.748655319213867,-10.076972007751465,1.2806527614593506,-8.699549674987793,0.2314917594194412,-4.817924499511719,1.105198621749878,-6.118484020233154,0.0803302675485611,-4.027122497558594,0.2304239273071289,-8.33764362335205,1.490943431854248,-5.258430004119873,-2.2473156452178955,-2.149521350860596,0.3121149837970733,2.0626816749572754,1.4758328199386597
9,-261.2227478027344,59.53215408325195,12.983176231384276,21.65143203735352,-5.376735210418701,-3.3764450550079346,-11.337309837341309,-5.754868030548096,1.2804133892059326,-6.77640962600708,-6.165607929229736,0.8096135854721069,4.96099853515625,-1.3287127017974854,-12.423269271850586,8.112791061401367,-3.9043281078338623,4.678391456604004,-13.816822052001951,1.8363991975784304,-5.950143337249756,0.3788777589797973,-6.742477893829346,2.8182029724121094,-7.975306987762451,3.015213251113892,-2.6634867191314697,4.733860492706299,-3.246726751327514,-3.4722118377685547,-3.5291669368743896,0.1177105754613876,-4.789262294769287,-0.4115660190582275,-4.141507625579834,-1.866269946098328,1.4215272665023804,1.3886257410049438,-1.0950605869293213,1.271217942237854
9,-214.44427490234372,88.01972198486328,-1.6613991260528564,17.897066116333008,-7.346678256988525,-4.2710490226745605,-15.53573513031006,-3.120106935501098,-0.289542019367218,-7.021806716918945,-4.14022159576416,1.7682877779006958,-2.525596618652344,-4.292022705078125,-10.066367149353027,3.2703888416290283,-5.487606048583984,2.6666574478149414,-16.599899291992188,-7.157007694244385,-7.258587837219238,-5.3974289894104,-10.360858917236328,2.833416700363159,-8.359593391418457,0.8344019055366516,-6.418928146362305,2.429329395294189,-4.220151901245117,-0.8628608584403992,-6.3369669914245605,1.495431661605835,-2.764003038406372,-0.1253361999988556,-2.6706674098968506,-0.310788094997406,-0.8407898545265198,4.0730414390563965,-1.0571802854537964,1.5002686977386477
9,-191.07107543945312,139.11656188964844,-16.252918243408203,9.096464157104492,-0.9640704989433287,-12.007821083068848,-11.944868087768556,-6.1645188331604,-5.30720329284668,1.2089160680770874,0.0610588826239109,10.076127052307127,0.6845227479934692,-6.1771559715271,-15.068607330322266,-2.9583020210266118,-6.503292560577393,-0.1142384931445121,-12.70442008972168,-11.300496101379396,-11.445785522460938,-6.62436580657959,-7.024540424346924,-2.842935085296631,-6.717426776885986,-4.618945121765137,-6.941947937011719,0.1747049391269683,0.4794373214244842,0.812921941280365,-10.902511596679688,-1.9968948364257808,-0.8479766249656677,-0.3447708189487457,-4.576267719268799,-0.1665594279766082,-0.9150732159614564,5.946705341339111,0.698945164680481,1.4040865898132324
9,-116.80934143066406,103.13638305664062,-55.02293014526367,17.203006744384766,8.558903694152832,4.3615546226501465,-13.490962982177734,-8.906153678894043,-2.7063729763031006,-9.936715126037598,-16.942401885986328,-1.5370482206344604,-1.5236366987228394,0.784101665019989,-10.920166015625,-1.499284029006958,-0.084117017686367,-4.271925449371338,-14.015362739562988,-6.008796215057373,-6.013885974884033,-6.927511215209961,-11.079696655273438,-0.3872088193893432,-5.153434753417969,0.4822913706302643,-5.406189441680908,-0.8104482293128967,-2.498984098434448,-1.3765307664871216,-4.29386568069458,-2.159968852996826,-5.996782779693604,4.8290205001831055,-3.981242656707764,0.9692929983139038,-6.336734294891357,-1.3762695789337158,-0.8412262201309204,0.9535745978355408
9,-294.8756408691406,127.71978759765624,-4.038639545440674,22.27993392944336,-9.655365943908691,-7.44301700592041,-9.445168495178224,-10.555303573608398,-1.2934846878051758,-0.5909751653671265,0.6825764179229736,1.854920506477356,-6.61465311050415,-7.93671989440918,-10.792022705078123,-0.980784833431244,-3.825655937194824,-0.1656674444675445,-10.60932731628418,-6.414286613464356,-6.92361307144165,-4.230137825012207,-7.782889366149902,2.9541878700256348,-1.734357237815857,-1.1266943216323853,-4.511819362640381,-0.9208105802536012,1.7421774864196775,-2.9891698360443115,-8.910917282104492,0.4965673983097076,0.5518926978111267,0.7686368227005005,-3.5067028999328613,-2.231787204742432,-3.175290822982788,6.143318176269531,0.7428143620491028,2.156919002532959
9,-161.67498779296875,111.94009399414062,-41.08468246459961,18.77547645568848,-9.623053550720217,-11.462616920471191,0.3788193762302398,3.00082802772522,-7.983314514160156,-1.526744723320007,-13.161771774291992,-0.7766296863555908,4.71400260925293,-0.7628067135810852,-11.700202941894531,5.12863826751709,-7.482523441314697,-6.303557872772217,-16.94762420654297,-5.990272998809815,-11.055095672607422,-8.460516929626465,-10.613880157470703,-5.2154741287231445,-4.43112325668335,-0.1341953724622726,-5.70528507232666,1.745626449584961,-5.590423583984375,-4.412387847900391,-7.640443325042725,1.603587985038757,-7.25586986541748,-2.8868567943573,-3.656227827072144,-1.3631572723388672,-8.972800254821777,0.824070930480957,-0.0112735722213983,-0.0922841504216194
9,-183.04568481445312,121.33365631103516,-32.93699645996094,14.711603164672852,-10.300113677978516,-9.810465812683104,-3.052401542663574,10.340380668640137,-0.9020500183105468,-10.25266933441162,-6.818325996398926,2.9442250728607178,-4.809201240539551,-2.3663885593414307,-8.126914978027344,-0.534220278263092,-14.554085731506348,-6.968820571899414,-17.296022415161133,-8.316957473754883,-11.017911911010742,-5.391906261444092,-13.33464241027832,-5.183703422546387,-2.3705151081085205,1.3232393264770508,-2.6238601207733154,6.651235103607178,-7.500628471374512,-4.124901294708252,-7.6005167961120605,-2.0901596546173096,-7.560894966125488,-1.1955342292785645,-5.124105453491211,-0.702003002166748,-5.86096715927124,6.568804264068604,-1.544573426246643,-0.8454789519309998
9,-252.5296173095703,108.54698944091795,-15.671475410461426,22.13956451416016,0.3502510488033294,-3.624344348907471,-1.9373036623001096,5.116648197174072,-6.170159339904785,-12.096285820007324,-4.311058521270752,5.311715126037598,6.807333946228027,-1.9849090576171875,-9.381810188293455,2.4508841037750244,-7.464212894439697,-1.6844056844711304,-13.987027168273926,-9.197919845581056,-11.29292106628418,-3.703910112380981,-14.675471305847168,-3.251871109008789,-3.041252374649048,0.8713902831077576,-4.68304443359375,0.1500318646430969,-4.0795745849609375,-4.002272605895996,-9.444275856018066,1.8586432933807373,-0.906343936920166,4.542683124542236,-0.8265594244003296,0.4324917495250702,-4.517763614654541,4.582693099975586,-2.246609926223755,-1.644769549369812
9,-343.48883056640625,128.21324157714844,-5.106246471405029,34.70506286621094,-7.7940778732299805,-2.5509207248687744,-5.514957427978516,2.6467607021331787,1.1085675954818726,-6.494784832000732,-6.4815993309021,1.4888476133346558,5.964267253875732,-2.449131965637207,-11.664177894592283,7.7346649169921875,-2.510908365249634,-2.6856377124786377,-8.532601356506348,-5.713930130004883,-7.110626697540283,-3.406812191009521,-10.995316505432127,-1.674963355064392,-5.172568321228027,-1.144640326499939,-0.7778624892234802,1.09489905834198,-3.4934287071228027,-2.385384559631348,-4.295573711395264,0.6743144989013672,-3.1624796390533447,4.935853958129883,-2.6664154529571533,-1.03356671333313,-2.8954737186431885,2.556952476501465,-2.85984206199646,-1.1204577684402466
9,-239.3848876953125,99.30426025390624,-21.94485855102539,36.46202850341797,-6.76092004776001,-7.201199531555176,-8.434795379638672,-5.610728740692139,-7.959469795227051,-2.94634747505188,-12.93642807006836,-1.7247450351715088,11.769718170166016,-2.331581354141236,-9.183537483215332,8.274215698242188,-2.720557928085327,-2.578723192214966,-8.251191139221191,-1.7769408226013184,-8.650788307189941,-1.732568860054016,-11.093287467956545,0.837698757648468,-7.35276985168457,-1.992160677909851,-0.338920921087265,5.740294456481934,-2.41863751411438,-0.9628215432167052,-4.331066131591797,2.0901436805725098,-7.862027645111084,-0.5154818892478943,-3.474855422973633,0.0081071993336081,-3.4619128704071045,-0.5765822529792786,-5.457051753997803,2.843529462814331
9,-198.3134307861328,92.29724884033205,1.4435787200927734,22.107009887695312,-0.9060260653495787,-3.196026563644409,-15.109583854675291,-12.828059196472168,-6.168567180633545,-8.206138610839844,-13.179429054260254,-1.512553572654724,-6.241428375244141,-4.54046630859375,-10.676776885986328,8.210171699523926,-0.6521535515785217,-0.4679195582866668,-5.586497783660889,-1.737665772438049,-11.097020149230955,-2.1170096397399902,-9.85607624053955,-1.4095388650894165,-2.8576133251190186,0.63287353515625,-5.397184371948242,0.3618936240673065,0.2952171862125397,2.560287475585937,-6.2227864265441895,-1.8500550985336304,-4.146709442138672,1.9559450149536133,-2.501152992248535,-0.4392336905002594,-6.326033115386963,1.4187374114990234,-3.5763940811157227,0.0898428186774253
5,-383.1484680175781,127.22753143310548,10.178302764892578,-14.919419288635254,4.314210891723633,20.32366180419922,-1.3062307834625244,-1.9625990390777588,6.596010684967041,7.021059036254883,3.4258921146392822,0.7036772966384888,-5.4524455070495605,-2.337850570678711,-3.6417744159698486,0.1860425621271133,9.018033981323242,11.239545822143556,6.319919586181641,4.351298332214356,6.6161699295043945,2.724858522415161,-0.3818792104721069,3.426260471343994,2.642970323562622,3.4430885314941406,1.2373011112213137,6.5113630294799805,-0.5046994686126709,0.2866519391536712,-1.994192361831665,0.9959227442741394,-0.1887916177511215,2.3266794681549072,1.3008127212524414,3.8811070919036874,5.716094017028809,1.074914813041687,3.54189682006836,3.5949947834014893
5,-391.3009338378906,144.85037231445312,8.029415130615234,-20.34292984008789,4.56969690322876,25.284107208251957,-2.812089443206787,-3.988901376724243,7.312142848968506,8.4657621383667,0.790440022945404,-2.9162280559539795,-6.348941802978516,-1.654591083526611,-6.860536575317383,-1.15926992893219,8.920601844787598,12.775787353515623,6.519281387329102,5.2463860511779785,7.42824649810791,1.5492552518844604,-1.9477782249450684,4.938426971435547,3.876605987548828,4.398808479309082,-0.7162219882011414,5.2610931396484375,0.4399073719978332,0.7038770914077759,-2.9179580211639404,0.3892180025577545,-0.4456083178520202,2.7515125274658203,2.558070659637451,3.676783323287964,7.098562240600586,1.424640417098999,2.37817931175232,2.4790399074554443
5,-418.50189208984375,122.11321258544922,18.88304328918457,-7.340363025665283,11.219732284545898,22.254663467407227,2.1685173511505127,1.8659168481826784,10.28651237487793,5.327608108520508,-0.0052160364575684,-3.944221258163452,-5.1086859703063965,0.1740327030420303,0.6527615189552307,5.423757076263428,10.637277603149414,13.103806495666504,2.714428663253784,-0.4900574386119842,0.7480746507644653,3.443162441253662,2.671242475509644,6.349170684814453,2.772804021835327,2.5435519218444824,-2.1395442485809326,2.9136533737182617,-0.4164567291736603,-0.958527147769928,0.3546928763389587,7.136895179748535,3.332495212554932,1.6213672161102295,0.6521920561790466,2.198465585708618,1.878592610359192,-1.1915892362594604,1.8953239917755127,4.119226455688477
5,-424.1188659667969,117.84951782226562,10.733199119567873,-8.248539924621582,15.567532539367676,25.99437141418457,4.492377758026123,3.418515682220459,10.035381317138672,6.889212608337402,2.205594539642334,-2.8948750495910645,-3.216644525527954,1.6145873069763184,0.1504282057285308,5.7451934814453125,11.01186180114746,11.984620094299316,2.8102474212646484,0.7869709730148315,3.1250314712524414,3.500556707382202,2.010098934173584,5.149807929992676,3.571908473968506,1.9568657875061035,-2.39795446395874,1.9228981733322144,0.833125114440918,0.0491376668214798,0.2579784095287323,5.121098518371582,2.4779906272888184,0.9224726557731628,-0.0925250202417373,2.29480504989624,2.2246835231781006,-0.2614321410655975,1.6304733753204346,2.6466917991638184
5,-140.91456604003906,94.96481323242188,-10.01113986968994,30.43334579467773,-33.165992736816406,10.552627563476562,-1.8793048858642576,2.6741063594818115,8.33444595336914,-1.4637796878814695,-3.900271415710449,1.049854755401611,-0.3420975506305694,4.631956577301025,-2.5662107467651367,0.03733516857028,-4.958939075469971,-2.962912082672119,-3.997514247894287,3.039515972137451,-7.359555721282959,0.1595360934734344,-4.11453104019165,1.8384413719177248,-2.1828267574310303,4.341386795043945,-3.5752010345458984,5.259640216827393,-3.820478200912476,3.7059385776519775,-1.0845327377319336,5.755156517028809,-2.0792627334594727,1.6314189434051514,-0.9971556663513184,4.910844326019287,-4.865400791168213,-0.3512149751186371,-3.6220760345458975,2.187294006347656
5,-149.34774780273438,77.96086883544922,-15.338583946228027,36.392974853515625,-31.62203025817871,11.285313606262209,-1.0703186988830566,5.7282023429870605,3.97458815574646,-1.2215750217437744,-0.1049326658248901,3.644050359725952,-0.2911834418773651,1.2696949243545532,-2.741403102874756,-1.001055359840393,-4.821786880493164,-0.2263596355915069,-1.594447374343872,3.741896867752075,-1.8288702964782717,3.211708068847656,-2.078275442123413,0.4500007331371307,-3.92394495010376,5.210750579833984,-2.8198347091674805,5.150545597076416,-2.203371286392212,3.8750524520874015,-1.5584498643875122,4.060006618499756,-1.6733698844909668,0.6282681822776794,0.035437524318695,3.798649549484253,-3.238440752029419,3.3186850547790527,-2.3104915618896484,2.762732982635498
5,-74.84159088134766,103.82801055908205,-14.824811935424805,25.06120109558105,-45.910194396972656,17.47589111328125,0.1985833644866943,-7.397146224975586,10.77979564666748,-5.810168743133545,-9.641077995300291,-1.382284164428711,-1.014784574508667,1.6166937351226809,-8.663237571716309,-1.8429194688797,-9.614617347717283,-4.195756912231445,-5.5446367263793945,1.1209315061569214,-8.075047492980957,0.2499800622463226,-1.4239710569381714,4.178745746612549,-0.5143716931343079,2.9880707263946533,-4.374654769897461,2.151552438735962,-7.010447025299072,2.3365252017974854,1.7797921895980835,4.765087127685547,-2.456120491027832,2.5391149520874023,-3.327272891998291,2.962404727935791,-5.891535758972168,-0.6908684968948364,-4.100376129150391,1.4653328657150269
5,-52.126590728759766,94.05821228027344,-12.8733549118042,23.312898635864254,-33.889251708984375,7.130697250366211,-3.7893807888031006,-1.947471141815185,1.873229503631592,-5.919296741485596,-7.703295707702637,-1.2902320623397827,-0.315447062253952,4.255434036254883,0.1461828649044037,1.4206368923187256,-4.216451644897461,-2.878413677215576,-5.107317924499512,-1.3865454196929932,-6.914333343505859,-2.037681579589844,-3.975091218948364,0.7074355483055115,-1.1978330612182615,3.631795644760132,-2.6067683696746826,5.002832889556885,-4.391098976135254,2.182799816131592,1.7955855131149292,5.049034118652344,-1.1724835634231567,2.9517452716827397,-0.9748478531837464,3.4388060569763184,-5.610734939575195,-2.9813928604125977,-6.282005786895752,-0.6211637854576111
5,-51.012168884277344,94.35179901123048,-12.97007656097412,21.81405639648437,-34.49684524536133,8.025359153747559,-3.516660213470459,-1.051877737045288,2.361815452575684,-4.839926242828369,-7.717182636260986,-0.8488112688064575,-0.6927483677864075,3.863791465759277,0.3648691475391388,1.9799455404281616,-4.136842727661133,-3.5852975845336914,-4.659327030181885,-0.6200776696205139,-6.221926689147949,-1.63035786151886,-4.359652996063232,1.739320993423462,-1.4170671701431274,3.984427928924561,-2.2970566749572754,6.678371429443359,-4.252302169799805,2.1077866554260254,2.194796323776245,5.0041608810424805,-2.7261483669281006,2.705603837966919,-0.9341921210289,3.490588665008545,-6.893009185791016,-2.999911069869995,-5.432764053344727,-1.989306688308716
5,-50.48922348022461,93.54263305664062,-13.767351150512695,22.761449813842773,-34.97831726074219,8.442450523376465,-2.681227684020996,0.4227944016456604,3.719742774963379,-4.646375179290772,-7.159977912902832,-1.3651822805404663,-1.5711218118667605,2.575999975204468,-0.1248567700386047,1.6904345750808716,-4.405836582183838,-4.752376556396484,-5.056186199188232,-0.6720813512802124,-5.535162448883057,-0.4353096485137939,-4.549747467041016,1.397960901260376,-0.92154723405838,5.131468296051025,-0.9927302598953248,7.375651836395264,-3.948312759399414,2.829997062683105,2.2707247734069824,5.045352458953857,-2.5658576488494877,2.7836434841156006,-1.482698678970337,2.861405372619629,-7.446492195129394,-3.9785234928131104,-5.6197919845581055,-1.8914802074432373
5,-44.69501495361328,100.68498229980467,-19.058149337768555,25.25084114074707,-37.47232818603516,8.886836051940918,-7.555781841278076,-2.7896432876586914,6.975105285644531,-6.967540740966797,-8.480220794677734,-4.616665840148926,-5.538604736328125,-2.127370595932007,-4.1877970695495605,-0.005197029095143,-6.207793235778809,-4.741290092468262,-3.7562255859375,0.7594665288925171,-6.28365421295166,-1.2170381546020508,-5.994199752807617,-0.8408287167549133,-2.2714500427246094,1.496810793876648,-3.60502290725708,2.158449649810791,-7.793562889099121,-0.2639776766300201,2.118607997894287,6.137101173400879,-1.7937721014022827,1.550161600112915,-1.556075096130371,2.57628870010376,-5.943934917449951,-3.008091926574707,-5.510737895965576,-1.5435338020324707
5,-57.645652770996094,102.37299346923828,-22.71363639831543,21.736268997192383,-38.14108657836914,11.60494327545166,-2.2623748779296875,-4.751033782958984,9.646206855773926,-3.10964035987854,-9.792627334594728,-0.157254934310913,-1.9741517305374143,-0.5135504007339478,-3.751651763916016,1.5435346364974976,-8.807079315185547,-6.2184367179870605,-7.411781787872314,-0.1736582517623901,-8.500570297241211,1.678223729133606,-3.2957184314727783,2.537808418273926,-1.6899830102920532,2.763139486312866,-1.549867868423462,6.418935298919678,-3.511562824249268,1.1167237758636477,2.327150583267212,1.871071934700012,-3.273942708969116,2.2209272384643555,-1.5989196300506592,3.0214731693267822,-7.678517818450928,-3.903285026550293,-6.499292850494385,-0.7417424321174622
5,-147.26681518554688,95.9246063232422,-21.608346939086918,31.449020385742188,-28.646018981933597,10.433822631835938,-1.1751978397369385,3.491582155227661,7.809581756591797,-0.0762722492218017,-5.558361053466797,-0.2173117101192474,-0.2480915337800979,0.896020233631134,-5.531000137329102,0.9005788564682007,-6.698436737060547,-4.903153896331787,-5.357010364532471,2.943734645843506,-6.008894920349121,2.9252166748046875,-1.3508546352386477,3.241105794906616,-2.067756175994873,3.0771257877349854,-2.0750253200531006,5.696005344390869,-1.7586088180541992,2.1609137058258057,0.2515560090541839,3.533900737762451,-2.107400417327881,2.091355323791504,-0.8455575704574585,3.665699243545532,-4.937270164489746,-2.4417829513549805,-4.122751712799072,1.0982747077941897
5,-174.68019104003906,93.32645416259766,-16.796586990356445,36.11064910888672,-28.261829376220703,9.822821617126465,1.7162622213363647,3.332479238510132,6.532607555389404,0.46417236328125,-7.6734795570373535,-0.3802016079425812,-0.9292008876800536,2.491409540176392,-5.587608337402344,1.9231616258621216,-4.9044928550720215,-2.612884521484375,-4.22672700881958,4.354949474334717,-5.770474433898926,1.646788477897644,-3.0004868507385254,1.8586513996124268,-2.696599245071411,3.814772844314575,-2.591488838195801,4.092916011810303,-3.484696388244629,1.676674246788025,0.0237936992198228,5.251945495605469,-1.5217186212539673,2.6287546157836914,-1.313488245010376,3.894119501113892,-3.993945837020874,-1.922652006149292,-3.52058219909668,1.899805188179016
5,-261.6056823730469,83.58583068847656,-15.754011154174805,46.21004486083984,-16.290910720825195,9.69276523590088,2.3809776306152344,11.827109336853027,3.788336515426636,2.294614315032959,-3.648557424545288,2.143884658813477,-1.327117919921875,4.236230373382568,-3.866677761077881,3.933237314224243,-0.8339978456497192,0.6600961089134216,-3.079800128936768,6.946655750274658,-1.8521784543991089,1.8787668943405151,-2.4378137588500977,1.7747019529342651,-2.4787487983703613,3.608661651611328,-3.1526689529418945,4.0939812660217285,-2.544637441635132,0.5641363859176636,-0.0638083294034004,5.775374889373779,-1.3685442209243774,2.0823850631713867,-1.8642261028289795,6.186073780059815,-1.6509329080581665,-0.1543584465980529,-2.333394765853882,2.6783313751220703
5,-98.25891876220705,97.73548126220705,-20.95484733581543,29.396970748901367,-37.80192184448242,17.80105209350586,5.916978359222412,-19.990236282348636,6.686186790466309,-8.086795806884766,-7.304870128631592,6.943028926849365,-5.12567949295044,3.975780725479126,-5.539565563201904,1.6130884885787964,-8.126837730407715,1.9557759761810305,-2.8062052726745605,1.6032038927078247,-2.945115804672241,2.203742742538452,-0.9375832676887512,0.2061250656843185,-8.919265747070312,3.489884853363037,-10.678054809570312,2.445225715637207,-5.073707103729248,5.1383209228515625,-1.678752064704895,3.018455266952514,-2.663532257080078,3.855356931686402,-2.3856217861175537,2.2062063217163086,-2.184134006500244,2.59082579612732,-4.98841667175293,0.3523428738117218
5,-69.89570617675781,93.01677703857422,-22.059926986694336,31.60437393188477,-37.73451614379883,16.528358459472656,0.708523154258728,-15.472798347473145,5.385027885437012,-6.981180191040039,-9.263738632202148,3.912796974182129,-4.371301651000977,2.358853816986084,-5.3685712814331055,2.5011515617370605,-9.359761238098145,1.3156821727752686,-5.901966094970703,2.7162911891937256,-2.7002933025360107,1.7272430658340454,-2.5263876914978027,0.0616271160542964,-8.598809242248535,0.9740554094314576,-10.800652503967283,1.2379528284072876,-4.686051845550537,5.430109977722168,-1.2874808311462402,3.689591407775879,-2.896015167236328,4.019108772277832,-1.4484602212905884,1.474003553390503,-4.694864273071289,1.3504056930541992,-5.159717082977295,-0.1208951100707054
5,-76.11248779296875,120.82967376708984,-26.7076416015625,39.82809829711914,-48.590476989746094,20.11557006835937,-4.725919723510742,-14.218819618225098,5.084658145904541,-7.616696357727051,-9.120573043823242,-4.575002193450928,-2.089064121246338,2.2679967880249023,-4.820493221282959,7.777270317077637,-11.31936264038086,-6.9910569190979,-11.965252876281738,-4.164957046508789,-8.870367050170898,0.623663604259491,-4.708981037139893,2.3232429027557373,-3.647374868392944,-1.0143771171569824,-9.136253356933594,0.7945346832275391,-4.437469005584717,6.412525177001953,-3.0759122371673584,2.2752509117126465,-4.050051212310791,3.3505876064300537,-0.3130004405975342,1.571178674697876,-4.872089385986328,0.265304684638977,-3.553457021713257,-0.8220135569572449
5,-66.26290893554688,102.97679138183594,-22.575855255126957,32.78321838378906,-41.64042663574219,12.574406623840332,-2.173199415206909,-12.606050491333008,7.141036987304688,-6.743381500244141,-8.66517162322998,1.5408589839935305,-2.960430145263672,1.5254939794540403,-6.632016658782959,4.470588207244873,-10.397666931152344,-0.5391961932182312,-4.417255878448486,4.784942626953125,-2.183917284011841,3.1652867794036865,-4.414380073547363,1.1142839193344116,-7.068852424621582,-2.147258043289185,-11.961541175842283,-0.8770657777786255,-6.329867362976074,5.031280994415283,-1.7271744012832642,4.701826572418213,-2.098777532577514,4.346221923828125,-0.9209081530570984,0.4293593168258667,-6.227268218994141,-1.5148723125457764,-5.017848968505859,-0.8687549233436584
5,-214.1916046142578,130.33131408691406,-44.27762985229492,50.75064468383789,-14.464234352111816,9.382060050964355,-16.252044677734375,7.487063407897949,-0.0347090139985084,-1.025985836982727,-5.9097514152526855,0.012534356676042,-4.782331466674805,5.069501876831055,-3.4542574882507324,4.227987289428711,-1.8762706518173216,-1.7696404457092283,1.983543038368225,3.105566501617432,-7.482537746429443,-2.4671809673309326,-6.44330358505249,-2.1295278072357178,-5.603178977966309,2.758820056915283,-3.136242151260376,1.627430081367493,-0.5596066117286682,5.261051177978516,-0.1174679100513458,6.16642427444458,-1.825957417488098,2.124478578567505,-0.875023365020752,3.3794708251953125,-3.0153913497924805,-0.6327723860740662,-2.9631173610687256,4.025949954986572
5,-219.89974975585935,129.39096069335938,-43.73710632324219,50.92296600341797,-16.497512817382812,8.350379943847656,-16.76483917236328,5.534188270568848,-1.7030481100082395,-0.9573388695716858,-6.677670955657959,0.5028455257415771,-5.231123924255371,5.188266277313232,-4.669995307922363,3.889955282211304,-1.281322002410889,-0.6818487644195557,2.286022424697876,2.783271312713623,-6.320708274841309,-1.2848517894744873,-5.621458530426025,-1.8883405923843384,-4.184861660003662,2.3546271324157715,-3.056133270263672,2.328906774520874,-0.7865065932273865,5.7915358543396,-0.498240202665329,6.707849979400635,-1.2696720361709597,2.97367262840271,-1.4299074411392212,3.410756826400757,-3.8973677158355713,0.1089729592204094,-2.763402938842773,3.6265227794647217
5,-69.27945709228516,109.06159973144533,-22.815174102783203,35.181114196777344,-44.8519172668457,16.580760955810547,-0.7444853782653809,-8.987143516540527,10.507410049438477,-7.718423366546631,-12.518712997436523,-4.859594821929932,-5.626420974731445,0.6671653985977173,-9.561841011047363,3.794407844543457,-12.937745094299316,-2.09340238571167,-3.564706325531006,3.795854330062866,-4.100266456604004,0.6058323383331299,-8.155375480651855,-3.732697010040283,-7.782360553741455,-1.847492218017578,-7.797388076782227,2.9878854751586914,-3.8666250705718994,6.937569618225098,-1.6160476207733154,3.1916024684906006,-3.572672128677368,5.040332317352295,2.276530742645264,4.158279895782471,-4.2871503829956055,-4.107649803161621,-7.95134973526001,-3.7176666259765625
10,-192.32200622558597,142.83856201171875,-33.72937774658203,39.91575622558594,-34.469940185546875,37.80044937133789,8.393848419189453,-15.192086219787598,4.827086925506592,-12.060494422912598,-8.73864459991455,1.6580934524536133,-12.041025161743164,-1.5728641748428345,-6.605052471160889,3.284592390060425,-7.487747669219971,1.2976560592651367,-9.3590087890625,0.051476452499628,-7.245601177215576,2.992234468460083,1.5175200700759888,-1.0507506132125854,-3.2603600025177,6.378581523895264,-2.625795841217041,3.388564348220825,-3.2588627338409424,0.7176129221916199,-2.483506679534912,2.2269153594970703,-4.031707286834717,3.5098679065704346,0.0784303098917007,9.587151527404783,3.951013803482056,4.188594341278076,-4.485286235809326,2.3411285877227783
10,-206.0552520751953,136.30740356445312,-35.74619674682617,53.98115921020508,-32.32852554321289,39.83460998535156,0.0823844075202941,-14.27703857421875,9.5774564743042,-10.326276779174805,-11.234780311584473,-2.723297357559204,-8.31280517578125,1.756027340888977,-6.838680267333984,1.3836511373519895,-5.422144412994385,1.7998428344726562,-11.0320463180542,2.0250728130340576,-7.980958461761475,1.475361943244934,0.6504545211791992,-1.2494457960128784,-2.922229290008545,7.23073673248291,-2.1803855895996094,2.564911127090454,-2.152827501296997,0.1298841089010238,-3.4832417964935303,1.7136141061782837,-4.581900119781494,5.3053083419799805,-0.2258196324110031,8.591665267944336,3.890139579772949,3.2180747985839844,-2.88290810585022,1.4621407985687256
10,-167.781494140625,143.91976928710938,-42.23580551147461,52.445560455322266,-34.620574951171875,39.91327667236328,-3.693012952804565,-11.461926460266112,10.749872207641602,-15.380326271057127,-13.114848136901855,-13.820219039916992,-10.939862251281738,2.2808284759521484,-11.47376823425293,-0.3788768649101257,-6.106181621551514,-0.7645654678344727,-9.035645484924316,-2.4357497692108154,-9.422480583190918,-0.390371561050415,-1.7927217483520508,-0.6134922504425049,-0.2458570152521133,10.145781517028809,-0.6044949889183044,5.71265983581543,1.9501948356628416,2.583284378051758,-4.071503639221191,-2.262206792831421,-7.742372512817383,6.785215377807617,0.8926908373832703,8.321504592895508,3.847759962081909,1.6668792963027954,-2.774775266647339,0.9411289691925048
10,-178.6896514892578,154.6123504638672,-39.38446807861328,54.0124626159668,-40.02305603027344,40.9486198425293,-2.541046380996704,-16.68690299987793,13.376127243041992,-13.95782470703125,-12.006706237792969,-14.955737113952637,-10.94778060913086,2.3261444568634038,-13.490129470825195,2.084791660308838,-4.520775318145752,0.2488730102777481,-9.17827320098877,-2.1306920051574707,-9.52212619781494,-0.2096121907234192,-0.8290285468101501,0.0784692913293838,-0.3372133374214172,9.78860569000244,-1.8379251956939695,3.939505100250244,-0.115463875234127,1.4641789197921753,-3.1835505962371826,-0.3280482292175293,-6.966676712036133,6.933370590209961,0.5436078310012817,8.018436431884766,5.898801803588867,2.2663042545318604,-3.370198965072632,0.8610520362854004
10,-182.65652465820312,160.1422576904297,-32.264007568359375,53.02114486694336,-42.46072769165039,41.93060302734375,-2.3749170303344727,-23.893335342407227,15.470514297485352,-11.344019889831545,-11.14709758758545,-16.53031349182129,-10.77919101715088,1.3159500360488892,-15.623640060424805,5.804915904998779,-3.2465553283691406,1.0036273002624512,-10.814571380615234,-2.3855929374694824,-9.60435390472412,0.7094162702560425,1.219406247138977,1.25404691696167,-0.0969366803765297,9.770222663879396,-2.4721391201019287,1.83809494972229,-3.117364883422852,-0.251696914434433,-3.747158765792847,1.215497374534607,-5.510862827301025,7.139667987823486,1.0218918323516846,8.809737205505371,8.59372615814209,2.438694477081299,-4.121795177459717,-0.0630397498607635
10,-177.88003540039062,158.43746948242188,-30.85671615600586,50.381141662597656,-40.66202926635742,41.948726654052734,-3.307565689086914,-23.46249008178711,15.97057056427002,-11.250956535339355,-11.193708419799805,-16.351119995117188,-11.787324905395508,1.910160541534424,-16.06422233581543,6.313936710357666,-3.791020631790161,1.3693344593048096,-10.60186767578125,-2.0039825439453125,-10.192997932434082,1.514277100563049,1.3594467639923096,0.6608254909515381,-0.2318203896284103,10.080883026123049,-2.286001682281494,2.0784449577331543,-3.805058002471924,-0.5322117209434509,-3.889284372329712,1.9655007123947144,-5.57721471786499,6.570215225219727,1.252626657485962,8.857552528381348,9.07394790649414,2.37685227394104,-3.8321335315704346,0.1069156005978584
10,-150.61578369140625,144.90420532226562,-30.2879638671875,46.02971649169922,-37.08957290649414,40.42864608764648,-8.616540908813477,-18.228090286254883,14.70241928100586,-11.32321071624756,-10.884727478027344,-14.063440322875977,-12.622403144836426,2.8876073360443115,-13.19407081604004,5.552200794219971,-3.543046712875366,1.408753514289856,-10.690306663513184,-2.034006357192993,-10.65139389038086,2.845334529876709,-0.1100638508796691,-0.8538100123405457,-0.1259004175662994,10.971427917480469,-1.8716239929199217,2.8314242362976074,-4.190632343292236,-0.7242165803909302,-4.284506320953369,2.209012985229492,-5.2218828201293945,6.780215740203857,0.976450502872467,7.754707336425781,7.1618828773498535,1.9461174011230469,-3.363503217697144,1.6259607076644895
10,-125.67791748046876,128.59173583984375,-33.76442337036133,47.10179138183594,-36.15652847290039,42.434547424316406,-12.767186164855955,-14.276866912841797,13.010857582092283,-11.66873264312744,-10.725732803344728,-10.621193885803224,-10.891151428222656,4.21357011795044,-9.223227500915527,3.691471099853516,-2.252875328063965,1.1309657096862793,-11.025431632995604,-0.1597384810447693,-11.351856231689451,4.264482498168945,-1.6636117696762085,-1.683191180229187,-0.8614319562911987,11.178496360778809,-2.8346102237701416,3.240195274353028,-3.1196882724761963,-0.4022122323513031,-4.216125965118408,2.3917667865753174,-4.214742660522461,7.742653846740723,1.2555850744247437,5.912129878997803,5.046945571899414,1.8276925086975095,-3.205889940261841,2.5724661350250244
10,-117.86824035644533,123.62660217285156,-38.45309829711914,52.30632400512695,-37.98301315307617,44.84904479980469,-12.384968757629396,-13.948236465454102,12.463689804077148,-11.725543975830078,-11.88017749786377,-9.67790985107422,-12.340744018554688,2.3072659969329834,-8.408638954162598,1.188053846359253,-1.741706132888794,1.0239351987838743,-10.690494537353516,0.7998875975608826,-11.56150722503662,5.169568538665772,-0.6977322697639465,-0.9811527729034424,-1.093476176261902,11.21053981781006,-3.9138343334198,3.320960521697998,-2.6607673168182373,-0.7442752122879028,-4.223750114440918,2.1393985748291016,-4.20380449295044,7.756546497344971,2.1339237689971924,6.6249613761901855,6.571701049804688,3.582441568374634,-3.68363356590271,1.6529239416122437
10,-112.1497039794922,124.13998413085938,-40.995079040527344,55.33119201660156,-39.04433059692383,42.10449600219727,-10.811744689941406,-14.16925048828125,11.442818641662598,-10.677369117736816,-13.630097389221191,-9.991317749023438,-15.67689037322998,0.2614942193031311,-9.056248664855955,-0.7887507081031799,-1.640965461730957,1.0407661199569702,-10.73935604095459,0.0078527275472879,-10.851933479309082,4.799841403961182,-0.1634742170572281,-1.1971967220306396,-1.2970150709152222,12.100975036621094,-3.4094252586364746,3.4251599311828613,-3.1576457023620605,-0.9836441874504088,-4.566154956817627,0.9905410408973694,-4.900954246520996,7.0047149658203125,2.304839372634888,7.858633995056152,7.4187912940979,4.360438823699951,-4.328629970550537,0.921171486377716
10,-110.66149139404295,125.26576232910156,-41.760868072509766,56.147064208984375,-39.86184310913086,39.59732437133789,-9.74909496307373,-13.679238319396973,10.86656665802002,-9.482515335083008,-14.323978424072266,-9.25752067565918,-16.038305282592773,0.7895107269287109,-8.227303504943848,-0.7737869620323181,-1.91778564453125,1.013532042503357,-10.38898754119873,-0.1843412816524505,-10.123794555664062,4.604864120483398,0.2171401381492614,-1.9658163785934448,-2.6091907024383545,12.168853759765623,-3.0646069049835205,3.0211076736450195,-3.644320249557495,-0.9160149097442628,-3.7731432914733887,1.1538445949554443,-4.726848125457764,5.921780586242676,1.7017207145690918,7.451828002929687,6.85630989074707,4.02883243560791,-4.473052024841309,1.6817810535430908
10,-111.58346557617188,124.41462707519533,-40.91416931152344,57.463478088378906,-39.66223907470703,37.13349533081055,-9.59579086303711,-12.653108596801758,10.62058162689209,-9.706048011779783,-14.480460166931152,-7.943324089050293,-16.670034408569336,0.232889711856842,-6.301546096801758,0.1891822665929794,-1.711648941040039,0.8581671714782715,-10.035749435424805,-1.3712095022201538,-10.317864418029783,3.9818193912506095,-0.0209727212786674,-2.626445770263672,-2.580434560775757,12.164785385131836,-2.474778413772583,2.5639562606811523,-3.701060295104981,-1.093570113182068,-3.392979145050049,1.1067287921905518,-4.688507080078125,5.995424747467041,1.2320932149887085,6.772281646728516,6.059458255767822,3.745623826980591,-4.570831775665283,2.0818004608154297
10,-180.26808166503903,140.63113403320312,-39.21541976928711,51.67742538452149,-37.56378173828125,45.64452362060547,-4.484927654266357,-16.2120361328125,14.340920448303224,-11.700824737548828,-13.223121643066406,-12.568854331970217,-5.573999404907227,2.85625433921814,-12.016074180603027,0.5163881778717041,-5.933787822723389,0.0595614500343799,-9.825242042541504,1.7677990198135376,-8.61170482635498,0.719161868095398,-1.9057098627090452,-1.4557760953903198,-2.224091053009033,8.887712478637695,-2.283743143081665,3.539663791656494,0.0559762492775917,0.9485809803009032,-3.947985410690308,1.109221577644348,-6.323205471038818,5.603208065032959,-0.2974308729171753,6.431428909301758,3.894362688064575,0.7112796306610107,-1.5024410486221311,1.031176209449768
10,-112.21439361572266,123.70619201660156,-41.115325927734375,60.12078857421875,-38.79356384277344,34.63197326660156,-9.52204704284668,-12.059537887573242,9.714381217956545,-9.728515625,-14.182791709899902,-6.385834693908691,-17.408531188964844,0.5042059421539307,-4.0763678550720215,1.8934788703918457,-0.5110860466957092,0.5164206027984619,-10.60278606414795,-3.191866636276245,-11.574362754821776,2.882347583770752,-1.513118863105774,-3.1616549491882324,-1.5485994815826416,13.05953884124756,-1.7132437229156494,2.593868494033813,-3.3965275287628174,-1.2191073894500732,-4.01430606842041,0.5399917960166931,-4.9966349601745605,6.895116806030273,1.313770055770874,5.478827476501465,4.277994155883789,2.8801140785217285,-4.82166862487793,1.9065523147583008
10,-112.29074096679688,124.5756378173828,-42.23006057739258,60.87241363525391,-38.1224479675293,34.538700103759766,-9.46568489074707,-12.196906089782717,8.91301441192627,-8.83930492401123,-14.390596389770508,-6.244959831237793,-16.868240356445312,1.0683398246765137,-4.28670072555542,3.4317281246185303,-0.2667835652828216,0.4169550240039825,-11.07614040374756,-4.21634578704834,-12.506683349609377,2.2337276935577397,-1.1680089235305786,-3.3147552013397217,-1.2277363538742063,13.449881553649902,-1.812266826629639,2.4724056720733643,-3.312001943588257,-1.631006121635437,-4.24995231628418,0.4746606945991516,-5.2398858070373535,6.946366786956787,1.116663694381714,5.353926181793213,3.7769951820373535,2.508845090866089,-5.434391975402832,2.0520761013031006
10,-171.03573608398438,146.5291290283203,-39.4984245300293,50.54495620727539,-41.00697326660156,49.35273742675781,-3.1151785850524902,-16.856111526489258,15.742413520812988,-12.807016372680664,-13.318018913269045,-14.709754943847656,-6.319434642791748,3.641088485717773,-14.02863597869873,1.375349044799805,-6.693973064422607,-0.495240569114685,-8.926674842834473,1.2826343774795532,-8.768166542053223,1.013804316520691,-2.1526126861572266,-1.49631667137146,-0.8180075287818909,10.40936279296875,-1.5041499137878418,5.4655375480651855,1.3495274782180786,2.094804286956787,-4.798354148864746,0.1110003292560577,-6.845755577087402,5.74876594543457,-0.2319046258926391,7.153772830963135,4.021284580230713,0.1008695140480995,-1.838771224021912,1.4139834642410278
10,-188.2732696533203,149.8884735107422,-30.677959442138672,54.21425628662109,-46.11769104003906,47.31929397583008,2.2468008995056152,-20.72398376464844,16.680253982543945,-14.645493507385254,-12.71866512298584,-12.542201042175291,-9.705686569213867,4.132718086242676,-13.675880432128906,2.500326633453369,-7.443428039550781,-1.3290225267410278,-7.607239723205566,-1.2712322473526,-8.516072273254395,0.1603411585092544,-1.081179976463318,-2.26163101196289,-0.5233755111694336,10.942977905273438,-1.6643327474594116,5.624764919281006,0.2576970756053924,1.8211709260940552,-5.779472827911377,0.0400456227362155,-7.0126543045043945,6.170538425445557,0.4986614286899566,7.814935684204102,4.107828140258789,0.0657782778143882,-2.430147886276245,0.8977745771408081
10,-192.96495056152344,149.82769775390625,-31.02063751220703,55.35832977294922,-47.48801040649414,43.79039764404297,2.15703558921814,-18.915233612060547,14.843628883361816,-17.25709342956543,-12.375581741333008,-11.152244567871094,-10.798998832702637,3.734842777252197,-13.568923950195312,-0.1314676105976104,-8.595370292663574,-1.2864645719528198,-6.896505355834961,-2.127004384994507,-7.903592586517334,0.1135270297527313,-2.4178335666656494,-2.876469135284424,-1.2505488395690918,9.343896865844728,-3.50917649269104,4.928861141204834,-0.6396337747573853,1.6715112924575806,-4.653139114379883,1.1365809440612793,-7.06804895401001,6.209137439727783,-0.196545660495758,5.823221683502197,2.623189687728882,0.5806753635406494,-1.967685580253601,1.7484668493270874
10,-183.8155975341797,150.54808044433594,-38.756141662597656,55.311649322509766,-44.749549865722656,45.76500701904297,-1.863206505775452,-16.434762954711914,13.767186164855955,-17.294450759887695,-12.386589050292969,-14.061676025390623,-9.239152908325195,3.330207347869873,-13.35467529296875,-0.3933389782905578,-7.728577613830566,-0.4038775563240051,-8.640863418579102,-1.422410011291504,-8.963428497314453,-0.2666398286819458,-3.0505387783050537,-1.679119110107422,-0.0716747194528579,8.678736686706543,-2.755540609359741,5.108500003814697,1.0098087787628174,1.8446626663208008,-4.337841987609863,-0.5550026893615723,-7.540118217468262,5.910489082336426,0.1445077955722808,6.238480091094971,3.2689642906188965,0.785551130771637,-2.355720043182373,1.6109479665756226
10,-181.46131896972656,152.16795349121094,-41.921966552734375,55.62422180175781,-43.53740692138672,47.57505035400391,-2.860126495361328,-16.813295364379883,14.39013385772705,-16.88346290588379,-12.707708358764648,-16.260299682617188,-9.36097240447998,2.545876979827881,-13.150664329528809,1.3368360996246338,-6.922440052032471,-0.8622370958328247,-9.084675788879396,-1.911095380783081,-9.913768768310549,-1.0053292512893677,-2.304148435592652,-0.8402231931686401,1.4097163677215576,9.571178436279297,-1.3920432329177856,5.874258995056152,2.442009925842285,2.2155425548553467,-5.46253776550293,-2.482412338256836,-8.354220390319824,5.74552583694458,1.0259582996368408,8.279152870178223,4.400301933288574,0.2333158552646637,-3.2285473346710205,0.587943971157074
10,-177.96316528320312,151.94908142089844,-42.42597961425781,55.41096496582031,-41.60309219360352,45.91611862182617,-4.282470226287842,-16.657114028930664,13.086557388305664,-15.41648292541504,-12.612037658691406,-16.431453704833984,-9.751947402954102,1.74822998046875,-12.747955322265623,1.4136345386505127,-5.856698036193848,-0.6786152124404907,-9.229244232177734,-2.8043580055236816,-9.37944507598877,-0.4480358064174652,-1.3564271926879885,-0.5968705415725708,1.5160861015319824,9.75181007385254,-1.5732033252716064,5.44888973236084,1.920896291732788,1.8211694955825808,-5.238246440887451,-1.7937262058258057,-7.756309509277344,6.154586315155029,1.4629720449447632,9.165489196777344,4.997359752655029,0.6336830258369446,-2.773525714874268,0.0592638812959194
10,-166.31785583496094,145.092529296875,-40.79994201660156,52.66741180419922,-35.89690399169922,41.88103866577149,-5.613717079162598,-14.619555473327637,10.743721961975098,-14.265913009643556,-12.659042358398438,-15.470406532287598,-10.3335542678833,1.126652479171753,-11.380152702331545,0.9812473654747008,-5.496325969696045,-0.9112576842308044,-10.188520431518556,-3.639050006866455,-9.201635360717772,0.3332606554031372,-0.5297041535377502,-0.0867926180362701,0.6954498887062073,10.09588623046875,-1.0069384574890137,4.922849655151367,1.0034151077270508,1.34772527217865,-5.338306903839111,-2.05932354927063,-6.896681785583496,6.740350246429443,1.639541506767273,9.53060817718506,4.755096435546875,1.1894065141677856,-2.6738595962524414,0.0368668213486671
5,-170.9590606689453,85.79529571533203,-5.863668441772461,36.97777938842773,-4.600212097167969,11.640531539916992,11.346128463745115,0.8246200680732727,-0.3538042604923248,2.800765037536621,-1.882497787475586,-0.861481785774231,-8.752157211303711,2.817411422729492,-0.4204739332199096,7.516573429107666,-1.2809274196624756,-0.9527111649513244,-6.76793384552002,-2.474459409713745,-9.72129726409912,-6.614465236663818,-5.458315849304199,0.8288102149963379,-6.272786140441895,-0.9381190538406372,-4.840919017791748,2.654041051864624,0.7700298428535461,2.987050771713257,-3.501265525817871,2.7545835971832275,-2.516917943954468,-2.442051887512207,-2.348853349685669,2.1895265579223637,-2.257386445999145,3.852107286453247,-2.9130992889404297,-2.4326066970825195
5,-38.06909942626953,59.69601058959961,6.655001640319824,30.818498611450195,-6.600316524505615,3.8052377700805664,12.129095077514648,1.6831363439559937,1.3782994747161863,3.827880144119263,-0.9625795483589172,-4.363471508026123,0.231287807226181,0.8404401540756226,-1.3321752548217771,3.229632616043091,-4.371459484100342,0.9189475178718568,-2.5827746391296387,-1.0619171857833862,-2.394409418106079,0.9063891172409058,-1.7574491500854492,-0.6443562507629395,-5.06132173538208,3.5424916744232178,-0.7980331778526306,8.506306648254395,0.1895973831415176,-0.5565731525421143,-3.561232805252075,-1.875317931175232,-7.362504959106445,1.955673336982727,-5.926807403564453,3.494318008422852,-3.37032151222229,2.8858301639556885,0.078182466328144,5.722256183624268
5,-38.723724365234375,58.05221557617188,8.996417999267578,31.322132110595703,-8.2278470993042,5.937800407409668,12.129027366638184,2.022610902786255,2.1448018550872803,4.744298458099365,-2.074223756790161,-1.319572925567627,-0.7952483892440796,2.5756285190582275,-1.1374508142471311,4.665899753570557,-3.5428380966186523,1.8356150388717647,-1.7256242036819458,0.8536193370819092,-2.13835072517395,1.7493494749069214,0.0380948223173618,-0.7497861385345459,-4.24953556060791,3.195441722869873,0.1849177926778793,7.938424110412598,1.4018912315368652,0.0843329653143882,-3.4032039642333984,-1.790967345237732,-6.799976825714111,1.9366812705993648,-4.650730133056641,3.4368762969970703,-2.5871543884277344,2.7218971252441406,0.0314948037266731,5.231090545654297
5,-62.27527618408203,51.40618133544922,12.69626522064209,35.33452606201172,-3.746220350265503,1.7453768253326416,14.797144889831545,-5.429599285125732,2.0263431072235107,1.268721342086792,-2.065079927444458,8.697977066040039,7.598813533782959,1.597386360168457,0.3089918792247772,-2.100180625915528,-3.2412772178649902,-2.1452417373657227,-4.363825798034668,1.167519211769104,-3.4042558670043945,-0.5992873311042786,2.6071510314941406,1.4594696760177612,-6.125063419342041,1.8881077766418457,-0.9146260023117064,-0.3731535077095032,0.3324643075466156,8.116493225097656,-0.8219876289367676,-2.49141263961792,-5.684067726135254,-4.018085479736328,-2.779596328735352,5.316978454589844,-3.465672016143799,1.1305619478225708,-5.423647403717041,-3.015522718429565
5,-136.21876525878906,71.19355010986328,20.529054641723636,33.88287353515625,0.3057028651237488,19.823888778686523,9.465834617614746,8.002037048339844,-0.4829719364643097,-1.7982354164123535,-4.991482734680176,5.408253192901611,2.3398187160491943,1.997220754623413,-1.824073076248169,1.1369036436080933,-6.120453834533691,-5.095355987548828,-8.06108570098877,-1.4857044219970703,-2.0648305416107178,-0.33484748005867,-4.039829730987549,-0.2781023383140564,-2.389285087585449,4.309074401855469,-4.831655025482178,-2.643819808959961,-3.844741344451904,-3.4117431640625,-5.922017574310303,3.420656681060791,-4.112688064575195,0.4838895797729492,-4.340987682342529,-0.5548696517944336,-1.793044924736023,0.3959438800811767,-6.136068344116211,-1.680134654045105
5,-124.53263092041016,71.40031433105469,10.032501220703123,46.67658996582031,-1.4456787109375,6.53665828704834,10.77788543701172,-1.341657638549805,0.5148144960403442,8.007895469665527,-1.6370644569396973,-4.387249946594238,-0.0413558930158615,2.507157325744629,-4.943315505981445,2.9000840187072754,-3.050677537918091,-4.906829833984375,-6.50199556350708,-1.0663866996765137,-1.726216197013855,-2.5763418674468994,-5.769886016845703,-4.207318305969238,-4.303256034851074,1.3880105018615725,-0.6897777915000916,1.8307089805603027,-4.593560218811035,-2.7731640338897705,-3.195493221282959,1.9002306461334229,-5.282574653625488,0.1126959472894668,-4.203037261962891,-2.1812174320220947,1.5409035682678225,1.923871159553528,-5.71524715423584,-0.3076876401901245
5,-104.76814270019533,65.33705139160156,23.55185890197754,31.08866310119629,-7.841243743896484,10.33712100982666,3.2850892543792725,7.758212566375732,4.095217704772949,2.541800022125244,-3.2027595043182373,5.304508209228516,1.3331784009933472,-0.4302310943603515,-4.291790962219238,-1.5231491327285769,-4.682230472564697,-1.0390578508377075,-3.7545320987701416,3.0453152656555176,-0.7123791575431824,-1.5589176416397097,-2.035009384155273,-2.475138664245605,-5.172755241394043,0.5315344333648682,-7.575723171234131,-1.4756300449371338,-3.0626213550567627,-0.5733796954154968,-5.316157341003418,2.6228184700012207,-7.196878910064697,-3.771085023880005,-1.736431360244751,-1.0812623500823977,-4.03714656829834,-0.2953598797321319,-5.458187580108643,-0.8518650531768799
5,-96.77153778076172,72.11344146728516,13.60125732421875,25.309494018554688,2.401084899902344,0.5923084616661072,7.398791790008545,-0.2588126063346863,1.3669672012329102,-0.7865338921546936,2.435443162918091,6.526290893554688,2.212242841720581,-1.798787236213684,-4.631479263305664,1.6187987327575684,-3.0013294219970703,-5.153055191040039,-6.04425573348999,5.513319969177246,1.5688400268554688,2.3275604248046875,-2.8866145610809326,-3.8443603515625,-7.030405521392822,0.5975635051727295,-6.068244457244873,-0.2988520860671997,-4.449212551116943,0.6363948583602905,-4.167892456054688,4.373857021331787,-4.608869552612305,-2.881892442703247,-5.493428707122803,0.999308943748474,-3.0933942794799805,-1.230032205581665,-1.855902910232544,1.941870927810669
5,-121.29843139648438,82.25733947753906,-14.791418075561523,30.9185733795166,-9.758773803710938,-0.9237579107284546,9.458602905273438,-9.322422981262209,-4.5716423988342285,-4.252771854400635,-4.9295172691345215,-7.334390640258789,-2.1956491470336914,-0.7798259258270264,-6.8650312423706055,4.4575934410095215,0.4910880625247955,-1.9503350257873533,-8.546065330505371,0.7202277779579163,-0.1568554937839508,0.9775513410568236,-5.804468631744385,4.150230884552002,-6.47556209564209,-0.6690910458564758,-5.474673271179199,2.1334352493286133,-4.333272933959961,1.681494951248169,0.9232856035232544,1.3099137544631958,-1.8597595691680908,8.44957447052002,-6.361974239349365,0.5490808486938477,0.0278811585158109,5.790161609649658,-1.3421189785003662,0.3381519615650177
5,-124.50218963623048,68.37763977050781,6.116703510284424,19.38507843017578,-10.092056274414062,8.063724517822266,5.085489273071289,-1.1792588233947754,-3.326535224914551,-5.947813034057617,-3.1213929653167725,-5.837564468383789,-2.7819836139678955,-2.276968717575073,-2.0186634063720703,4.586634159088135,-5.3547043800354,-2.395569086074829,0.0281804036349058,4.543179512023926,-0.5018916130065918,-1.8264297246932983,-2.601719379425049,1.134648084640503,-4.527165412902832,3.2828989028930664,-6.409689903259277,2.3341729640960693,0.1022325530648231,4.827284812927246,1.869247317314148,0.3365083038806915,-7.318455219268799,-2.471730947494507,-5.655519485473633,-1.1839476823806765,-2.0307772159576416,2.6064600944519043,-3.9874260425567623,0.2257671505212783
5,-97.9726104736328,58.54917144775391,0.0473209880292415,25.1035213470459,-11.333916664123535,2.656191825866699,4.646144390106201,-5.547086238861084,-3.5154788494110107,-8.290874481201172,4.613664627075195,-2.27148962020874,-1.3465750217437744,1.3804813623428345,-7.523559093475342,-0.9827367663383484,-5.234445571899414,0.6907958984375,-2.014803171157837,3.999593496322632,-3.932040691375733,-3.116041660308838,-0.971243977546692,1.6250269412994385,-3.795875787734986,6.95565128326416,-0.7547030448913574,6.635698318481445,2.730041742324829,4.641960620880127,-2.242474317550659,-0.8307027816772461,-3.630100727081299,-2.13651704788208,-3.860662698745728,2.313206195831299,-4.55438756942749,2.4415714740753174,-0.0465764515101909,-0.881009578704834
5,-98.50879669189452,61.013633728027344,5.448727130889893,29.523283004760746,-12.432626724243164,8.31515884399414,3.850319623947144,-3.365116596221924,-2.498060941696167,-5.4267897605896,4.056380271911621,-0.3384180665016174,-1.4168299436569214,1.4101043939590454,-6.465697765350342,-0.5715320706367493,-4.232295513153076,0.4632254242897033,-1.9259371757507324,2.4628517627716064,-3.83982515335083,-2.942691802978516,-0.5017194747924805,1.635528564453125,-2.996441602706909,6.4195427894592285,-0.6160497665405273,6.213864326477051,2.5813663005828857,4.6241326332092285,-2.6949970722198486,-0.8979995846748352,-4.754753112792969,-2.117708921432495,-3.9507224559783936,2.2529056072235107,-3.996823310852051,2.1675655841827397,0.1525111198425293,-0.2945138812065124
5,-133.77589416503906,60.5199089050293,12.76793384552002,34.66432571411133,-9.749690055847168,13.94520092010498,5.601766586303711,1.5667418241500854,-3.6523187160491934,1.4149900674819946,1.837722659111023,3.948161363601685,0.1822817176580429,3.949099779129028,-5.944397449493408,0.6302086114883423,-3.1266558170318604,1.216286540031433,-0.7322474718093872,2.9080793857574463,-3.815762758255005,-1.2510513067245483,-1.462340235710144,2.0134828090667725,-2.697110414505005,6.345557689666748,0.4309549033641815,5.997200012207031,1.5006805658340454,3.533013343811035,-3.3464934825897217,-1.408873438835144,-6.346282958984375,-1.2747400999069214,-3.372102737426758,2.2379536628723145,-2.4420385360717773,2.544679880142212,0.4230516850948334,0.5392702221870422
5,-58.28694534301758,59.80168533325195,-10.41221809387207,29.30351829528809,-12.285133361816406,0.6539455056190491,11.279512405395508,-9.85296630859375,-4.266596794128418,-5.95188045501709,-7.065574169158936,3.675342321395874,0.2565596401691437,-1.7150551080703735,-0.0552514120936393,4.038919448852539,-5.038944721221924,-2.747731685638428,-1.9126498699188232,6.035630226135254,-4.556703567504883,3.7603759765625,0.5882235169410706,-2.341132164001465,-5.882346630096436,-1.6903834342956543,-4.611361980438232,-1.6856781244277954,1.6660034656524658,5.479044437408447,-3.301652669906616,1.2388453483581543,-10.211505889892578,1.1542257070541382,-2.890178680419922,-2.19258189201355,-6.066057205200195,5.591141223907471,0.0021167381200939,-0.6375718116760254
5,-126.88467407226562,51.25143432617188,5.646676063537598,42.71882247924805,-9.608636856079102,4.659982681274414,8.403478622436523,-3.4932844638824463,-2.026800632476806,-1.13387930393219,-3.2513368129730225,6.298504829406738,1.3501304388046265,0.1584429889917373,-2.764138698577881,5.351814270019531,-4.587463855743408,-1.5403681993484497,-1.2234010696411133,4.941938877105713,-1.9982906579971316,4.141067981719971,-1.1995400190353394,0.9798425436019896,-2.46419095993042,1.923863172531128,-1.988957762718201,-0.1274604946374893,2.000177383422852,4.654444217681885,-2.209759473800659,2.152198314666748,-5.3817973136901855,0.0140532562509179,-2.470360517501831,-0.7959651350975037,-4.371742248535156,4.347816467285156,-0.4922662079334259,-0.2410907447338104
5,-111.8465576171875,56.632057189941406,3.3769030570983887,41.13848114013672,-7.104372024536133,0.4379547536373138,2.5119783878326416,-5.842296600341797,-0.0230919942259788,-0.7170751690864563,-1.972370982170105,7.0630717277526855,1.2820504903793335,-1.932095408439636,-2.761713743209839,5.344183444976807,-4.001674175262451,1.5238646268844604,-0.9960973858833312,4.054588794708252,0.568289041519165,1.0373362302780151,-1.6229043006896973,3.2238988876342773,-0.3695044815540313,4.369989395141602,0.4390166103839874,-1.0419540405273438,-0.8219202160835266,2.454031467437744,-2.9937891960144043,2.382033586502075,-3.8869218826293945,-2.023435115814209,-5.354947566986084,-1.7528061866760254,-4.988805294036865,3.2009525299072266,-2.059081077575684,-0.45376056432724
5,-76.0189208984375,48.62643432617188,8.904701232910156,41.67509078979492,-8.128914833068848,3.5717132091522217,-0.7094476222991943,-2.920546293258667,-2.0535552501678467,1.8058134317398071,-2.328562021255493,9.270652770996094,1.9686734676361084,-0.5406147837638855,-1.4619433879852295,6.4434428215026855,-4.324329853057861,1.6338056325912476,-1.6603856086730957,3.14064621925354,-0.4014603197574615,0.7824662923812866,-2.6062262058258057,3.331357717514038,-0.3519818186759949,5.136563301086426,0.7552793025970459,-0.3641586601734161,-2.0350019931793213,2.956948518753052,-3.436127185821533,2.828174829483032,-3.216915369033813,-2.481887102127075,-6.525363922119141,-1.5139013528823853,-5.220206260681152,3.138249635696411,-1.86357581615448,-1.3721987009048462
5,-121.57598114013672,37.11674880981445,14.940977096557615,47.706581115722656,-5.880677223205566,9.26332187652588,1.970042705535889,3.981801748275757,-3.4685580730438232,7.308606624603271,0.8431681394577026,9.797540664672852,2.7194082736968994,2.719010353088379,-1.083267092704773,8.110564231872559,-2.587303638458252,1.169402241706848,-1.1309791803359983,4.631512641906738,-1.6472344398498535,2.849625587463379,-2.390720844268799,3.939368486404419,-0.3706262409687042,5.224664211273193,0.9716604351997375,0.377883106470108,-2.2287185192108154,4.185693264007568,-3.5787148475646973,3.83237886428833,-2.5432770252227783,-1.9788850545883176,-5.458925247192383,-0.5786576271057129,-4.058219909667969,3.5514180660247803,-0.5217136740684509,-1.618143916130066
5,-68.91276550292969,68.37066650390625,2.423297882080078,36.87097930908203,-5.702709674835205,1.7133994102478027,7.712784767150879,0.7685068845748901,3.478085994720459,0.9929912090301514,2.509824752807617,3.392895221710205,1.1511095762252808,6.480757236480713,-1.2788349390029907,0.9047952890396118,-2.1397368907928467,-2.615473985671997,-3.3623664379119877,-1.2603027820587158,-5.425337314605713,-2.1192097663879395,-1.0055097341537476,3.1466615200042725,-5.834927558898926,-0.7937315106391907,-2.4790472984313965,-0.5455055236816406,-2.512091636657715,2.66066312789917,-1.7404495477676392,3.8805456161499023,-5.628366947174072,0.0395990386605262,-2.5389106273651123,-1.4861862659454346,1.0020688772201538,4.310632228851318,1.0137920379638672,2.179743528366089
8,-192.32449340820312,87.41069030761719,-16.894821166992188,11.20559787750244,-14.40509796142578,-7.730645656585693,-11.771309852600098,-1.1458756923675537,-0.7058941125869751,-0.4927398860454559,-7.794693946838379,6.086609840393066,-2.5032787322998047,4.092350006103516,-4.170949459075928,3.5552737712860107,-1.703483819961548,4.558575630187988,-0.8152257204055786,3.14388108253479,-2.660618782043457,2.182197570800781,-1.6028063297271729,4.350659370422363,-1.6097080707550049,1.7391209602355957,-5.558670997619629,0.0756580680608749,-0.7370669841766357,3.94306230545044,1.435794234275818,7.452423095703125,0.4662808775901794,1.97186017036438,-1.7032802104949951,0.9882786870002748,-0.8777844905853271,2.266852140426636,-2.204745054244995,3.56650710105896
8,-143.751953125,76.69999694824219,-14.413003921508787,17.742656707763672,-16.93501853942871,-9.012712478637695,-24.286540985107425,-10.295160293579102,-4.430206298828125,-5.956656455993652,-5.9762492179870605,4.131380558013916,1.4225828647613523,8.748679161071777,-0.8721259236335754,-0.5870382189750671,-5.13405704498291,0.6888510584831238,-1.1070916652679443,2.9625396728515625,-2.8066928386688232,4.300475120544434,1.226789951324463,4.841527462005615,-3.375702381134033,-3.493312120437622,-6.3159942626953125,2.816793441772461,-1.8699681758880613,2.3924319744110107,2.3957693576812744,4.008134841918945,-1.0462095737457275,2.587676525115967,-5.907808780670166,-0.7958480715751648,0.8689428567886353,1.159224033355713,-2.136639356613159,2.9489572048187256
8,-148.21080017089844,75.143310546875,-10.14187717437744,14.357537269592283,-12.554078102111816,-3.773254632949829,-23.11578750610352,-2.888778686523437,-13.190468788146973,-2.8905415534973145,-1.801018476486206,2.3707754611968994,-2.13114070892334,6.324779033660889,-2.723531484603882,6.607778549194336,-0.0333755239844322,2.1716012954711914,4.294326305389404,0.2384996712207794,-1.2973700761795044,3.6138839721679688,-1.4021224975585938,9.111421585083008,-4.400551795959473,2.8787176609039307,-0.2209838181734085,3.0326805114746094,-5.146682262420654,2.397239446640014,-1.8035718202590945,7.688466072082519,-1.671051025390625,1.391157150268555,-6.1779866218566895,-2.3188068866729736,-3.004819393157959,-0.2903224229812622,-3.6479222774505615,0.9158363342285156
8,-26.127853393554688,35.688236236572266,-40.05302047729492,9.208378791809082,-14.606250762939451,-11.257916450500488,-16.250865936279297,-4.157979965209961,-13.32608413696289,-8.428191184997559,-12.241847038269045,2.75514554977417,-6.798854827880859,4.2563910484313965,-7.778220653533935,1.9591052532196045,-1.7850682735443115,7.095444202423096,2.432670831680298,4.762744903564453,-4.545477390289307,1.520321011543274,-3.978330850601196,3.2479143142700195,-6.051114082336426,0.4387522935867309,-4.4167256355285645,4.9207611083984375,-1.6822991371154783,-0.451950192451477,-0.3494865596294403,7.473947525024414,2.2381134033203125,4.944662570953369,-1.5523769855499268,0.2423692345619201,-1.6528934240341189,2.269657611846924,-4.648097515106201,0.2344556450843811
8,-32.426361083984375,23.74284553527832,-9.401135444641112,25.296615600585938,-56.00479888916016,-2.499420642852783,4.520745754241943,-11.916997909545898,-8.174853324890137,5.127941608428955,-19.10165786743164,12.17356014251709,-18.189586639404297,4.79653263092041,-11.870403289794922,-15.837636947631836,3.752606153488159,-6.293282508850098,-1.460465669631958,-8.890008926391602,-6.095885276794434,-5.182896137237549,2.297891855239868,-0.7181681990623474,-3.161629676818848,7.0249924659729,-0.8625767230987549,-3.052493095397949,-2.471367359161377,6.234801292419434,-2.1309850215911865,-1.4128855466842651,-2.5468807220458984,-2.401188373565674,-3.128511428833008,-6.683366775512695,-3.658213615417481,-1.6756246089935305,-3.70900297164917,2.44421124458313
8,-37.53693008422852,36.17863082885742,-12.164017677307127,33.756439208984375,-53.43457412719727,-9.857613563537598,12.810937881469728,-10.546978950500488,-6.534192562103272,10.048547744750977,-23.48355865478516,16.867021560668945,-17.17315673828125,2.883085250854492,-10.677566528320312,-12.39271640777588,2.029096364974976,-1.421762228012085,-2.7893340587615967,-6.315971374511719,-2.054419994354248,-4.414928436279297,4.868911266326904,-2.9305524826049805,-1.7547476291656494,4.712400436401367,-1.6386302709579468,-1.3138110637664795,-0.8580445051193237,6.964731693267822,-1.4765307903289795,-1.5415061712265017,-2.927827835083008,0.8336091637611389,-3.154024124145508,-2.994973659515381,-4.082728862762451,-0.6701354384422302,-3.557369470596313,2.1990692615509038
8,-54.62361526489258,39.43970489501953,-1.8182859420776367,34.657569885253906,-52.19639587402344,-7.617726802825928,12.910140991210938,-13.698033332824709,-9.04738998413086,12.44086742401123,-26.51976203918457,18.343276977539062,-13.949292182922363,3.298938512802124,-6.6851487159729,-11.52707862854004,2.312399387359619,-1.4245097637176514,-2.261176824569702,-7.430827617645264,-0.418903648853302,-4.152534484863281,6.748624801635742,-1.9609603881835935,-1.611155390739441,5.6545090675354,-1.582576036453247,-0.117415465414524,0.3981564342975616,6.623011589050293,0.2614222168922424,-0.4238346517086029,-4.252377510070801,1.6646184921264648,-1.6060922145843506,-1.2736947536468506,-4.0278000831604,-0.0775154680013656,-4.343431949615479,1.4510748386383057
8,-65.11206817626953,34.73589324951172,4.013306140899658,36.126834869384766,-48.064701080322266,-7.120251178741455,9.873723030090332,-17.074325561523438,-9.724971771240234,15.058667182922363,-30.105661392211918,16.93896484375,-11.32449436187744,1.2576746940612793,-4.8309855461120605,-10.708657264709473,0.9550171494483948,-1.430521845817566,-4.028485298156738,-9.807415962219238,-0.5595795512199402,-5.839737892150879,8.087302207946777,-2.802052974700928,-2.3318612575531006,5.165482044219971,-2.283437728881836,-0.4839833974838257,0.1663652509450912,5.121119022369385,-1.3383772373199463,-0.2583365142345428,-5.486507415771484,2.1401946544647217,-1.1778157949447632,-1.3235437870025637,-4.348839282989502,-0.6519896984100342,-4.854342460632324,0.1518581956624984
8,-75.17000579833984,12.8057279586792,8.661715507507324,36.08872985839844,-15.723661422729492,-4.607062816619873,-7.567662239074707,-17.436119079589844,-10.143372535705566,5.627139568328857,-21.261205673217773,9.119901657104492,-5.387586116790772,-5.295838356018066,-7.875051498413086,-11.238086700439451,-7.198508739471436,2.308229446411133,-2.0724384784698486,-7.130054950714111,0.3189004063606262,-4.225404739379883,2.413799285888672,-2.3008530139923096,-4.095806121826172,3.1619269847869877,-4.717161655426025,-1.9158546924591064,-3.1828155517578125,6.4895501136779785,-3.914828777313232,-0.3462108671665191,-9.020835876464844,-1.4846290349960327,-1.5193848609924316,-5.293073654174805,-2.35474705696106,-0.9803763031959534,-1.1363155841827393,0.9439024925231934
8,-65.28839111328125,2.0795016288757324,6.458982944488525,45.386680603027344,-11.141871452331545,2.43574595451355,-7.805448055267334,-19.144609451293945,-9.68605899810791,4.266857624053955,-20.430295944213867,3.822061061859131,-4.929274559020996,-3.357900619506836,-4.871127128601074,-9.437939643859863,-4.095673561096191,2.5985119342803955,-0.4335325360298157,-5.032045364379883,-2.5993447303771973,-1.7434649467468262,2.3461809158325195,-6.070343494415283,-5.762604236602783,0.6999335289001465,-4.176711082458496,0.7025521993637085,-3.866846799850464,6.368393421173096,-1.510503172874451,1.0426973104476929,-9.48228931427002,-2.48806381225586,-1.833943247795105,-2.1705198287963867,-1.362484574317932,0.489803284406662,0.3224850594997406,2.307607412338257
8,-76.91778564453125,-17.304597854614258,-17.23038101196289,24.936599731445312,-6.461834907531738,4.25303840637207,5.557775020599365,-6.01522970199585,-0.2968402206897735,6.4435625076293945,-21.47809791564941,3.821751117706299,-3.298607349395752,-1.8926931619644165,-5.977040767669678,-10.204717636108398,-1.4286998510360718,5.908062934875488,-5.123479843139648,-14.53622055053711,0.3006626665592193,-10.40694522857666,0.3666751384735107,0.6001974940299988,-8.406172752380371,3.020307302474976,-7.582539081573486,-3.4308815002441406,-5.815736770629883,13.378433227539062,-5.079650402069092,-1.824733018875122,-6.879993438720703,1.552877426147461,-0.96327006816864,-0.5211465358734131,-4.146566867828369,1.6677216291427612,-5.710085868835449,-0.9606807231903076
8,-130.12562561035156,5.712544918060303,-21.236217498779297,23.241195678710938,-8.707231521606445,11.357194900512695,2.460709571838379,-6.388062953948975,-3.519115686416626,10.372371673583984,-14.163723945617676,4.307790279388428,-2.4905920028686523,0.2467967569828033,-6.773906707763672,-11.924519538879396,-4.23314094543457,4.847124099731445,0.0453112833201885,-10.74658203125,-2.090292453765869,-5.016166687011719,2.873910427093506,-1.4528188705444336,-7.019428730010986,5.459767818450928,-6.5013041496276855,-2.22454571723938,-6.734307289123535,9.96038055419922,-2.185704469680786,1.0662482976913452,-9.545034408569336,-0.9755787253379822,-0.6913171410560608,-1.567611575126648,-4.118543148040772,-0.0684043541550636,-1.7905230522155762,-1.0352839231491089
8,-79.68313598632812,-14.799954414367676,-23.23023796081543,20.19317054748535,2.2288992404937744,15.777091026306152,6.993814468383789,-6.735306262969971,-9.619038581848145,10.179577827453612,-9.904879570007324,6.713067054748535,-4.600667953491211,-2.361369132995605,-5.606474876403809,-11.169635772705078,-6.194591999053955,5.195161819458008,1.3173385858535769,-14.096531867980955,-6.209454536437988,-9.568373680114746,-2.392397165298462,-1.2854466438293457,-10.168699264526367,2.729445695877075,-8.391448020935059,-4.788516998291016,-11.61188793182373,6.407709121704102,-6.059076309204102,0.0548727214336395,-11.557663917541504,-2.0302467346191406,-3.673147678375244,-2.704258680343628,-4.095794200897217,-2.761738538742065,-0.2924889326095581,-0.6110264658927917
8,-77.8508529663086,-13.308828353881836,-22.72855758666992,18.67055320739746,-1.955650329589844,15.01496410369873,7.485656261444092,-6.524106502532959,-11.347354888916016,9.857726097106934,-7.27181339263916,8.230461120605469,-4.656674861907959,-0.4481582939624786,-4.364808082580566,-9.996864318847656,-5.380325794219971,4.0937371253967285,0.8773386478424072,-12.292136192321776,-5.100231170654297,-9.759074211120604,-2.3089823722839355,-3.095627546310425,-11.721426010131836,1.904116988182068,-8.003128051757812,-5.296202659606934,-9.623268127441406,6.778448104858398,-5.964457035064697,1.190372347831726,-11.524537086486816,-1.636104702949524,-3.6927003860473633,-2.452667236328125,-2.554490566253662,-1.963154911994934,0.5316164493560791,-0.5560228824615479
8,-77.06983947753906,-10.909655570983888,-20.225679397583008,17.611238479614258,-5.021237373352051,13.289175033569336,8.2014799118042,-8.150796890258789,-12.390292167663574,9.023517608642578,-6.399013996124268,11.622063636779783,-2.15341591835022,-0.3140623867511749,-5.349259376525879,-10.583724975585938,-6.544229030609131,3.155880928039551,-0.5716482400894165,-11.172122955322266,-4.26378345489502,-8.802038192749023,-0.3368248343467712,-2.6333677768707275,-11.08548355102539,1.4497015476226809,-7.746398448944092,-5.139486312866211,-8.787238121032715,6.885533332824707,-4.4072794914245605,2.815098524093628,-11.465229034423828,-2.02354097366333,-4.404932022094727,-3.756292581558228,-3.0632212162017822,-3.569724798202514,-0.8713441491127014,-0.3001644015312195
8,-111.26604461669922,-1.9590333700180051,-18.309741973876957,17.55548858642578,-9.083456993103027,11.198097229003906,9.208492279052734,-3.8022708892822266,-8.006607055664062,8.747050285339355,-8.277654647827148,10.797094345092772,-3.122101306915283,-1.523173213005066,-2.821516752243042,-9.03695583343506,-7.637321472167969,3.697411775588989,-1.4624258279800415,-10.727886199951172,-2.5660502910614014,-8.49101448059082,-0.7655282616615295,-0.5825785994529724,-7.737227916717529,2.923902988433838,-5.271841526031494,-3.4021568298339844,-6.043371677398682,6.828472137451172,-3.224691152572632,3.596736192703247,-9.90582275390625,-1.684809684753418,-3.5108578205108643,-2.6702725887298584,-4.156754016876221,-3.251452922821045,-3.1553955078125,0.1119828447699546
8,-79.09953308105469,0.0021056907717138,-0.1089046224951744,49.28349685668945,-11.577144622802734,-0.488575130701065,0.0060051935724914,-14.859869956970217,-15.777440071105955,5.913283348083496,-19.54710960388184,1.808307647705078,-9.626778602600098,-7.797464847564697,-8.421077728271484,-6.9114179611206055,-1.5934581756591797,0.7291021943092346,0.7852597236633301,-12.33846378326416,-1.973762273788452,-4.395256519317627,3.500661611557007,-8.909119606018066,-7.960987567901611,-1.8793675899505613,-6.23448371887207,2.383365631103516,-4.2840681076049805,5.541871547698975,-2.242497444152832,3.517544984817505,-9.708757400512695,-4.213595390319824,-3.115960121154785,0.3498148918151855,-0.8770847320556641,1.8459657430648804,-2.0241219997406006,1.684744954109192
8,-77.36328887939453,-0.2056273519992828,0.0767273008823394,48.4693717956543,-14.642671585083008,-2.968741178512573,1.9749716520309448,-14.473188400268556,-14.21979808807373,7.413624286651611,-22.21799659729004,5.500687122344971,-13.83609390258789,-5.7546000480651855,-7.615000247955322,-8.81059455871582,-1.2198269367218018,0.0921237915754318,-1.5455682277679443,-11.457345962524414,1.049861192703247,-6.849427223205566,4.692153930664063,-10.19510269165039,-7.018917560577393,-0.6006845235824585,-8.50547981262207,1.665143370628357,-4.277239799499512,6.2320427894592285,-2.957772731781006,3.3698205947875977,-10.719334602355955,-2.9169509410858154,-3.099846363067627,0.3764983117580414,-1.4920742511749268,2.784388303756714,-2.3352162837982178,1.3425980806350708
8,-78.30115509033203,-6.497746467590332,-3.2596635818481445,43.31476211547852,-13.370835304260254,-3.349807977676392,2.491403579711914,-10.73818302154541,-8.855124473571777,7.453670501708984,-23.909563064575195,6.595847606658936,-13.69412612915039,-5.009336471557617,-6.932124137878418,-8.062577247619629,-2.480414390563965,0.2488096356391906,-1.6724190711975098,-10.874897956848145,2.027468681335449,-9.74929904937744,4.287559986114502,-9.264158248901367,-8.084383010864258,1.8092721700668333,-8.947277069091797,-0.6925860047340393,-5.004040241241455,6.805017948150635,-3.206474542617798,2.0077850818634038,-9.196453094482422,-1.7528157234191897,-2.282761812210083,-0.769464373588562,-3.4773380756378174,1.8095399141311648,-1.83454430103302,1.3036330938339231
8,-78.38227844238281,-15.349263191223145,-11.688470840454102,30.516706466674805,-9.045604705810549,2.032020568847656,2.9136221408843994,-6.1927490234375,-5.496292591094971,7.765696048736572,-17.843107223510742,5.58357048034668,-9.137060165405272,-4.257404804229736,-7.793890476226807,-4.7851881980896,-4.3120646476745605,-0.5260129570960999,-1.927100419998169,-12.073535919189451,-0.554646909236908,-9.54139518737793,2.79686975479126,-4.551086902618408,-11.984539031982422,3.2921199798583984,-9.700140953063965,-3.1482021808624268,-6.241374492645264,6.8700127601623535,-5.230802536010742,1.1692787408828735,-7.600966930389404,-0.8986657857894897,-1.3684158325195312,-2.176007032394409,-4.054959297180176,-1.0815647840499878,-2.0554399490356445,-0.0728022828698158
8,-73.94647979736328,-16.886995315551758,-18.22339630126953,19.93483543395996,-5.199643611907959,9.789002418518066,7.29097318649292,-5.430967330932617,-6.618155002593994,7.660812377929687,-10.674205780029297,8.986592292785645,-4.026371479034424,-3.680072784423828,-7.861435890197754,-5.019176483154297,0.4658798575401306,0.3691917061805725,-4.384669780731201,-13.007089614868164,-1.2420167922973633,-10.491182327270508,-0.1306954026222229,-1.2969491481781006,-11.468010902404783,2.3640289306640625,-8.43059253692627,-5.04469108581543,-7.463096618652344,7.27634334564209,-9.008539199829102,0.8365641832351685,-8.776247024536133,0.0076949498616158,-1.844491958618164,-2.814850091934204,-2.7902908325195312,-0.3182220458984375,-4.477325439453125,1.263606309890747
9,-109.44767761230467,124.01309967041016,-37.38848876953125,26.01824378967285,-15.244662284851074,17.130138397216797,1.48507559299469,14.74417209625244,-3.125375509262085,10.34905242919922,-2.516454696655273,6.514439105987549,-0.8697783350944519,5.915952205657959,7.463188171386719,10.326668739318848,-0.8263097405433655,4.91970157623291,-5.165302753448486,3.673168897628784,-1.6164844036102295,-2.725490093231201,-6.739375114440918,-0.5210938453674316,-0.7749724388122559,6.826890468597412,-2.501943349838257,5.258504867553711,6.072247505187988,8.08276081085205,-5.777331829071045,-4.953937530517578,0.5096427202224731,4.593067169189453,-3.090646743774414,3.231618881225586,-1.9412033557891848,-4.662964820861816,-4.934451103210449,10.77147388458252
9,-83.60595703125,93.00218963623048,-14.67576789855957,24.220684051513672,-0.3577155470848083,15.78921604156494,14.378225326538086,7.9355974197387695,-6.69412899017334,21.025279998779297,-4.709745407104492,4.096317768096924,2.385732650756836,-0.204105794429779,3.1605093479156494,13.377223014831545,-3.8154046535491934,8.097882270812988,4.239142417907715,-0.0963733717799186,-4.829265117645264,6.349699974060059,-6.019303798675537,5.640941143035889,7.068734169006348,1.9765034914016724,-0.8708066344261169,9.807172775268556,0.571241557598114,-1.7694778442382812,-5.051454067230225,9.440922737121582,4.054393768310547,1.862208127975464,-6.846503257751465,7.133433818817139,-1.40376877784729,2.154036045074463,-7.645884990692139,6.231414794921875
9,-89.81581115722656,121.71546936035156,-42.39693832397461,38.49528121948242,-8.780917167663574,16.428735733032227,-8.855657577514648,19.276161193847656,-2.0984532833099365,7.807287693023682,-4.42255973815918,7.009858131408691,-5.486721038818359,3.003897190093994,3.816647291183472,9.024040222167969,-3.41875433921814,8.204217910766602,3.058297634124756,0.2573469579219818,-7.888019561767578,-1.8168227672576904,0.6748191714286804,3.959329605102539,-4.004065990447998,3.331921339035034,-2.614108800888061,4.00092363357544,-3.818995237350464,-1.4113205671310425,-0.9354808330535888,7.061278820037842,2.390197515487671,-2.041267871856689,-6.309859752655029,6.044590950012207,-6.757956027984619,-3.955864191055298,-4.949817657470703,5.202579021453857
9,-72.38932800292969,124.00997161865234,-34.119144439697266,34.124202728271484,-9.683876991271973,25.627317428588867,-4.189592361450195,8.303675651550293,-2.974331378936768,6.119022369384766,-5.603628158569336,3.2698774337768555,-6.607098579406738,2.740675926208496,2.69133734703064,12.718842506408691,3.8241255283355713,14.322545051574709,11.415082931518556,9.633478164672852,-2.0541815757751465,4.405521392822266,4.509824752807617,0.3974525332450866,-6.281792163848877,-0.4918395280838012,-3.875156164169312,1.7471076250076294,-5.562326431274414,-7.165031909942627,-2.9654061794281006,7.320385456085205,8.923259735107422,3.110534429550171,-4.728745460510254,3.431708812713623,1.0097087621688845,0.4936659634113312,-9.477174758911133,2.417971611022949
9,-81.82814025878906,118.09903717041016,-40.59732055664063,30.670795440673828,-5.931345939636231,21.361778259277344,0.2182260453701019,12.771410942077637,1.492698073387146,6.572121620178223,-1.0888915061950684,10.43739891052246,0.7388890981674194,0.6989474296569824,0.0959174185991287,3.3345425128936768,-0.8711675405502319,8.778804779052734,0.1181004047393798,-0.3414985239505768,-3.534953355789185,1.246530532836914,1.8508955240249636,3.2648956775665283,-1.6701263189315796,-0.8454845547676086,-4.27679443359375,3.2914485931396484,-0.1452539265155792,-4.691621780395508,-5.951574325561523,5.253540992736816,3.177415370941162,-2.054884195327759,-5.523471355438232,3.1267857551574707,-3.48169469833374,-5.060177803039551,-1.8633928298950195,5.610980033874512
9,-118.76060485839844,118.73698425292967,-16.815250396728516,18.6687126159668,-3.17893648147583,22.7496337890625,-9.559978485107422,19.83108329772949,-6.335066795349121,9.428667068481444,-0.6916537880897522,9.21878719329834,-2.94437837600708,3.570178508758545,7.10380744934082,9.03409194946289,0.3192303478717804,7.02924919128418,0.4223234057426452,4.600844860076904,-4.437666893005371,-1.87259304523468,-9.429895401000977,2.5573554039001465,1.462031602859497,0.7874451875686646,-4.869389533996582,10.181198120117188,1.060526967048645,-6.216108322143555,-4.707308769226074,10.785178184509276,4.9023213386535645,-4.744992256164551,-1.551095485687256,8.946413040161133,-3.3606836795806885,-4.012345314025879,4.050597667694092,10.144840240478516
9,-135.133056640625,131.66690063476562,-31.362905502319336,29.50592803955078,-13.24887752532959,14.229745864868164,12.096989631652832,6.6133527755737305,-6.734842777252197,18.47747230529785,-5.401796340942383,1.3123618364334106,7.351434707641602,2.463873863220215,-0.627306342124939,8.305096626281738,-0.9519190192222596,4.331844806671143,0.7061065435409546,5.013976097106934,-1.6427866220474243,2.0877439975738525,-1.0664622783660889,-0.1248677298426628,-3.300792694091797,3.404570341110229,-1.7372572422027588,1.9134076833724976,0.9967576265335084,1.157660961151123,-4.105496883392334,0.6133590340614319,1.1772491931915283,0.4215248525142669,-2.0845541954040527,5.803565502166748,-2.7886767387390137,1.0118224620819092,-0.978068232536316,4.059778690338135
9,-102.7408676147461,108.9711456298828,-31.758563995361328,20.39814758300781,-7.697083473205566,14.766634941101074,2.317375898361206,16.080501556396484,-9.184089660644531,12.203742027282717,-1.338491439819336,4.71858549118042,-2.0919854640960693,3.3442494869232178,3.622129917144776,8.41765022277832,5.067770957946777,10.282278060913086,-4.391819000244141,4.489162445068359,-2.2746899127960205,-4.377121448516846,-3.2967331409454346,10.811477661132812,-1.1951411962509155,-3.7064616680145264,-2.036831855773926,8.589597702026367,-0.1790865808725357,-2.008856773376465,-7.014543056488037,6.503820419311523,6.177309513092041,4.192854881286621,-4.416795253753662,5.539333820343018,-2.478490829467773,-3.2404587268829346,3.3818728923797607,12.00442123413086
9,-121.16926574707033,124.04386138916016,-33.18505859375,22.240158081054688,-6.304171085357666,13.40407657623291,0.5664530396461487,10.734271049499512,-5.31328010559082,11.894230842590332,-6.864793300628662,4.954725742340088,-1.197612762451172,6.020611763000488,4.625990867614746,5.4794745445251465,-3.179835319519043,9.287409782409668,-0.9017727375030518,2.931607484817505,-2.9683680534362797,-2.0061113834381104,-5.519981384277344,4.004358768463135,1.542142391204834,3.070966482162476,-2.997457504272461,9.734807014465332,2.335036516189575,-2.218775987625122,-7.24285364151001,2.537691116333008,6.646824836730957,0.8075291514396667,-7.943276405334473,4.617843627929688,0.0592640191316604,-4.342866897583008,-3.533618450164795,10.930824279785156
9,-113.00055694580078,128.46849060058594,-34.40810012817383,23.19873809814453,-10.7520112991333,23.14883804321289,0.6571923494338989,7.860873699188232,-5.92435359954834,10.256381034851074,-2.141338586807251,4.555793762207031,-3.102163076400757,6.576730251312256,-6.087095260620117,1.47024667263031,-2.2881228923797607,2.575770616531372,-7.557559490203857,2.770558357238769,2.836681842803955,6.739974498748779,0.9262527227401732,5.650043964385986,-0.0032979750540107,6.298513412475586,3.5740323066711426,9.87053108215332,-2.673814296722412,-1.6145257949829102,-3.4699981212615967,4.56396484375,2.2663722038269043,1.168073296546936,-12.508829116821287,-2.2074949741363525,1.1902742385864258,7.642151832580566,-3.402486801147461,-2.242782592773437
9,-120.0159149169922,131.34046936035156,-26.103784561157227,7.759819030761719,-3.503370761871338,18.386688232421875,-5.489730358123779,10.00481414794922,-0.9114286303520204,9.073514938354492,-5.02286434173584,5.525178909301758,3.3484995365142822,12.97833251953125,9.737409591674805,11.154871940612791,1.8607772588729856,9.286041259765623,-1.824108600616455,2.18448543548584,-2.7301816940307617,-2.469534397125244,-5.280630588531494,5.360972881317139,-0.0905282944440841,5.274106025695801,4.204456806182861,12.525211334228516,2.0481297969818115,-2.793865919113159,-4.880571365356445,6.458106517791748,4.375361442565918,-4.888218879699707,-4.938935279846191,5.86461067199707,-2.392789840698242,-7.191452503204346,3.0504095554351807,13.546676635742188
9,-83.93123626708984,148.41883850097656,-66.34776306152344,19.82162475585937,-11.34255599975586,29.626537322998047,-10.948179244995115,10.771651268005373,-2.7999253273010254,9.071043014526367,1.8286279439926147,6.782353401184082,-5.497498512268066,5.967552661895752,-3.6847681999206543,2.694924831390381,4.367780685424805,4.6454668045043945,2.009458065032959,8.02999210357666,7.210264205932617,7.158398151397705,5.84946346282959,6.047200202941895,-6.749484539031982,-3.917356252670288,-5.951650142669678,1.0597862005233765,-1.648129940032959,-0.6444941759109497,-0.7223731279373169,3.6403329372406006,8.422334671020508,5.594498634338379,-7.092681884765625,4.214144706726074,1.7796896696090698,-2.0154008865356445,-8.231857299804688,3.544203519821167
9,-103.62815856933594,122.33370971679688,-40.96749114990234,23.41834259033203,-6.8439249992370605,18.5767879486084,4.257377624511719,17.5914306640625,-0.8929457664489746,7.642268180847168,0.0353172421455383,4.690648078918457,-0.7997118234634399,6.676711082458496,2.345432043075561,4.286698341369629,-3.518477439880371,-2.625142335891724,-2.0454235076904297,5.685640811920166,2.2427515983581543,-1.823686599731445,-6.099207878112793,2.581594944000244,3.401458263397217,4.986708641052246,-5.1861724853515625,6.766698837280273,6.906437873840332,-0.7102707624435425,-11.003311157226562,0.8222501277923584,5.188870429992676,-2.5218846797943115,-4.3963541984558105,3.4240520000457764,-6.09014368057251,-0.3278643488883972,4.798576831817627,2.142087459564209
7,-418.92620849609375,55.33881759643555,-5.869405746459961,-16.11967658996582,-10.854462623596191,-6.110279560089111,-3.2094948291778564,0.8369626402854919,4.359318733215332,10.937296867370604,5.482809543609619,7.900700569152832,6.141402721405029,3.065256834030152,-1.4216759204864502,-2.8494815826416016,0.3547222912311554,-1.5522496700286863,-2.254171848297119,-2.4315147399902344,0.2493849694728851,0.416013240814209,-1.3667677640914917,-0.1753898561000824,-1.0219932794570925,0.2893207967281341,-1.6948250532150269,0.509626030921936,0.1192365661263465,0.3987551927566528,1.710994839668274,-0.2280318140983581,-1.9872113466262815,-1.6322113275527954,-0.1291981786489486,-0.3719269037246704,-0.0897731706500053,-0.4899232983589172,0.2311418950557708,0.9537381529808044
7,-434.8590698242188,44.11946105957031,-7.776830196380615,-11.259244918823242,-5.11806058883667,-1.041750431060791,2.975142002105713,6.035566806793213,8.524343490600586,12.203356742858888,6.785233974456787,10.498053550720217,6.321321487426758,0.0542325600981712,-1.584753155708313,-0.7313607335090637,2.0522027015686035,0.8773158192634583,0.2363626360893249,1.4371381998062134,2.210913181304932,-0.3810024857521057,-2.129257678985596,0.710090696811676,-0.944454550743103,0.3826886117458343,-0.1570655554533004,1.2973545789718628,0.1584957689046859,-0.508365273475647,0.5652169585227966,0.2280014604330063,-1.1453441381454468,-1.4916741847991943,0.2283970117568969,0.0558136515319347,0.0598406195640563,-0.2060350626707077,0.9626637697219848,1.2447599172592163
7,-431.8206176757813,45.7314567565918,-8.620244979858398,-12.793750762939451,-5.552299499511719,-0.2496830224990844,3.739439249038696,7.295009136199951,9.088988304138184,13.18368148803711,7.579429626464844,10.553604125976562,6.002807140350342,-0.7009245753288269,-1.575208067893982,-1.2629003524780271,1.6797951459884644,1.321826696395874,0.4830946624279022,1.99866783618927,2.5092546939849854,-0.3852624595165252,-2.011003017425537,0.8667616844177246,-0.6716084480285645,0.0511725544929504,0.0687919110059738,1.8704757690429688,0.9347304701805116,-0.1130637004971504,0.9831975102424622,1.0618311166763306,-1.2535908222198486,-1.5957467555999756,0.594992995262146,0.304003894329071,-0.017289113253355,0.051469150930643,0.9739778637886048,1.1022226810455322
7,-453.2356872558594,48.433536529541016,-7.257696628570557,-11.59993839263916,-4.103874206542969,0.9796380996704102,4.264631748199463,8.28191089630127,9.721383094787598,13.285703659057615,7.012797832489014,9.168692588806152,4.761685371398926,-1.7658069133758545,-2.657857656478882,-2.172056198120117,1.553848147392273,-0.0672703310847282,-0.6569116115570068,1.1625405550003052,0.6242711544036865,-2.0398285388946533,-3.037268877029419,0.8855154514312744,-0.7874125838279724,0.1922470778226852,0.1249909847974777,1.1410677433013916,-0.2944172620773315,-0.7419718503952026,1.3767820596694946,0.5674661993980408,-1.6487419605255127,-1.7193107604980469,0.1563382446765899,0.0670203492045402,-0.2607470452785492,-0.5135212540626526,0.3299894332885742,0.2447155267000198
9,-8.887138366699219,62.82100677490234,-5.381629467010498,5.718897342681885,11.002455711364746,5.92819881439209,-2.243348360061645,8.987574577331543,-0.6605811715126038,14.968806266784668,-3.109882354736328,-1.476893663406372,-4.666604518890381,-0.8624083995819092,-0.121377095580101,3.368133306503296,-8.750261306762695,4.209261894226074,-5.648119926452637,2.7574832439422607,-4.519701957702637,1.3630905151367188,-9.855673789978027,-4.069315433502197,-4.88353157043457,0.868219792842865,-3.343982219696045,-2.0340235233306885,-5.741923809051514,1.3600788116455078,-3.372955560684204,-0.6654419898986816,-4.926328182220459,0.8808163404464722,-4.101004600524902,-0.9614080786705016,-5.588505268096924,0.6667492389678955,-3.261380672454834,-2.5572798252105717
9,-15.099039077758787,56.9898567199707,-4.965470314025879,8.218250274658203,15.575891494750977,9.258853912353516,-1.5413843393325806,9.006324768066406,-0.4134068191051483,15.406264305114746,-3.00485634803772,-2.2483608722686768,-4.460674285888672,-0.1451361924409866,1.1134058237075806,2.2075884342193604,-9.81478786468506,6.56984806060791,-4.943162441253662,1.6466763019561768,-6.947956562042236,1.6175121068954468,-7.465633869171143,-2.119741201400757,-4.21999979019165,0.7526534199714661,-4.593019962310791,-2.6749725341796875,-4.511327743530273,1.7013726234436035,-2.233609676361084,0.5762566328048706,-5.239248752593994,-1.095922589302063,-5.2237067222595215,-2.3685433864593506,-6.720756530761719,0.9641300439834596,-1.2208863496780396,-0.1802102178335189
9,-16.805585861206055,54.6115837097168,-8.6987886428833,9.313682556152344,15.476350784301758,8.872271537780762,-3.0143496990203857,8.238624572753906,-0.510963499546051,18.082141876220703,-2.630882024765014,-3.196291208267212,-3.861728191375733,0.8036491274833679,1.8286066055297847,1.739167332649231,-8.348621368408203,5.64076042175293,-7.148079872131348,0.3769116997718811,-7.086125373840332,2.596601247787476,-6.73362922668457,-1.413459062576294,-4.099992752075195,0.1243375465273857,-6.10797929763794,-2.5643584728240967,-4.071045398712158,2.640487670898437,-1.6269112825393677,0.4506283700466156,-6.175974369049072,-0.8823699355125427,-5.1544508934021,-2.7485640048980717,-7.375953197479248,0.8532090187072754,-1.5734496116638184,0.9667595028877258
9,-32.80568313598633,49.49923706054688,-3.039139747619629,10.876474380493164,16.08534812927246,9.741930961608888,-1.8219660520553589,9.401274681091309,-1.1332446336746216,16.72533416748047,-3.4567785263061523,-1.5405118465423584,-3.671098947525024,0.8900129795074463,-0.6192850470542908,3.186047077178955,-6.057008266448975,3.0442047119140625,-11.794328689575195,-2.926969051361084,-4.3532891273498535,3.820603132247925,-5.188629150390625,-3.4583446979522705,-5.144822597503662,0.7204409837722778,-4.0089521408081055,-2.5104527473449707,-6.222662448883057,3.003291606903076,-2.842519044876098,-2.044741630554199,-7.942039966583252,-1.06392502784729,-4.9722900390625,-2.8042171001434326,-9.08714485168457,-0.3664814233779907,-1.0760658979415894,2.211881637573242
9,-42.92951965332031,46.04241561889648,5.5260772705078125,10.914359092712402,13.073062896728516,16.314430236816406,-0.0252496805042028,12.265206336975098,-2.228158473968506,16.1473331451416,0.4509398937225342,-0.4628534913063049,-0.7220170497894287,2.8254833221435547,0.0051315394230186,7.09217643737793,-4.214718341827393,2.8445053100585938,-8.46462345123291,-0.6261708736419678,-2.466768741607666,3.542875289916992,-5.407561779022217,-1.6310667991638184,-7.373366355895996,2.567305326461792,-4.829712390899658,-1.1506074666976929,-5.823095321655273,2.4591338634490967,-2.431182622909546,-0.9777370095252992,-5.994319915771484,-0.7961027026176453,-4.533143043518066,-2.335267782211304,-7.838771820068359,-1.8944028615951536,-2.999462604522705,2.0055837631225586
9,22.68343734741211,40.46759796142578,-16.492748260498047,9.79074001312256,6.588133335113525,11.520440101623535,-0.368646889925003,12.630800247192385,-2.4853384494781494,12.26811981201172,-7.131830215454102,1.190175175666809,-4.138522148132324,1.244185447692871,-1.260283589363098,2.314491271972656,-4.3566999435424805,2.0094239711761475,-4.863653659820557,2.7160990238189697,-5.30587911605835,-1.928424835205078,-8.436847686767578,-1.5498385429382324,-4.691123962402344,-1.681115984916687,-2.7095251083374023,0.299122154712677,-5.07196044921875,-3.907073736190796,-7.173717975616455,-1.980990529060364,-5.39982271194458,0.62445467710495,-4.784326553344727,-1.7865960597991943,-7.847969055175781,0.3918464481830597,-2.1934218406677246,0.3454588055610657
9,22.551380157470703,43.68228912353516,-11.62433624267578,9.72542953491211,8.942229270935059,16.076019287109375,-0.8200579285621643,11.738932609558104,-3.925352573394776,12.520025253295898,-6.485907554626465,2.6309587955474854,-6.399200439453125,0.3641494214534759,1.9021503925323489,0.9883576035499572,-6.331730842590332,1.2911008596420288,-5.173328876495361,4.817733287811279,-5.143014907836914,-2.93049430847168,-7.961740493774414,-1.263750076293945,-3.408395767211914,-0.1952073574066162,-2.261858463287353,-1.6846692562103271,-3.862305402755737,-2.8499159812927246,-4.487420558929443,0.4484997689723968,-3.9933595657348633,1.5509319305419922,-5.224334716796875,-2.000281572341919,-8.15108871459961,0.8557989597320557,-2.764770269393921,0.5544368028640747
9,7.322413921356201,53.37895202636719,-7.491819381713867,9.102862358093262,13.22381591796875,13.98171043395996,-5.155942440032959,6.975797653198242,-4.107705593109131,13.805316925048828,-6.224828243255615,-1.021615743637085,-3.97587513923645,-0.8593974113464355,-0.3966100513935089,1.132344126701355,-4.400329113006592,4.731635093688965,-6.277071475982666,1.78942608833313,-5.312633037567139,0.4029469490051269,-7.2483134269714355,-0.3025519847869873,-5.549291133880615,-3.487795829772949,-6.180077075958252,-3.748416185379028,-1.798588752746582,-2.6594183444976807,-6.807181358337402,-1.5470274686813354,-4.872988700866699,1.55885910987854,-4.890685558319092,-1.5904895067214966,-5.067862033843994,0.4137123525142669,-3.709916591644287,-0.072604700922966
9,13.842597007751465,60.51396942138672,-4.048004150390625,3.753443717956543,11.476051330566406,8.783897399902344,-7.4996018409729,6.375058650970459,-3.0784947872161865,17.29224395751953,-5.884071826934815,-3.706937074661255,-7.618427753448486,-2.733017683029175,0.0122710214927792,0.827631413936615,-5.748826026916504,4.636152267456055,-5.651818752288818,2.9572694301605225,-7.065639972686768,-3.556034564971924,-7.240975856781006,-0.6736285090446472,-4.097443103790283,-3.641602516174317,-5.666180610656738,-4.846452236175537,-5.603268623352051,-1.0037740468978882,-5.955999851226807,-2.438851833343506,-4.723043918609619,3.003716468811035,-4.783323764801025,-0.534720778465271,-5.385357856750488,1.046241044998169,-4.025216579437256,-1.480394959449768
9,-3.341383457183838,56.942195892333984,1.791973114013672,7.918939590454102,6.415520191192627,7.839460372924805,-0.9030702710151672,11.82712745666504,-4.267589092254639,14.427181243896484,-2.934283494949341,0.7213443517684937,-4.221940994262695,-0.8854164481163025,1.6993408203125,4.096362590789795,-4.723323822021484,3.863024711608887,-6.518768310546875,1.1286789178848269,-4.120450019836426,-1.4806056022644043,-6.601094722747803,-1.5188411474227903,-4.525429248809815,-3.904721736907959,-7.342614650726318,-3.5642576217651367,-5.245058536529541,-0.1217854246497154,-3.43996810913086,-0.8944463729858398,-4.029285430908203,1.8380324840545652,-4.557292461395264,-0.0736573040485382,-5.662343978881836,-0.4103061556816101,-6.609530448913574,-2.084625482559204
9,3.021420955657959,62.68053817749024,1.5292028188705444,5.676218032836914,4.891825199127197,5.192687034606934,-2.644310712814331,8.982157707214355,-5.460822582244873,15.324633598327637,-3.577705144882202,0.2460122257471084,-4.115594387054443,-1.9148526191711424,1.0474729537963867,4.046623229980469,-4.093722343444824,5.02996301651001,-6.1454668045043945,1.243236064910889,-6.295112609863281,-2.897345304489136,-6.603968143463135,-1.6428186893463137,-3.9764597415924072,-3.101536273956299,-5.948994159698486,-3.586484432220459,-6.146503925323486,-0.7502167820930481,-3.642984628677368,-0.829091489315033,-3.9553744792938232,0.9762901067733764,-4.161271095275879,0.4110006988048553,-6.875790119171143,-1.0362330675125122,-6.515328407287598,-1.314294934272766
9,-30.882688522338867,54.598106384277344,5.961543560028076,10.729023933410645,11.772138595581056,7.099419593811035,-2.278604507446289,10.569059371948242,-2.972419500350952,14.491776466369627,-1.465463161468506,1.3517723083496094,-3.9310944080352783,-3.045664072036743,-2.185828685760498,3.4057185649871826,-6.573762893676758,4.17172384262085,-7.613693237304687,-0.4387600719928741,-5.307866096496582,-0.9082213044166564,-6.303741931915283,-1.7707382440567017,-8.32590389251709,-3.284968614578247,-3.9172401428222656,-1.9400877952575684,-5.491058349609375,0.1289058923721313,-4.30010986328125,-1.5771454572677612,-5.3752121925354,-1.3747546672821045,-7.010965824127197,-2.048691987991333,-4.577883720397949,1.4504597187042236,-3.5781497955322266,-1.4451377391815186
9,-10.663508415222168,72.58241271972656,-13.759312629699709,2.1766157150268555,12.196619033813477,9.562193870544434,-2.328437328338623,6.701533317565918,-3.703556060791016,15.948721885681152,-6.144717693328857,-0.0726316571235656,-5.88931131362915,0.1714784502983093,0.935455322265625,4.10355806350708,-7.1957597732543945,2.866391658782959,-6.714751243591309,1.7219384908676147,-5.941197395324707,1.4411795139312744,-8.361802101135254,-0.7030051350593567,-3.497990369796753,-1.302898645401001,-4.467033863067627,-3.325458526611328,-7.200500965118408,0.2245243489742279,-4.193722248077393,-1.947316288948059,-4.682836055755615,1.3828728199005127,-4.730399131774902,-1.7873225212097168,-5.026852607727051,-0.3106883466243744,-5.267580986022949,2.6171762943267822
9,-34.64958190917969,66.46086120605469,-4.4673848152160645,7.66855001449585,13.113017082214355,10.234434127807615,-2.421653509140014,5.664708137512207,-4.81784725189209,15.631192207336426,-5.273454189300537,0.7512628436088562,-5.621806621551514,-0.3981965482234955,0.8374369144439697,4.520871162414551,-7.376381397247314,1.1225603818893433,-9.343911170959473,-1.4404655694961548,-8.757233619689941,1.3201028108596802,-7.17096471786499,-1.7265568971633911,-3.620246410369873,-1.9400641918182373,-3.898371934890747,-5.294826030731201,-7.975033283233643,1.3446944952011108,-2.470895528793335,-3.3676884174346924,-5.864911079406738,-0.7587304711341858,-7.277842044830322,-3.5357115268707275,-6.59117317199707,1.5350180864334106,-3.7368767261505127,0.8895655274391174
9,-5.508453369140625,35.62853240966797,-6.007334232330322,20.0301513671875,12.939162254333496,13.662485122680664,-5.704244136810303,10.017590522766112,-5.022796630859375,12.28325366973877,-6.915902614593506,4.45723819732666,-5.652904510498047,1.5634511709213257,-0.905123770236969,-1.31691312789917,-6.73459529876709,2.896878480911255,-8.657050132751465,-0.6892532706260681,-5.04813814163208,-0.7890617251396179,-5.715567588806152,-1.5222536325454712,-7.251992702484131,-0.508073627948761,-2.6116368770599365,-0.2175377607345581,-3.863549470901489,-0.8700054287910461,-5.305334091186523,-2.437431573867798,-5.971122741699219,-2.2569780349731445,-5.2312846183776855,0.2173192650079727,-6.916621685028076,-1.0135008096694946,-3.614628314971924,-4.105725765228272
9,-3.555848836898804,34.67499542236328,-10.921060562133787,22.15467834472656,13.320191383361816,13.235601425170898,-3.998541593551636,8.904735565185547,-6.87973690032959,11.772692680358888,-4.997520923614502,4.096316814422607,-0.632853627204895,2.132326602935791,-1.486387014389038,1.252812385559082,-4.603118896484375,1.1494107246398926,-8.982307434082031,0.5596628785133362,-6.411022186279297,-2.937372922897339,-6.570730209350586,0.9314680099487304,-4.529927730560303,-4.060473442077637,-2.3726141452789307,2.797812223434448,-3.755841016769409,-2.934687614440918,-6.759340286254883,-2.5186004638671875,-7.111007690429688,1.3740284442901611,-6.0626606941223145,-0.348157674074173,-7.088575839996338,-0.642072319984436,-3.137568950653076,-1.124685287475586
7,-262.6438293457031,165.74819946289062,-3.0951106548309326,30.302753448486328,10.932015419006348,9.777405738830566,-4.973977088928223,5.35200834274292,-0.3011662364006042,7.545074462890625,-0.0466565191745758,8.0244140625,-3.240246295928955,3.6994822025299072,-4.693480491638184,-1.912315368652344,-2.582702159881592,2.1344282627105717,-1.379334568977356,5.072921276092529,-2.898483991622925,2.90885591506958,1.135725021362305,2.3976049423217773,-4.04416561126709,0.1749763041734695,-4.644250869750977,-0.0813267230987548,-3.3778297901153564,-0.0843083411455154,-1.9058102369308472,3.8955135345458975,2.126607894897461,1.9616533517837524,-1.130679965019226,1.899215817451477,-0.594836413860321,2.7480294704437256,-0.163777083158493,-1.4737670421600342
7,-313.6155090332031,153.11769104003906,-8.444920539855957,22.042455673217773,4.078416347503662,5.291946887969971,-7.716048717498779,3.602479696273804,-4.353565216064453,7.244585037231445,-3.089119434356689,10.247411727905272,1.2096776962280271,3.942967653274536,-1.208701491355896,6.578700065612793,1.6212327480316162,4.510689735412598,-1.0691977739334106,4.58892297744751,-3.2515671253204346,1.828189730644226,0.9472297430038452,5.2640700340271,-4.825845718383789,0.5568075180053711,1.654536247253418,6.004661083221436,-4.394493103027344,1.7924243211746216,2.0190916061401367,6.9496846199035645,-1.6206514835357666,0.7262996435165405,-2.017712354660034,1.474566102027893,-1.8557883501052856,4.783599376678467,-1.0827151536941528,-0.9009660482406616
7,-244.2372589111328,167.8443603515625,-5.76191520690918,38.49836730957031,14.640907287597656,7.223578453063965,-6.132025718688965,8.686324119567871,-4.89597749710083,2.548402786254883,-1.4368574619293213,3.9052734375,-12.65771484375,-7.438156127929687,-12.29305648803711,-7.68985652923584,-5.781492233276367,-1.837559461593628,-3.696139097213745,2.334204196929932,-6.395565509796143,-5.258267402648926,-1.8890200853347776,0.5630559921264648,-7.556502819061279,0.9699052572250366,-5.00919771194458,-5.085280418395996,-4.265117168426514,0.0884863436222076,-8.844077110290527,0.00770771689713,2.903578281402588,-0.6266241073608398,-2.679319143295288,5.699509620666504,2.1724066734313965,-3.1417341232299805,-6.549682140350342,0.0467833578586578
7,-236.1478576660156,162.57473754882812,-8.169118881225586,40.89628219604492,11.279645919799805,4.110776901245117,-8.719694137573242,8.706842422485352,-1.3251608610153198,10.715197563171388,3.803899765014648,3.259791851043701,-10.585583686828612,-5.156713008880615,-9.46646499633789,-4.520470142364502,-4.671958923339844,-3.5773844718933105,-7.83480978012085,-0.7935353517532349,-4.927161693572998,-3.588728189468384,-4.679704189300537,-0.179701343178749,-5.333762168884277,0.355511873960495,-0.5320171117782593,2.615907669067383,-0.7505894303321838,1.2784812450408936,-2.245567321777344,5.328568935394287,0.872336745262146,-0.705053448677063,-3.769177675247192,-0.4456350207328796,-2.656505584716797,-2.4561421871185303,-2.560582399368286,0.9565833806991576
7,-219.8939208984375,160.39686584472656,-12.466146469116213,29.83466148376465,8.979583740234375,1.4613611698150637,-7.7767333984375,10.950735092163086,4.4485859870910645,12.732312202453612,1.1223636865615845,0.7899746894836426,-11.421266555786133,-2.7742760181427,-13.050484657287598,-7.927807807922363,-5.962599277496338,-2.980710029602051,-7.989270687103271,-4.563217639923096,-8.602073669433594,-2.3807485103607178,-1.1477314233779907,1.5038028955459597,-5.723752975463867,1.3024102449417114,-3.412519216537476,-2.808518171310425,-5.88620138168335,1.086258053779602,-2.5610272884368896,1.2724539041519165,-4.015042781829834,-2.4973249435424805,-4.524098873138428,-0.6537889838218689,-3.333545446395874,-0.5636315941810608,-3.1908390522003174,-2.4041969776153564
7,-239.92337036132807,171.8806610107422,-6.273303508758545,37.6432991027832,12.208908081054688,6.896806240081787,-5.975459098815918,8.9898042678833,-1.0864218473434448,4.858499526977539,-1.7197222709655762,2.727060317993164,-8.702452659606934,-1.9101102352142332,-7.988834381103516,-2.940178632736206,-2.207307815551758,0.1653392165899276,-3.948487281799317,-2.535932779312134,-11.14948844909668,-3.598870277404785,1.2365669012069702,3.666969537734986,-4.770164966583252,-0.6685556173324585,-3.5378332138061523,-3.455373764038086,-5.650702476501465,-0.084433227777481,-2.287245273590088,2.430478572845459,1.000566482543945,0.893406331539154,-2.6077206134796143,-0.5360879898071289,-4.925841808319092,-1.782411813735962,1.16902756690979,0.8975131511688232
10,-180.8723602294922,-33.355079650878906,-18.100963592529297,-10.046085357666016,-18.83885765075684,2.797480583190918,-14.432669639587402,-9.169034004211426,-2.2420766353607178,5.23906135559082,-9.740897178649902,2.1088337898254395,-3.3538155555725098,0.967179238796234,-1.6800881624221802,8.185168266296387,0.7271730899810791,5.673797130584717,0.8449317812919617,6.660289764404297,1.3992880582809448,4.579001903533936,-4.597013473510742,1.8100374937057493,-0.21568264067173,0.7080241441726685,-1.518604755401611,1.6129215955734253,-0.2125808298587799,1.1846060752868652,0.5269039273262024,-2.276019811630249,4.044118881225586,2.004629850387573,-3.0884079933166504,1.817722201347351,-2.5195353031158447,0.1530309617519378,0.9000058770179749,-0.2925854325294494
10,-241.5828857421875,-31.66180419921875,-10.356975555419922,-11.44972801208496,-16.663745880126953,1.6789244413375854,-10.448718070983888,-6.088373184204102,-2.8073787689208984,7.591895580291748,-11.01389503479004,-2.768306016921997,-2.155128240585327,1.7577948570251465,-1.2365853786468506,9.142784118652344,2.8185970783233643,8.945833206176758,2.6667253971099854,4.361671447753906,1.3638222217559814,3.980581760406494,-8.114596366882324,-2.8155202865600586,-4.550426959991455,0.5691096782684326,-4.560423851013184,-1.9700140953063965,-0.9634330868721008,-2.1253697872161865,-1.681211233139038,-3.924249410629273,3.516857385635376,0.6694515943527222,-3.9915292263031006,3.160876035690308,-4.51408052444458,3.206327438354492,-0.7458415031433105,-1.7238942384719849
10,-226.8078765869141,-32.00113296508789,-21.76665496826172,-10.844314575195312,-11.092401504516602,-3.1124191284179688,-8.36257553100586,-16.48867416381836,1.1834300756454468,3.5809566974639893,-11.254738807678224,4.936946868896484,-7.7462029457092285,0.5883920192718506,3.1494028568267822,3.442894220352173,-0.124790035188198,6.423977851867676,-0.0600218400359153,9.918110847473145,-0.1962659955024719,5.126701354980469,-0.808953046798706,8.752639770507812,1.8765830993652344,0.34365975856781,-3.0583086013793945,6.297996044158936,-0.5573527216911316,0.5712046027183533,5.568818092346191,-4.543902397155762,3.5120270252227783,0.1236626803874969,-4.274621486663818,4.318673133850098,-1.890735983848572,-0.3933146595954895,3.270739316940308,0.5785778164863586
10,-307.3734436035156,-21.650609970092773,-5.746366024017334,-5.181578159332275,-18.989660263061523,2.611788749694824,-11.084903717041016,-5.799741744995117,-7.226113796234131,0.1568837314844131,-14.035743713378906,-1.065634846687317,-1.6471906900405884,3.1761937141418457,3.2604479789733887,9.377603530883787,5.005892276763916,7.995333194732666,1.2433533668518066,-3.779993295669556,-0.720954954624176,1.6271525621414185,-13.052044868469238,-8.284086227416992,-5.829617977142334,2.346864461898804,-3.762593746185303,2.3792083263397217,2.6639623641967773,3.222226142883301,0.0698309689760208,-5.765442848205566,2.077347993850708,1.1795015335083008,-8.037979125976562,0.1569612026214599,-8.171695709228516,0.6226261258125305,-3.847153186798096,-2.0791423320770264
10,-199.534423828125,-28.97571182250977,-17.188541412353516,-2.576163053512573,-18.587566375732425,2.8708159923553467,-15.866813659667969,-11.291610717773438,-2.084213256835937,4.5655436515808105,-12.29212760925293,0.7265121340751648,-7.461768627166748,2.500577688217163,1.0385644435882568,6.4222092628479,-0.291367769241333,6.836052894592285,-0.8641619086265564,6.247409343719482,1.3673921823501587,4.454586505889893,-3.23393177986145,-1.915623903274536,1.008475661277771,2.244202852249145,-4.870021820068359,0.3149953484535217,0.7944290041923523,0.2115067392587661,2.5781054496765137,-2.2582638263702397,3.606889247894287,3.066707134246826,-5.742781162261963,3.187808990478516,-2.035900115966797,0.4543422758579254,1.158799409866333,-0.8579679131507874
10,-256.0882873535156,-19.22954559326172,-10.700410842895508,-8.683306694030762,-17.611188888549805,0.1164442747831344,-10.862852096557615,-5.962034225463867,-5.083590030670166,4.009927272796631,-11.806418418884276,-2.893879175186157,-1.8114361763000488,2.519245386123657,1.1004019975662231,7.778584003448486,3.6080362796783447,7.760236740112305,2.9347035884857178,2.776763677597046,1.2602226734161377,4.911999225616455,-7.488400936126709,-1.9661756753921509,-3.257979393005371,-0.4512200951576233,-4.800068378448486,-1.1302061080932615,-0.6603838205337524,-0.8560591340065002,-0.834262490272522,-2.96553897857666,4.316838264465332,1.078633427619934,-4.391349315643311,2.6193439960479736,-3.451794147491455,4.935992240905762,-0.1521473228931427,-0.5858631730079651
10,-187.482421875,3.3045079708099365,-31.56132125854492,-5.308713912963867,-12.917537689208984,-8.460676193237305,-17.94035530090332,-1.2169276475906372,-4.1008710861206055,-6.491459369659424,-6.428614616394043,-0.9235180020332336,-2.6047117710113525,8.763657569885254,-5.824162006378174,7.350048065185547,3.86572790145874,6.578485488891602,0.7653912305831909,6.886105060577393,-0.1105118319392204,-0.6849018931388855,-2.887551784515381,-0.3573172390460968,-7.160594940185547,-2.886955976486206,-3.467485189437866,1.323843240737915,-4.943437576293945,5.3063063621521,-2.588905572891236,-1.693073868751526,0.2633365988731384,2.7165558338165283,-4.402997970581055,3.357311964035034,-2.768589973449707,1.343991994857788,-2.192849636077881,-0.0562428049743175
10,-172.8361053466797,-7.590953826904297,-36.27372741699219,-5.876707077026367,-8.339241981506348,-13.083611488342283,-19.483110427856445,-1.7931699752807615,-6.383918762207031,-3.7874276638031006,-11.561848640441896,-4.615765571594238,-5.565011501312256,7.753970623016357,-6.250127792358398,1.1011568307876587,1.414638876914978,8.390141487121582,-0.5765025019645691,5.751678466796875,0.0234546661376953,-0.8632714152336121,-1.9638415575027464,2.8530149459838867,-3.831185102462769,-1.7330631017684937,-3.743773460388184,0.314910888671875,-4.010844707489014,0.5455912947654724,-3.839198112487793,0.7941481471061707,3.150934219360352,3.419344663619995,-1.0144416093826294,3.5005645751953125,-3.6966049671173096,0.1631440967321396,-0.2130469232797622,1.4836812019348145
10,-115.70843505859376,-25.66379165649414,-41.23038864135742,-13.548687934875488,-14.431394577026367,-24.59720993041992,-26.3988037109375,-10.138280868530272,-12.994064331054688,-11.264829635620115,-14.96986198425293,-10.885385513305664,-17.6452693939209,3.784374713897705,-6.110511779785156,4.572556018829346,-2.219712972640991,-0.1423780471086502,-1.6424853801727295,3.291822910308838,-1.865012764930725,1.542527675628662,-3.983402967453003,1.8687254190444944,-6.209847450256348,-4.0777692794799805,-8.839311599731445,-1.7695417404174805,-6.881204128265381,3.314362049102783,-1.7623666524887085,-1.923014998435974,0.3175208568572998,0.8631967306137085,-3.235573530197144,3.7847225666046143,-2.0294766426086426,0.0030775903724133,-0.3404129147529602,1.130412459373474
10,-195.01382446289065,-12.779889106750488,-36.19376754760742,-11.17779541015625,-15.428757667541504,-15.60951042175293,-19.729076385498047,-4.320118427276611,-14.410552978515623,-7.452595233917236,-14.319787979125977,-10.736736297607422,-15.658370971679688,2.154305934906006,-0.742750883102417,1.1974989175796509,0.1642387360334396,4.055073261260986,-1.7828092575073242,4.066940784454346,2.2518398761749268,4.204475402832031,-7.9703688621521,1.9252662658691408,-7.781040668487549,-2.8298585414886475,-9.846094131469728,0.2923425137996673,-7.749658107757568,1.839479923248291,-4.380855560302734,-3.0840439796447754,-1.0265984535217283,0.4834110140800476,-5.4032793045043945,3.445269823074341,-0.7425909638404846,2.010197639465332,-0.9226461052894592,1.6791961193084717
10,-239.28048706054688,-38.42926788330078,-26.443870544433597,-14.38471508026123,-23.160818099975582,-9.54347038269043,-13.392210006713867,-14.136188507080078,-0.5170558094978333,-4.175650596618652,-16.65947723388672,-4.4449310302734375,-6.141260623931885,-3.2891042232513428,-2.136124849319458,8.281768798828125,-3.6391329765319824,3.427821159362793,2.4342708587646484,4.634754657745361,-1.7948026657104492,-3.8151233196258554,-6.219102382659912,1.7507405281066897,-3.570460081100464,-7.750234127044678,-5.680256366729736,1.7440767288208008,-3.9189069271087646,-0.0862587019801139,-1.5423438549041748,-4.766308784484863,1.631357192993164,-1.787755846977234,-3.326467275619507,3.0770809650421143,-4.456210136413574,0.0237351972609758,-2.8656699657440186,1.443968653678894
5,-218.02207946777344,112.0805892944336,-3.804636001586914,9.911052703857422,-4.306061267852783,-0.0315650552511215,-10.194165229797363,-4.150483131408691,0.7719353437423706,-0.756524384021759,-1.4784847497940063,8.145263671875,-2.541454076766968,3.0366389751434326,-2.309201002120972,-1.673493266105652,-0.1281744241714477,-1.8818053007125852,-4.397494316101074,-2.7933597564697266,-5.192863464355469,-5.763486385345459,-4.203005790710449,-0.2548121511936188,-1.9854531288146973,0.8537036776542664,0.9102632999420166,3.627041578292847,2.038491725921631,3.3212459087371826,1.5673174858093262,2.011974811553955,0.3713213205337524,2.445148468017578,1.2322059869766235,0.3080113530158996,-3.9376258850097656,-1.3722645044326782,-1.3507858514785769,-0.0258189290761947
5,-195.70379638671875,113.38375091552734,-10.160333633422852,18.88772964477539,-6.738437175750732,-8.071783065795898,-8.610635757446289,0.21573506295681,-5.751464366912842,-1.2050260305404663,-1.079051494598389,4.146068572998047,-3.6759188175201416,-0.6146899461746216,-0.8122316002845764,4.667333126068115,0.9576428532600404,-1.392805814743042,-1.1125588417053225,-2.260244607925415,-5.108310222625732,-3.9429385662078857,-4.412653923034668,-0.249696210026741,-1.733147382736206,-0.1619184017181396,0.7768020033836365,3.432995080947876,-0.4373558759689331,1.7918436527252195,1.810145378112793,1.6548634767532349,0.2384759485721588,0.1068519651889801,-0.0744612142443656,3.133053064346313,-0.4583822786808014,0.4675670564174652,3.3098065853118896,2.137856960296631
5,-237.9086151123047,113.91126251220705,-9.430901527404783,8.44357681274414,-6.534160137176514,-5.5289177894592285,-5.939952850341797,-4.003225326538086,-4.977618217468262,0.5576339364051819,-4.537004470825195,1.8034884929656985,-4.69094705581665,-1.7570455074310305,-5.906954765319824,0.2176804691553115,-3.412791013717652,-2.6489901542663574,-2.055617094039917,-2.6553962230682373,-4.55899715423584,-3.4276275634765625,-5.829999923706055,-5.126203536987305,-4.484105110168457,0.098818190395832,-1.8539961576461792,2.6693224906921387,-1.129849195480347,-0.4275303184986114,-0.4845995604991913,2.9602651596069336,2.3576114177703857,4.854921340942383,3.736119508743286,3.264037132263184,0.6822753548622131,1.5705012083053589,-2.3270373344421387,0.3441887199878692
7,-304.2943420410156,194.2746124267578,-42.17947769165039,12.214698791503906,2.5958590507507324,19.875139236450195,4.845284938812256,7.230531215667725,9.570928573608398,3.66105055809021,-8.020176887512207,4.475873947143555,-5.461066722869873,-1.7915276288986206,-2.606822967529297,-1.2856773138046265,-0.139681339263916,5.199249744415283,-8.503435134887695,2.7011845111846924,-1.6835206747055054,-5.94269323348999,-1.1068669557571411,5.186711311340332,-1.3036346435546875,1.5576896667480469,-3.777456998825073,4.099771976470947,3.854114770889282,-3.052302598953247,-9.551742553710938,3.326495885848999,2.1840837001800537,3.427464246749878,-2.755869150161743,-1.2011563777923584,-2.2207190990448,-7.707200050354004,-1.664872407913208,7.591734886169434
7,-306.5188293457031,194.5620574951172,-47.257080078125,31.03082275390625,2.441525220870972,6.199696063995361,15.462779998779297,12.040349006652832,-6.871370315551758,11.133670806884766,1.7746107578277588,-7.55381965637207,-1.4930685758590698,5.017026901245117,-11.3532075881958,-0.2485594898462295,1.0474509000778198,-2.301064968109131,-3.166482448577881,4.359506130218506,-0.0444511026144027,2.505190134048462,-2.106539011001587,4.254859447479248,-1.001214861869812,-0.9650108218193054,-0.1489505320787429,2.8416337966918945,-4.110227108001709,2.9274284839630127,-2.8243508338928223,-2.2765209674835205,-4.110606670379639,2.711366653442383,-4.151124477386475,-1.1369900703430176,-0.6521356105804443,-1.2827686071395874,-3.337704658508301,3.703001022338867
7,-335.3856811523437,200.6304168701172,-46.20929718017578,10.603106498718262,11.511470794677734,8.974472999572754,6.589212417602539,10.256766319274902,-4.396548271179199,2.7783358097076416,-4.9923505783081055,-3.5699377059936523,-9.75610065460205,7.86879825592041,-12.964978218078612,-1.7078347206115725,-2.149338722229004,4.262711524963379,-2.549104928970337,1.2877075672149658,3.526929378509521,2.2215561866760254,1.815503478050232,3.3021090030670166,-1.8279929161071775,0.2485431134700775,-1.3427386283874512,0.4842293262481689,-6.306475639343262,-0.1075896695256233,-3.789786815643311,0.3362137377262115,-7.549210071563721,2.50040340423584,-2.871299266815185,0.7791281938552856,-0.9796385765075684,1.9977400302886963,-1.091347575187683,3.002297878265381
7,-248.68502807617188,161.94412231445312,-33.6776237487793,-0.7476316690444946,1.089532732963562,5.304222583770752,6.029506683349609,3.037238359451294,-0.2967153191566467,3.8860294818878174,-12.18450927734375,-5.412964820861816,-4.362447738647461,2.4581844806671143,3.2723071575164795,11.843060493469238,3.116426944732666,3.7899348735809326,-4.969881534576416,-0.7299178838729858,-7.623806476593018,-5.900147914886475,-4.29423189163208,4.327461242675781,2.350440740585327,-0.8703154921531677,-1.076596736907959,7.058553695678711,4.085726261138916,-5.346786975860596,-8.588412284851074,8.479040145874023,12.363726615905762,1.1941472291946411,-4.079289436340332,0.6373196840286255,-14.214731216430664,-10.826393127441406,5.633028507232666,18.2811222076416
7,-258.32916259765625,174.39268493652344,-38.11395263671875,5.454932689666748,0.9154555201530457,12.58527374267578,6.179915428161621,0.9230921268463136,0.441968709230423,5.003228187561035,-15.517268180847168,-6.360292434692383,-4.067277908325195,4.010283946990967,2.0383479595184326,12.453851699829102,2.2396345138549805,4.610358238220215,-3.0866122245788574,3.720057964324951,-3.974066019058228,-2.678769111633301,-3.621031045913696,4.029176712036133,-0.60514235496521,-3.9135775566101074,-2.3068666458129883,10.876399993896484,2.4915339946746826,-8.847137451171875,-11.748905181884766,6.322163105010986,15.493289947509766,4.3892598152160645,-3.0379817485809326,1.6551693677902222,-12.532793998718262,-14.858452796936035,6.527334213256836,20.082557678222656
7,-330.59136962890625,124.60407257080078,14.214834213256836,-7.839335918426514,-10.841211318969728,-7.571107864379883,-12.286256790161133,-5.260315895080566,-10.098721504211426,-3.206578254699707,-0.1823301762342453,5.5863847732543945,1.995041012763977,4.076596736907959,9.20011043548584,1.8002885580062866,-1.704403519630432,-0.582120418548584,-1.4353952407836914,-3.6955721378326416,-1.5873020887374878,0.8796104192733765,2.487699031829834,4.296111106872559,3.282348871231079,2.783238649368286,2.607564926147461,3.895320892333984,2.592099666595459,0.3760043382644653,0.0447284951806068,-0.9256836771965028,0.3019973635673523,0.4002811312675476,-0.2818296551704407,0.1146793290972709,-0.3776419758796692,0.0527390278875827,-0.3596130907535553,0.2030306756496429
7,-447.03363037109375,117.53861236572266,39.542930603027344,14.81565284729004,15.62859058380127,9.8740234375,-3.373192548751831,-4.953710556030273,-5.480952262878418,-0.7841818928718567,-1.7037265300750732,0.2788669764995575,-0.3036885857582092,1.1333394050598145,4.202000617980957,1.7038966417312622,-0.0805661603808403,0.3201705515384674,-0.6851436495780945,-2.1422903537750244,-2.511589288711548,-3.0839555263519287,-2.7730534076690674,-3.216815948486328,-3.280341148376465,-2.021962404251098,-0.8428160548210144,0.8015958070755005,0.3954923748970032,0.6950839757919312,0.5696267485618591,-0.0511592365801334,-0.3098787665367126,-0.4548555910587311,-0.6332927346229553,-0.6810466051101685,-1.4781827926635742,-2.006189584732056,-2.601945638656616,-1.8238444328308103
7,-445.29876708984375,117.9785385131836,34.11837387084961,5.670252323150635,7.071188926696777,7.2149176597595215,0.313902735710144,-1.576220154762268,-3.309993028640747,-1.4188307523727417,-1.6917719841003418,-0.6080198884010315,-1.1244646310806274,1.1195486783981323,2.564481258392334,-0.4082711637020111,-3.369247913360596,-3.1199405193328857,-3.5690996646881104,-3.8830854892730713,-3.1607723236083984,-1.46466863155365,-0.4892779588699341,-0.3180266916751861,-0.4598360359668731,0.3268514573574066,1.7831662893295288,1.6889796257019043,0.990236222743988,1.344698786735535,1.2612996101379397,0.6243643164634705,0.3641913831233978,-0.2362625747919082,-0.975612223148346,-1.808875679969788,-2.053968906402588,-1.457413673400879,-1.428821325302124,-1.3333325386047363
7,-349.9031066894531,114.96009826660156,11.265005111694336,-4.44917631149292,-8.336994171142578,-4.898072719573975,-9.855964660644531,-6.119270324707031,-9.613203048706056,-3.0536673069000244,-1.3918795585632324,6.508633613586426,3.1925196647644043,5.036881446838379,7.888715744018555,2.997236728668213,-0.7983723878860474,-0.4657264351844787,-1.3082178831100464,-2.2452280521392822,0.1713138371706009,0.410876989364624,2.191571950912476,3.376976490020752,1.8429733514785769,2.0405972003936768,2.179290771484375,2.655747175216675,1.265192627906799,0.5828046202659607,0.2921456396579742,-0.786594033241272,-1.5125210285186768,-0.7581164240837097,-0.29808309674263,0.5847373604774475,0.4635664224624634,0.6196235418319702,-0.4050703942775726,-0.1301056146621704
9,-312.8634338378906,92.66584014892578,-56.76725769042969,37.14919662475586,-6.06534481048584,-0.2237280756235122,15.041556358337402,0.2226054966449737,0.5274357199668884,4.980388164520264,-10.790916442871094,17.330812454223633,1.387548565864563,-0.1097009032964706,1.029153823852539,-0.854983925819397,-0.6165412664413452,3.2716565132141118,-1.8551743030548096,4.41026496887207,-4.888865947723389,4.749131202697754,-3.995914459228516,2.2099177837371826,-1.1792672872543335,2.758193254470825,-1.9746804237365725,0.3407106697559356,-4.724828720092773,1.9770511388778689,-1.1188957691192627,1.707972526550293,-3.904494524002075,1.7047332525253296,-3.572321653366089,1.4389957189559937,-0.4420777261257171,-1.997451663017273,-2.253126859664917,3.687385082244873
9,-285.558349609375,85.07624053955078,-68.813720703125,33.526390075683594,-7.566381454467773,-3.3114213943481445,17.13768768310547,-1.2958067655563354,-3.8611819744110103,7.489178657531738,-9.559070587158203,24.155498504638672,3.365265130996704,-0.0236849263310432,-0.949549436569214,1.2760523557662964,3.0781757831573486,3.400822401046753,-4.581542015075684,3.4818248748779297,0.3684138357639313,6.105877876281738,-3.4295949935913086,-0.2049272060394287,-2.28699803352356,2.4895029067993164,-3.2465031147003174,1.079597234725952,-5.748101711273193,1.4423608779907229,-1.7269412279129028,3.2698142528533936,-3.456248044967652,0.9472566246986388,-2.938785552978516,2.8210175037384038,-0.0870036780834198,-1.640656590461731,-5.736852169036865,2.475114345550537
9,-289.98211669921875,91.24665069580078,-70.991455078125,24.556442260742188,-8.285904884338379,4.766982078552246,12.72029972076416,-2.2834277153015137,3.0639803409576416,8.642796516418457,-8.512825012207031,16.687387466430664,3.932035446166992,1.7178899049758911,0.3422499895095825,8.106327056884766,-0.8931997418403625,0.4354950487613678,-3.1131248474121094,6.948980808258057,-2.4373645782470703,0.2441794276237487,-4.914836883544922,6.521528720855713,-1.2543498277664185,2.731510162353516,-1.7744073867797852,-0.3931954503059387,-4.60897970199585,4.225069046020508,-4.249312877655029,-0.8655136823654175,-4.102512359619141,2.736464262008667,-1.888944387435913,1.242713212966919,-1.9581873416900637,-1.6587557792663574,-2.393831729888916,0.2578482329845428
9,-288.9571838378906,89.83687591552734,-76.79598999023438,24.3164005279541,-1.2017617225646973,3.675523996353149,13.014328002929688,-1.7926136255264282,6.205789566040039,0.9516791105270386,-10.563666343688965,18.929821014404297,6.134522914886475,-0.048256229609251,0.538387656211853,6.442909240722656,1.8390649557113647,-2.7409331798553467,-4.302258968353272,0.6685134172439575,-5.650570392608643,6.367044925689697,-1.105812907218933,3.845828056335449,-1.4508763551712036,1.667748212814331,-1.9764714241027832,-0.9748355150222778,-1.3759766817092896,0.484342098236084,-5.00079870223999,0.2216218113899231,-1.0820379257202148,-0.5295179486274719,-1.0888105630874634,-0.8806674480438232,-1.6623311042785645,1.377395510673523,-0.222257450222969,-3.697352409362793
9,-277.5061950683594,94.25493621826172,-72.54771423339844,18.40375328063965,-8.86381721496582,2.650789976119995,14.061441421508787,-7.296681880950928,3.596752643585205,-0.2790780365467071,-15.50186252593994,22.024635314941406,5.04282808303833,0.2072252929210662,1.6740483045578003,-1.6963673830032349,-2.7836923599243164,-3.5748157501220703,-1.03711998462677,2.5150184631347656,-0.7579315900802612,5.642950534820557,-2.374101161956787,1.6668678522109983,-0.8671126961708069,0.6840727925300598,-4.171293258666992,0.6568702459335327,-0.2420363277196884,2.0565974712371826,-7.204922676086426,-0.956851601600647,2.6359975337982178,1.2560385465621948,0.4764249622821808,-1.0227025747299194,-3.840974569320679,-1.950771927833557,-1.1514700651168823,-0.8592621088027954
9,-252.27398681640625,67.04801940917969,-84.4813003540039,21.837482452392575,0.6409496665000916,8.384749412536621,7.908326625823975,-9.139720916748049,-1.1458460092544556,3.8061022758483887,-7.091326713562012,26.71670150756836,-0.995695412158966,-0.0370050333440303,-3.451651334762573,-2.0308523178100586,-0.874392569065094,2.597836971282959,-1.489933967590332,-7.475575923919678,-0.2670094072818756,13.586664199829102,4.736435890197754,-3.398876428604126,-3.184823513031006,3.16190505027771,-9.058225631713867,-2.007832765579224,0.4446485340595245,1.3758282661437988,-11.36716079711914,1.5946556329727173,3.654396295547485,1.3068791627883911,-2.099740505218506,2.275728225708008,-4.310064792633057,-4.181131839752197,0.290407121181488,-4.636919021606445
9,-318.724609375,108.35413360595705,-61.03569793701172,20.28963661193848,-8.18307876586914,6.040350437164307,10.159096717834473,-5.727900505065918,-3.738429546356201,0.9618828296661376,-10.140830039978027,19.3525447845459,3.019280433654785,8.177597045898438,1.7658076286315918,1.824393391609192,0.0883615538477897,0.6055390238761902,-3.6817378997802734,1.194911003112793,-3.458927154541016,1.741988182067871,-3.1521475315093994,2.862419605255127,-1.5473380088806152,2.911921977996826,-3.4666836261749268,4.540842533111572,-2.35136079788208,-0.3710014820098877,-3.671855211257935,2.0794341564178467,-2.8699421882629395,1.8797677755355835,-3.140373468399048,0.2827053964138031,-4.054755210876465,2.45658802986145,-3.306402921676636,-1.1123565435409546
9,-315.8260498046875,107.3585205078125,-65.66305541992188,11.41071891784668,-7.505263805389404,0.5293157696723938,15.250056266784668,-4.020824432373047,1.55047607421875,2.243937969207764,-15.419757843017578,12.281438827514648,2.672792911529541,6.3224711418151855,1.3061128854751587,2.9175689220428467,2.230098247528076,2.4179909229278564,-0.3989171385765075,1.194794774055481,-2.630575180053711,4.099399089813232,-2.2226412296295166,2.670213222503662,-4.108346462249756,0.8414656519889832,-5.796710014343262,1.297501802444458,-2.2920854091644287,2.406811237335205,-3.847722291946411,-0.6990694999694824,-3.662084579467773,0.7551295757293701,-0.6662079691886902,0.8462311029434204,-2.757756471633911,-1.088653564453125,-1.8874367475509644,1.6557167768478394
9,-403.6877746582031,104.67864990234376,-28.810152053833008,-39.71240615844727,-6.476640224456787,2.059708833694458,5.645100116729736,9.931646347045898,3.280144214630127,16.570558547973633,11.646639823913574,21.639467239379883,8.228039741516113,6.646858215332031,3.353661060333252,8.184362411499023,4.269987106323242,3.503598690032959,1.949320673942566,4.493252277374268,1.9371559619903564,4.470088005065918,2.2788503170013428,1.1919224262237549,1.5315312147140503,3.0858888626098637,-1.2040581703186035,1.3569225072860718,1.9116489887237549,1.849004983901977,-1.1693992614746094,1.3923866748809814,0.5209718346595764,0.7217497825622559,-0.0459503605961799,-0.4512470662593841,-1.3187081813812256,0.6606270670890808,0.0186362620443105,-0.1944508254528045
9,-384.09271240234375,103.59449768066406,-28.25791931152344,-34.39230728149414,-13.056763648986816,-1.884105563163757,6.5347676277160645,14.778156280517578,2.535945415496826,14.903544425964355,7.59743595123291,19.153060913085938,9.499669075012209,8.360816955566406,3.780993461608887,7.0968194007873535,1.3297958374023438,1.4695724248886108,1.7452733516693115,4.220578193664551,-2.024491786956787,4.217267990112305,1.128543734550476,3.076190233230591,3.4415650367736816,4.600666522979736,-1.5038173198699951,1.505130648612976,2.1250205039978027,3.0050535202026367,-1.673330545425415,0.8211975693702698,0.2468976974487304,2.0557243824005127,0.2152127772569656,0.3340535759925842,-0.9205110669136048,1.3076227903366089,-0.2960192263126373,-0.6393651962280273
9,-403.3152160644531,74.92931365966797,-23.377199172973636,-23.6218204498291,-12.337560653686523,-1.7348945140838623,6.391775131225586,14.410467147827148,4.783129692077637,15.91448974609375,12.26884651184082,14.437291145324709,5.62502384185791,6.828229427337647,6.238981246948242,8.487283706665039,3.358424663543701,0.958671510219574,3.9624111652374263,7.330258846282959,-2.006173849105835,3.1924123764038086,2.240374088287353,4.375399589538574,3.796690225601196,4.773935794830322,0.4973572194576263,2.411189556121826,2.376466989517212,3.597097158432007,-0.2606590092182159,1.6590029001235962,-0.3648171722888946,1.5411112308502195,0.8632953763008118,1.9059066772460935,0.2618299126625061,0.6298936605453491,-1.0262411832809448,0.1014977619051933
9,-424.8398132324219,60.92826461791992,-44.05369567871094,-33.741878509521484,-10.132171630859377,-6.509761333465576,0.8984406590461731,6.934735298156738,-0.6210828423500061,14.877358436584473,17.92110824584961,14.17604923248291,-0.3259252607822418,2.70807147026062,4.983901023864746,7.0032572746276855,3.4735727310180664,0.405367910861969,2.358041763305664,9.000643730163574,2.192356586456299,1.543741226196289,-0.7493450045585632,2.020660161972046,2.516616106033325,3.9570744037628174,2.1099627017974854,2.604872941970825,1.1836730241775513,3.892922163009644,0.5455796718597412,0.0179423075169324,-1.2460415363311768,1.9806257486343384,0.6038112640380859,1.88606059551239,0.3625061213970184,-0.4652984142303467,-0.8159483075141907,1.0070823431015017
9,-332.0175476074219,182.7701110839844,-2.8545310497283936,26.64642143249512,-1.092699646949768,0.7213083505630493,3.412250518798828,-9.469881057739258,-9.567782402038574,-3.061675786972046,-10.381940841674805,-7.403495311737059,-9.839517593383787,-9.276854515075684,-8.721517562866211,-0.8140477538108826,-1.0538967847824097,3.593550205230713,-1.7481377124786377,-1.2669678926467896,-10.149070739746094,-3.819352865219116,-0.8053823709487915,-2.6410181522369385,-6.580086708068848,-8.821892738342285,-5.69874382019043,2.4564545154571533,-1.0681365728378296,-5.008670330047607,-4.32284688949585,0.4773430824279785,5.012246608734131,3.270604372024536,-0.677707314491272,-0.7584278583526611,-1.844865560531616,-6.270801544189453,-5.353458404541016,4.943970680236816
9,-312.6584777832031,178.69009399414062,-11.958964347839355,26.94722557067871,-9.341558456420898,1.093171238899231,0.1676228195428848,-8.563514709472656,-5.368631362915039,0.2497813552618026,-11.090678215026855,-5.204514980316162,-11.88110637664795,-7.449364185333252,-6.408265113830566,4.533260345458984,1.33632493019104,-0.5146357417106628,-8.192102432250977,-3.3729748725891118,-5.114466667175293,4.891937255859375,0.3385224044322967,-5.428162097930908,-10.402111053466797,-8.777366638183594,-5.88353443145752,3.672526597976685,-1.9932143688201904,-5.693696022033691,-2.7301056385040283,3.688819408416748,1.926137924194336,-0.7494623064994812,-2.946762800216675,-2.3442916870117188,-3.727963924407959,-2.895024538040161,-0.396662175655365,5.427871227264404
9,-311.525390625,172.99148559570312,1.5058913230895996,20.16948509216309,-4.062681674957275,0.4056676924228668,-0.7948774099349976,-4.080875396728516,-6.8487548828125,-2.938451766967773,-3.413302183151245,2.9721157550811768,-6.165183067321777,-10.436214447021484,-12.1077241897583,-4.567185878753662,-2.8956785202026367,-3.821488857269287,-8.91479778289795,-4.783021926879883,2.475055694580078,5.134844779968262,-4.203151226043701,-6.0164666175842285,-4.788283348083496,-7.383156776428223,-6.605205059051514,-0.491349846124649,-0.906014323234558,-5.22955322265625,-0.1706161499023437,7.799271106719971,3.4622912406921387,-4.232244968414307,-4.400855541229248,-5.980766296386719,-3.3497447967529297,4.532275199890137,1.0996716022491455,-5.313542366027832
9,-328.5503845214844,184.05653381347656,-1.7776591777801514,26.069076538085938,-7.772464275360107,2.999674081802368,3.0851571559906006,-1.2743431329727173,-5.662646770477295,0.7766425609588623,-11.05302906036377,-7.971580982208252,-9.370132446289062,-3.9021716117858887,-6.1686692237854,-1.077991962432861,-5.975329875946045,-1.4591991901397705,-7.9322190284729,-2.846590042114258,-2.6561667919158936,3.3756654262542725,-2.702032327651977,-6.652281761169434,-8.825101852416992,-6.306331634521484,-3.2199862003326416,4.609884262084961,-4.667239189147949,-5.271994590759277,-0.4444186687469482,2.7790894508361816,-0.663570761680603,-2.018824815750122,-1.327808856964111,-1.9876164197921755,-5.075847148895264,-1.3094298839569092,1.702272653579712,3.574431896209717
9,-323.89111328125,179.3033447265625,-4.991963863372803,27.393991470336918,-0.18269944190979,-4.154481887817383,1.3571223020553589,-4.4169230461120605,-10.693211555480955,-0.427973210811615,2.750269651412964,8.03223991394043,-8.721965789794922,-11.72676944732666,-17.527244567871094,-4.3888325691223145,0.3279259204864502,-6.041121482849121,-11.232644081115724,2.7444159984588623,4.525457859039307,5.361778736114502,-8.20553970336914,-9.315511703491213,-6.648533344268799,-6.9357500076293945,-6.385162353515625,0.6129075288772583,0.2469569742679596,1.6696813106536863,-3.182480335235596,-2.506469964981079,4.438668727874756,0.2607404291629791,-6.401279926300049,-3.3567843437194824,-4.517140865325928,4.967196941375732,3.436150074005127,-7.9712371826171875
9,-320.29351806640625,180.2456817626953,-1.4097377061843872,27.680150985717773,-6.965394020080566,4.488020420074463,2.4141249656677246,-3.872430086135864,-9.203500747680664,-1.1737060546875,-10.749101638793944,-2.4677653312683105,-6.292940616607666,-4.962058067321777,-6.196280002593994,-3.25127387046814,-3.5465757846832275,-2.9530866146087646,-9.157282829284668,-1.7395930290222168,0.9156656265258788,4.961147308349609,-0.7724760174751282,-4.280438423156738,-9.166214942932127,-8.1417875289917,-4.017364025115967,2.9029366970062256,-4.391219615936279,-8.279306411743164,-0.2313691079616546,7.680126190185547,4.10426664352417,-3.3760719299316406,-5.818134307861328,-6.723075866699219,-3.538670063018799,4.542049884796143,3.070232391357422,-1.9457701444625852
9,-314.414794921875,182.65280151367188,-2.4513697624206543,26.085084915161133,-5.90059232711792,3.4965410232543945,-1.2651724815368652,-6.351306915283203,-12.245811462402344,-6.283198356628418,-18.02461051940918,-5.231100082397461,-3.916171550750733,-0.4307517409324646,-1.9701769351959229,-2.527664422988892,-9.562371253967283,-3.784167051315308,-5.779197216033936,0.9367155432701112,-1.7784173488616943,-1.0714813470840454,-7.217101097106934,-7.302326679229736,-2.2577974796295166,0.4177568852901459,-4.633153438568115,-2.718161106109619,-2.0326778888702397,2.2070326805114746,-0.4154752492904663,-3.8857669830322266,-2.257673740386963,0.110446959733963,-4.533469200134277,-3.432047128677368,3.768129110336304,-0.0636672526597976,-4.113641262054443,2.0953500270843506
5,-190.3985137939453,132.6542205810547,-14.007468223571776,21.403413772583008,-3.909215450286865,8.515889167785645,0.8670069575309753,16.28213882446289,-6.508205413818359,1.449500560760498,-5.970923900604248,0.388132244348526,-2.5644917488098145,0.5735639929771423,0.9571544528007508,3.084856510162353,-4.909185886383057,6.757337093353272,-0.0655538588762283,7.255648136138916,-1.3442325592041016,7.792432308197021,-3.7313194274902335,-1.6831458806991575,-0.378935843706131,2.054058074951172,4.268160343170166,3.5040276050567627,-1.792202115058899,4.675312042236328,4.439156532287598,9.814661979675291,0.2230217158794403,4.943859100341797,-3.3588483333587646,0.2008648514747619,-3.8545944690704346,4.888537883758545,6.406599998474121,3.7550418376922607
5,-213.24395751953125,146.53416442871094,-34.687252044677734,1.7336971759796145,1.6294937133789062,11.267539978027344,0.0753931701183319,13.036306381225586,-1.7548567056655884,2.32931923866272,-5.557495594024658,4.074697017669678,0.6367809772491455,6.3066229820251465,3.0803463459014893,8.936929702758789,-0.329130619764328,3.978002786636353,-0.4392130672931671,3.881476879119873,-1.290179967880249,7.635974884033203,1.2395219802856443,3.663252830505371,2.922969102859497,6.294692039489746,-0.6285208463668823,2.413282632827759,-1.296796441078186,8.371796607971191,8.014266967773438,6.482510089874268,-2.5585005283355717,-3.5380961894989014,-5.332324981689453,5.059698581695557,3.7325825691223145,10.610150337219238,2.250697374343872,-0.4294773042201996
5,-165.30316162109375,141.031982421875,-35.817909240722656,11.73910140991211,0.3119003772735595,7.933103084564209,-13.477279663085938,6.583685398101807,-3.236154556274414,-1.3339885473251345,-4.890817642211914,3.838829278945923,-0.0747646018862724,7.254085540771484,0.1010891571640968,11.910533905029297,2.595643997192383,7.383821964263916,-0.2194657623767852,4.269270420074463,-1.1370441913604736,6.216376781463623,1.9843264818191528,3.13403844833374,-0.782533586025238,4.84360408782959,-2.8133223056793213,3.2436206340789795,0.4715671837329864,7.895850658416748,5.79750919342041,6.197895526885986,1.5744973421096802,2.1107513904571533,-2.660574436187744,2.9770288467407227,0.5742887854576111,7.488085746765137,-0.2182590067386627,-0.1511636674404144
5,-179.3975067138672,108.95783996582033,-25.373872756958008,20.565919876098636,6.698847770690918,7.662444114685059,3.58911395072937,12.405366897583008,-2.0771775245666504,7.373451709747314,-0.7622989416122437,1.2599141597747805,-3.0784454345703125,2.036417007446289,-5.419018268585205,8.848114013671875,-0.0990857556462287,2.256576538085937,3.7067835330963135,4.220991134643555,-4.238854885101318,5.162053108215332,-1.5079182386398315,7.575491905212402,-1.668118238449097,3.9813289642333984,-0.3360596299171448,1.6296796798706057,-1.1268543004989624,7.838520050048828,4.230316638946533,2.5007567405700684,2.268028736114502,1.9079996347427368,-1.8988441228866575,3.54988956451416,1.352973461151123,4.890038967132568,4.123140811920166,3.4145731925964355
5,-170.39181518554688,106.18687438964844,-27.737348556518555,9.723546981811523,7.716131210327148,5.158934116363525,2.2001383304595947,15.514551162719728,-2.044061183929444,7.540803909301758,5.748013973236084,6.54941463470459,1.7443759441375732,4.316731929779053,-0.2545667588710785,10.916074752807615,7.332685947418213,4.546063423156738,3.6967365741729736,4.083166122436523,-3.335326671600342,6.697836875915527,0.5833814144134521,2.6820356845855717,-3.628563404083252,7.145061016082764,-3.499284505844116,4.489937782287598,-3.929849863052368,3.0535571575164795,1.6551282405853271,8.894064903259277,0.2332907021045684,0.6157113909721375,-3.16912579536438,-0.1045955792069435,-3.707556962966919,6.889044761657715,7.26377534866333,6.312930583953857
5,-152.8878173828125,114.58794403076172,-38.99987411499024,-1.88920259475708,-3.5168862342834477,8.532529830932617,-0.2681756317615509,13.145057678222656,-3.799427270889282,2.707295656204224,-0.4606766402721405,2.4720354080200195,0.1499648839235305,7.0023603439331055,0.9017016887664796,9.879825592041016,1.6197983026504517,2.3192028999328613,-1.1332796812057495,4.9706549644470215,-2.604353904724121,6.420472145080566,0.5288789868354797,2.9847071170806885,-1.5962774753570557,6.550093650817871,-2.259643077850342,-0.6039739847183228,-2.419261932373047,5.963955402374268,5.211904048919678,5.5676140785217285,-1.285776972770691,-2.20741605758667,-2.867664098739624,3.883614301681519,4.101117134094238,10.167531967163086,2.025683641433716,1.4248496294021606
5,-154.59185791015625,121.03263854980467,-36.60211944580078,-5.524869441986084,-3.346510410308838,4.950437068939209,-0.6773326396942139,15.39997673034668,-3.80845308303833,8.691417694091797,-0.2224223613739013,0.6374931335449219,-2.960975646972656,5.252264499664307,-0.2554019391536712,8.845172882080078,4.956046581268311,4.638908386230469,1.7800918817520142,6.767107963562012,5.230959892272949,8.621753692626953,1.30535888671875,1.8624908924102783,-2.0483360290527344,1.9911634922027588,-2.0549116134643555,1.6869925260543823,-0.1275640577077865,8.493597030639648,4.291051864624023,4.020279407501221,-5.009067535400391,-0.6077505350112915,-3.084639549255371,3.781344413757324,2.02794885635376,9.769679069519045,0.6751219034194946,2.3232762813568115
5,-160.19065856933594,117.11907196044922,-33.096656799316406,0.5859320759773254,-5.275285720825195,8.601536750793457,2.104009866714477,10.292889595031738,-3.0259971618652344,12.301838874816896,0.8953349590301514,2.458289861679077,2.354867458343506,5.852423191070557,-1.318553805351257,6.455572128295898,1.484302043914795,3.32183837890625,-0.7599580883979797,6.988482475280762,0.8619129657745361,6.4629645347595215,0.0932567715644836,4.617183685302734,-0.1594999283552169,5.181733131408691,0.8458733558654785,4.780256748199463,-1.8187137842178345,2.93575382232666,0.6317710876464844,2.7501003742218018,-0.2629109621047973,4.935498237609863,-1.2537223100662231,3.2295572757720947,0.3661518096923828,3.735645294189453,-0.1325880885124206,3.495366334915161
9,-330.6659545898437,155.07614135742188,1.1383157968521118,1.8640676736831665,24.84462547302246,8.112893104553223,5.459237098693848,17.745662689208984,-6.016552925109863,5.802884578704834,5.062158584594727,19.16061019897461,10.068363189697266,8.485773086547852,-1.1210930347442627,4.595723628997803,4.6399827003479,4.815099239349365,4.24727201461792,11.22980785369873,-0.5038933753967285,4.193216323852539,-7.3327860832214355,-2.0677146911621094,0.0085306549444794,2.561918973922729,8.564428329467773,8.274669647216797,6.275383472442627,8.172584533691406,-0.1456264704465866,0.7532512545585632,-2.79098916053772,-1.4776846170425415,1.3277860879898071,4.1978936195373535,0.9317044615745544,5.783705711364746,3.7589845657348633,9.321462631225586
9,-333.5352783203125,157.91690063476562,0.6713023781776428,3.551607608795166,24.01683235168457,8.40080451965332,4.049522399902344,17.29580307006836,-7.903564453125,6.473648548126221,3.267863273620605,19.76259422302246,8.753926277160645,9.644925117492676,-3.2847938537597656,5.754709720611572,3.34647798538208,5.831521034240723,3.1088972091674805,11.640680313110352,-2.1332178115844727,4.674829959869385,-6.761154174804688,-0.8707340955734253,-1.4434514045715332,2.6565961837768555,6.765359878540039,8.78230094909668,5.7553324699401855,9.251254081726074,-1.0784581899642944,1.675605535507202,-3.8712337017059326,-1.4432179927825928,-0.0864972248673439,4.9413676261901855,-0.1933765709400177,6.674397468566895,2.901392936706543,9.936687469482422
9,-334.6186218261719,158.5789031982422,-0.0233602803200483,3.782729387283325,24.626466751098636,8.598309516906738,4.610949993133545,17.277019500732422,-8.3910551071167,6.069543361663818,3.4506540298461914,19.47829246520996,8.799104690551758,9.734537124633787,-3.866282224655152,5.778261661529541,3.2670297622680664,6.288718700408936,3.1239020824432373,11.185647010803224,-1.8372478485107424,4.154544830322266,-7.089543342590332,-1.361475944519043,-1.312205195426941,2.541562080383301,6.473763942718506,9.25399112701416,6.166025638580322,9.44610595703125,-0.8764955401420593,1.568916082382202,-3.3087399005889893,-1.9722071886062624,-0.2460679113864898,5.475052356719971,0.0864423736929893,6.704622268676758,2.729196071624756,10.146109580993652
9,-335.1881408691406,159.39222717285156,-0.7690016031265259,3.4959442615509038,24.894723892211918,8.074169158935547,4.547083377838135,17.93122673034668,-8.212657928466797,6.221398830413818,3.4034454822540283,19.14951515197754,9.06448459625244,9.585248947143556,-4.047996044158936,5.499429702758789,3.3934919834136963,6.216421604156494,3.4505388736724854,10.961029052734377,-2.1848223209381104,3.762990951538086,-7.47481107711792,-1.34857177734375,-1.313942551612854,2.264399290084839,6.601670265197754,10.26897144317627,6.572041034698486,9.326133728027344,-0.2572200000286102,1.6616439819335938,-3.2470407485961914,-2.067798852920532,-0.2528735399246216,5.366003513336182,0.5627310276031494,6.274020195007324,2.1012423038482666,9.971355438232422
9,-335.0577697753906,160.2139892578125,-0.8788456320762634,3.3720569610595703,25.528963088989254,7.792337417602539,4.456515312194824,17.91727638244629,-7.969253063201904,6.647311210632324,3.0893540382385254,18.81985282897949,8.900955200195312,9.751076698303224,-4.172183990478516,5.968408584594727,3.5521013736724854,6.467646598815918,3.485428094863892,11.182343482971191,-2.4336092472076416,4.041494846343994,-6.801335334777832,-1.600107192993164,-1.5494952201843262,1.7315155267715454,6.726553440093994,10.600909233093262,6.303278923034668,8.997901916503906,0.0581500828266143,1.4649873971939087,-3.9312009811401367,-2.115616798400879,-0.0218859743326902,5.438313007354736,0.6874465346336365,6.090261459350586,1.7808661460876465,9.964883804321287
8,-58.38520431518555,101.32681274414062,-54.600704193115234,11.316458702087402,11.35945987701416,8.231669425964355,5.630920886993408,1.5143709182739258,7.270327091217041,6.295098304748535,2.596043109893799,4.870727062225342,-1.3035353422164917,1.8219611644744875,1.235590934753418,3.918330430984497,0.5879120826721191,6.951292037963867,0.1780304163694381,4.6973652839660645,-3.5243794918060303,2.853395938873291,2.6781344413757324,7.017481327056885,0.1448585391044616,8.694722175598145,1.741329312324524,5.561828136444092,1.0595250129699707,5.25364875793457,-1.6292338371276855,6.354491710662842,2.7433345317840576,1.9969037771224976,-1.5131574869155884,0.3317460715770721,-1.3251535892486572,2.3625471591949463,-2.59463119506836,1.638534665107727
8,-59.25740432739258,101.40643310546876,-55.070274353027344,11.04094123840332,11.482803344726562,9.188815116882324,5.959193229675293,1.3573765754699707,6.775125503540039,5.7296953201293945,2.4249074459075928,4.6027374267578125,-1.206806182861328,1.5350286960601809,1.2453852891921997,3.7143945693969727,0.56247878074646,7.920276641845703,0.9841115474700928,5.038710594177246,-3.2391748428344727,3.120602369308472,2.55813980102539,7.936358451843262,0.72822105884552,8.869123458862305,1.0597999095916748,5.195321083068848,1.420933485031128,5.835189342498779,-1.614132523536682,6.136496543884277,2.839390277862549,2.1962478160858154,-1.4188133478164673,0.1145700439810752,-1.3653854131698608,1.6862380504608154,-3.4076764583587646,1.7187199592590332
7,-192.74891662597656,97.30587005615234,-31.295881271362305,14.283208847045898,11.296374320983888,7.322710037231445,4.125845909118652,19.066913604736328,13.369296073913574,14.877936363220217,10.510472297668455,27.508411407470703,11.879591941833496,12.835264205932615,6.670328140258789,11.67468547821045,-1.7379430532455444,10.146769523620604,6.875626087188721,8.465628623962402,0.4258227944374084,5.174961566925049,-4.206546306610107,0.8451358079910278,-2.2009191513061523,-2.2445201873779297,-6.569964408874512,-3.4557554721832275,-3.966497659683228,-2.8909683227539062,-8.265681266784668,-1.6742031574249268,-2.7457425594329834,-0.9888219237327576,-8.196871757507324,3.3396899700164795,-2.1599538326263428,-4.102904796600342,-5.56940507888794,-1.4558374881744385
7,-190.31317138671875,96.47254180908205,-29.984458923339844,13.515080451965332,9.010320663452148,8.2263822555542,4.479426383972168,18.80292320251465,12.123066902160645,15.660691261291504,10.189034461975098,27.313447952270508,12.56135368347168,12.246305465698242,6.19879674911499,11.210826873779297,-0.6774910092353821,9.72887134552002,6.5338006019592285,8.029473304748535,0.6573662757873535,5.316861152648926,-4.306649208068848,1.260789394378662,-2.94203782081604,-3.096856117248535,-6.467848300933838,-3.5996108055114746,-4.009514331817627,-2.9427592754364014,-7.882449626922607,-1.8517661094665527,-3.0656259059906006,-0.5504716634750366,-7.944903373718262,3.419154644012451,-2.0020930767059326,-4.281740188598633,-5.07473611831665,-0.8697897791862488
8,-38.438262939453125,113.70066833496094,-34.80064010620117,6.353228092193604,-17.3382511138916,6.381678581237793,6.626837730407715,15.310240745544434,14.469210624694824,6.540102481842041,1.6099233627319336,7.4643707275390625,7.062263011932373,-4.395717144012451,7.820986270904541,7.193175315856934,-3.2291667461395264,2.5111782550811768,0.9946098923683168,6.703588962554932,3.140254259109497,7.513615131378174,-3.166343688964844,5.32696533203125,0.251309722661972,9.58859920501709,5.812477111816406,3.956931591033936,-0.3857671022415161,6.071737766265869,-2.9780473709106445,2.9105148315429688,1.5759060382843018,5.483813762664795,0.0786051079630851,3.965648889541626,1.2188472747802734,6.100564956665039,2.3070521354675293,5.737390041351318
9,-390.5494995117188,176.32156372070312,-1.835800290107727,33.38681411743164,27.0908260345459,22.090227127075195,11.230107307434082,5.38466739654541,6.233890056610107,19.93142318725586,18.08284568786621,0.4834130704402923,-8.857891082763672,-3.1762406826019287,9.428424835205078,9.02100658416748,-8.206425666809082,-10.738789558410645,5.000874996185303,17.739521026611328,5.720900535583496,-9.76019287109375,-4.656335830688477,4.237171173095703,-0.2802129089832306,2.0014588832855225,5.735910415649414,-0.8521258234977722,3.750981092453003,15.1469144821167,0.080034352838993,-15.895883560180664,-6.380239963531494,6.638917922973633,7.488986968994141,4.651673793792725,0.2050547450780868,7.973174095153809,10.029037475585938,-2.5865895748138428
9,-382.20556640625,169.56777954101562,1.8130592107772827,38.471946716308594,27.2603759765625,24.51347923278809,10.57478141784668,9.14838695526123,5.735326290130615,17.911561965942383,15.68376350402832,1.9380139112472532,-6.707306385040283,-0.6534460186958313,8.590693473815918,8.89244270324707,-5.43868350982666,-7.915133476257324,3.8590376377105713,15.98846435546875,6.3281569480896,-5.7282891273498535,-2.692253589630127,4.786526679992676,0.9914703965187072,3.8120005130767822,6.243277549743652,0.8675338625907898,4.753700733184815,13.920642852783203,1.4771851301193235,-10.953943252563477,-4.245512962341309,5.642638206481934,6.297299861907959,3.821429491043091,0.4816855788230896,7.418222904205322,8.874039649963379,-1.7969846725463867
9,-391.0587158203125,168.7858123779297,8.683972358703613,40.45683288574219,26.10785675048828,24.51499366760254,13.146148681640623,12.323959350585938,5.031855583190918,13.506447792053224,12.793259620666504,2.2710511684417725,-1.5342437028884888,3.4920103549957275,6.518843173980713,5.258633613586426,-0.9658451080322266,-3.4243555068969727,0.4657685458660126,8.654618263244629,6.049166202545166,1.5622837543487549,0.93393737077713,3.2214443683624268,1.6486537456512451,4.105995655059815,4.464569091796875,2.1765174865722656,4.6424174308776855,9.5852632522583,2.9333336353302,-4.424787998199463,-1.8936123847961424,3.2405025959014893,3.437242031097412,3.039395809173584,2.440117359161377,5.493767738342285,5.875819683074951,1.1273928880691528
9,-391.555908203125,168.47866821289062,13.110518455505373,40.374977111816406,24.835147857666016,24.95773696899414,16.22171401977539,12.493773460388184,2.9927375316619877,11.068788528442385,11.071815490722656,2.584522485733032,1.2961223125457764,5.81072998046875,5.678247928619385,2.581940174102783,0.9541857838630676,-1.0623334646224976,-2.3636271953582764,4.811465740203857,5.887144088745117,5.254086971282959,2.768364429473877,2.488108396530152,2.7885942459106445,4.192418575286865,3.030880928039551,2.3279778957366943,3.923199415206909,5.891619682312012,3.353271245956421,-0.4177104532718658,-1.2387845516204834,2.55039644241333,2.075730085372925,2.20054292678833,3.725881576538086,4.017709255218506,3.364950656890869,2.7607641220092773
9,-396.1456909179688,172.07376098632812,16.71169090270996,38.02461242675781,26.23252296447754,22.96489143371582,18.09346580505371,11.498672485351562,2.1508688926696777,10.508659362792969,10.604605674743652,3.119943618774414,1.3095265626907349,6.498111724853516,4.780233860015869,2.8544857501983643,1.3753007650375366,-1.5427546501159668,-1.96008563041687,5.921043872833252,6.44284725189209,5.715765953063965,2.7823781967163086,1.9160361289978027,2.7784554958343506,3.5971803665161133,2.6955835819244385,2.73617959022522,3.499738931655884,5.139349460601807,3.982953786849976,0.5030251145362854,-0.8289636373519897,2.7856717109680176,1.820507287979126,2.725106716156006,4.392939567565918,3.318707227706909,2.753590583801269,2.673957586288452
9,-413.7742614746094,182.4286193847656,20.300556182861328,37.27624130249024,27.553451538085938,19.99500274658203,18.71434783935547,10.422807693481444,3.140042781829834,8.759134292602539,10.266366004943848,2.319060802459717,1.2357473373413086,6.2575273513793945,4.195131778717041,2.016883373260498,1.9570316076278689,-1.7907527685165403,-0.7556340098381042,6.524886608123779,6.383159160614014,6.261143207550049,3.361863613128662,0.5235704779624939,1.7037898302078247,2.5048012733459477,2.9624624252319336,3.123488664627075,3.3304715156555176,5.407673358917236,4.6297383308410645,0.5160636901855469,-0.4286217987537384,2.9909043312072754,1.9765859842300413,2.731895446777344,4.712451934814453,3.211897134780884,3.016493558883667,2.395660638809204
9,-406.1199340820313,176.61083984375,19.18007469177246,39.48881912231445,26.58110618591309,21.479108810424805,17.049705505371094,9.665911674499512,3.048833131790161,8.870100021362305,9.926149368286133,1.951979398727417,0.9473812580108644,6.423794269561768,4.272121429443359,2.283627986907959,1.6567978858947754,-1.6775579452514648,-1.0917270183563232,6.331372261047363,5.99941873550415,5.351187229156494,2.7497291564941406,1.1156688928604126,1.4546483755111694,2.410435914993286,2.7561168670654297,3.166522979736328,3.5764689445495605,5.5167436599731445,4.690863132476807,0.9074560403823853,-0.7722662091255188,3.610689640045166,2.6337101459503174,2.871495246887207,4.028586387634277,2.8285233974456787,2.5776801109313965,2.21609878540039
9,-385.9976501464844,165.52090454101562,15.576566696166992,43.37868118286133,25.258625030517575,23.92325782775879,13.144963264465332,11.069310188293455,3.740158081054688,9.29411792755127,8.744670867919922,2.151660680770874,0.7710545063018799,5.988539695739746,4.164923667907715,3.5040409564971924,1.4391697645187378,-0.9256216883659364,-1.1293479204177856,5.178959369659424,6.318985462188721,4.63034200668335,1.664460301399231,1.798701286315918,1.7250736951828003,2.215641021728516,2.1307315826416016,2.779160976409912,4.179625988006592,6.321732044219971,3.862884044647217,1.754414677619934,-0.3557891249656677,2.977011203765869,3.736323595046997,3.113929748535156,3.806849956512451,2.8870418071746826,2.69614052772522,2.5843307971954346
9,-393.3025512695313,169.37652587890625,18.450794219970703,40.57552719116211,26.173282623291016,23.0762996673584,13.309505462646484,12.059846878051758,4.562135219573975,8.459837913513184,10.256295204162598,1.9626902341842647,1.7383790016174316,5.164597034454346,3.305873394012451,4.819592475891113,1.5884259939193726,-0.3659387826919555,-0.3811117708683014,4.525082111358643,6.255845069885254,4.382608413696289,3.005321979522705,1.9619617462158203,0.915307343006134,2.078235149383545,1.423972487449646,3.05119252204895,4.240694999694824,6.769413948059082,4.036773681640625,1.2250316143035889,-0.3707088530063629,3.932155132293701,3.435688018798828,3.939837694168091,3.946490049362183,4.505611896514893,3.2413785457611084,2.353875160217285
10,-323.3613586425781,120.7343521118164,-14.490519523620604,15.934488296508787,6.412292957305908,3.824573040008545,10.447908401489258,0.2664883136749267,3.878314971923828,8.039447784423828,-2.42340350151062,4.103061199188232,-3.467259645462036,3.944764852523804,0.4259276092052459,2.7024166584014893,0.851469099521637,2.8789851665496826,-2.6848995685577397,3.480268955230713,-1.2735729217529297,5.404674053192139,-1.204566240310669,5.317086696624756,1.493125557899475,3.506601572036743,-3.4386348724365234,2.444368362426758,0.9126548171043396,3.5355870723724365,-4.050177097320557,-3.386932611465454,-5.10769510269165,1.2625211477279663,-1.6606144905090332,0.5375148057937622,-3.2494330406188965,2.101361036300659,-1.3297100067138672,-1.0890322923660278
10,-242.9095001220703,107.51227569580078,-31.01239585876465,14.94357681274414,-8.922611236572266,-3.978917121887207,5.86996603012085,-2.5182652473449707,-1.7116084098815918,7.915674209594727,-5.875519275665283,3.2664616107940674,-0.1036782711744308,-0.5711364150047302,-2.234381675720215,5.587471961975098,3.0421905517578125,5.6629319190979,-1.4047549962997437,8.601834297180176,3.5537242889404297,3.067312240600586,-2.5083065032958984,-0.5173696279525757,-0.3651019036769867,1.7117077112197876,-2.238858222961426,1.2499414682388306,0.6743986010551453,6.3364667892456055,-5.542362689971924,-1.6634465456008911,-1.9683985710144043,0.3377860188484192,-3.729106903076172,1.4307342767715454,-2.621251106262207,-1.978807091712952,-0.8595119714736938,3.266794919967652
10,-302.5326843261719,118.68684387207033,-25.461626052856445,20.516748428344727,5.532765865325928,-3.284658193588257,3.5379207134246826,3.993146181106568,5.246626377105713,6.303730487823486,-6.057530879974365,3.517913579940796,-0.2279272377490997,5.018704891204834,-2.089980363845825,5.440828323364258,0.3764052093029022,-1.197579264640808,-0.2331875413656234,7.180488586425781,6.22801685333252,7.000241279602051,-3.277119398117065,1.6417375802993774,-3.049414157867432,4.715956687927246,-2.207349300384521,1.2822678089141846,-0.4003351330757141,3.0682249069213867,-0.6617618203163147,0.0553441122174263,-2.507992744445801,0.4229237139225006,-3.461055994033813,0.3027660548686981,-1.6431634426116943,0.2138513177633285,-3.948190689086914,1.5827471017837524
10,-364.5777893066406,121.3911361694336,7.525951385498047,15.129453659057615,11.486044883728027,0.7370574474334717,1.0316635370254517,3.0146961212158203,-0.0765054523944854,5.7134623527526855,1.2515782117843628,9.754843711853027,2.035018920898437,2.2058217525482178,-3.56013298034668,3.692219495773315,0.0046859919093549,5.041801452636719,0.0899654254317283,4.949985980987549,0.4634391069412231,3.5595223903656006,-2.823667049407959,2.7491650581359863,-2.6372406482696533,2.129533529281616,-4.07598352432251,0.7885415554046631,-3.3257029056549072,0.4036669433116913,-0.7452912926673889,4.331718921661377,-0.3414234220981598,3.731614589691162,-0.1347800195217132,2.4156839847564697,-1.6613279581069946,3.698920965194702,-1.1303187608718872,0.2982366383075714
10,-349.573486328125,133.7281951904297,-15.295745849609377,20.672582626342773,10.97799587249756,2.150476455688477,-0.7308155298233032,-1.7649215459823608,1.5393091440200806,10.841246604919434,-3.3796064853668213,0.7949115633964539,-2.8464927673339844,4.821387767791748,-2.7758288383483887,5.335619926452637,3.90486741065979,7.595066070556641,-3.07371187210083,-0.322448194026947,-3.9220845699310303,6.680149078369141,1.4995940923690796,2.969874858856201,-3.879734516143799,1.991634488105774,-2.418959856033325,1.115448832511902,-3.2898178100585938,1.787052869796753,0.9471288323402404,7.401550769805908,0.6849251389503479,4.0250020027160645,0.0514609813690185,3.2488582134246826,-2.6908700466156006,1.711048245429993,-2.7093331813812256,-0.1120034828782081
10,-353.84686279296875,126.06575012207033,-3.921506404876709,23.37044906616211,11.248759269714355,12.179937362670898,5.8205671310424805,-2.247703790664673,1.4067384004592896,9.252921104431152,-0.711178183555603,8.1729154586792,0.2817814946174621,2.3870670795440674,-2.616443157196045,6.246100902557373,4.133065223693848,9.11716651916504,-0.4771697521209717,5.013402938842773,-3.259608268737793,4.283907890319824,-2.7614145278930664,2.341593027114868,-2.221525192260742,2.9711110591888428,0.4474715888500213,7.243071556091309,-1.7874692678451538,4.37148904800415,3.1139791011810303,4.796193599700928,-1.4215495586395264,2.711463689804077,-0.6087294816970825,3.197272777557373,-1.6680591106414795,3.739005565643311,0.4013147056102752,1.9181451797485352
10,-248.74110412597656,125.15469360351562,-21.04092788696289,16.002086639404297,2.181386709213257,4.454988956451416,14.260417938232422,0.9663990139961244,9.56296157836914,15.23698616027832,-0.1304636150598526,5.006524562835693,-1.016810655593872,7.773616790771484,-2.8864376544952397,-0.7193315625190735,-1.0368043184280396,2.3839595317840576,1.2746301889419556,4.681827545166016,-1.3262195587158203,0.055309846997261,-1.492051124572754,1.9506670236587524,-0.5892480611801147,0.3187873363494873,-4.684883117675781,-0.8289729356765747,-5.094922065734863,-4.39207935333252,-6.446631908416748,1.2288978099822998,-1.6890138387680054,-0.4693731367588043,-3.5905277729034424,0.173140600323677,-2.8048853874206543,0.4714919626712799,-1.477647066116333,0.1495597511529922
10,-207.72581481933597,108.6817855834961,-48.84652328491211,-1.478402018547058,-16.2630672454834,2.198631048202514,14.88050365447998,-0.9027326107025146,6.0852813720703125,11.078262329101562,-4.519750595092773,3.9519474506378174,-6.952127456665039,12.549463272094728,5.890842914581299,5.297756671905518,1.316554069519043,-3.5337648391723637,-1.5187344551086426,9.57481861114502,1.741080403327942,6.147406101226807,-0.9880539774894714,2.3954403400421143,-1.4929026365280151,-0.8790514469146729,-1.924938440322876,3.536306381225586,-3.5224788188934326,-0.8435537815093994,-5.905672073364258,0.9639524817466736,1.0295138359069824,0.6402837634086609,-4.479315280914307,-0.9554017186164856,-4.962551116943359,0.7904470562934875,-0.6113297343254089,0.686072051525116
9,-459.97064208984375,102.44406127929688,11.10147190093994,-27.5497989654541,-27.937599182128903,-11.262809753417969,-5.518014430999756,1.8811126947402956,-1.6776891946792605,-2.347309827804565,-1.6889119148254397,-1.1521509885787964,0.626485288143158,-1.2070764303207395,-1.619832992553711,0.2912617921829223,-1.72926926612854,-1.8010680675506592,-2.5210859775543213,1.593276023864746,4.228985786437988,4.143171310424805,3.185665845870972,0.3657737374305725,-0.505588173866272,1.678349256515503,1.6628532409667969,1.1156764030456543,1.1357325315475464,1.6156612634658811,1.6892763376235962,2.4385156631469727,1.4004950523376465,0.8678591251373291,0.0725830644369125,0.078196533024311,-1.0080528259277344,-1.3302292823791504,-1.0170259475708008,-0.487645149230957
9,-546.8762817382812,96.08647918701172,19.78040885925293,-10.59923267364502,-11.455367088317873,-6.045482158660889,-8.87298583984375,0.6687358617782593,6.017923831939697,6.264883518218994,-2.0153696537017822,-3.036915779113769,-1.6178661584854126,0.7385310530662537,1.3103854656219482,2.381626605987549,1.090332269668579,0.8564901351928711,1.214311599731445,1.9351829290390012,2.3742189407348637,0.5797345042228699,0.0442085936665535,-0.4206551015377044,-0.1609759181737899,1.796189546585083,1.2150540351867676,1.0791908502578735,1.1604292392730713,-0.5002156496047974,-1.1980297565460205,-0.453309416770935,-0.8942050933837891,0.5004904270172119,0.6267284154891968,0.0220731720328331,-1.6122746467590332,-1.8297669887542725,-1.4051854610443115,-0.2615466117858886
9,-637.1441650390625,79.17385864257812,24.975461959838867,0.3529899418354034,-0.5326118469238281,5.947290897369385,3.190035343170166,3.998584270477295,2.501790761947632,2.8974740505218506,0.8860865235328674,0.8016738295555115,1.381854772567749,2.5700795650482178,2.012364625930786,1.1396726369857788,0.7257238030433655,1.7853848934173584,1.6674234867095947,1.0142545700073242,0.7630811929702759,0.4764466881752014,-0.0639696046710014,-0.1733946651220321,0.1010899618268013,1.630929708480835,1.4504623413085938,1.235654354095459,1.330498456954956,0.1982411891222,-0.3244858980178833,-0.0103220418095588,0.5914015769958496,0.4147832691669464,-1.173851728439331,-1.3632508516311646,-2.0203771591186523,-0.132433146238327,0.0460437498986721,-0.6262626051902771
9,-561.1322021484375,74.22602081298828,15.245479583740234,-4.752441883087158,-4.977646827697754,-0.3595305979251861,-2.4698641300201416,3.4005126953125,1.3443167209625244,2.1814382076263428,1.107063055038452,-1.041414499282837,-0.9752682447433472,-1.9300073385238647,0.1153201535344123,1.673164129257202,1.922279357910156,1.474867820739746,0.5789808034896851,1.5823674201965332,0.1053612753748893,-0.4799728095531463,1.4922949075698853,1.734750509262085,1.5264216661453247,2.058596134185791,1.3189702033996582,0.5170421004295349,-0.5820919871330261,-0.5622746348381042,0.4408523440361023,1.0079069137573242,-0.884834349155426,-0.4662327468395233,-0.2466753274202346,0.6527312994003296,-0.4151610434055328,-0.106348380446434,-1.480400800704956,-2.307584047317505
10,-76.63375854492188,92.6978759765625,-45.45022201538086,77.18276977539062,-70.41679382324219,36.88030624389648,-43.07011795043945,30.71964263916016,-13.461389541625977,14.751041412353516,-1.808279037475586,-14.868246078491213,-6.037954807281494,-19.727405548095703,13.164776802062988,-20.180856704711918,15.392784118652344,-5.7558770179748535,4.325608730316162,-13.828277587890623,-6.563801765441895,-7.497870445251465,-9.504395484924316,1.3690149784088137,-8.44369125366211,2.4255809783935547,-13.793619155883787,1.11711585521698,-10.829913139343262,2.402506828308105,-5.264186382293701,2.0209591388702397,5.580312252044678,-2.2542898654937744,6.009559631347656,-5.424343109130859,-0.2066638320684433,-6.311421871185303,0.9225897789001464,-5.537577152252197
10,-135.9336395263672,96.1590805053711,-29.266923904418945,56.32267379760742,-48.75382614135742,39.761962890625,-34.13874435424805,31.928028106689453,-10.309470176696776,15.321983337402344,-1.6799331903457642,-14.55539608001709,-5.308714866638184,-19.064611434936523,10.833864212036133,-18.08404541015625,8.322242736816406,-9.977060317993164,4.6195454597473145,-13.231803894042969,-7.379872798919678,-3.832451105117798,-8.686178207397461,0.268635481595993,-7.431259632110596,3.6031010150909424,-13.58935832977295,0.3686406910419464,-10.27268409729004,-1.1298761367797852,-4.583188533782959,0.2718786001205444,4.215765476226807,-1.674701452255249,5.246870994567871,-4.998309135437012,2.5584678649902344,-6.292230606079102,-0.7264317870140076,-1.5800254344940186
10,-120.5307159423828,89.63926696777344,-36.75801086425781,51.96426773071289,-49.831668853759766,52.500091552734375,-34.77924346923828,38.4833869934082,-11.963213920593262,6.824296474456787,-0.3803029954433441,-3.057375192642212,3.4241950511932373,-22.574811935424805,10.288915634155272,-13.663612365722656,-0.1582358926534652,-21.741382598876957,8.633817672729492,-14.433940887451172,-9.036523818969728,2.775555372238159,-7.1754021644592285,-3.206317901611328,-5.490333557128906,5.399205684661865,-12.18687343597412,3.3924190998077397,-13.137060165405272,-0.6667963862419128,-5.467341423034668,-3.0898642539978027,0.4553218781948089,-3.748289585113525,7.057251453399658,-3.700995922088623,4.366786956787109,-7.747703075408935,-1.3774313926696775,-0.5477409958839417
10,-90.60385131835938,90.04178619384766,-45.75392150878906,53.082122802734375,-65.46847534179688,52.95496368408203,-47.56981658935547,37.07659530639648,-14.12087631225586,5.068827152252197,-1.8815054893493648,-3.121687173843384,4.001047611236572,-23.030086517333984,12.899046897888184,-11.88958740234375,5.411815166473389,-19.652326583862305,7.561451435089111,-13.89393711090088,-4.531637668609619,-0.6832081079483032,-8.12830638885498,-1.799367904663086,-7.144728183746338,3.429912567138672,-13.82273006439209,4.691244125366211,-12.653441429138184,2.386746406555176,-4.476526737213135,-2.65171480178833,-0.079701229929924,-3.948413610458374,6.083966255187988,-3.657927989959717,4.070017337799072,-7.721123695373535,-0.0115513447672128,-2.422330141067505
10,-95.28176879882812,86.1868667602539,-45.472599029541016,55.82075119018555,-64.8510971069336,56.00251770019531,-48.29448318481445,33.49253845214844,-15.707618713378906,6.248573780059815,-4.521207809448242,-3.880136728286743,7.281855583190918,-18.02303504943848,13.498693466186523,-17.868057250976562,5.993096351623535,-18.114892959594727,4.302644729614258,-10.060713768005373,-0.8462217450141907,-5.486301898956299,-4.645413398742676,4.5414557456970215,-7.888772010803223,5.248773574829102,-15.4059419631958,1.558059573173523,-11.320023536682127,-0.7547491788864136,-5.019802570343018,-0.5568872094154358,-1.442211031913757,-4.536088943481445,3.0611932277679443,-4.88380241394043,5.463058471679688,-6.639756202697754,1.9378859996795652,-2.130316972732544
10,-128.47720336914062,69.07470703125,-35.66902542114258,63.25055313110352,-57.53230667114258,72.05001068115234,-39.11492538452149,42.90483474731445,-15.06342887878418,0.1588649898767471,-9.036714553833008,1.8606075048446653,11.769041061401367,-21.375192642211918,12.003701210021973,-19.07592010498047,3.659235715866089,-22.944732666015625,9.779059410095217,-6.26894474029541,-2.777639865875244,-1.0727763175964355,-3.205583333969116,3.790270090103149,-4.122742176055908,7.527592182159424,-14.220471382141112,3.241271734237671,-13.415794372558594,1.1399109363555908,-8.65207576751709,-4.27419376373291,0.910980761051178,-5.854352951049805,6.107317924499512,-4.009382724761963,5.147650718688965,-7.662939071655273,-1.4424631595611572,-0.5399984121322632
5,-97.24737548828124,105.87137603759766,0.4904839098453522,14.087023735046388,-7.968473434448242,26.58279800415039,-16.257917404174805,-3.759787797927856,-15.955387115478516,-3.176621675491333,-4.528995990753174,-4.415572166442871,-5.477573394775391,8.208230018615723,-5.384276866912842,6.599435329437256,-1.8525424003601076,4.2759504318237305,3.697667360305786,5.012913227081299,-1.9412935972213743,-3.8745172023773193,-0.4649192690849304,-0.9686903357505798,-0.4499141275882721,0.2147624343633651,-8.476741790771484,0.421156495809555,-1.863389015197754,4.101837158203125,-3.685279369354248,0.9194928407669068,-10.625617027282717,-1.3719258308410645,-2.067131280899048,-0.4887160062789917,-5.361989974975586,1.655937910079956,-2.4262359142303467,0.8243574500083923
5,-91.73605346679688,96.47213745117188,0.5755398273468018,11.640233993530272,-4.362281322479248,25.54575729370117,-15.070137977600098,-0.1690470576286316,-18.558258056640625,0.5768779516220093,0.4711897373199463,-6.103586196899414,-8.80526351928711,4.2298970222473145,-9.880803108215332,5.648488521575928,0.1168247535824775,1.6272534132003784,-1.4943629503250122,2.55920958518982,-0.9668400883674622,1.6387039422988892,4.091098785400391,-0.7499411106109619,-2.694584369659424,-1.1583725214004517,-7.732380390167236,0.4731298089027405,-2.081866502761841,5.5061869621276855,-2.3937795162200928,1.5851447582244873,-10.978596687316896,-0.7812367081642151,-2.6426665782928467,-0.0616153664886951,-4.419062614440918,3.38468599319458,0.1208892911672592,-1.0791765451431274
5,-86.49386596679688,97.92843627929688,0.1972101926803589,8.87355899810791,-6.454962253570557,24.225521087646484,-15.800872802734377,-0.6437720060348511,-17.48748016357422,1.0728468894958496,-0.3027110397815704,-6.2407965660095215,-9.897802352905272,4.7957539558410645,-9.82297134399414,5.689475536346436,-0.970160186290741,2.177255153656006,0.9355906248092652,3.5109312534332275,-2.030730962753296,0.689929723739624,2.555731773376465,-1.917729496955872,-4.102536201477051,-0.4992098212242126,-5.80765438079834,1.690649151802063,-1.5603630542755127,4.154038429260254,-4.901180267333984,0.1081921756267547,-9.721938133239746,0.1608168333768844,-3.1650712490081787,0.1886120438575744,-3.797107219696045,3.802891731262207,-0.6148521900177002,-2.346889972686768
5,-88.55231475830078,99.64631652832033,-0.9044685363769532,8.294880867004395,-6.680246353149414,23.592084884643555,-15.095085144042969,0.4540932774543762,-17.86634063720703,2.2240724563598637,-0.5563955307006836,-4.803933143615723,-10.31612777709961,4.4782304763793945,-10.096482276916504,5.332056522369385,-1.8550996780395508,2.0335278511047363,1.087361216545105,5.088665962219238,-2.0928544998168945,-0.5856310725212097,1.7585586309432983,-2.6107728481292725,-3.490954160690308,1.3380179405212402,-4.865213394165039,2.069323301315308,-1.2688360214233398,2.8274316787719727,-5.734813690185547,0.1890714317560196,-9.018436431884766,-0.0444321185350418,-3.1572344303131104,0.6708748936653137,-3.113921642303467,3.533360719680786,-1.3227015733718872,-1.604118585586548
5,-256.0072937011719,107.18994140625,12.239526748657228,21.62586784362793,-1.799573540687561,25.63847541809082,-11.97804355621338,3.5384764671325684,-14.667078971862791,5.699509620666504,0.3295280635356903,-2.711301803588867,-1.171486735343933,3.9702343940734863,-10.825048446655272,1.6477584838867188,-10.532017707824709,-6.38392972946167,-1.1068371534347534,-2.0604143142700195,-3.82663631439209,-4.438716888427734,-10.882673263549805,-5.430910587310791,-0.1085376888513565,0.1885690689086914,-3.7972376346588135,1.6489384174346924,-8.536752700805664,0.0969982668757438,5.644951343536377,2.4312167167663574,-9.225090026855469,7.275364875793457,-3.1945278644561768,2.984503507614136,2.359061479568481,-0.2780570387840271,-1.1380369663238523,3.73017692565918
10,-571.3743286132812,168.62681579589844,-37.44639205932617,25.51299476623535,-20.506895065307617,8.6967191696167,5.864203453063965,-2.529782772064209,-4.832616806030273,-3.972403526306152,-8.481616973876953,6.928736209869385,-3.1179795265197754,-2.760932683944702,-5.07332181930542,-2.29459810256958,-8.8331937789917,-1.303206443786621,-8.433684349060059,1.5750058889389038,-2.1699917316436768,-3.1289451122283936,-1.7723829746246338,1.0776028633117676,-4.366013526916504,2.759407997131348,-5.857635021209717,-2.63625717163086,-4.342586994171143,0.8061100244522095,-5.4224042892456055,0.1101417317986488,-5.143313884735107,-0.3173031806945801,-3.433602333068848,-1.786351203918457,-1.9443881511688232,3.271930932998657,-2.370276689529419,-0.3851982057094574
10,-570.411865234375,169.7126007080078,-34.13949966430664,21.53340721130371,-19.24301147460937,11.533676147460938,5.18211030960083,-3.15736722946167,-6.829512119293213,-2.0852649211883545,-7.911185264587402,8.118976593017578,-4.705105781555176,-4.587856769561768,-2.327188014984131,-0.4155656993389129,-8.37253189086914,-2.665688991546631,-7.922999858856201,3.661986351013184,-4.911566734313965,-1.6835739612579346,-2.4964873790740967,0.3014028072357178,-4.167366981506348,2.2604947090148926,-5.386822700500488,-1.9574030637741089,-3.2027361392974854,1.6032028198242188,-7.342852592468262,-1.851821780204773,-3.5962860584259038,1.3312978744506836,-4.167304039001465,-1.1124964952468872,-1.3937978744506836,3.2141361236572266,-2.98710298538208,-0.5735567808151245
10,-522.3538818359375,168.75547790527344,-39.98087692260742,30.53501510620117,-21.35388565063477,8.90125846862793,5.208864212036133,-2.9767370223999023,-9.948753356933594,-3.749143123626709,-8.665897369384766,6.169164180755615,-4.897792816162109,-6.737621307373047,-5.433121681213379,-5.917519092559815,-10.454509735107422,-5.997734069824219,-8.524084091186523,-1.9535835981369016,-4.304537773132324,-4.8138041496276855,-2.0645408630371094,-2.4356439113616943,-4.850123882293701,-0.9575760960578918,-4.404356002807617,-2.5791215896606445,-3.242943286895752,-3.0310161113739014,-5.597544193267822,-3.335848569869995,-6.324055671691895,-3.2083303928375244,-3.7683842182159424,-3.4792368412017822,-3.2860636711120605,-0.6270448565483093,-2.763680219650269,-1.4452173709869385
10,-543.361083984375,170.62557983398438,-39.57240295410156,21.8754825592041,-23.038311004638672,11.531999588012695,6.751814842224121,-3.341984510421753,-6.344941139221191,-1.6181846857070925,-7.441622257232666,6.44011926651001,-4.35529088973999,-3.440914392471313,-5.623231887817383,-6.057294845581055,-8.752884864807129,-3.548044443130493,-7.193397998809815,1.6539597511291504,-3.907828330993652,-3.4300403594970703,-4.035486698150635,-0.7800910472869873,-3.528186321258545,-1.6238142251968384,-5.4723286628723145,0.3545163571834564,-1.5022141933441162,-1.2509746551513672,-6.360835552215576,-1.5721077919006348,-5.566417694091797,-3.33095121383667,-3.883241415023804,-2.441490411758423,-0.978281795978546,1.9862414598464968,-3.654071807861328,-2.494753122329712
10,-547.6292724609375,176.36668395996094,-32.88689422607422,30.026456832885746,-23.14213180541992,2.7940399646759038,4.560258865356445,-2.557079076766968,-4.011817455291748,-1.7843060493469238,-7.105230808258057,4.218873977661133,-7.146449565887451,-3.5126333236694336,-4.89438009262085,-2.4917564392089844,-7.854015350341797,-4.800018310546875,-8.4744291305542,-3.5595173835754395,-7.647940635681152,-1.7634215354919434,-4.289167404174805,-2.8029861450195312,-4.053268909454346,1.3029086589813232,-4.812622547149658,-3.696478128433228,-4.64041805267334,-0.3136599063873291,-3.599772453308105,-1.942112684249878,-9.36939525604248,-3.3340539932250977,-4.334383010864258,-2.057431697845459,-0.7222364544868469,0.2820368409156799,-4.799694061279297,-1.7304919958114624
10,-570.49609375,173.4254150390625,-31.94598960876465,19.72908592224121,-15.37465000152588,11.195598602294922,7.437963485717773,-2.1280407905578613,-7.384272575378418,-0.2106947749853134,-6.553740501403809,6.400644779205322,-3.101627349853516,-3.2911503314971924,-1.3131593465805054,-0.991662859916687,-8.393572807312012,-2.475438356399536,-5.770175457000732,4.216115474700928,-5.526334762573242,-1.7198152542114258,-3.6676442623138423,-1.523443341255188,-3.2054011821746826,2.679794788360596,-4.414523124694824,-0.9880016446113586,-2.7425551414489746,0.0997785255312919,-5.858760833740234,-1.1629638671875,-4.831575870513916,0.6195992827415466,-2.6174325942993164,-1.0297080278396606,-0.5721595883369446,1.5043679475784302,-3.6583216190338135,0.4876056313514709
10,-551.4578247070312,174.85818481445312,-37.00496673583984,28.200870513916016,-15.951345443725586,8.3524751663208,6.385098457336426,-0.2385971844196319,-6.581478118896484,-4.66796875,-7.467429161071777,6.974782943725586,-5.42568302154541,-0.4256772696971893,-3.8136332035064697,-3.36125922203064,-7.630777359008789,-4.738510608673096,-6.66630220413208,3.243329763412476,-7.761882305145264,-3.3150758743286133,-1.0385035276412964,0.2777993977069855,-5.279416084289551,1.367148995399475,-5.282871723175049,0.9756146669387816,-3.711822986602783,-0.0959005430340766,-6.219415187835693,-1.3895161151885986,-4.957269668579102,0.0556536987423896,-3.8974380493164062,0.077964924275875,-2.2472665309906006,0.3657704293727875,-2.090143203735352,1.372402310371399
10,-549.1738891601562,179.3789825439453,-46.295631408691406,24.248401641845703,-14.65934944152832,6.830378532409668,2.97434401512146,-2.422724485397339,-8.150678634643555,-2.303117275238037,-8.626113891601562,4.784467697143555,-7.379498481750488,-5.486843109130859,-7.078824043273926,-3.551002025604248,-7.787426948547363,-0.6948204040527344,-6.896326541900635,0.1856332868337631,-5.276039123535156,-2.682443380355835,-1.887096643447876,1.2027820348739624,-6.541364192962647,1.7000917196273804,-5.020414352416992,0.2142145633697509,-4.9462056159973145,-2.1184980869293213,-5.539231777191162,-0.7171167135238647,-6.93199348449707,-0.8055436015129089,-4.601554870605469,-1.7463849782943726,-2.160334348678589,2.1458213329315186,-3.1464948654174805,0.2258514165878296
10,-277.9458923339844,-5.420639991760254,-10.811272621154783,12.818643569946287,-7.74812126159668,8.79200553894043,-8.508987426757812,7.440084934234619,-7.065521240234375,2.865872859954834,-6.744231700897217,14.01991367340088,-9.892688751220703,9.406846046447754,-6.4094343185424805,3.783911228179932,3.5873119831085205,-1.3201541900634766,7.915373802185059,-2.369601011276245,2.763660430908203,-0.7530522346496582,-8.039316177368164,2.875163316726685,-7.539555549621582,1.922513961791992,-4.204261779785156,1.6082862615585327,-5.223080158233643,1.6653721332550049,-1.0199795961380005,2.734243392944336,-1.207119107246399,0.5455713868141174,-0.3973262012004852,-0.5394423007965088,-1.710237979888916,6.973574161529541,-2.560466766357422,5.602880477905273
10,-285.7363586425781,4.456027030944824,-10.055061340332031,13.73791217803955,-7.185719966888428,10.89392375946045,-6.820219039916992,6.038262844085693,-7.0069355964660645,2.7292261123657227,-3.139098882675171,10.847670555114746,-9.705266952514648,11.095086097717283,-5.84060525894165,8.524452209472656,5.458634853363037,-0.6069532632827759,7.399889945983887,-0.8296257853507996,4.683573246002197,2.3477938175201416,-3.84953498840332,6.159913539886475,-4.9681782722473145,5.338644027709961,-2.0077199935913086,1.1103723049163818,-2.381619930267334,0.2909494042396545,-1.2953859567642212,4.059601783752441,-2.110866069793701,2.908463478088379,1.1448639631271362,4.301072597503662,-0.3809946477413177,3.9416115283966064,-1.3269054889678955,5.161657810211182
10,-252.0531005859375,5.588483810424805,-9.743826866149902,16.791723251342773,-9.59735107421875,5.0242791175842285,-10.89840602874756,7.977531909942627,-7.947881698608398,-0.0043623158708214,-7.313223838806152,8.877165794372559,-11.214629173278809,14.202052116394045,-5.427748680114746,6.1397881507873535,0.7093541622161865,-5.719187259674072,3.7763848304748535,-4.353278636932373,1.8987404108047483,1.0269328355789185,-6.481987953186035,4.259862422943115,-3.2857909202575684,6.532986640930176,2.012958288192749,4.432615280151367,1.8015743494033811,0.9594003558158876,0.7751613855361938,6.83198881149292,-2.0488243103027344,5.627353191375732,2.420231342315674,2.5997557640075684,-1.0687328577041626,3.776206970214844,-2.098040580749512,7.176860809326172
10,-251.6948089599609,11.079019546508787,-10.193886756896973,15.537261962890623,-9.625285148620604,4.685787677764893,-11.580402374267578,5.801571846008301,-6.34466028213501,-0.3044741749763489,-7.596185207366943,7.957257747650146,-11.442582130432127,13.885168075561523,-6.653442859649658,7.922974109649658,-0.3797844350337982,-3.7264251708984375,3.652534723281861,-2.926962375640869,1.183295488357544,0.1986777186393737,-8.612479209899902,2.54042387008667,-2.2620317935943604,5.18714714050293,3.051715850830078,3.896160840988159,1.7334630489349363,0.710885763168335,0.6169772744178772,7.042105197906494,-2.072643756866455,4.689975261688232,1.6185969114303589,3.0346405506134038,-0.902146339416504,3.7056264877319336,-0.1629681289196014,6.589915752410889
10,-253.18348693847656,11.843459129333496,-11.985239028930664,14.755803108215332,-8.413650512695312,3.822876691818237,-10.370013236999512,6.558672904968262,-5.897268772125244,-0.4719272553920746,-5.396656036376953,8.269840240478516,-11.440011024475098,14.241704940795898,-5.653190612792969,8.970354080200195,-1.0232146978378296,-1.3473140001296997,2.991934537887573,-3.1747961044311523,2.670708179473877,0.4395343661308288,-8.072027206420898,3.1656687259674072,-2.099665403366089,4.426027297973633,1.7464581727981567,3.9272172451019287,2.9800870418548584,0.1409146040678024,0.5598850846290588,7.330933094024658,-1.726374864578247,3.662855863571167,1.1884466409683228,4.18241024017334,0.3144746124744415,5.372336864471436,-0.2746928036212921,6.887658596038818
10,-258.4438781738281,9.115167617797852,-11.27175235748291,12.897602081298828,-8.80004596710205,2.589667797088623,-9.00372314453125,5.818308830261231,-5.806140899658203,-0.2519946992397308,-4.392702579498291,8.630733489990234,-9.34201717376709,14.267061233520508,-4.23503303527832,8.202242851257324,0.1657965779304504,-0.0596922487020492,2.661325216293335,-1.9112709760665891,3.816972255706787,-0.0679330974817276,-6.196217060089111,3.3913495540618896,-3.945904493331909,4.525715827941895,0.1634663194417953,5.2807393074035645,1.820128917694092,0.4670854806900024,0.4827315509319305,5.878105163574219,-1.69006085395813,4.235071659088135,0.2493668496608734,3.5673940181732178,1.0900386571884155,5.809896945953369,-0.0016233852365985,6.313748836517334
10,-250.8350830078125,6.26329517364502,-11.392867088317873,14.78003215789795,-9.24380588531494,2.8546831607818604,-7.801915645599365,7.281313419342041,-7.256581783294678,-0.974428415298462,-6.116478443145752,7.669368743896484,-12.943450927734377,14.317761421203612,-7.965945720672607,4.893469333648682,-1.1004588603973389,-3.6641125679016113,-0.1719056069850921,-5.48668384552002,1.1587109565734863,1.0597786903381348,-6.662654876708984,5.63627290725708,0.2223811000585556,6.53857421875,2.670646905899048,5.069108009338379,-0.0447237752377986,-1.3976105451583862,0.9845573902130128,5.051658153533936,-2.336629629135132,4.791807174682617,-0.5430198907852173,2.2492575645446777,-0.8672199845314026,4.397338390350342,-1.276363730430603,6.5015411376953125
10,-252.6240692138672,4.408998012542725,-11.895861625671388,12.862374305725098,-9.001744270324707,3.563615560531616,-9.287132263183594,7.086720943450928,-5.204185485839844,-0.1334244906902313,-5.06298303604126,9.040010452270508,-12.94611930847168,14.251696586608888,-7.071334362030029,3.7939651012420654,-0.759189784526825,-2.607412815093994,2.297327995300293,-4.384243965148926,2.250953197479248,-0.0830531045794487,-6.648246765136719,4.997954368591309,-0.6782812476158142,7.382404804229736,2.066196918487549,5.110753536224365,0.6754919290542603,0.297911137342453,0.6422926783561707,4.030264377593994,-1.0257997512817385,4.8102898597717285,0.6578060388565063,4.302590370178223,-1.1768343448638916,5.29843807220459,-2.6441493034362797,6.333319664001465
10,-276.09893798828125,-9.150206565856934,-12.611322402954102,12.503141403198242,-4.978321075439453,5.091985702514648,-9.735234260559082,8.439188957214355,-3.862273216247559,1.2681940793991089,-0.4333618581295013,10.68844985961914,-8.787147521972656,15.701717376708984,-6.447407245635986,9.651208877563477,0.1216218918561935,1.4808225631713867,5.493780136108398,-4.161143779754639,6.499475955963135,3.008007526397705,-5.245634078979492,3.787294626235962,-2.796993494033813,8.377269744873047,1.734169363975525,3.391500949859619,2.944042921066284,1.43281888961792,1.9133172035217283,5.703922748565674,-1.687948226928711,4.135619640350342,0.4601633846759796,4.916534900665283,0.1457965075969696,6.441586494445801,-2.57316255569458,5.925447463989258
10,-276.89276123046875,0.2727947533130646,-8.099595069885254,16.650970458984375,-6.352883815765381,10.035394668579102,-7.757628440856934,12.09912109375,-4.39762020111084,1.1696265935897827,-3.6611807346344,10.698189735412598,-11.062010765075684,14.898717880249023,-6.508474349975586,6.6094889640808105,1.9938586950302124,-3.982414484024048,3.1113202571868896,-3.944020986557007,5.809154033660889,3.8474154472351074,-1.643302321434021,8.579840660095215,-1.5565186738967896,7.62632942199707,1.480417013168335,5.726842403411865,2.439375400543213,0.8301496505737305,-0.8127871155738831,5.203092098236084,-1.3527288436889648,3.734088897705078,1.4493639469146729,3.710573434829712,-0.8544400334358215,5.400644302368164,-1.0934661626815796,6.8281731605529785
10,-295.3414306640625,3.690004825592041,-11.41079330444336,18.216140747070312,-7.32482385635376,10.15981674194336,-9.48094367980957,9.513606071472168,-6.34113073348999,3.6971185207366943,-5.193073749542236,7.885406970977783,-9.565258026123049,15.685827255249023,-2.2921063899993896,7.346159934997559,7.231345653533935,2.208810329437256,8.427787780761719,3.1274633407592773,8.042226791381836,5.725210666656494,-3.683786392211914,5.677053928375244,-3.5855462551116943,3.5643131732940674,-1.7669706344604492,1.9806231260299685,-2.305699825286865,-0.0155754126608371,-1.204933762550354,1.6407607793807983,-3.209998846054077,3.0852127075195312,-1.658977508544922,0.5761812925338745,-2.303392171859741,4.755805492401123,-1.2412410974502563,5.471720218658447
10,-305.713134765625,19.872766494750977,1.386041522026062,22.914493560791016,1.206385374069214,18.092426300048828,-3.077399730682373,14.95417308807373,-2.8509209156036377,5.541940689086914,-1.752679467201233,11.248242378234863,-5.405328273773193,16.372650146484375,-3.553063154220581,7.620436668395996,4.84913969039917,1.5691478252410889,8.63252067565918,1.0450624227523804,5.533791542053223,2.455585241317749,-3.151203393936157,4.291999816894531,-5.369274616241455,3.0746817588806152,-3.010697841644287,2.41115665435791,-0.791821300983429,-0.1473652869462967,-2.038804054260254,0.8265617489814758,-3.967611074447632,3.2183992862701416,-1.3515067100524902,2.422145366668701,-2.560596704483032,3.206045866012573,-3.513280868530273,5.714861869812012
10,-302.8486328125,19.534257888793945,-3.765918731689453,23.75183868408203,2.7833399772644043,14.08604621887207,-2.652444839477539,16.595294952392578,-0.3591221272945404,7.313445091247559,0.8795194029808044,12.498812675476074,-6.39144229888916,17.887046813964844,-4.211845874786377,7.457398414611816,2.5555362701416016,2.06584095954895,7.809732437133789,1.936688542366028,9.48800563812256,4.57397985458374,-2.6364362239837646,6.262795448303223,-3.173270463943481,2.9157187938690186,-3.2921531200408936,2.260855436325073,-1.836121082305908,0.6385800242424011,0.152451142668724,2.9952874183654785,-3.431187391281128,2.622580051422119,-1.5762758255004885,0.4211872816085815,-1.7383066415786743,2.965339422225952,-3.8952906131744394,6.325933933258057
10,-269.7710266113281,16.19610023498535,4.08172607421875,26.354631423950195,5.846075057983398,18.347057342529297,-0.3301697969436645,17.4068603515625,1.456843018531799,12.114261627197266,1.4716132879257202,15.452442169189451,-6.551741123199463,13.083440780639648,-7.958179473876953,6.645532131195068,3.418172597885132,1.3644407987594604,7.951265335083008,0.5327857732772827,8.949501037597656,5.181666851043701,-2.737981081008911,8.298661231994629,-2.93632435798645,3.148164987564087,-3.205435276031494,1.9194339513778689,-2.3550641536712646,-2.746598482131958,-1.0803437232971191,2.6980643272399902,-3.439251184463501,2.595182418823242,0.5790978074073792,2.220017433166504,-0.3107295334339142,3.6105527877807617,-4.0058441162109375,4.54930305480957
10,-293.972412109375,16.2685604095459,-0.8530059456825256,22.75994300842285,2.869325876235962,15.11110782623291,-5.984796047210693,12.575102806091309,-1.885904550552368,8.282894134521484,-0.1727376878261566,11.45689582824707,-9.475857734680176,16.28516960144043,-1.9274475574493408,10.290292739868164,6.018199920654297,3.2197296619415283,7.288494110107422,1.8202296495437624,6.988579750061035,4.034994125366211,-2.42173171043396,5.533239364624023,-3.2837648391723637,2.3485958576202397,-0.7200919389724731,2.913444995880127,-0.9393846392631532,0.1667692214250564,-0.5679150223731995,4.45735502243042,-2.900810480117798,2.273693323135376,-2.3571999073028564,1.288185477256775,-2.429593324661255,4.222827911376953,-2.292494535446167,6.227466583251953
10,-286.15948486328125,18.390336990356445,3.3644344806671143,16.653160095214844,-2.5934946537017822,13.0745267868042,-6.046209335327148,11.506831169128418,-5.397768497467041,5.104493141174316,-3.159750461578369,12.182644844055176,-8.145010948181152,13.787881851196287,-7.570998668670654,8.2299165725708,3.1658294200897217,-0.8294581770896912,6.053409099578857,1.8231549263000488,8.058944702148438,4.368950843811035,-0.711540699005127,8.687249183654785,-1.141546607017517,2.723076820373535,-2.2173821926116943,3.3563077449798584,-0.328856498003006,-2.5007541179656982,-2.095874309539795,2.867860078811645,-2.6569743156433105,3.4380416870117188,-0.463805615901947,4.008177757263184,0.3840806782245636,4.250712871551514,-2.439783096313477,5.497359752655029
10,-287.38946533203125,8.98463249206543,-9.782901763916016,12.786543846130373,-6.188094615936279,8.412113189697266,-6.572255611419678,9.391562461853027,-6.755609035491943,2.610365390777588,-7.245959281921387,7.835355758666992,-12.645565032958984,14.055089950561523,-9.302783012390137,6.093227863311768,-0.4604284465312958,-3.315293073654175,5.013549327850342,-1.3192148208618164,7.966284275054932,3.065017938613892,-2.2926533222198486,7.285367965698242,-0.0150876408442854,4.295967102050781,-1.9294222593307493,1.716509222984314,-0.3068031370639801,-1.3762080669403076,-2.286506175994873,3.591764450073242,-1.4901317358016968,6.241360664367676,-0.4127328395843506,3.7547240257263184,-0.4063804745674133,5.5686235427856445,-2.184027671813965,5.73669958114624
10,-281.1595764160156,6.38341760635376,-13.166908264160156,13.07567024230957,-10.538713455200195,7.350481033325195,-8.280986785888672,11.068303108215332,-7.651886463165283,-1.6731082201004028,-7.726243495941162,8.406519889831543,-11.12111759185791,14.197181701660156,-8.655180931091309,2.527688503265381,-1.5607247352600098,-3.054872751235962,3.5033674240112305,-0.6641663312911987,7.025726795196533,3.6427793502807617,-2.7938482761383057,6.85479211807251,-1.587372064590454,3.8030619621276855,-1.5254497528076172,3.4460597038269043,-0.394849419593811,-0.2359279096126556,-1.9315937757492063,6.883057594299316,-2.716704130172729,4.855914115905762,-0.1305717378854751,3.162936210632324,-0.7128677368164062,4.175543785095215,-1.8521668910980225,4.9620537757873535
9,-141.3046875,7.545239448547363,3.5362884998321533,27.40104484558105,-16.407419204711914,19.86159324645996,-11.4641695022583,18.9599666595459,-3.241021156311035,-1.643540382385254,-13.86117172241211,4.483110427856445,-12.823812484741213,11.458746910095217,-17.0072021484375,-3.389497756958008,-6.077751159667969,-2.580977439880371,4.451941967010498,-5.28724479675293,7.565560340881348,2.888434886932373,-0.0386490561068058,7.725272655487059,-2.6776108741760254,-0.1216831505298614,-2.5226354598999023,0.2728421092033386,-3.0137219429016118,-0.991802215576172,-0.0126925781369209,3.2334372997283936,-4.696008682250977,2.005192756652832,-0.6471332907676697,2.458688497543335,-1.9725831747055051,4.97207498550415,-1.7346521615982056,3.981870889663696
9,-117.89048767089844,27.17597961425781,-11.20437717437744,20.852663040161133,-18.916976928710938,7.9055633544921875,-9.976177215576172,13.13921356201172,-6.382687568664551,0.7537199854850769,-15.669981002807615,2.419755220413208,-20.363800048828125,8.235542297363281,-16.564489364624023,-3.882745027542114,-5.953467845916748,-1.7794394493103027,7.787868499755859,-4.023043632507324,1.9061822891235352,3.047128200531006,0.4012564420700073,5.465503215789795,-2.011138677597046,1.110343337059021,-2.354434967041016,-1.3738235235214231,-2.292592287063598,-1.6350072622299194,-0.5265582799911499,4.10533618927002,-6.792679309844971,3.458935260772705,-0.0400507934391498,2.8657193183898926,-0.7319667935371399,3.3808507919311523,-1.5881130695343018,4.63052225112915
9,-83.33670806884766,21.383825302124023,-11.963157653808594,14.40084457397461,-14.957883834838867,-3.264585018157959,-11.685233116149902,4.458951950073242,-8.951157569885254,-1.4285178184509275,-19.88355255126953,4.115966320037842,-22.08258819580078,4.502618789672852,-15.98960781097412,0.0087880045175552,-3.751800060272217,-2.3878252506256104,5.513617038726807,-2.991821050643921,0.3132841885089874,1.377331256866455,1.50001060962677,6.178201675415039,-0.7335996031761169,1.4052386283874512,-2.169656276702881,-2.755207061767578,-1.5632567405700684,-0.5279718041419983,-3.1542809009552,4.673447132110596,-7.458600044250488,2.986727476119995,2.4378650188446045,2.125394821166992,-1.5029494762420654,4.362469673156738,-1.8024805784225464,6.360182285308838
9,-74.99595642089844,22.017576217651367,-14.358909606933594,10.260045051574709,-12.888774871826172,-7.200402736663818,-13.039127349853516,1.1750444173812866,-11.091767311096191,-2.6064276695251465,-22.689722061157227,2.999427795410156,-19.891321182250977,0.8014079928398132,-16.536693572998047,0.7738970518112183,-6.097789764404297,-1.5687955617904663,4.073966026306152,-3.0520639419555664,-0.4966244101524353,1.4170502424240112,1.5712146759033203,6.6966729164123535,-0.5096244215965271,1.5020748376846311,-3.258755207061768,-2.9163713455200195,-2.7633419036865234,-0.1429718285799026,-3.7243263721466064,4.262221336364746,-8.280665397644043,4.026606559753418,3.1134033203125,2.8330485820770264,-3.5494604110717773,4.293575286865234,-0.6820868253707886,5.235157012939453
9,-82.7648696899414,28.405668258666992,-16.46480369567871,8.397775650024414,-9.869058609008787,-3.64801836013794,-13.862561225891112,1.892140507698059,-12.12925910949707,-4.582122325897217,-19.75704574584961,2.86784291267395,-18.53072738647461,0.535519003868103,-13.245361328125,2.468900203704834,-5.529920101165772,-1.1868404150009155,3.4237406253814697,-2.2144992351531982,0.2250650227069854,1.9630793333053589,0.5957979559898376,6.268155097961426,-2.8684306144714355,1.791385054588318,-4.091472625732422,0.3304860591888428,-2.92626428604126,-0.0184177309274673,-3.3788130283355717,3.5592548847198486,-5.872437000274658,3.2881264686584477,2.289363145828247,2.956171751022339,-3.1045000553131104,4.447535991668701,-0.5118127465248108,5.11745548248291
9,-70.44900512695312,10.901444435119627,-8.350550651550293,12.47467041015625,-11.734516143798828,4.828961372375488,-11.285635948181152,6.429693698883057,-8.34969711303711,-6.578245162963867,-15.12211799621582,7.913836479187012,-22.046405792236328,4.468677997589111,-15.49216651916504,0.1862224489450454,-2.2347640991210938,-4.041668891906738,7.833212375640869,-2.6710751056671143,5.11112117767334,3.878111124038696,-1.7268342971801758,11.0855073928833,-2.3141427040100098,2.021835327148437,-4.190832614898682,1.7960511445999146,-0.3522675037384033,-1.080527901649475,-3.065480232238769,2.491422414779663,-1.4426831007003784,6.389392852783203,6.153873443603516,3.597257614135742,-1.53537917137146,3.5198981761932373,-1.8250757455825808,6.7380194664001465
9,-72.40742492675781,21.12690734863281,-11.88219165802002,12.327162742614746,-11.532000541687012,0.9761505126953124,-9.601675033569336,3.999032974243164,-9.241251945495604,-6.17868709564209,-16.026649475097656,7.862966537475586,-19.90356063842773,3.0589070320129395,-15.463944435119627,1.8065247535705569,-4.2298760414123535,-3.505742311477661,5.784320831298828,0.034667395055294,4.555410861968994,4.512490749359131,-0.4493949711322784,9.35494613647461,0.1336162835359573,1.1309964656829834,-2.6783835887908936,1.6538089513778689,-0.6112959384918213,-1.114770531654358,-2.3522214889526367,2.344565868377685,-4.202558994293213,7.833245754241943,6.1460371017456055,4.059622764587402,-1.9950388669967647,4.482659816741943,-1.6350435018539429,5.03369665145874
9,-75.2249984741211,26.89002990722656,-9.996963500976562,14.490872383117676,-9.025672912597656,2.125871181488037,-6.7802910804748535,5.321334838867188,-7.154873371124268,-4.397372245788574,-14.606433868408203,8.597020149230957,-14.080037117004396,3.271097421646118,-14.046960830688477,2.707289457321167,-3.6428768634796143,-0.8334038257598877,6.543859004974365,2.5726261138916016,3.973045110702514,3.116039514541626,1.1911340951919556,10.090258598327637,1.2008827924728394,3.767016887664795,-1.1553810834884644,0.8682042956352234,-0.6000316739082336,-1.2257359027862549,-1.877713918685913,1.9441131353378296,-5.266245365142822,7.524130344390869,4.497773170471191,4.989723205566406,-1.2203103303909302,4.926166534423828,-1.8591326475143437,4.147108554840088
9,-77.89784240722656,31.58531379699707,-11.294439315795898,11.998743057250977,-7.223904609680176,3.8363516330718994,-6.525943279266357,4.423424243927002,-5.55639123916626,-1.3559083938598633,-14.554213523864746,5.697127342224121,-12.271162986755373,2.1585679054260254,-14.253626823425291,2.599356174468994,-2.1496856212615967,2.3326611518859863,7.213749885559082,3.646639585494995,1.280563235282898,1.6672788858413696,1.9876571893692017,9.796274185180664,1.597918152809143,6.166982173919678,-0.4272738397121429,0.709958016872406,-1.104805827140808,-1.1199910640716553,-3.4769446849823,0.7810961604118347,-3.5611448287963867,6.457969665527344,3.157917261123657,4.738074779510498,-1.352977991104126,4.6120476722717285,-1.5306392908096311,4.181131839752197
9,-59.79703903198242,15.170862197875977,-2.863452434539795,17.776687622070312,-9.211217880249023,10.579277992248535,-4.961534023284912,7.708372116088867,-3.163485050201416,2.875838279724121,-8.818363189697266,7.726975917816162,-17.06987953186035,8.577019691467285,-15.82639503479004,5.576912879943848,2.8147404193878174,1.343242645263672,8.973697662353516,-1.647481083869934,6.271974563598633,1.867762804031372,-0.6377861499786377,9.23727035522461,-1.4667290449142456,7.23828125,4.112460136413574,2.635297536849976,-1.646702527999878,-1.530813217163086,-1.868142008781433,4.697860240936279,-2.661656379699707,7.434146881103516,3.359445095062256,1.8616734743118288,-2.1140356063842773,4.027576446533203,-4.938964366912842,2.569457769393921
9,-64.11278533935547,20.96579933166504,-4.133218288421631,16.734882354736328,-10.940862655639648,7.89708137512207,-6.0794854164123535,3.329061269760132,-4.618649482727051,2.133597612380981,-10.779744148254396,8.493008613586426,-17.94148826599121,6.381889343261719,-16.136005401611328,3.890324115753174,2.3881852626800537,1.240581512451172,8.672078132629395,-1.9922537803649905,5.112941741943359,2.1536123752593994,-0.6665655970573425,10.89042854309082,-0.4312445521354675,7.109127998352051,5.927621364593506,1.313621997833252,-2.360119104385376,0.1459474712610244,-1.996919870376587,5.091962814331055,-2.164971351623535,8.867878913879395,4.198116302490234,1.6244683265686035,-2.666393280029297,3.2854325771331787,-4.434432506561279,2.987253189086914
9,-69.52837371826172,22.79872131347656,-5.191420555114746,14.609414100646973,-12.477991104125977,5.655578136444092,-6.163028240203857,1.2128782272338867,-5.729952812194824,0.8216721415519714,-12.63960075378418,7.466895580291748,-18.05429458618164,4.415657043457031,-17.336368560791016,3.817562341690064,0.4246854484081268,-0.555650532245636,8.115392684936523,-1.7055113315582275,4.508021354675293,3.044090747833252,-0.8614323735237122,8.99627685546875,-0.3202759325504303,7.644620895385742,5.336462497711182,0.7685312032699585,-2.478215456008911,0.6312485933303833,-2.09940767288208,4.10639238357544,-2.237262010574341,9.644583702087402,4.394176959991455,2.765898942947388,-2.233555793762207,3.5724000930786133,-4.418893337249756,3.620090961456299
9,-72.94171905517578,31.7734432220459,-5.543511867523193,12.440061569213867,-10.154874801635742,5.387831687927246,-5.751601219177246,2.912750005722046,-4.87271785736084,0.9044601321220398,-12.903032302856444,8.217063903808594,-16.909198760986328,2.591603994369507,-15.691929817199709,5.147053718566895,-0.960897982120514,1.7344346046447754,7.043222904205322,-1.2067843675613403,2.687279462814331,3.302483081817627,0.5585156679153442,6.352489471435547,-0.9634815454483032,7.341674327850342,4.431382179260254,1.0747947692871094,-2.3077046871185303,0.1233933717012405,-1.9765633344650269,3.323394536972046,-3.485623836517334,8.44211196899414,4.013543128967285,3.009493589401245,-2.943828821182251,3.9228885173797607,-2.981774091720581,1.0910658836364746
9,-67.53527069091797,8.076353073120117,-5.350955486297607,14.41266918182373,-11.119159698486328,5.4350104331970215,-9.606422424316406,2.592984437942505,-4.132232666015625,-0.9508438110351562,-8.455314636230469,7.769380569458008,-16.898229598999023,8.165013313293457,-14.551724433898926,3.6034514904022217,-0.0030163356568664,-0.4776120781898498,9.344648361206056,-1.602704405784607,6.430122375488281,3.360615968704224,-3.419927835464477,7.554812908172607,-1.7525306940078735,6.017546653747559,1.036487102508545,4.117502212524414,4.521846294403076,0.9016275405883788,0.1139130741357803,4.388247966766357,-3.810733556747437,3.5091748237609863,-0.953719973564148,0.8829692006111145,-4.269679069519043,1.0939006805419922,-5.271484375,4.584603309631348
9,-82.0982666015625,18.550498962402344,-9.530299186706545,9.450247764587402,-8.536169052124023,4.682161331176758,-9.896283149719238,2.2308504581451416,-9.891481399536133,-4.797928333282471,-10.773621559143066,7.702351093292236,-16.099910736083984,2.27720308303833,-13.06478786468506,3.5508532524108887,-1.2523915767669678,-2.1547892093658447,5.729619026184082,0.0423992872238159,6.52908992767334,2.937521457672119,0.7482842206954956,8.059642791748047,-4.332709312438965,5.949816703796387,1.7188555002212524,6.6108717918396,2.278985023498535,2.213468074798584,0.3784695863723755,2.338158130645752,-2.515933990478516,1.628654956817627,-0.9972186088562012,2.5883021354675293,-3.857399463653565,2.274009227752685,-4.240183353424072,3.920178651809693
9,-78.90493774414062,27.57752990722656,-2.66318416595459,10.681811332702637,-11.499157905578612,2.3695194721221924,-12.23516845703125,7.668725967407227,-2.3343842029571533,1.06432044506073,-12.12428855895996,6.351737022399902,-18.821441650390625,8.17413330078125,-12.514753341674805,4.6929545402526855,2.7038869857788086,-0.9848589301109314,5.691810607910156,-1.3193408250808716,6.86237096786499,1.2936464548110962,-2.347153902053833,8.47384262084961,0.1506888270378112,7.18558931350708,0.8337582349777222,4.241431713104248,0.930683970451355,0.5261039733886719,0.1945566534996032,6.387711524963379,-2.769425630569458,5.394335746765137,0.8784816265106201,2.089707612991333,-1.655676007270813,2.809445858001709,-3.101944923400879,4.668093681335449
9,-78.06376647949219,12.416422843933104,-10.906786918640137,10.870074272155762,-5.526440620422363,7.530387878417969,-7.935681343078613,3.5940825939178467,-10.283529281616213,-0.2308058738708496,-10.86713981628418,9.219446182250977,-15.635823249816896,6.385603904724121,-10.552477836608888,3.447843074798584,-0.1773390471935272,0.3190932869911194,7.267082214355469,-2.152565717697144,6.48883056640625,0.4064913392066955,-0.080443188548088,9.899168014526367,-1.7491779327392578,6.930253505706787,-0.517684817314148,7.179125785827637,0.5117686986923218,-0.7326117157936096,-0.6052093505859375,2.7320053577423096,-0.1058162674307823,4.270432472229004,0.7246737480163574,1.582300901412964,-3.5728600025177,4.313795566558838,-4.415493965148926,5.6046905517578125
8,-50.40523910522461,105.39766693115234,3.397274971008301,14.936052322387695,1.4473708868026731,-1.8143924474716189,-3.862826824188232,-4.735863208770752,-6.083913803100586,-3.0786263942718506,-8.29205322265625,-3.605433464050293,-8.059910774230957,-2.038473129272461,-8.196592330932617,-2.737790822982788,-8.104039192199707,-1.3834420442581177,-8.35586929321289,-3.1231894493103027,-9.037432670593262,-3.1269044876098637,-7.661064147949219,-3.2116947174072266,-7.710343360900879,-1.0629552602767944,-5.062034130096436,1.2135740518569946,-3.3128366470336914,1.951682925224304,-1.949586033821106,0.3355313539505005,-7.341912746429443,-4.690986633300781,-8.092964172363281,-2.568514585494995,-4.760324478149414,1.237385392189026,-0.921383798122406,1.8475967645645144
8,-3.883968591690064,100.69489288330078,6.003944396972656,18.4599552154541,4.052676677703857,0.2036403119564056,-1.832281231880188,-3.1452760696411133,-4.460508346557617,-0.9135996103286744,-5.471148490905762,-1.990705490112305,-8.171015739440918,-3.9075214862823486,-8.728413581848145,-1.3068028688430786,-6.93004322052002,-1.2237815856933594,-8.286457061767578,-2.1504154205322266,-8.523394584655762,-3.615475654602051,-7.433242321014404,-2.262892723083496,-7.366081237792969,-1.1395411491394043,-6.090340614318848,1.15621018409729,-4.575386047363281,1.2388068437576294,-4.019824981689453,-0.6285262107849121,-7.667832374572754,-4.782860279083252,-7.914539337158203,-2.692753553390503,-4.652294635772705,2.1978702545166016,0.1232420057058334,1.812332034111023
8,23.623193740844727,91.23974609375,8.314408302307129,19.496807098388672,4.589330673217773,2.4307644367218018,-0.7637272477149963,-1.9168190956115725,-3.98827075958252,-0.0209226440638303,-5.8072028160095215,-1.6862910985946655,-7.48819637298584,-3.3939664363861084,-7.530025005340576,0.6799556612968445,-6.105620384216309,-1.1917635202407837,-8.702977180480957,-3.620348215103149,-8.197541236877441,-2.5528125762939453,-6.980433464050293,-1.0873336791992188,-6.575136184692383,-1.0488907098770142,-6.1807475090026855,-0.2024233639240265,-6.193573951721191,0.4916461110115051,-3.726377248764038,-0.116351880133152,-5.723376750946045,-2.4808835983276367,-6.303484916687012,-1.6531305313110352,-3.38932728767395,2.4608449935913086,-0.6179184317588806,0.722263753414154
8,25.55778694152832,89.649658203125,4.409083843231201,18.114486694335938,2.0836822986602783,3.493820905685425,-3.1121809482574463,-0.952594757080078,-7.246574878692627,-0.2601226270198822,-8.542346954345703,-1.6129002571105957,-7.201145172119141,-2.411543369293213,-8.212200164794922,1.1133140325546265,-7.437319278717041,-1.3616456985473633,-8.386736869812012,-4.450064659118652,-7.804909229278564,-1.2864967584609983,-6.035257816314697,-0.3309814631938934,-6.102791786193848,-1.3498159646987915,-6.406182289123535,-0.6706393957138062,-5.635978698730469,0.2630881667137146,-2.595050096511841,1.221929669380188,-4.312458515167236,-0.6490455269813538,-5.052669048309326,-1.7547764778137207,-3.9068124294281006,1.750687837600708,-0.9523789286613464,0.7991932034492493
8,17.553394317626953,93.41372680664062,1.7711193561553955,18.183734893798828,-0.458788126707077,2.722365140914917,-5.319168567657471,-0.185743361711502,-8.96929931640625,-1.5405439138412476,-9.731122016906738,-1.1472457647323608,-8.257124900817871,-1.6214433908462524,-7.341135025024414,1.3471734523773191,-6.696746826171875,-0.8313654065132141,-8.18865966796875,-3.1682233810424805,-8.488463401794434,-1.8534446954727173,-5.931770324707031,0.2694576382637024,-6.057268142700195,-1.8243944644927976,-6.3134765625,-0.736061692237854,-3.6110029220581055,0.9231595396995544,-3.5278804302215576,0.4508222043514251,-4.362638473510742,-1.2144280672073364,-5.288339138031006,-1.213276982307434,-5.075242519378662,0.5155141949653625,-1.49658203125,0.7453219890594482
8,13.86873722076416,89.79903411865234,2.7337450981140137,15.00967788696289,-1.0798221826553345,1.7626343965530396,-6.140636444091797,-1.5149271488189695,-9.496844291687012,-1.7788023948669434,-9.757390975952148,-2.29048752784729,-9.591879844665527,-1.7790993452072144,-6.978090763092041,0.3720061480998993,-6.193328857421875,0.5705992579460144,-8.423957824707031,-1.7768051624298096,-7.722690105438232,-1.5242055654525757,-6.028192520141602,-1.7714321613311768,-6.1501994132995605,-1.7460992336273191,-6.068175315856934,-0.2784615755081177,-3.67572832107544,0.2077023684978485,-3.447160243988037,1.8983184099197388,-4.674737453460693,-1.4713804721832275,-5.947073936462402,-0.559325635433197,-4.778497219085693,0.9972876310348512,-0.795223593711853,0.7392094135284424
8,-230.63217163085935,171.6142120361328,-12.4994535446167,-3.722079277038574,-9.492612838745115,6.288238525390625,12.727519989013672,3.119331121444702,-9.056998252868652,-6.068846225738525,-4.147668838500977,15.848504066467283,-0.611574649810791,-6.232377529144287,0.4898414313793182,6.8739190101623535,2.593135356903076,8.83125114440918,6.8171257972717285,6.928431510925293,1.9086580276489256,7.049261093139648,-0.1610978543758392,3.551673173904419,-2.1925413608551025,-0.2114011645317077,-2.5275495052337646,-0.4108864963054657,-5.809169292449951,-1.8195056915283203,-4.622568130493164,1.2971439361572266,-1.198989748954773,-0.8191045522689819,-2.528346061706543,1.6290674209594729,0.0336056351661682,2.777982234954834,-3.4212687015533447,0.8194907307624817
8,-188.15625,181.69842529296875,-40.062408447265625,-23.766822814941406,-25.528276443481445,7.4855451583862305,27.192182540893555,11.022598266601562,-4.162330627441406,-5.560701370239258,-1.2494226694107056,26.683698654174805,0.9051331281661988,-16.218765258789062,0.674993097782135,8.70083236694336,-0.1601594686508178,10.308516502380373,3.1372761726379395,-0.5499448776245117,0.1094291359186172,3.400243759155273,-3.478240966796875,1.9087682962417605,-3.3196866512298584,0.9968237280845642,2.16265869140625,-0.1046860441565513,-2.30835223197937,1.399946212768555,-3.88948392868042,1.8984358310699463,-1.3446924686431885,-0.4906893074512481,1.1340839862823486,1.8811765909194944,-2.0144131183624268,0.128825768828392,-2.069079875946045,-1.09155535697937
8,-224.4618225097656,166.12692260742188,-24.514015197753903,-9.652299880981444,-9.596548080444336,8.179593086242676,11.14424991607666,9.67494773864746,-0.0034039735328406,-3.5123462677001958,1.1198631525039673,21.011926651000977,-4.306322574615479,-11.45533847808838,0.0045543671585619,5.999442100524902,1.584550142288208,10.259845733642578,3.2677886486053467,0.6210076808929443,-3.041517972946167,5.866835117340088,-0.0109110949560999,0.6784617304801941,-7.36841869354248,-0.6822046041488647,2.1986193656921387,4.158507823944092,-1.3026751279830933,2.7192091941833496,-2.648931741714477,2.6699111461639404,1.595300316810608,0.5398119688034058,-2.903525829315185,1.1788382530212402,-0.795806348323822,5.239906311035156,-2.0004827976226807,-1.4415942430496216
8,-207.58094787597656,160.4071807861328,-29.179523468017575,-5.392568588256836,-10.05234432220459,16.617198944091797,12.678065299987791,-2.0583860874176025,-4.152968883514404,0.0145623413845896,6.324485778808594,17.832679748535156,-8.189507484436035,-7.54638671875,3.3543543815612797,6.98744010925293,4.403572082519531,4.919403553009033,0.156840980052948,8.810452461242676,3.969346046447754,-1.1420966386795044,-7.371789455413818,1.952604413032532,1.5698105096817017,4.889269828796387,1.653353571891785,4.038346767425537,1.5097105503082275,0.824481725692749,-2.3234665393829346,0.7552353739738464,-0.6728449463844299,0.4667753577232361,-0.0166662111878395,0.7266221046447754,-5.418615341186523,-0.8041427731513977,1.6133055686950684,1.2559677362442017
5,-384.6811218261719,69.95985412597656,-27.963197708129883,-16.929840087890625,-8.296003341674805,7.306436538696289,-5.5336222648620605,0.3236787021160126,1.7115615606307983,11.713885307312012,-0.0471502766013145,-1.2449463605880735,-1.4825869798660278,0.6046516299247742,-3.996304750442505,-0.2684939801692962,0.2372715175151825,0.8076055645942688,0.8226374983787537,1.1200406551361084,-0.5331017971038818,-0.4412170648574829,1.2075361013412476,3.3710825443267822,0.7600978016853333,0.6372712254524231,-0.2109374105930328,0.5870797634124756,0.4249195158481598,1.5243687629699707,0.5583469867706299,1.4032193422317505,-0.2385822385549545,0.6778503656387329,0.2686167359352112,-0.3368790447711944,-0.5744872093200684,-0.2182191163301468,0.1027389243245124,-0.2281957566738128
7,-334.7523193359375,149.27853393554688,5.750724792480469,24.26314163208008,11.26677417755127,15.176475524902344,-0.8394852876663208,17.15279769897461,-1.5730721950531006,6.702520847320557,-3.773555278778076,1.2449942827224731,-5.948187351226807,1.0615209341049194,-3.0565500259399414,-1.0439871549606323,2.124145746231079,5.01606035232544,1.530247688293457,1.3185089826583862,-0.3689568936824798,3.437684774398804,2.1995229721069336,1.7950743436813354,0.0210139323025941,3.184879302978516,-2.794696569442749,1.7510055303573608,-0.9922356605529784,2.968461751937866,-1.39165997505188,1.741093397140503,-0.2215960919857025,-2.1009504795074463,-1.6655060052871704,1.807947039604187,-1.6517552137374878,-0.3732339143753052,-0.0749197751283645,2.664825677871704
7,-189.4200897216797,135.8058319091797,-12.6525239944458,28.19018173217773,3.093799352645874,18.00334930419922,-7.98149824142456,20.113506317138672,-3.828611135482788,12.721380233764648,-4.48151159286499,2.9575674533843994,-4.126206398010254,3.19905161857605,-3.592381000518799,2.779031276702881,3.80366587638855,7.916673183441162,0.7638109922409058,4.4435906410217285,-1.657008409500122,3.7608370780944815,0.664307713508606,1.6308159828186035,0.1818494349718094,2.718446493148804,-3.726974487304688,2.342257261276245,-1.7315553426742554,3.654574871063232,0.2928827106952667,2.7460341453552246,-0.1581582129001617,0.5856714248657227,-3.3023569583892822,2.695522785186768,-1.6515520811080933,0.5336315035820007,-2.269599437713623,2.4512720108032227
7,-156.06832885742188,128.38111877441406,-11.84161376953125,27.01003074645996,0.6996816396713257,18.53789329528809,-7.214718341827393,20.823413848876957,-3.959405660629273,13.74116325378418,-4.103148937225342,4.689558982849121,-3.450687885284424,5.000932693481445,-3.2559638023376465,2.502643823623657,2.712886333465576,7.762240886688232,0.4867071807384491,4.949941158294678,-2.3638195991516118,3.83348560333252,0.029885021969676,1.7296156883239746,0.4773407876491546,4.135202407836914,-2.5754075050354004,3.3489389419555664,-1.495219111442566,4.447068691253662,0.7920767068862915,3.1791999340057373,-0.9425048828125,1.262320876121521,-3.2741267681121826,2.492401123046875,-2.708819627761841,0.6168659329414368,-2.640820980072021,2.775022268295288
7,-156.82667541503906,127.6197280883789,-12.35098648071289,27.3643798828125,1.0884145498275757,18.290267944335938,-7.242905616760254,20.885822296142575,-5.175692558288574,12.701271057128906,-4.276755332946777,5.0602617263793945,-3.534653186798096,5.076635360717773,-3.5318832397460938,2.061944961547852,2.563720703125,8.269463539123535,0.4806328117847442,5.113722324371338,-2.166813373565674,4.166685581207275,0.0581770874559879,1.8515092134475708,0.6662588119506836,4.066441535949707,-2.8911654949188232,3.719003200531006,-1.0383902788162231,4.721969604492188,0.972658395767212,3.154367446899414,-0.9642897844314576,1.3363147974014282,-3.7549896240234375,2.011439800262451,-3.313786268234253,0.4732811450958252,-3.0283203125,2.4669859409332275
7,-156.69004821777344,127.84008026123048,-11.869708061218262,27.6900577545166,1.6676487922668457,18.403451919555664,-7.479153633117676,21.093578338623047,-5.093348026275635,12.661527633666992,-4.087740898132324,5.061462879180908,-3.358799934387207,4.700925350189209,-3.93658447265625,1.813698649406433,2.4956750869750977,8.424445152282715,1.0629276037216189,5.414179801940918,-2.1513733863830566,3.920685052871704,-0.1983124911785125,1.849140167236328,0.9844613671302797,3.64938235282898,-3.36101508140564,3.747305393218994,-1.3534269332885742,4.456249237060547,0.9495399594306946,3.480069398880005,-0.2010075747966766,1.3820606470108032,-3.867100715637207,1.5591187477111816,-3.5521481037139893,0.6572437882423401,-2.786745548248291,2.6390786170959477
7,-156.17117309570312,128.71726989746094,-11.57039737701416,27.920164108276367,1.8669723272323608,18.39972686767578,-7.688472270965576,20.6444091796875,-5.242717266082764,12.930299758911133,-4.406267166137695,4.562587261199951,-3.651189804077149,4.310034275054932,-4.278132438659668,2.6815662384033203,2.626147747039795,8.452751159667969,0.6973708868026733,5.284739017486572,-2.38047456741333,3.5806243419647217,-0.1685845106840133,2.2249135971069336,0.9216315746307372,3.3957135677337646,-3.491969585418701,3.7074129581451416,-1.400171160697937,3.998382091522217,0.3772810101509094,3.367555856704712,-0.7362580299377441,1.073249578475952,-3.8634111881256095,1.863516926765442,-2.9086544513702397,1.1007007360458374,-3.0343055725097656,2.4280500411987305
7,-156.8740997314453,128.2378692626953,-11.754536628723145,28.1112117767334,1.2922543287277222,17.56853485107422,-7.607338428497314,20.35746192932129,-5.557714462280273,12.70343017578125,-4.872720718383789,4.251201629638672,-4.175190448760986,3.890031576156616,-4.785109996795654,2.671205282211304,2.691709041595459,8.324851036071777,0.0958043336868286,4.997868537902832,-2.74618935585022,3.262921094894409,0.1148290038108825,2.366509437561035,0.6601244211196899,3.510787010192871,-3.5577313899993896,3.5439279079437256,-1.6099532842636108,3.6919991970062256,0.3685545027256012,2.8163270950317383,-1.2595860958099363,1.036022067070007,-3.4619903564453125,2.6670162677764893,-2.149549961090088,1.4806783199310305,-3.071886777877808,2.1790242195129395
7,-156.73570251464844,128.12203979492188,-11.718026161193848,28.25570678710937,1.369183897972107,18.021753311157227,-7.853985786437988,20.37475204467773,-4.984301090240479,12.842411041259766,-4.022520065307617,5.251063823699951,-3.2147812843322754,4.440118312835693,-4.495177268981934,2.3759660720825195,2.666012525558472,8.044513702392578,0.6801776885986328,5.156676769256592,-2.6395652294158936,3.1085050106048584,-0.350093811750412,2.084651470184326,0.6625195741653442,3.786604881286621,-3.1328704357147217,3.2518389225006104,-2.0724799633026123,3.821107625961304,0.9516314268112184,3.0083677768707275,-1.0098315477371216,1.08333420753479,-2.982797145843506,2.50870680809021,-2.3094284534454346,1.087165594100952,-2.5791661739349365,2.335790634155273
7,-247.6733856201172,138.62098693847656,-5.970592975616455,24.4407901763916,5.695544242858887,14.89312744140625,-4.567151546478272,18.854427337646484,-2.007689952850342,11.351659774780272,-0.500130295753479,4.440919876098633,-2.892699241638184,3.708869457244873,-1.961686849594116,0.8685739040374756,4.508780956268311,7.866912841796875,3.2391276359558105,2.7196285724639893,-0.576817512512207,2.978756666183472,1.1706337928771973,1.0352858304977417,0.5197213292121887,3.0003671646118164,-2.396540880203247,2.6456730365753174,-1.0885262489318848,3.9062633514404297,1.182422399520874,2.976204395294189,0.3088204264640808,0.2358560264110565,-1.326493501663208,2.1017439365386963,-1.3166635036468506,0.1722955256700515,-0.7133227586746216,1.9676450490951536
7,-413.0936279296875,138.1060333251953,10.81060791015625,21.44606590270996,8.967525482177734,8.8085298538208,1.8263962268829343,19.021196365356445,0.4803804755210876,5.857103824615479,0.3648687303066253,4.032389163970947,-5.331410884857178,3.262784481048584,0.8847413659095764,-1.5685803890228271,2.5576674938201904,6.047909259796143,3.969177007675171,-1.1581053733825684,0.1925653666257858,2.3679420948028564,2.455326557159424,0.85661780834198,-1.1147141456604004,2.713529348373413,-1.525058627128601,3.690253257751465,0.4528080523014068,4.165506839752197,0.1837916672229766,3.463263273239136,0.2819302976131439,-2.1196489334106445,0.9055519700050354,2.6294362545013428,-0.2369702756404876,0.2375548928976059,2.407577514648437,2.909881353378296
7,-155.38760375976562,127.0754165649414,-10.83153247833252,27.4658145904541,2.699467182159424,17.304574966430664,-7.421175956726074,20.098878860473636,-3.161144733428955,13.001583099365234,-3.8701229095458975,3.127309560775757,-3.042309045791626,3.629865884780884,-3.456640243530273,2.111196994781494,3.4958982467651367,7.595930099487305,1.2151671648025513,4.5701003074646,-1.355991244316101,3.202690362930298,0.9071888327598572,1.373098373413086,1.4707354307174685,3.1243624687194824,-2.276418447494507,2.4836513996124268,-1.1284617185592651,3.414154291152954,1.2978744506835938,3.1514296531677246,0.5700322389602661,0.5520732402801514,-3.121270179748535,1.7516497373580933,-1.8466053009033203,-0.0594426430761814,-2.109287738800049,2.135759830474853
7,-155.44056701660156,127.03899383544922,-11.0006103515625,27.76210594177246,2.418546676635742,16.96230125427246,-7.305983066558838,19.898218154907227,-3.863001108169556,12.893715858459473,-3.307044267654419,3.7873401641845694,-2.5783064365386963,3.531925201416016,-3.6916818618774414,1.7927680015563965,3.220705270767212,7.737866401672363,1.7344764471054075,4.940863609313965,-1.097582459449768,3.2101917266845703,1.0981615781784058,1.5577445030212402,1.7975119352340698,3.3525609970092773,-2.216813564300537,2.541912078857422,-1.141067385673523,3.48648452758789,1.075424075126648,3.008765697479248,0.3746007680892944,0.7711077332496643,-2.925494432449341,1.693287372589111,-1.4702236652374268,0.8360469341278076,-1.6278854608535769,1.8821643590927124
7,-155.66763305664062,127.9719696044922,-12.190279960632324,27.701662063598636,1.08464777469635,17.988210678100586,-8.098125457763672,20.10737609863281,-5.307684898376465,13.614590644836426,-3.5808119773864746,5.213553428649902,-3.3121111392974854,4.303666114807129,-4.084016799926758,2.472867727279663,2.1214630603790283,7.817378520965576,1.2283241748809814,5.556493759155273,-2.1581268310546875,3.8874857425689697,0.3356781005859375,2.545224189758301,1.1358298063278198,3.4615583419799805,-3.4237492084503174,3.096717357635498,-1.8922971487045288,4.024443626403809,0.4349310100078583,3.0753908157348637,-0.9913809895515442,1.1504820585250854,-4.056447505950928,1.995413064956665,-2.4107887744903564,1.5275764465332031,-2.697622537612915,2.213486909866333
7,-155.08795166015625,128.09022521972656,-12.2776460647583,27.5195255279541,1.3034476041793823,18.046720504760746,-7.341317176818848,20.35489654541016,-5.098161697387695,13.40234661102295,-3.435077667236328,5.205544471740723,-3.1105082035064697,4.528919219970703,-3.7834584712982178,2.688118934631348,2.594632387161255,8.171866416931152,1.4571189880371094,5.608663558959961,-2.125993490219116,3.794888019561768,0.3484831154346466,2.4880099296569824,1.1981650590896606,3.4890358448028564,-3.3452811241149902,3.3217759132385254,-1.8638890981674197,3.989185571670532,0.7712535262107849,3.002981185913086,-0.7584666013717651,0.8130078911781311,-4.037124156951904,1.714391827583313,-2.674375057220459,1.1281781196594238,-2.7901852130889893,2.205436944961548
7,-155.80938720703125,127.66573333740234,-12.053671836853027,27.777755737304688,1.786990523338318,17.92996597290039,-7.316279411315918,20.182514190673828,-5.344344615936279,12.345837593078612,-4.36320161819458,4.640727519989014,-3.301435708999634,4.184674739837647,-3.718174934387207,2.816545248031616,3.2642412185668945,8.519983291625977,1.406456470489502,5.837705612182617,-1.4583706855773926,3.5447263717651367,0.3899993002414703,2.424560785293579,1.2782368659973145,3.6223981380462646,-3.0167362689971924,3.5239171981811523,-1.2601542472839355,4.701288223266602,1.3312716484069824,3.4601500034332275,-0.0954656228423118,0.9458802342414856,-3.434704065322876,1.8263574838638303,-2.337254047393799,1.2757046222686768,-2.246762275695801,2.35530686378479
7,-155.87806701660156,127.59922790527344,-11.289257049560549,27.94463157653809,2.012789249420166,18.112808227539062,-7.847522258758545,20.1280460357666,-4.928446769714356,12.432669639587402,-4.514935493469238,4.6248931884765625,-3.399965763092041,4.009227752685547,-3.869969606399536,2.8743133544921875,3.4460601806640625,8.059457778930664,0.9594109058380128,5.58247709274292,-1.9296236038208008,3.6009232997894287,0.3708219230175018,2.270743131637573,1.1918188333511353,3.507452249526977,-2.8687000274658203,3.2643520832061768,-1.3755261898040771,4.739534378051758,1.0967283248901367,3.759531259536743,0.2412399053573608,1.1388710737228394,-3.622314691543579,1.7608678340911863,-2.332550287246704,1.0981991291046145,-1.899916768074036,3.02601957321167
7,-155.96517944335938,128.02406311035156,-11.212952613830566,27.94112205505371,2.2637569904327397,18.57208251953125,-7.490005970001221,21.138620376586918,-4.281424522399902,12.66921329498291,-4.463079929351807,4.9781107902526855,-3.157536268234253,4.5119147300720215,-4.013551235198975,2.6837642192840576,3.079700231552124,7.803981781005859,0.8724804520606995,5.754495143890381,-2.2953784465789795,3.950959444046021,0.106356032192707,1.96284019947052,0.8993807435035706,3.767333269119263,-2.8373847007751465,3.514057874679565,-1.9020202159881592,4.165077686309815,0.5939325094223022,3.6820363998413086,-0.2643824815750122,1.3113828897476196,-3.4949309825897217,2.0284292697906494,-2.457369089126587,1.0790677070617676,-2.249002695083618,3.1560842990875244
7,-156.21409606933594,128.4339141845703,-11.541994094848633,27.444093704223636,1.6566143035888672,18.59971237182617,-7.341135501861572,21.283262252807617,-3.810725450515747,13.262621879577637,-4.4552531242370605,4.593365669250488,-3.2226979732513428,5.05228853225708,-3.5690460205078125,2.427853584289551,2.7501332759857178,7.828134059906006,1.006101369857788,5.425259113311768,-2.151566505432129,4.109402179718018,0.2472023069858551,1.865209698677063,0.7326110005378723,4.125514030456543,-2.886507034301758,3.2701733112335205,-2.098127603530884,3.931918621063232,0.5614136457443237,3.478595972061157,-0.5308319330215454,1.5733731985092163,-3.09865403175354,2.4452836513519287,-2.600166082382202,1.0708000659942627,-2.402163028717041,2.848264455795288
10,-114.2876434326172,122.76824188232422,-12.673808097839355,22.3804874420166,5.668231964111328,18.45125770568848,-9.176560401916504,19.09406280517578,2.3491132259368896,7.413447856903076,-9.860827445983888,-3.241680860519409,-4.833914756774902,2.932948112487793,-4.977663040161133,-0.618438184261322,7.301041126251221,13.952230453491213,2.190056324005127,7.417692184448242,-3.832743883132935,3.0234487056732178,2.424229860305786,2.798943042755127,3.204465627670288,6.802325248718262,-2.306269884109497,1.426889181137085,-6.288671493530273,2.224815845489502,-1.5568748712539673,2.847243547439575,1.0212393999099731,2.2823972702026367,-4.543564796447754,1.4899191856384275,-0.8219518065452576,2.629798889160156,-5.521073818206787,0.7270625829696655
10,-114.72479248046876,123.01766967773438,-13.567588806152344,21.494518280029297,5.620059490203857,17.899015426635742,-8.9727144241333,19.762914657592773,2.0072052478790283,5.865274429321289,-10.407830238342283,-1.2193540334701538,-4.193850994110107,1.788589596748352,-4.009188652038574,-0.4353123009204864,6.62062931060791,12.554208755493164,3.9583725929260254,8.685792922973633,-4.894909381866455,2.721902370452881,3.045905828475952,3.146388530731201,2.8178985118865967,6.036394119262695,-2.8785722255706787,1.6329920291900637,-5.326765060424805,2.4494354724884038,-0.26238813996315,2.6822400093078613,-0.808172345161438,1.904689192771912,-3.803932428359986,2.0129647254943848,-0.8132890462875366,2.1036949157714844,-5.789697170257568,1.150549054145813
10,-114.43551635742188,122.72940826416016,-12.243237495422363,20.96010971069336,5.3909525871276855,18.191524505615234,-8.630879402160645,18.735034942626957,2.0670416355133057,7.715129375457764,-9.768420219421388,-1.9227139949798584,-4.3502702713012695,3.326421022415161,-5.1142354011535645,-1.4120678901672363,7.1112060546875,13.898604393005373,4.4046502113342285,7.597877979278564,-4.4131340980529785,3.68889045715332,2.445112466812134,4.356435298919678,4.05008602142334,5.412276268005371,-2.22273850440979,2.020437717437744,-5.889904022216797,2.2509117126464844,-0.1582558006048202,3.0839109420776367,-1.1612011194229126,1.738654851913452,-2.7554097175598145,2.4099442958831787,-0.9671639800071716,1.2471463680267334,-5.654777050018311,2.470043182373047
10,-114.55638885498048,122.75999450683594,-12.81702709197998,21.01108169555664,4.947879791259766,18.191240310668945,-9.197280883789062,18.1881046295166,1.545150876045227,8.311052322387695,-9.118444442749023,-2.3388707637786865,-4.709802150726318,3.2037036418914795,-4.937710285186768,-1.7994942665100098,7.341877460479736,13.940126419067385,3.6109907627105713,7.304015636444092,-4.582728385925293,4.152602672576904,2.191373348236084,4.200655937194824,3.6685211658477774,4.611966609954834,-2.991630792617798,1.6891416311264038,-5.584660530090332,2.366236686706543,-0.5592235326766968,2.882388114929199,-1.350146770477295,1.9868940114974976,-2.6993350982666016,2.2223892211914062,-1.028446078300476,1.182784914970398,-5.388849258422852,2.4126908779144287
10,-114.3834228515625,122.88182067871094,-12.94468593597412,21.01312065124512,4.5197434425354,18.91475486755371,-8.92225456237793,18.47839736938477,1.411655068397522,8.561768531799316,-8.880537986755371,-2.503366470336914,-4.61287784576416,3.988372325897217,-4.958993434906006,-1.8636964559555051,7.174295902252197,13.577210426330566,2.9500646591186523,7.120931625366211,-4.229836463928223,4.438037872314453,1.8023107051849363,4.367897987365723,3.5897231101989746,4.188897132873535,-3.5414392948150635,1.5321471691131592,-5.218935012817383,2.6938636302948,-1.1677653789520264,2.3207929134368896,-1.660727620124817,1.9379067420959477,-2.6815826892852783,1.7275097370147705,-1.172111749649048,1.354844331741333,-5.0457611083984375,2.5574584007263184
10,-114.24227905273438,121.95068359375,-13.79312229156494,21.191219329833984,4.299383163452148,19.22273063659668,-8.709013938903809,18.271623611450195,1.4086207151412964,9.215200424194336,-9.026941299438477,-2.868368148803711,-4.300572395324707,4.67674732208252,-5.143445491790772,-1.4828187227249146,7.186845302581787,13.325557708740234,2.556923151016236,7.241797924041748,-4.242322444915772,4.202523231506348,1.9313530921936035,4.960972309112549,3.829239845275879,3.864691019058228,-3.5568389892578125,1.8306043148040767,-4.953841686248779,3.2519142627716064,-0.9679892063140868,2.202415943145752,-1.8219865560531616,1.4195367097854614,-2.3569135665893555,2.0205612182617188,-0.886240541934967,1.39108145236969,-4.652482509613037,2.8856115341186523
10,-131.39320373535156,124.247314453125,-7.928648948669434,23.9559268951416,2.878815174102783,18.95553207397461,-6.605967044830322,18.215551376342773,-1.5816893577575684,12.115111351013184,-5.256231784820557,1.4903744459152222,-5.457379341125488,4.88478422164917,-4.684341907501221,1.0346285104751587,4.296774864196777,10.005196571350098,2.492942571640014,7.007112503051758,-1.5733977556228638,3.553963661193848,0.8406506180763245,2.947370767593384,3.3356645107269287,5.360448360443115,-2.465756416320801,2.8579158782958984,-4.030672073364258,1.5893630981445312,-0.5482116937637329,3.348301887512207,1.007326364517212,1.5965845584869385,-3.439760446548462,3.301093578338623,-1.2305066585540771,1.1931235790252686,-2.454472064971924,1.590871810913086
10,-114.24705505371094,121.27772521972656,-14.160892486572266,21.470415115356445,3.9107511043548575,19.4102783203125,-9.138345718383787,17.815059661865234,1.3771226406097412,9.119953155517578,-8.878294944763184,-2.979843854904175,-4.846423625946045,5.002172470092773,-4.928491115570068,-1.0101293325424194,7.17838191986084,13.6373872756958,2.225454568862915,7.108963489532471,-4.754862308502197,4.009818077087402,2.147744655609131,5.163732051849365,3.9554738998413086,3.774507522583008,-3.7224135398864746,1.9812209606170652,-5.30700159072876,3.765531063079834,-0.4463533759117126,2.208812475204468,-2.155353784561157,0.5224569439888,-2.952561378479004,2.423085927963257,-0.6229262351989746,1.348932862281799,-4.837300777435303,3.004235029220581
10,-119.79732513427734,119.90445709228516,-10.38774299621582,22.998348236083984,3.648337364196777,18.997846603393555,-7.464560031890869,17.684406280517578,-0.7276219725608826,8.574461936950684,-5.04980993270874,-0.0344937704503536,-4.432188034057617,4.669862747192383,-4.409173488616943,0.7694970369338989,5.069199562072754,11.611571311950684,1.29474675655365,8.066874504089355,-3.052870512008667,4.334455490112305,0.6812713146209717,4.1639018058776855,1.8911386728286743,3.181160926818848,-2.5424346923828125,2.8391900062561035,-4.277003765106201,4.446680545806885,0.2920812666416168,2.9256906509399414,-1.6586660146713257,0.9061965346336364,-2.279617547988892,1.813679575920105,-0.91981303691864,1.3193713426589966,-4.22213888168335,2.6078500747680664
10,-140.3542938232422,124.71858978271484,-9.446595191955566,25.046693801879883,2.3398914337158203,18.042875289916992,-6.088989734649658,20.380834579467773,-4.532547473907471,11.905098915100098,-4.369120597839356,5.011495113372803,-3.700682163238525,4.791781425476074,-4.702254772186279,2.413470506668091,1.8651460409164429,9.06445598602295,0.5047338604927063,6.516523838043213,-2.015848398208618,3.457761287689209,-1.7391974925994873,2.154847860336304,1.2766132354736328,5.133951663970947,-3.137310028076172,2.6931488513946533,-2.746835947036743,3.659955739974976,0.9461461901664734,3.792613029479981,-0.1945210546255111,0.5566902160644531,-4.108994960784912,1.3908690214157104,-1.6986440420150757,1.4009889364242554,-2.950448751449585,1.8188834190368648
10,-141.2333984375,125.2610855102539,-10.129497528076172,26.120664596557617,1.658286213874817,18.23734474182129,-5.919254302978516,21.346271514892575,-5.08795690536499,11.822664260864258,-4.099064826965332,5.694097518920898,-3.2679929733276367,4.60089635848999,-4.898541450500488,1.3344993591308594,1.803143858909607,8.87775993347168,0.7730290293693542,6.707254409790039,-1.6136610507965088,3.599916934967041,-1.1284500360488892,2.3952531814575195,1.6459016799926758,5.099308013916016,-2.6779396533966064,3.509024381637573,-2.6293046474456787,3.3803422451019287,0.549359917640686,3.933830738067627,-0.4252105951309204,1.3110750913619995,-3.7909016609191895,1.798890233039856,-1.9638643264770508,1.6781556606292725,-2.600590467453003,1.803577780723572
10,-125.88493347167967,125.25660705566406,-9.01525592803955,22.681123733520508,2.263934373855591,18.200408935546875,-6.48745584487915,18.069089889526367,0.3087317943572998,10.496095657348633,-6.600194931030273,-0.8530921936035156,-5.410289764404297,4.568185806274414,-4.885503768920898,0.2306160926818847,5.304677486419678,11.76078987121582,2.996840715408325,7.168028831481934,-0.9749319553375244,2.8139536380767822,0.6154778599739075,2.170560121536255,3.768664121627808,6.031439304351807,-2.5949764251708984,2.737732172012329,-4.380048751831055,0.9057692885398864,-0.955394685268402,2.265193223953247,1.9291512966156008,2.4684579372406006,-2.8702542781829834,2.979848623275757,-1.5296616554260254,1.364637851715088,-2.9987356662750244,1.7872092723846436
10,-142.7716522216797,125.2172622680664,-10.479761123657228,26.77462577819824,1.2150791883468628,19.08002281188965,-6.281008720397949,21.100690841674805,-5.242806434631348,12.095561981201172,-4.040618419647217,4.970414161682129,-3.7442820072174072,4.485158443450928,-4.951449394226074,2.0556020736694336,2.7147538661956787,8.906229972839355,0.473528116941452,5.768889427185059,-2.686009645462036,3.170715570449829,-1.4349781274795532,2.199629306793213,1.0045628547668457,5.01779317855835,-3.0490715503692627,3.5303101539611816,-2.183894157409668,3.4433114528656006,0.3906119465827942,3.5708470344543457,-0.4414868652820587,1.5943374633789062,-4.436674118041992,1.5542080402374268,-1.878164291381836,1.8597831726074217,-2.736202478408813,2.0388150215148926
10,-142.58279418945312,125.25178527832033,-10.334257125854492,26.777677536010746,0.9708356261253356,18.69803047180176,-6.347376823425293,20.687089920043945,-5.445484161376953,12.2892484664917,-3.879554748535156,5.564641952514648,-3.658037424087525,4.479531764984131,-4.590712547302246,2.00339937210083,1.8680765628814695,8.265105247497559,0.9562596678733826,6.291850566864014,-1.941941499710083,2.9138307571411133,-0.5673540234565735,2.578993320465088,1.744011163711548,5.253667831420898,-2.7031729221343994,3.54298996925354,-2.861290216445923,3.3571367263793945,0.3101077079772949,3.5469534397125244,-0.6296955347061157,1.5676406621932983,-4.340287685394287,1.4441550970077517,-2.041258811950684,2.0501012802124023,-2.7641258239746094,2.1340339183807373
10,-142.56394958496094,125.07718658447266,-10.216514587402344,27.02922821044922,1.3399603366851809,18.702974319458008,-6.79303789138794,20.499488830566406,-5.225411415100098,12.160577774047852,-3.948158264160156,5.572355270385742,-2.568972110748291,4.670657634735107,-4.946014881134033,2.1684815883636475,3.0946478843688965,9.24207878112793,0.7128499150276184,5.941216945648193,-2.1308953762054443,3.4040307998657227,-0.5601736307144165,2.4950997829437256,1.0179635286331177,4.670463562011719,-2.8836286067962646,3.261469602584839,-2.683159351348877,3.473034143447876,0.7653852105140686,4.172214508056641,-0.0067642740905284,1.9200083017349243,-3.858096122741699,2.299459218978882,-1.500594139099121,1.877176642417908,-2.4108240604400635,2.549957513809204
10,-142.66261291503906,125.10962677001952,-10.58681297302246,26.455078125,0.6669837832450867,18.129749298095703,-6.964323043823242,20.985706329345703,-5.446602821350098,12.258763313293455,-3.936875104904175,5.349062919616699,-2.538657188415528,4.836067199707031,-4.490614891052246,2.329890489578247,2.833949565887451,9.371097564697266,0.9560363292694092,6.296660423278809,-2.2218241691589355,3.4791245460510254,-0.6846480965614319,2.410025358200073,1.0006694793701172,5.193103313446045,-2.960233211517334,3.0625457763671875,-3.0424394607543945,3.093730926513672,0.3095474243164062,4.045301914215088,0.2253146320581436,1.3528852462768557,-3.645548105239868,2.4938337802886963,-2.243084192276001,1.531220316886902,-2.275020837783813,2.6237058639526367
10,-143.447021484375,125.5706024169922,-10.69667148590088,26.14822769165039,0.7229431867599487,18.698575973510746,-6.089022636413574,21.38894844055176,-5.219609260559082,12.660717964172363,-3.9784996509552,4.919954299926758,-2.725027322769165,5.284944534301758,-4.030845642089844,1.8941320180892944,2.300873279571533,8.639126777648926,0.8810880184173584,5.617945671081543,-2.737313270568848,2.9892895221710205,-0.9606664776802064,2.422990322113037,1.032336950302124,4.526072978973389,-3.256917715072632,3.1802499294281006,-2.675424098968506,3.5378243923187256,0.5486837029457092,3.507211923599243,-0.4140678346157074,1.477806806564331,-3.458567380905152,2.0354018211364746,-2.2092175483703613,1.463969111442566,-2.6886630058288574,2.242806434631348
10,-143.24034118652344,125.73893737792967,-11.163333892822266,26.1129207611084,0.5435887575149536,18.26877212524414,-6.550381660461426,20.659860610961918,-5.592008590698242,12.235577583312988,-4.089436531066895,5.179768562316895,-3.0719516277313232,4.759808540344238,-4.431166648864746,1.9265738725662231,1.8367016315460205,8.778425216674805,0.7907333970069885,5.8331074714660645,-2.370603084564209,2.598029613494873,-1.6736795902252195,1.643699288368225,0.5368742942810059,4.2878737449646,-3.269259214401245,3.138934373855591,-2.5462310314178467,3.612579584121704,0.3773760199546814,3.3464605808258057,-0.8907698392868042,1.2130284309387207,-3.9749255180358887,2.3951492309570312,-1.747385025024414,1.89612340927124,-3.02590560913086,1.817058801651001
10,-121.99298095703124,124.7746124267578,-10.763375282287598,22.235002517700195,1.9837473630905151,18.428794860839844,-6.820218086242676,18.58602333068848,0.6864535212516785,9.366714477539062,-7.572171211242676,-3.0742409229278564,-4.887611389160156,5.54920768737793,-5.243183612823486,-1.173195719718933,4.612270832061768,13.653203010559082,2.565653085708618,7.521319389343262,-0.920954167842865,2.3579227924346924,0.9014741778373718,1.216396450996399,2.717895746231079,6.813971996307373,-2.267839193344116,3.050498008728028,-5.758695125579834,0.6627048850059509,-1.5293598175048828,1.5557897090911863,2.64457106590271,3.0035901069641118,-2.639888286590576,2.266767740249634,-2.277533769607544,1.670952081680298,-4.425447463989258,2.0432727336883545
10,-142.96739196777344,126.28787994384766,-10.082420349121094,27.148792266845703,1.065637230873108,17.861366271972656,-6.514822006225586,21.147686004638672,-5.141962051391602,12.389837265014648,-4.022357940673828,5.534333229064941,-3.8924155235290527,3.909078359603882,-4.8389410972595215,2.0523834228515625,2.5643415451049805,8.619305610656738,0.4596961438655853,5.881786346435547,-1.8564132452011108,3.642838478088379,-0.7578918933868408,2.3892126083374023,1.2273164987564087,5.273215770721436,-2.6783626079559326,3.3171958923339844,-2.713341236114502,2.999764442443848,0.4097995162010193,4.305501937866211,-0.4116992056369781,1.95697033405304,-3.54594349861145,2.008777141571045,-2.2174956798553467,1.3838027715682983,-2.7901759147644043,2.431788444519043
10,-142.81044006347656,126.6156997680664,-10.24229907989502,27.562990188598636,1.550216794013977,17.989347457885742,-6.243825912475586,21.263826370239254,-5.006184101104736,12.1600980758667,-4.350416660308838,4.844908714294434,-4.390317440032959,4.024062633514404,-4.522738456726074,2.012322425842285,2.7919702529907227,8.566353797912598,0.2106295078992843,5.210998058319092,-2.0416901111602783,3.915257453918457,-0.6652919054031372,2.219100952148437,0.8861455917358398,5.0288496017456055,-2.807095050811768,3.1888620853424072,-2.541634559631348,3.4499356746673584,0.5499405860900879,3.868614912033081,-0.374867171049118,1.8596320152282717,-3.622699737548828,1.896865010261536,-2.5612072944641118,1.1888020038604736,-2.688926696777344,2.3424556255340576
10,-143.19000244140625,126.40196990966795,-10.204949378967283,27.90487289428711,1.567448973655701,18.098125457763672,-6.499398708343506,21.2983512878418,-4.833399295806885,12.66701316833496,-4.061461925506592,5.00270414352417,-4.165287494659424,4.062855243682861,-4.206523895263672,2.8096916675567627,2.935398578643799,8.677099227905273,0.6163310408592224,5.384990215301514,-2.148465394973755,3.290492057800293,-1.0995519161224363,1.835060834884644,0.8135834336280823,5.025749683380127,-3.258549213409424,3.346499443054199,-2.282139301300049,4.266098976135254,0.466269701719284,3.533973932266236,-0.684735119342804,1.33195960521698,-3.5604798793792725,2.1625070571899414,-2.508977174758911,1.3296949863433838,-2.369825839996338,2.552510976791382
10,-143.29861450195312,125.6852569580078,-10.337034225463867,27.221921920776367,0.9349304437637328,17.852249145507812,-6.803462028503418,21.25132369995117,-4.876104831695557,12.660627365112305,-3.6754539012908936,5.500445365905762,-3.854628324508667,4.1949076652526855,-4.389547348022461,2.698110342025757,3.00215482711792,8.807517051696777,0.7921277284622192,5.302806377410889,-2.4012410640716557,3.078636646270752,-0.927958607673645,2.200188636779785,1.022137999534607,4.8196539878845215,-3.3245954513549805,3.139953374862671,-2.0739221572875977,4.161251544952393,0.3328121900558471,3.047734022140503,-1.03504741191864,1.6942131519317627,-3.416428327560425,2.3261375427246094,-2.302803039550781,1.1482932567596436,-2.85408091545105,2.281099796295166
10,-118.70755004882812,123.24720001220705,-11.954575538635254,22.23710060119629,5.356805324554443,18.93780899047852,-7.459592819213867,17.627735137939453,0.1494424641132354,8.331039428710938,-8.368057250976562,-2.6878442764282227,-4.032270908355713,5.434135437011719,-4.010861396789551,-2.074178457260132,3.7504146099090576,12.47573947906494,1.7363497018814087,8.655799865722656,-1.9057384729385376,4.040902137756348,2.034852743148804,2.6469202041625977,1.6457607746124268,5.34022331237793,-2.2872135639190674,2.872664213180542,-4.471075534820557,2.207627058029175,-1.2787717580795288,2.469611883163452,1.7724831104278564,2.7841637134552,-3.591480016708374,0.8449119329452515,-1.3801418542861938,3.029037952423096,-4.261754512786865,1.95670485496521
10,-114.78836059570312,123.50418090820312,-12.449379920959473,23.063180923461918,5.049413204193115,18.5908145904541,-8.141849517822266,18.162302017211918,1.8307623863220213,7.971435546875,-8.772661209106445,-2.1891679763793945,-4.931699275970459,4.163883209228516,-4.290061473846436,-2.4692153930664062,4.558221817016602,13.025054931640623,2.217269897460937,8.664323806762695,-3.271825075149536,3.226630687713623,2.3643527030944824,2.256828784942627,1.5469003915786743,6.469986915588379,-1.7173585891723633,2.3200104236602783,-5.104227066040039,3.034346103668213,-1.4142473936080933,1.498314619064331,2.3365535736083984,4.304466724395752,-3.2310328483581543,0.2521511912345886,-1.4824501276016235,2.798501491546631,-4.9088053703308105,1.1260597705841064
10,-179.57464599609375,116.77332305908205,-5.787704944610596,26.847414016723636,7.377909183502197,22.618003845214844,-8.266039848327637,15.348782539367676,-4.677212715148926,8.499922752380371,-9.036169052124023,-3.8543434143066406,-11.675837516784668,2.646876096725464,-8.370622634887695,-1.0759470462799072,3.731521606445313,11.673686027526855,1.9292032718658447,5.873302459716797,-1.0857559442520142,2.563575267791748,-0.3398587107658386,1.7117198705673218,3.5589256286621094,4.6565260887146,-4.503199100494385,3.97900390625,-4.14339542388916,2.413856029510498,-0.9983373880386353,1.5515244007110596,-0.5328055620193481,5.081310272216797,-3.883222103118897,3.0961201190948486,-2.23433256149292,1.9408700466156008,-1.223031759262085,0.9459089040756226
10,-137.26625061035156,124.72572326660156,-7.372672080993652,24.59462547302246,3.752924680709839,19.69827461242676,-6.845538139343262,18.640344619750977,-3.481889247894287,12.186670303344728,-5.354597091674805,2.0159800052642822,-5.69113302230835,4.589712619781494,-5.262888431549072,0.1313086897134781,3.154597043991089,9.268346786499023,1.7277284860610962,6.918403625488281,-1.756850004196167,3.375150203704834,0.8079800605773926,2.8912370204925537,2.465462684631348,4.680263519287109,-2.9242186546325684,2.5711841583251958,-3.867845058441162,2.268918752670288,-0.3752174973487854,3.1904335021972656,0.1036462038755416,1.5907578468322754,-3.353834867477417,3.435835361480713,-1.0363134145736694,2.023732900619507,-1.6620604991912842,1.749390721321106
10,-129.58279418945312,125.08132934570312,-7.477035045623779,23.99933433532715,2.8701603412628174,18.921823501586918,-6.554923057556152,17.717878341674805,-1.1986005306243896,11.46011447906494,-5.84019947052002,0.7434730529785156,-5.820618629455566,4.503292083740234,-5.175779342651367,0.3098725080490112,4.33954668045044,10.236054420471191,2.382041931152344,6.563775539398193,-2.079583168029785,3.219722986221313,0.5589249730110168,2.887545108795166,3.616546154022217,5.5133795738220215,-2.5092546939849854,2.8741660118103027,-3.776498079299927,1.828861951828003,-0.3101588487625122,3.4201042652130127,1.5390503406524658,2.2036495208740234,-2.8918817043304443,3.4531137943267822,-0.853631317615509,1.63053297996521,-2.0023000240325928,1.8539175987243648
10,-124.81873321533205,125.71453094482422,-9.170456886291504,22.99991798400879,2.1810853481292725,17.99944305419922,-6.699569225311279,18.04795455932617,0.157114639878273,10.091551780700684,-7.211887359619141,-1.6558866500854492,-5.66631555557251,4.714017391204834,-5.273212909698486,-0.2716100513935089,4.973453044891357,12.034662246704102,2.681002378463745,6.758841514587402,-1.1610170602798462,2.5784826278686523,0.6196448802947998,1.840285062789917,3.330625295639038,6.143975257873535,-2.7717857360839844,2.706284046173096,-4.737745761871338,0.996607780456543,-0.8793846368789673,2.480540037155152,2.355099439620972,2.946565628051758,-2.4838099479675293,3.154348373413086,-1.4799803495407104,1.8294248580932615,-2.910264253616333,2.1600589752197266
10,-120.95709991455078,125.17269134521484,-10.846004486083984,22.16654586791992,2.2102468013763428,18.520456314086918,-6.936676025390625,18.704620361328125,0.4370284676551819,9.04640293121338,-7.800101280212402,-3.622763156890869,-4.902088165283203,5.555855751037598,-5.476216793060303,-1.498608946800232,4.213777542114258,13.562012672424316,2.1720950603485107,7.476644515991211,-0.8393533229827881,2.26662015914917,0.9939308166503906,1.1573162078857422,2.291707754135132,6.515273571014404,-2.2349140644073486,3.431328058242798,-5.544964790344238,0.9432916641235352,-1.3252556324005127,1.9407507181167605,2.910284280776977,3.168365955352783,-2.4196314811706543,2.5446040630340576,-1.7917617559432983,2.27260160446167,-4.228468894958496,2.40299916267395
10,-119.6368637084961,123.86104583740234,-11.290249824523926,22.367107391357425,4.5047383308410645,18.83745574951172,-7.322540760040283,17.898462295532227,-0.1661216467618942,8.251237869262695,-8.114733695983887,-3.693466901779175,-4.14670467376709,5.505869388580322,-4.91626501083374,-2.3285396099090576,3.346350908279419,12.776446342468262,1.2300671339035034,7.732650279998779,-1.1451807022094729,3.715864658355713,1.6727453470230105,1.80855655670166,1.784684181213379,5.851439952850342,-2.3106167316436768,3.3126227855682373,-4.4823808670043945,2.077486038208008,-0.6681022047996521,2.783662796020508,2.5306568145751958,2.718013048171997,-3.1180906295776367,1.800806999206543,-1.409783124923706,3.0467355251312256,-3.82925033569336,2.520992994308472
10,-117.77438354492188,123.7134017944336,-11.739171028137209,22.765607833862305,5.6514668464660645,18.887340545654297,-7.8611884117126465,17.226207733154297,-0.0814863890409469,7.711586475372314,-8.882192611694336,-2.8240387439727783,-4.536458492279053,4.695139408111572,-4.307430744171143,-2.3123908042907715,3.504462957382202,12.117340087890623,1.3273121118545532,8.14189624786377,-2.5107524394989014,3.7071568965911865,1.812434434890747,2.4054479598999023,1.4321783781051636,5.61721134185791,-1.9305768013000488,2.6914570331573486,-4.814785957336426,2.101526975631714,-1.3222380876541138,2.3294849395751958,1.9691938161849976,3.320168972015381,-3.1830813884735107,1.0524629354476929,-0.947303831577301,3.454079389572144,-3.990603446960449,2.270860195159912
7,-113.09327697753906,123.37889862060548,-12.87313747406006,23.035348892211918,4.917215347290039,18.874813079833984,-8.199063301086426,16.92821502685547,2.182979106903076,6.886126518249512,-9.822582244873049,-2.956497430801392,-5.03421688079834,4.930821418762207,-5.851283550262451,-4.585479259490967,6.792335033416748,14.999982833862305,2.7177677154541016,6.9309258460998535,-4.19661808013916,3.5713624954223637,2.6892993450164795,3.4861717224121094,3.3380444049835205,7.493326187133789,-2.4023420810699463,1.8446799516677856,-4.6827473640441895,2.917010545730591,-1.3353410959243774,1.6437149047851562,2.1663620471954346,4.51989221572876,-3.567997694015503,0.6660493016242981,-1.0845494270324707,2.479231357574463,-5.952021598815918,1.3820558786392212
7,-113.12274169921876,123.56687927246094,-12.366616249084473,22.89527702331543,5.045028209686279,18.83230209350586,-8.532044410705566,17.43058204650879,2.228503942489624,7.606973171234131,-10.401756286621094,-3.610489845275879,-4.513711929321289,4.339982986450195,-6.029064178466797,-3.3974063396453857,6.781398773193359,14.400634765625,2.409711599349976,6.81606388092041,-3.506179094314575,3.2415757179260254,2.0812199115753174,3.094282388687134,3.415151357650757,7.301976680755615,-2.3698840141296387,1.5856252908706665,-5.422163486480713,2.375507116317749,-1.6273884773254397,2.429562330245972,2.0835092067718506,3.48188853263855,-3.582676887512207,1.2927120923995972,-0.5155182480812073,2.7545833587646484,-5.834677219390869,1.0329630374908447
7,-113.95263671875,123.20225524902344,-12.383475303649902,22.51313018798828,5.775943756103516,18.38021850585937,-9.222718238830566,18.98135757446289,2.098602771759033,7.0091872215271,-10.133657455444336,-3.6870365142822266,-5.198960304260254,2.50693941116333,-5.210333347320557,-0.9591253995895386,6.916383743286133,13.545584678649902,1.8982893228530884,7.163534641265869,-3.999767780303955,2.800966024398804,2.2147247791290283,2.624192953109741,3.1346893310546875,6.756841659545898,-2.1842386722564697,1.5467298030853271,-6.181611061096191,2.3019466400146484,-1.4377070665359497,3.0802671909332275,1.303057312965393,2.459383726119995,-4.2923583984375,1.8565449714660645,-0.4188798666000366,3.067565679550171,-5.021579742431641,1.15798819065094
7,-114.4354248046875,123.2965850830078,-13.016109466552734,21.955291748046875,5.981119155883789,18.189401626586918,-9.133760452270508,19.785083770751957,1.8484525680541992,5.907870292663574,-10.101091384887695,-2.2978460788726807,-5.152113914489746,1.3048616647720337,-4.6592888832092285,-0.5058823823928833,6.37653398513794,12.543707847595217,3.0425751209259038,8.05974006652832,-4.94337272644043,2.8401503562927246,3.0289320945739746,3.1399757862091064,2.921110153198242,6.305561065673828,-2.871248245239258,1.39693284034729,-5.985095977783203,2.242027282714844,-0.5398884415626526,3.114036321640014,0.0857232362031936,2.10971999168396,-4.4008660316467285,1.9527761936187744,-0.5702834129333496,2.801123142242432,-4.9685821533203125,1.6655665636062622
7,-114.2851333618164,123.55938720703124,-13.325318336486816,21.640830993652344,5.624444484710693,17.90927505493164,-9.113901138305664,19.5135498046875,1.7674508094787598,5.661958694458008,-10.692405700683594,-1.5211559534072876,-4.479493618011475,1.5099517107009888,-4.392177104949951,-0.78134685754776,6.303378105163574,12.241284370422363,3.775298833847046,8.502300262451172,-5.035647392272949,2.566188335418701,2.9801666736602783,3.2447826862335205,2.793022632598877,5.974638938903809,-2.8673200607299805,1.7174382209777832,-5.173182964324951,2.651179075241089,0.0457007773220539,2.779799222946167,-0.6693181395530701,2.22306752204895,-3.424811124801636,2.326744556427002,-0.5190896987915039,2.323017120361328,-5.423320770263672,1.5723319053649902
9,-142.1115264892578,125.2773895263672,-10.18155002593994,26.51548957824707,1.1301064491271973,18.49315643310547,-5.799282550811768,21.472139358520508,-5.365229606628418,11.623555183410645,-4.357571601867676,5.1537394523620605,-3.642642974853516,4.288584232330322,-5.139544486999512,1.113647222518921,1.5047074556350708,8.19604206085205,0.3136257231235504,6.315197467803955,-2.421985149383545,2.7474365234375,-1.6985507011413574,1.8838074207305908,1.3871618509292605,5.058094024658203,-2.60601806640625,4.036446571350098,-2.164419174194336,3.674649000167847,0.6838537454605103,3.833311319351196,-0.179863154888153,1.6100767850875854,-3.848374128341675,2.014482021331787,-1.538626790046692,2.1854467391967773,-1.9839375019073489,2.4436306953430176
9,-142.39263916015625,125.65406036376952,-10.144253730773926,26.993471145629883,1.2593958377838137,19.1943473815918,-6.128416538238525,21.124753952026367,-5.517601013183594,11.79348373413086,-4.533625602722168,4.415816783905029,-4.170799732208252,4.145927429199219,-5.265062808990479,1.7803956270217896,2.4038448333740234,8.475021362304688,-0.0600713714957237,5.411684036254883,-2.9158051013946533,3.0555899143218994,-1.4571603536605835,2.055173397064209,0.7388876080513,4.790031909942627,-2.9352335929870605,3.6187148094177246,-2.007927894592285,3.70949387550354,0.5385295152664185,4.006006240844727,-0.0726906210184097,1.93658447265625,-4.165264129638672,1.9453753232955933,-1.57483971118927,2.294802188873291,-2.126713991165161,2.588228702545166
9,-141.5946502685547,126.13168334960938,-10.103930473327637,26.71120834350586,1.1472078561782837,18.917381286621094,-6.618524551391602,20.60146713256836,-5.390654563903809,11.784262657165527,-3.595644474029541,5.202511310577393,-3.740084171295166,4.004575729370117,-5.106329441070557,1.7588807344436646,2.65759015083313,8.6547212600708,0.412695437669754,5.153251647949219,-2.496143102645874,3.0053911209106445,-0.8242338299751282,2.6030285358428955,1.36526620388031,5.184219837188721,-2.7307379245758057,3.284088611602783,-2.3197145462036133,3.2872402667999268,0.5319678783416748,3.4848103523254395,-0.4978396594524383,2.23283052444458,-3.760244846343994,1.9492279291152956,-1.5494917631149292,2.0662729740142822,-2.751640796661377,2.309015989303589
9,-141.8379669189453,126.02668762207033,-9.84890842437744,26.66254997253418,1.0256879329681396,18.5922794342041,-6.532126426696777,20.39290428161621,-5.429126739501953,11.614017486572266,-3.6434311866760254,5.76796817779541,-3.3775875568389893,4.118789196014404,-5.088627338409424,1.53803288936615,1.770050048828125,8.341126441955566,0.8040639162063599,5.569546699523926,-2.3070785999298096,2.4507360458374023,-0.9329923987388612,2.295419216156006,1.7946773767471311,5.459311008453369,-2.3576107025146484,3.727799415588379,-2.478105306625366,3.1020667552948,0.3658922016620636,3.1472535133361816,-0.7544327974319458,2.1436305046081543,-3.809693098068237,1.7420960664749146,-1.5550742149353027,1.650210738182068,-2.944615602493286,2.4382147789001465
9,-142.2347869873047,125.69242095947266,-9.919321060180664,26.871660232543945,1.0844199657440186,18.434898376464844,-6.33542537689209,20.36978912353516,-5.607745170593262,11.805294036865234,-4.149052143096924,5.295318126678467,-3.765902996063232,4.15133810043335,-4.791723251342773,1.7487094402313232,1.448978304862976,7.952216148376465,0.8095982074737549,6.0576043128967285,-2.2106449604034424,2.542079448699951,-0.7123973369598389,2.4209654331207275,1.7021466493606567,5.160356521606445,-2.794179916381836,3.5235440731048584,-2.7449841499328613,3.356619358062744,0.4660374522209167,3.649866342544556,-0.3413231372833252,1.729990005493164,-3.8904905319213863,1.743614912033081,-1.6438679695129397,2.148494005203247,-2.294846773147583,2.4564170837402344
9,-142.20301818847656,125.37982940673828,-10.301478385925291,27.12173080444336,1.535058856010437,18.61013984680176,-6.976168632507324,20.057662963867188,-5.558905124664307,12.162174224853516,-4.031558990478516,5.18100643157959,-3.550511360168457,4.115326881408691,-5.173710823059082,1.7078295946121216,2.112014055252075,8.299640655517578,0.2660358548164367,5.519273281097412,-2.220261335372925,2.9019651412963867,-0.6588488221168518,2.449226140975952,1.462202787399292,4.724690437316895,-2.697657346725464,3.4908666610717773,-2.5097334384918213,3.715604066848755,0.5105310082435608,3.693556547164917,-0.1967967450618744,1.869661569595337,-3.859316110610962,2.227149486541748,-1.01811420917511,2.8643147945404053,-1.6547043323516846,2.9822885990142822
9,-134.14511108398438,120.59481048583984,-5.958606719970703,23.39658546447754,5.037612438201904,15.059804916381836,-4.522525310516357,17.450130462646484,-3.1759722232818604,10.206599235534668,-3.733085155487061,3.860528707504273,-4.336568832397461,2.91630482673645,-5.415712833404541,2.2416772842407227,2.1916263103485107,9.635862350463867,0.0551090016961097,7.688258647918701,-2.225990295410156,3.422574520111084,-1.384596824645996,3.5770206451416016,0.6609647870063782,4.442740440368652,-3.200275659561157,3.101935863494873,-2.404146671295166,2.8348536491394043,1.4548126459121704,3.378204822540283,0.1342460811138153,1.1417601108551023,-2.8378591537475586,0.7901883125305176,-1.6615346670150757,1.152951717376709,-1.9125083684921265,1.5759756565093994
9,-136.6084442138672,121.89936065673828,-6.598994255065918,23.740047454833984,4.25595760345459,15.177111625671388,-4.795107364654541,18.272918701171875,-3.6952733993530273,11.46920394897461,-3.734142780303955,4.005537033081055,-4.472108840942383,3.60463547706604,-5.360849857330322,2.843968391418457,1.4361134767532349,9.63742733001709,-0.0510918945074081,7.324184894561768,-3.1040031909942627,3.366583824157715,-1.6365551948547363,2.796130895614624,0.5957279205322266,4.597719192504883,-3.2064144611358643,3.250320672988892,-1.92247474193573,3.179657220840454,1.900467872619629,3.5367562770843506,0.2599003314971924,0.5536252856254578,-3.3371469974517822,0.7712621092796326,-1.1481010913848877,0.9669480323791504,-1.9707876443862915,1.3962324857711792
9,-138.71148681640625,124.01885223388672,-8.072282791137695,24.204612731933597,2.807114124298096,16.720298767089844,-5.622406005859375,19.420146942138672,-4.766347408294678,11.479243278503418,-4.217434883117676,4.35527229309082,-4.40824031829834,4.169250965118408,-5.156249046325684,2.7946910858154297,1.5318926572799685,9.063690185546877,0.075517751276493,6.507916927337647,-2.8701961040496826,3.1277709007263184,-2.119947910308838,2.0704116821289062,0.7517174482345581,5.042128562927246,-3.057647228240967,2.937042713165283,-2.4953112602233887,3.56269907951355,1.6757323741912842,3.997363805770874,0.1917643845081329,0.6697041392326355,-3.5249171257019043,1.4584579467773438,-0.6941651105880737,1.6893280744552612,-2.267947196960449,1.787278413772583
5,16.75699806213379,87.76317596435547,-52.20480728149414,-1.6660466194152832,-32.9745979309082,-0.6279519200325012,-9.733316421508787,-0.7566355466842651,-3.707271099090576,-3.930907487869263,-9.153728485107422,-6.409738540649414,-4.248331546783447,-8.267714500427246,-2.2804534435272217,-9.67516040802002,-6.186882019042969,-6.708744525909424,-1.4688061475753784,-2.814054250717163,-5.904543876647949,0.2782327532768249,-0.4926808178424835,-3.79957914352417,-2.650233268737793,-0.9812024235725404,-1.4292978048324585,-1.933919906616211,-2.3842501640319824,-0.3691621124744415,0.9172928929328918,-2.1496524810791016,-2.853815793991089,-0.0751752033829689,-1.5369563102722168,0.8917890191078186,1.716471552848816,1.255163550376892,1.0945616960525513,-1.2732833623886108
5,-237.0029754638672,83.07532501220703,-28.05253028869629,30.101104736328125,-8.961066246032715,1.9700140953063965,7.773934364318848,4.499149322509766,-1.1966029405593872,2.2722108364105225,-5.467798709869385,8.983850479125977,7.449583053588867,12.196248054504396,0.0221831034868955,1.864775896072388,-2.6378707885742188,2.9499874114990234,0.5191743969917297,5.340522289276123,-6.571404933929443,-2.991697072982788,-4.939758777618408,2.692588806152344,-2.5408382415771484,3.819327354431152,-1.7757737636566162,2.602431535720825,-1.5192919969558716,2.652646780014038,0.1392845511436462,2.6437225341796875,-3.735154628753662,2.1634838581085205,-2.5321812629699707,3.4311318397521973,-1.448895812034607,1.4358782768249512,-2.922132730484009,1.684643030166626
5,-224.74212646484372,91.81012725830078,-33.531246185302734,24.86591148376465,-10.097807884216309,-1.940220832824707,3.0936999320983887,0.2980634272098541,1.5526031255722046,8.78147029876709,-3.9112203121185294,10.266597747802734,7.867156505584717,8.712114334106445,-1.4835755825042725,3.519618034362793,0.7695555686950684,1.4825689792633057,-2.1100754737854004,3.338655471801758,-5.650668144226074,-2.760760545730591,-4.750060081481934,2.024442195892334,-1.485503077507019,4.4223222732543945,-3.68610954284668,3.0104684829711914,0.1898746341466903,4.126092910766602,-0.8604723811149597,1.191611886024475,-5.026187419891357,0.8834500312805176,-2.6005725860595703,3.1021249294281006,-2.0348711013793945,1.5424282550811768,-0.8005958795547485,1.202463984489441
5,-221.1102752685547,97.04497528076172,-39.26414108276367,22.64491271972656,-9.674363136291504,-2.1399357318878174,1.980984687805176,1.240731716156006,-0.3692481219768524,8.308847427368164,0.0565156452357769,10.214119911193848,9.209452629089355,6.285803318023682,-2.0383551120758057,6.4243035316467285,-0.1746759116649627,0.4481784999370575,-5.981386184692383,0.9415159821510316,-4.463061332702637,-0.3426141440868377,-3.7618372440338135,1.86577570438385,-1.0435569286346436,4.464555740356445,-2.713921070098877,2.586097002029419,0.7753260731697083,3.6098594665527344,-3.374374389648437,-1.1569751501083374,-6.142539978027344,2.7309763431549072,-2.174245595932007,3.0049314498901367,-2.8884315490722656,-0.3340162932872772,-0.4764341711997986,2.7469499111175537
5,-231.25965881347656,111.2577133178711,-35.55223846435547,13.478529930114746,-11.864983558654783,-4.609367847442627,6.406618118286133,5.282722473144531,6.874786853790283,7.970717430114746,-9.953461647033691,12.857333183288574,8.182904243469238,10.57735824584961,-1.9713413715362549,-0.6117037534713745,-2.678431987762451,-2.3632678985595703,-6.663986206054688,1.2909947633743286,-2.1449530124664307,6.451509952545166,-3.053722858428955,1.7905681133270264,-0.8439422845840454,4.027010917663574,-2.7817227840423584,3.2646420001983643,1.0666285753250122,2.563695907592773,-4.1036458015441895,1.7119112014770508,-0.8203867673873901,1.1457263231277466,-5.268204212188721,1.8881505727767944,-2.4318437576293945,0.6131897568702698,-3.1751902103424072,1.3992067575454712
5,-216.8783416748047,97.88761138916016,-41.07280349731445,25.32857894897461,-14.5762300491333,-3.1891677379608154,7.735371112823486,-0.8881604671478271,4.045637130737305,12.846023559570312,-2.9023122787475586,10.711172103881836,4.823592662811279,8.111405372619629,-3.979878902435303,0.7487086653709412,-3.810317516326904,0.5399645566940308,-4.273423194885254,1.721769094467163,-4.626916408538818,1.0741974115371704,-3.771585941314697,3.941319704055786,-3.25856351852417,5.086856842041016,-0.1120461225509643,2.3518762588500977,-1.0006685256958008,0.0266420599073171,-2.0084800720214844,4.08591365814209,-3.479011297225952,1.0569005012512207,-4.166165351867676,0.0590611062943935,-2.3218207359313965,3.171586751937866,-1.6660877466201782,0.2151160240173339
5,-198.0391998291016,98.66437530517578,-52.1031608581543,19.778207778930664,-9.688923835754396,-0.9751193523406982,5.29633378982544,-3.801781892776489,0.258008748292923,10.158461570739746,-1.0411453247070312,10.07828426361084,7.434227466583252,10.52699851989746,0.2321868240833282,6.403625011444092,-4.336374282836914,-1.1666349172592163,-3.846136093139648,2.2751424312591557,-3.794832706451416,-0.7570855617523193,-2.4304895401000977,4.177952289581299,-3.6775290966033936,4.359573841094971,-3.064297914505005,0.1502633541822433,-0.2824142873287201,4.3141303062438965,-2.4189910888671875,0.8183701634407043,0.5227936506271362,5.455833435058594,-1.3157557249069214,2.6045522689819336,-2.570122718811035,2.390610456466675,-3.3815290927886963,0.0151219451799988
5,-198.39373779296875,96.04469299316406,-59.93739318847656,15.831966400146484,-13.178711891174316,4.8451104164123535,8.873005867004395,-3.640292644500733,0.5951902270317078,6.926482677459717,-0.3796466588973999,7.765676498413086,6.268795490264893,11.49759292602539,-0.6883127093315125,6.744010925292969,-3.6082262992858887,1.375413179397583,-1.6789987087249756,2.5122547149658203,-6.293033599853516,-3.8657922744750977,-3.694240093231201,5.829775333404541,-0.6681631803512573,5.185863971710205,-3.274596929550171,2.406675100326538,0.5399666428565979,2.0571305751800537,-2.477746963500977,-0.0242286641150712,-2.326040744781494,4.993570327758789,-1.7436211109161377,2.5864133834838867,-0.7498246431350708,2.622995615005493,-4.163824081420898,-0.4968381524085998
5,-226.928466796875,93.89784240722656,-29.242650985717773,17.31688117980957,-6.250677585601807,-4.161348819732666,4.990500926971436,6.161653518676758,3.019718170166016,8.398894309997559,-3.9407224655151367,7.102084636688232,3.4051272869110107,7.871199607849121,0.7321377396583557,4.82694673538208,-5.255759716033936,-3.336191415786743,-3.585019588470459,4.094459056854248,-2.9596102237701416,1.1581255197525024,-4.7537031173706055,3.455634832382202,-0.754729688167572,2.019661903381348,-1.169868230819702,4.332888603210449,-0.7242702841758728,1.809072494506836,-1.8631294965744016,4.585035800933838,-0.6466304659843445,-0.0467953085899353,-4.656783580780029,-0.1130470782518386,-4.898012161254883,1.3302148580551147,-1.4266910552978516,-0.15651336312294
9,-232.1849670410156,80.44816589355469,-43.926902770996094,23.62047004699707,0.1135285422205925,7.8788161277771,5.242278575897217,0.4518661797046661,1.1730279922485352,9.39696216583252,0.1064787432551384,13.593902587890623,7.421597003936768,5.723330020904541,-9.959959983825684,0.7823759913444519,-3.932579517364502,5.004950523376465,-4.257661819458008,0.3731305003166199,-8.638916015625,2.635527372360229,-0.4802285730838775,2.503232002258301,-2.9111101627349854,3.2547695636749268,-4.049437522888184,1.7169041633605957,-2.861211061477661,1.8399287462234497,-2.2980940341949463,0.8239284753799438,-1.7499710321426392,3.7788748741149902,-2.716533660888672,3.783554553985596,-1.7885602712631226,3.3369925022125244,-3.7127397060394287,-0.0298816710710525
9,-233.05364990234372,87.02648162841797,-30.402666091918945,20.2984561920166,-6.021402359008789,3.957367420196533,8.327996253967285,0.5985175967216492,4.786153793334961,13.253541946411133,-6.963789463043213,9.455013275146484,0.2312194257974624,8.221356391906738,0.6825428605079651,3.705263614654541,1.8132736682891848,-0.2245127111673355,-7.737185955047607,5.201880931854248,-1.1832478046417236,1.1964166164398191,-4.532341003417969,2.244551420211792,-4.315652847290039,0.5899468660354614,-4.151634216308594,0.3013588786125183,-3.562034368515014,1.893553614616394,-0.794407308101654,1.5106730461120603,-2.106006383895874,3.0788803100585938,-3.176234722137451,2.8567614555358887,-0.5722460746765137,0.8767322897911072,-2.4521889686584477,0.8071222305297852
9,-247.5530548095703,79.61153411865234,-22.24524688720703,26.44796562194824,-2.913692712783813,3.0467007160186768,8.234989166259766,8.087484359741211,4.350821971893311,8.287250518798828,-6.15303373336792,7.957889080047607,0.0480641387403011,9.22359561920166,-0.3695428073406219,5.077341556549072,-0.2847292721271515,-0.8250337243080139,-5.690151691436768,2.4879138469696045,-5.565208911895752,-0.694621741771698,-5.736404895782471,3.973955392837525,-1.821244239807129,0.8774228096008301,-3.03678560256958,2.5289268493652344,-4.632792949676514,-0.3221576809883117,-1.9182441234588623,3.3565237522125244,-1.433143973350525,3.637159824371338,-2.347176074981689,3.0736634731292725,-1.2947112321853638,0.1693272292613983,-4.212657928466797,0.2567862868309021
9,-220.24871826171875,86.5360107421875,-43.496673583984375,13.57097339630127,-2.9116320610046387,9.282522201538086,5.444273948669434,2.890244007110596,6.574151515960693,13.20773696899414,-1.6920543909072876,5.758073806762695,-2.0587527751922607,6.234912872314453,0.0393966063857078,7.151197910308838,-2.81192684173584,0.559048593044281,-5.421889305114746,4.149530410766602,-4.190798759460449,-0.1513647884130478,-2.994417667388916,0.6073986887931824,-2.3189401626586914,0.9660146236419678,-3.625157356262207,3.515931844711304,-1.842936635017395,-0.2829871773719787,-3.507596969604492,3.5556650161743164,1.1617703437805176,1.073950171470642,-3.734108686447144,1.878565788269043,-2.4442615509033203,3.828623533248901,-4.565052032470703,-1.6954679489135742
9,-211.05938720703125,82.86528015136719,-46.68060302734375,15.403372764587402,-6.16774845123291,8.897767066955566,4.461464405059815,-2.238799333572388,7.035695552825928,12.50395679473877,-2.368025779724121,6.514655590057373,-3.023243188858032,8.45126724243164,2.623251676559448,10.014299392700195,-1.3221899271011353,-0.8216116428375244,-5.896312713623047,4.318487644195557,-5.555941104888916,0.3432998061180115,-4.435380458831787,1.0914835929870603,-2.805962085723877,1.7118128538131714,-1.98887038230896,3.127814292907715,-0.8194229006767273,0.465254932641983,-3.187509775161743,2.6563405990600586,-0.6727684736251831,0.2927504181861877,-5.570748805999756,1.8527045249938965,-1.0075618028640747,4.240939140319824,-3.433908462524414,-0.3600524663925171
9,-232.19134521484372,77.46846008300781,-29.581518173217773,19.70841407775879,-6.672798156738281,10.04997444152832,10.07275676727295,3.822204351425171,3.744528293609619,4.949498653411865,-6.674660682678223,8.69321060180664,1.164524793624878,9.793685913085938,0.3843384087085724,7.952794551849365,0.5380556583404541,0.1744570583105087,-2.8276405334472656,1.5997557640075684,-7.14384126663208,0.7758015394210815,-5.158612251281738,4.6456074714660645,-3.3411340713500977,1.0220884084701538,-1.8722773790359497,2.2115845680236816,-0.9746288657188416,0.8829691410064697,-1.7202762365341189,1.030533790588379,-3.301474094390869,2.286966562271118,-4.893193244934082,2.06453800201416,-1.9338113069534304,0.9693061113357544,-2.022798538208008,0.6184859275817871
9,-232.1370086669922,89.83149719238281,-35.09856414794922,10.104354858398438,-1.862824320793152,15.059121131896973,10.592000007629396,5.570121765136719,3.418642520904541,4.347651481628418,-8.327112197875977,10.350027084350586,5.069193840026856,9.382317543029783,-1.1051534414291382,4.034765720367432,-0.8976170420646667,1.36439049243927,-0.5967580080032349,1.503337860107422,-9.373235702514648,1.0505369901657104,-1.5061402320861816,4.285228252410889,-4.092590808868408,0.6263617873191833,-2.3155887126922607,2.2945470809936523,-2.1240742206573486,-0.4479481279850006,-2.424341917037964,1.294754147529602,-4.268678188323975,2.9693851470947266,-2.6911017894744877,2.4626595973968506,-3.558713674545288,1.4110825061798096,-1.8019254207611084,-1.1069916486740112
9,-230.5210418701172,91.00047302246094,-38.31681823730469,11.946100234985352,-1.4772979021072388,7.068854808807373,6.375898361206055,5.904782772064209,3.4167442321777344,5.919478893280029,-9.03518295288086,11.487751007080078,6.02045202255249,10.6355619430542,-1.0347404479980469,1.5010037422180176,-3.6299548149108887,1.925978660583496,-1.5381406545639038,1.324623465538025,-11.138985633850098,0.5712394118309021,-0.0933433920145034,3.960981845855713,-3.217702627182007,1.3218209743499756,-0.9325278401374816,0.4250689446926117,-4.639872074127197,1.6516345739364624,-1.9056223630905151,1.7528961896896362,-5.263425827026367,2.727736711502075,-1.8205822706222532,4.109189987182617,-2.458538770675659,1.5000581741333008,-1.3096047639846802,-0.1898204833269119
8,-226.3102264404297,194.10842895507807,-29.88497543334961,5.1586689949035645,-1.264063000679016,4.9941725730896,1.467866063117981,8.72018814086914,1.7257369756698608,3.571687698364258,-4.871336460113525,6.836668491363525,3.273535966873169,1.8862308263778689,-4.052918910980225,2.152395725250244,1.5296615362167358,8.085195541381836,4.904287338256836,4.817766189575195,-3.621373891830444,-5.847277641296387,-4.636180400848389,3.392899513244629,0.2509093582630157,-2.8729567527771,-12.649103164672852,-3.406454563140869,4.681590080261231,5.73619556427002,-4.928818702697754,-3.663361787796021,1.8821358680725095,9.558700561523438,1.6622146368026731,1.0819352865219116,4.414281845092773,3.252660751342773,-7.284653186798096,-6.484482288360596
8,-218.42193603515625,180.2735137939453,-35.53173065185547,3.747623443603516,-2.699653148651123,1.0858691930770874,-2.344858169555664,9.748457908630373,0.8545625805854797,4.042357921600342,-10.800679206848145,3.208732843399048,-2.286090135574341,2.141904592514038,-4.484072208404541,4.014270782470703,1.6235926151275637,11.472382545471191,7.800586700439453,8.891139030456543,-3.624758958816528,-5.2539963722229,-5.983165740966797,7.078837871551514,3.3545162677764893,-4.039440631866455,-16.674524307250977,-2.398038864135742,7.315474987030029,6.14668607711792,-7.602524757385254,-4.075853824615479,2.536015033721924,10.375041961669922,0.7986229658126831,1.50385582447052,5.150065898895264,3.8416688442230233,-11.907511711120604,-8.120355606079102
8,-158.81838989257812,147.73306274414062,-20.47840690612793,12.059402465820312,-2.10039496421814,5.061171054840088,-0.1726400852203369,6.978413105010986,0.5500379800796509,8.346776008605957,-3.4644458293914795,6.809824466705322,-3.440078020095825,2.6399199962615967,-6.797985553741455,3.617260217666626,-0.8004507422447205,7.870626449584961,0.626192569732666,3.762338161468506,-6.00495195388794,-4.368308067321777,-7.660048961639404,4.405180931091309,0.6440942287445068,0.206325814127922,-10.538162231445312,0.1544762700796127,2.7608132362365723,4.2299089431762695,-8.689826965332031,-2.727040529251098,0.7397168278694153,6.121644973754883,-2.943145275115967,2.4384586811065674,0.9714657068252563,1.5305616855621338,-7.763880252838135,-2.9664602279663086
5,-317.5773620605469,124.00819396972656,-12.876089096069336,3.10249137878418,-7.019141674041748,8.660130500793457,-10.34337043762207,3.728764057159424,-1.7831357717514038,14.06732940673828,5.663213729858398,8.533361434936523,7.392159461975098,12.090867042541504,2.9594974517822266,6.570628643035889,3.0440475940704346,3.9063994884490967,3.1733922958374023,-0.4102516770362854,2.2586863040924072,3.0272138118743896,2.2861366271972656,4.019325256347656,-0.4032390415668487,2.5108582973480225,0.2907617688179016,1.9186838865280151,-1.833094596862793,2.356382131576538,1.9893864393234253,1.7665585279464722,1.6820329427719116,2.369403123855591,-0.7168024182319641,0.8452640771865845,-1.892979979515076,0.5110140442848206,0.7779601216316223,2.801022291183472
5,-270.35870361328125,120.57828521728516,-10.084216117858888,-20.70343780517578,-19.642518997192383,-0.8436670899391174,-10.576972007751465,2.1967177391052246,-0.5786390900611877,6.391025066375732,-5.117794036865234,5.162201404571533,4.585422992706299,11.42778778076172,8.910514831542969,9.05142307281494,1.3334447145462036,-3.17009711265564,-0.3564750254154205,-3.5842411518096924,3.0723354816436768,0.9306361675262452,-1.7106562852859497,0.5251550674438477,3.3353588581085205,2.5626494884490967,0.2369755804538726,4.111162185668945,2.087096929550171,3.0893943309783936,2.521737098693848,0.1351164877414703,-3.8925869464874263,0.9036818742752076,1.2217150926589966,1.906279444694519,-0.3220865428447723,0.0259074009954929,0.7925381660461426,1.174043893814087
5,-285.621337890625,133.03109741210938,-14.304986953735352,-16.07107925415039,-14.711776733398438,10.063521385192873,-2.613225221633911,6.719757556915283,-8.892169952392578,3.1036150455474854,-2.845212459564209,6.190207481384277,2.268117666244507,11.280535697937012,13.34636402130127,6.967986583709717,6.295089721679688,6.031879425048828,4.68836784362793,0.7986529469490051,2.5854713916778564,1.2337908744812012,-0.4360077381134033,2.842893123626709,2.1378962993621826,5.316756725311279,-0.5113756060600281,3.502293825149536,2.2206931114196777,3.910905599594116,1.4464081525802612,1.2314555644989014,-0.1088071167469024,2.3868699073791504,-1.0459343194961548,0.3709820806980133,1.0049728155136108,2.9339420795440674,1.7972426414489746,0.9319261908531188
5,-329.4246826171875,103.0104751586914,-12.58137035369873,6.796437740325928,4.494873523712158,17.610692977905273,4.968613624572754,8.937394142150879,1.068648099899292,8.20081901550293,2.183459758758545,7.464114189147949,7.937458515167236,10.500025749206545,10.52210521697998,6.422539710998535,3.397658586502075,6.050810813903809,2.7266221046447754,3.072084903717041,1.3994011878967283,1.600182294845581,0.1870901137590408,1.4713855981826782,1.524807095527649,4.776917457580566,1.338711857795715,1.3233935832977295,0.7496426105499268,3.595755100250244,1.3747665882110596,-0.069113977253437,-0.523007869720459,2.3649790287017822,1.0762953758239746,2.6579318046569824,0.9705543518066406,2.062052726745605,0.40689417719841,0.6762999892234802
5,-267.6759338378906,154.0987091064453,-69.5341567993164,12.346309661865234,-30.21120834350586,13.22404670715332,-10.021368026733398,1.3123652935028076,10.106162071228027,-1.0937256813049316,10.816192626953123,6.328377723693848,8.805044174194336,5.930539608001709,4.858761787414551,5.451317310333252,3.59354019165039,5.898329734802246,1.425478219985962,5.993481636047363,2.136596441268921,5.11081600189209,-1.270229697227478,5.385799407958984,1.9849700927734373,0.9430814981460572,2.209111213684082,0.7365208864212036,0.3877140283584595,1.1112775802612305,-0.2189552336931228,1.1093913316726685,0.4532980620861053,0.1630492210388183,-0.5692558288574219,1.3749592304229736,-2.248227596282959,0.4454858005046844,-0.6648857593536377,-0.9669815897941588
7,-350.8715209960937,71.25695037841797,-2.640371322631836,-9.86854648590088,-8.317644119262695,-4.987260818481445,-4.123223781585693,3.340898275375366,-0.4886512458324432,-4.940042972564697,1.9199696779251096,3.255862236022949,-3.73913049697876,3.0430586338043213,11.834046363830566,11.541999816894531,5.719199180603027,0.7519494891166687,-0.8631584644317627,-2.449042320251465,-2.894622564315796,0.3556784987449646,-2.752798557281494,-0.1512864977121353,0.233177363872528,2.6325676441192627,1.7598274946212769,1.0973281860351562,2.5409014225006104,2.248010873794556,0.841065526008606,1.7231963872909546,-0.1847887933254242,0.151486188173294,-1.4873095750808716,-1.3845338821411133,0.2979654371738434,2.9165070056915283,2.141842603683472,2.318111658096313
7,-449.0616760253906,54.05609893798828,-20.53584861755371,-17.401403427124023,-8.64250659942627,-10.446151733398438,-7.865549087524414,2.5774288177490234,5.335384845733643,-1.976966857910156,1.553627371788025,3.298322916030884,-3.682419538497925,9.317838668823242,18.14012718200684,13.289485931396484,-0.4827767610549927,-4.30292558670044,-4.200848579406738,-3.811551570892334,-1.9851047992706297,2.0199391841888428,-2.472459316253662,-0.46070197224617,2.2753915786743164,4.2349534034729,3.4744315147399902,2.9189493656158447,4.688300132751465,3.297560930252075,-1.590750813484192,-1.5535038709640503,-1.175208568572998,1.390397071838379,0.3849051892757416,1.1191898584365845,1.8532686233520508,3.633650779724121,-0.077519454061985,1.0861990451812744
7,-386.8451843261719,42.10826110839844,-10.223514556884766,-8.902170181274414,-7.988604545593262,-9.674803733825684,-7.611257553100586,0.3884318768978119,2.137634038925171,-1.054282784461975,-1.311991810798645,1.2101484537124634,-2.7997233867645264,6.793959617614746,14.17848777770996,8.78908920288086,0.2043644040822982,-3.615551471710205,-5.3521904945373535,-3.151566982269287,-1.7550983428955078,1.2684880495071411,0.0225820150226354,1.6088895797729492,3.900827646255493,2.6549859046936035,-0.7012792229652405,1.292394757270813,1.77138352394104,0.8427349925041199,-0.527870774269104,0.4958769083023071,0.053912978619337,0.8388489484786987,-0.3826724290847778,1.4273059368133545,0.537143886089325,0.7895689606666565,-0.4216108024120331,2.049062013626098
7,-477.20416259765625,36.85033416748047,-11.547703742980955,-10.932759284973145,-5.116328239440918,-4.053821086883545,-4.419661521911621,2.32435941696167,2.8651223182678223,-2.023643016815185,1.8637303113937376,3.540413856506348,-2.187720537185669,5.52612829208374,11.8363618850708,10.9356689453125,3.368049144744873,-1.2081505060195925,-3.4459242820739746,-1.512136459350586,1.2499375343322754,3.701275587081909,-1.5816797018051147,-0.8718423843383789,1.324594020843506,2.3665220737457275,2.923720121383667,2.573307037353516,5.323511600494385,5.429039001464844,1.4807065725326538,-0.0298770945519208,-0.0205926205962896,1.4104700088500977,0.4109276533126831,0.3714079558849334,0.9652644395828248,2.675795078277588,-0.1166896596550941,0.610480785369873
9,-352.27947998046875,105.49543762207033,-47.8649787902832,7.292862892150879,-8.451170921325684,4.333765029907227,17.129066467285156,1.6308513879776,4.3322062492370605,9.888944625854492,-5.872798442840576,8.729385375976562,6.525616645812988,10.775186538696287,2.7968087196350098,7.0977888107299805,-1.3506150245666504,-0.7772329449653625,0.2957713901996612,3.552816867828369,-1.4874032735824585,2.050044059753418,-2.8606534004211426,-0.8938261866569519,-0.3535628020763397,5.03554630279541,-0.2216927856206894,3.1621124744415283,0.3462386727333069,0.6778753399848938,-1.5133585929870603,1.6031622886657717,-2.346759080886841,0.4603161811828613,-1.247610092163086,-0.8082057237625122,-2.8341057300567627,0.5597354173660278,-1.3349782228469849,0.3635810315608978
9,-377.7086181640625,104.27139282226562,-19.559568405151367,4.133472442626953,1.7586610317230225,3.0724751949310303,2.0664520263671875,6.460762977600098,4.036231517791748,11.660356521606444,-2.661449193954468,14.885879516601562,-1.1394211053848269,5.392337322235107,-1.0109407901763916,7.528317451477051,1.2759394645690918,4.334456920623779,-2.63224720954895,4.469048023223877,-2.5272109508514404,2.1883766651153564,-2.666623115539551,3.323361396789551,-2.7184505462646484,0.770405650138855,-2.1901421546936035,2.185543298721313,-4.210883617401123,3.036895275115967,-0.7791966199874878,0.7322829365730286,-5.494663715362549,-0.1468652337789535,-2.9501123428344727,2.3807895183563232,-4.258908271789551,-0.9446117281913756,-2.9707279205322266,0.5529735088348389
9,-374.8978271484375,108.31553649902344,-23.134546279907227,5.308002471923828,-0.0358940511941909,6.538028240203857,1.3797457218170166,6.089224338531494,3.344196319580078,11.477188110351562,-1.021632432937622,18.419397354125977,2.935476541519165,6.027159690856934,-4.219171047210693,4.986560344696045,-2.2273879051208496,0.1951275467872619,-4.18298864364624,5.497555255889893,-0.1155612021684646,5.288858413696289,-2.361628293991089,3.024364233016968,-1.9598709344863887,1.1541496515274048,-2.136496067047119,3.3783037662506104,-3.185996055603028,0.5735352635383606,-2.0219838619232178,0.7094997763633728,-6.305339336395264,0.1395075321197509,-4.767335891723633,0.2653964757919311,-2.507824420928955,0.0986542478203773,-4.436385631561279,-1.2951174974441528
9,-388.2085571289063,117.40119171142578,-29.72826194763184,13.597633361816406,-1.5052449703216553,9.868144035339355,7.311777591705322,6.3826584815979,2.319448947906494,4.994008541107178,-7.760730743408203,13.587135314941406,2.3064041137695312,4.577766418457031,1.7820913791656494,4.409711837768555,-2.99238920211792,2.9889907836914062,-1.918179035186768,2.475253105163574,-9.02802562713623,1.846635818481445,0.3969447910785675,5.138168811798096,-3.8044240474700928,0.7428563237190247,-0.5069202780723572,-1.7361245155334473,-5.389586448669434,1.6752182245254517,-2.279940366744995,1.3624680042266846,-4.093998432159424,0.7356386780738831,-3.3892202377319336,2.1685359477996826,-1.2097491025924685,3.063642263412476,-3.387102603912353,-2.1667912006378174
9,-372.13323974609375,111.78477478027344,-42.52790451049805,13.474129676818848,-1.2705192565917969,16.48836898803711,5.905957221984863,0.0379860065877437,4.318962097167969,6.48867654800415,-5.61159610748291,13.833271980285645,3.492694139480591,4.422450542449951,1.825604796409607,3.5025289058685303,-2.0418930053710938,2.368360996246338,-0.135757714509964,2.973691701889038,-5.457003116607666,0.3162023425102234,0.0993361249566078,2.446339607238769,-1.1092658042907717,-0.1753915101289749,-1.7383562326431274,-2.429340362548828,-5.675448417663574,-0.8706331849098206,-1.677131414413452,1.3062351942062378,-3.3709638118743896,-0.9579961895942688,-1.987425684928894,1.878978252410889,1.4692811965942385,3.380515813827514,-3.391313314437866,-2.435501337051392
9,-363.69183349609375,103.115234375,-44.32604217529297,9.641937255859377,-1.155522108078003,15.445817947387695,2.4196925163269043,4.060163497924805,-0.7116062641143799,9.647828102111816,-5.663151741027832,12.72775173187256,2.666638135910034,14.854619026184082,7.406017780303955,15.582849502563477,-4.968717575073242,-3.18015456199646,-0.9561247229576112,7.042366981506348,-3.793432235717773,-1.7596079111099243,-3.4527597427368164,5.492770195007324,-1.9421228170394895,0.7879827618598938,-2.158710479736328,1.4424265623092651,-2.2522597312927246,1.263460993766785,-6.050149917602539,-1.0655144453048706,0.9052921533584596,3.1433730125427246,-1.564937710762024,1.1753408908843994,-3.406719923019409,0.2773688733577728,-0.0921977460384368,3.2699341773986816
9,-378.879150390625,112.14690399169922,-38.633567810058594,10.360404014587402,-4.365797519683838,11.431386947631836,8.359124183654785,8.704015731811523,-0.505527913570404,7.664097785949707,-7.651676177978516,11.906888961791992,3.226788282394409,12.96231460571289,6.940104961395264,16.604297637939453,1.0993549823760986,-1.1862051486968994,-5.090243816375732,6.149274349212647,-1.3963350057601929,-1.4804770946502686,-4.353082180023193,2.7839574813842773,-0.8293383717536926,0.1222895458340644,-1.3020960092544556,2.780557155609131,0.1194169819355011,1.789851188659668,-3.391260862350464,1.234718680381775,-2.0142641067504883,1.4012101888656616,-0.4327096343040466,1.137164831161499,-3.3793656826019287,1.1511698961257937,0.6835126280784607,2.154318332672119
9,-392.0823669433594,104.16227722167967,-20.43317604064941,5.2796244621276855,7.34328556060791,7.805158615112305,3.799457550048828,4.812212467193604,1.9538408517837524,12.367019653320312,-6.420597076416016,8.031232833862305,-1.1778191328048706,7.673938274383545,-1.0106459856033323,5.524463653564453,1.96790075302124,4.668395519256592,-3.031071901321411,4.325621604919434,-2.56144118309021,4.451569080352783,-0.9478315114974976,5.308572769165039,-3.064934015274048,2.1495275497436523,-3.564880609512329,0.4879679679870605,-4.005411148071289,1.9301929473876955,-1.1359533071517944,-0.0477518513798713,-5.841769218444824,1.2897155284881592,-3.214951276779175,2.2940564155578613,-1.6206382513046265,1.3750988245010376,-3.51723313331604,0.2149538695812225
7,-426.1558837890625,91.6995849609375,4.18934965133667,-13.036341667175291,-21.303970336914062,-20.302339553833008,-6.255268096923828,-12.157776832580566,-9.54375457763672,2.3854687213897705,-3.2272891998291016,-0.8246331214904785,1.7597379684448242,8.177351951599121,-0.1165873780846595,-7.65822696685791,-10.103039741516112,-5.4145121574401855,-3.888984441757202,1.2233096361160278,-1.248951435089111,-2.871165037155152,0.3801569938659668,3.148627758026123,-1.6786402463912964,0.0668137371540069,-1.9866920709609983,-1.4430193901062012,-1.9824475049972532,-1.3972233533859253,-1.0136115550994873,-0.34564009308815,0.5397903323173523,-0.1529345214366912,0.9851044416427612,1.7908148765563965,0.7563493251800537,1.0506356954574585,0.4799021482467651,0.9345324039459229
7,-509.3733215332031,86.9803466796875,-3.7859840393066406,-12.94426441192627,-25.21987533569336,-22.079206466674805,-4.268350124359131,-16.285625457763672,-15.730304718017578,5.00415563583374,-3.6591200828552246,-0.4519100189208984,10.292724609375,8.64645767211914,-2.582141399383545,-9.215250968933104,-11.947632789611816,-1.554370999336243,-2.332560539245605,-0.3320308029651642,-3.852349281311035,0.8201491236686707,2.622429370880127,4.458788871765137,0.8303196430206299,-1.556507587432861,-0.4384845793247223,-2.514235258102417,-3.919271230697632,-2.74936580657959,-0.6805819869041443,-0.7158305048942566,-0.5609365701675415,0.4381387829780578,1.0929011106491089,3.9033145904541016,1.172581434249878,0.6370465159416199,-0.6629093885421753,-1.3129874467849731
7,-533.3119506835938,86.2541275024414,-10.344452857971191,-28.537996292114254,-30.407560348510746,-22.528892517089844,-11.227089881896973,-13.87806510925293,-8.7152681350708,8.515787124633789,-3.034316301345825,1.6760730743408203,10.581974029541016,6.407318115234375,-5.993040084838867,-6.837166786193848,-8.285929679870605,-2.6430492401123047,-0.0866453573107719,-0.4048779308795929,-0.7289934158325195,1.4247773885726929,0.1727771610021591,-0.3940650224685669,-0.4767036139965057,-1.6595792770385742,0.6158646941184998,-1.0414491891860962,-2.8834433555603027,-0.5544373393058777,2.0523080825805664,0.3007299304008484,-1.183505892753601,0.5653969049453735,-0.3092807233333587,3.699859142303467,0.6865969896316528,-1.1770721673965454,0.1945616006851196,0.9493362307548524
7,-586.444091796875,52.35696029663086,-12.575501441955566,-19.456710815429688,-15.937664985656738,-15.865029335021973,-8.436994552612305,-7.830109119415283,-6.979325771331787,3.9252429008483887,-0.7167069911956787,3.252426624298096,8.771464347839355,3.0050628185272217,-7.540277481079102,-1.217043161392212,-1.3186115026474,-1.363919973373413,-1.397341012954712,-0.6233058571815491,1.3322161436080933,2.196873903274536,-0.5840767621994019,-0.5343910455703735,1.7798216342926023,-0.7707839012145996,-2.351191997528076,-1.3116062879562378,-1.4672635793685913,-0.2403167933225631,0.1231931149959564,0.7843677997589111,-0.4664824306964874,3.1651854515075684,3.322079658508301,2.150752067565918,1.586500883102417,-0.1544521301984787,-0.1160172596573829,1.0225753784179688
8,-357.4465637207031,108.61653137207033,-48.81536865234375,8.697588920593262,-5.89732837677002,16.825864791870117,-10.399880409240724,0.5633733868598938,-10.89453411102295,2.010068416595459,-9.317404747009276,2.7953243255615234,-4.335012912750244,2.8250648975372314,0.9764354825019836,3.190448760986328,-4.637083053588867,-0.2306726723909378,-5.856063365936279,0.5311495661735535,-8.876670837402344,-0.2954566478729248,-6.764536380767822,-0.6293193697929382,-4.137650012969971,0.317960262298584,-1.966487169265747,1.249663472175598,-0.8049788475036621,1.313646912574768,-3.7803001403808594,1.1758673191070557,-3.692903518676758,-0.2909572422504425,-4.300084590911865,-0.6821788549423218,-2.559340238571167,1.4761228561401367,-4.099071502685547,-0.2666363418102264
8,-364.084716796875,116.05762481689452,-43.28488540649414,15.123391151428224,-1.1367011070251465,22.165040969848636,1.2215842008590698,10.285171508789062,-3.694483518600464,3.065107583999634,-4.892721652984619,-0.5564764142036438,-5.706079483032227,0.980423867702484,-4.296520233154297,2.301743268966675,-7.03160572052002,0.2547997236251831,-8.951430320739746,0.3262096047401428,-8.3552885055542,-1.1307692527770996,-4.647222518920898,-0.9094115495681764,-5.056387901306152,-1.24433696269989,-4.9839582443237305,1.8325223922729488,-4.133579254150391,0.7453737854957581,-3.585087299346924,0.1883428990840912,-3.565711498260498,-1.2467429637908936,-4.371942043304443,-0.4687535762786865,-5.21608304977417,-0.6346225738525391,-3.631545305252075,-1.417821764945984
8,-348.6185302734375,81.36412048339844,-46.591941833496094,18.773630142211918,3.935678005218506,18.84553337097168,-4.873258590698242,11.436803817749023,-0.9297752380371094,1.783702731132507,-2.1629178524017334,7.604580879211426,-5.048606872558594,4.174063205718994,-0.2399412393569946,3.896204948425293,-2.0628762245178223,3.68384313583374,-5.382156848907471,1.997939944267273,-6.939272403717041,-0.940826952457428,-6.168243885040283,-0.4294297695159912,-5.394251346588135,0.0070012263022363,-2.8307912349700928,2.7434213161468506,-3.2669103145599365,1.190322756767273,-2.761768102645874,2.930730104446411,-3.5331501960754395,-0.1534517109394073,-3.5339088439941406,2.401001214981079,-2.63562273979187,0.1588777750730514,-3.513030529022217,1.4198061227798462
8,-351.3037414550781,85.77654266357422,-40.291053771972656,18.33281517028809,3.0100104808807373,21.773906707763672,-1.549140214920044,12.741981506347656,1.0566442012786863,4.343350410461426,-0.6340142488479614,6.8020782470703125,-3.5962371826171875,5.987281322479248,0.2217611372470855,3.173205137252808,-0.3779544234275818,4.805983543395996,-5.510229110717773,3.617000818252564,-4.174936771392822,-0.7516509294509888,-5.291523456573486,1.2648135423660278,-4.413699626922607,-0.2177867740392685,-2.5769619941711426,2.942976474761963,-2.924424409866333,2.536449909210205,-1.692606806755066,2.381354093551636,-1.9422398805618288,1.5740242004394531,-3.4787654876708984,2.162630796432495,-3.489737033843994,1.3778510093688965,-3.734424352645874,2.282808303833008
8,-359.0818176269531,83.5252914428711,-53.81486511230469,19.444690704345703,0.0156793761998415,15.341893196105955,2.388058423995972,12.762177467346191,-2.334055185317993,5.448722839355469,-0.6616069078445435,7.66792631149292,-3.4768965244293213,6.139682292938232,1.6315557956695557,4.30609941482544,-3.784713745117188,3.739871263504028,-5.070249557495117,1.6315444707870483,-3.03300142288208,-0.6603244543075562,-4.130399703979492,5.87460994720459,-2.3804521560668945,0.2645682096481323,-3.9817092418670654,2.5003905296325684,-3.352421283721924,-1.1576350927352903,-4.060487270355225,2.398190259933472,-3.656091690063477,-1.2385865449905396,-3.495489835739136,1.3546396493911743,-2.9254908561706543,0.6688967347145081,-3.7301759719848633,0.260516345500946
8,-373.4044799804688,106.56428527832033,-54.61043548583984,10.909988403320312,1.0197921991348269,24.110994338989254,4.424478530883789,3.819439649581909,-0.1846179813146591,3.854605674743652,-6.452141284942627,3.6576318740844727,-6.527977466583252,2.3691623210906982,-2.174330472946167,-0.6834275126457214,-5.297326564788818,0.7508528232574463,-5.329314708709717,0.4108819663524627,-8.172758102416992,-2.263036012649536,-4.127638339996338,0.0719255954027175,-6.581963539123535,-1.18362557888031,-4.228298187255859,1.4710911512374878,-4.315824508666992,0.7284172177314758,-2.3220040798187256,0.8281417489051819,-4.535738945007324,-0.2150806635618209,-5.337687015533447,0.616526186466217,-3.398683786392212,0.8232421875,-3.7826881408691406,-0.5404164791107178
8,-349.8992004394531,106.80699157714844,-47.974605560302734,23.74381828308105,-10.351517677307127,14.543357849121094,2.2680985927581787,5.783034324645996,-3.2688045501708984,5.504044532775879,-7.235721111297607,7.994874477386475,-2.8477141857147217,2.945917844772339,-1.9824843406677248,3.0788204669952397,-6.104006767272949,2.31397557258606,-7.0101637840271,-0.0605019368231296,-4.031677722930908,-0.950106143951416,-3.092655897140503,0.1815305650234222,-3.991951942443848,0.796899676322937,-5.985785484313965,-0.083101749420166,-6.322609901428223,-1.3529196977615356,-3.856990814208984,1.87834107875824,-2.919738531112671,1.768976807594299,-3.176915407180786,0.5038871169090271,-3.495827436447144,0.7286694049835205,-4.816531658172607,-0.8026100993156433
8,-354.6188659667969,95.03165435791016,-50.5285530090332,18.50697135925293,-7.454135417938232,21.75348472595215,0.1463232636451721,4.337873935699463,-2.155323982238769,-2.412210702896118,0.5672265291213989,5.334882736206055,-5.945932865142822,5.3715643882751465,-1.5828275680541992,-0.3518847823143005,-3.968970060348511,3.3502755165100098,-4.480523586273193,-1.1309438943862915,-11.72842788696289,-1.9669612646102903,-3.369628667831421,-1.0988987684249878,-9.4068603515625,2.1369361877441406,-6.764182567596436,-1.8326187133789065,-3.668134450912476,4.975387096405029,-5.832767486572266,-1.5141712427139282,-2.975247621536255,2.3151137828826904,-4.720653533935547,1.436647891998291,-4.950186729431152,-5.130220890045166,-4.865616798400879,2.036250591278076
9,-157.64051818847656,184.03167724609372,-43.71749496459961,15.976251602172852,-11.661149978637695,6.760864734649658,-15.193180084228516,-1.8161109685897827,6.985650539398193,-8.658936500549316,5.545427322387695,-6.426843166351318,6.932775020599365,-9.9669771194458,2.446073055267334,-6.874832630157471,-6.563004016876221,6.880800724029541,-13.168116569519045,2.663966655731201,-7.7969651222229,0.7629773616790771,-3.978436231613159,1.7726216316223145,-3.134026050567627,-2.044905185699463,-4.157844543457031,-0.4260680675506592,0.3959506154060364,-5.341722965240479,-2.543447971343994,1.753056287765503,-7.613497257232666,3.313628673553467,-4.310582637786865,2.296994924545288,-0.8135988116264343,-0.519618034362793,-0.8155065774917603,-2.5564818382263184
9,-220.4181671142578,223.8525390625,-11.517375946044922,9.872963905334473,3.492793560028076,4.569809436798096,-7.181934833526611,-2.376060724258423,1.8316304683685305,-4.982436656951904,3.1049747467041016,-2.88186264038086,0.8979008793830872,-4.080145359039307,-5.310977935791016,-8.40778636932373,-8.341181755065918,0.3771012723445892,-3.763662099838257,3.176231861114502,2.207801818847656,0.4380810260772705,3.723273754119873,3.3842804431915283,3.9993391036987305,-0.8913007974624634,0.7109928131103516,-1.7383846044540403,-6.403421878814697,-6.573338985443115,-2.943833827972412,1.5115622282028198,0.3414680063724518,0.2112917304039001,-1.1343387365341189,-0.8680460453033447,-0.8826810121536255,0.7707237005233765,2.565636396408081,2.4999380111694336
9,-125.82798767089844,199.61868286132807,9.409605979919434,36.19717025756836,7.727252006530762,21.34088516235352,-2.969181537628174,0.0752161741256713,2.40451717376709,-5.8937811851501465,5.345929145812988,-5.8973917961120605,-0.8829670548439026,-7.136540412902832,-3.227213859558105,-6.287691593170166,-12.806367874145508,-4.332025051116943,-8.388842582702637,-2.12149715423584,-7.768455982208252,-7.040459632873535,-5.324456691741943,-5.533850193023682,-4.775355339050293,-6.005891799926758,-2.943488597869873,-4.976108074188232,-2.8185176849365234,-1.715349197387695,-3.4617278575897217,-1.4768648147583008,-3.251474618911743,0.0039630075916647,-4.043651103973389,0.1088692098855972,-0.8530317544937134,-2.855870008468628,-1.016646146774292,-3.031946420669556
9,-244.1061248779297,190.1563873291016,-23.754413604736328,15.91227912902832,1.1352918148040771,5.829113006591797,-10.062016487121582,-2.2989091873168945,4.405495643615723,-6.877054691314697,3.698292016983032,-5.73922061920166,0.9465124011039734,-1.639125943183899,-2.9024996757507324,-1.729594349861145,-5.935220718383789,3.156558990478516,-2.484293222427368,-1.4004571437835691,1.6354241371154783,-1.9508483409881592,-3.1357457637786865,1.4008634090423584,-0.3602179884910583,-1.8643313646316528,2.2455427646636963,0.4613043367862701,2.168605327606201,-1.5700896978378296,-3.129695177078247,-0.4128060638904571,-2.605170965194702,0.5368887782096863,-3.223585844039917,-2.170348882675171,-1.684985876083374,-1.942840576171875,-0.3781633377075195,0.7796562314033508
9,-170.27720642089844,216.90562438964844,-23.340726852416992,9.651844024658203,15.026646614074709,15.317465782165527,-7.650264263153076,3.7322587966918954,6.552219390869141,-2.6948699951171875,12.143146514892578,-0.203103482723236,1.4916176795959473,4.314225196838379,4.968189716339111,-3.3908259868621826,-7.238733768463135,-4.328407764434815,-9.52353286743164,2.5648837089538574,-2.0611777305603027,-6.298938274383545,-3.748944997787476,-3.4073963165283203,0.2220654785633087,-3.051584243774414,-0.1997838914394378,-2.060995578765869,-1.6717572212219238,0.7697856426239014,-2.5332281589508057,-5.255646228790283,-5.546139717102051,-2.002903461456299,-3.315197467803955,0.3422144055366516,1.068370699882507,0.4948741495609283,-1.369425654411316,-4.496449947357178
9,-208.9915771484375,212.8584747314453,-48.37835693359375,14.14727783203125,-3.1750643253326416,-2.846744537353516,-13.111369132995604,-3.5115203857421875,0.2011459469795227,-7.748411178588867,1.501816749572754,-9.188512802124023,3.627790689468384,-6.6647629737854,-2.813151359558105,-4.444109916687012,-9.427037239074709,2.8163132667541504,-6.796116352081299,-0.9981787204742432,-3.249475717544556,-4.248612880706787,-6.5294365882873535,-0.8412098288536072,-2.532863140106201,-1.7020909786224363,1.7112808227539062,-2.052055597305298,0.8936614394187927,-2.4609689712524414,-5.516560077667236,-0.5837385654449463,-5.90762996673584,0.8804774880409241,-4.049255847930908,-1.9317089319229128,-1.7995884418487549,0.1798519939184188,1.4021135568618774,0.142701044678688
8,-393.9175720214844,146.79945373535156,-9.960826873779297,10.56097412109375,-6.833271503448486,-14.12529754638672,-12.03138256072998,2.4194793701171875,15.785256385803224,16.701251983642578,5.685467720031738,-0.3842005729675293,-18.6893310546875,-21.26567840576172,-11.825655937194824,-3.778635025024414,-6.290518760681152,1.934181928634644,10.893478393554688,1.902162790298462,-11.642720222473145,-14.31108283996582,-4.897327899932861,-1.9923545122146609,-8.585164070129395,0.7190738916397095,-0.2069640457630157,-3.134158134460449,-0.9311478734016418,-2.629331111907959,-11.702507019042969,-8.914582252502441,4.2472100257873535,-0.7254428863525391,-3.7333829402923584,-1.671913504600525,-1.7796131372451782,0.1204444989562034,-8.332574844360352,-9.458869934082031
8,-318.4627380371094,96.15650177001952,-17.74909019470215,-0.5019173622131348,4.536468029022217,22.386695861816406,24.86332321166992,4.803223133087158,-29.060321807861328,-14.93221378326416,1.740874409675598,23.08183860778809,-3.5019125938415527,-21.730846405029297,-10.029053688049316,0.9717140793800354,1.6362606287002563,5.10958194732666,-15.439247131347656,-8.036231994628906,2.9277305603027344,0.8184908032417297,-8.584851264953613,-0.5284580588340759,-9.479312896728516,4.184374809265137,0.3084432780742645,-4.469149112701416,-5.3613691329956055,-9.519119262695312,-0.4287272691726684,6.742799282073975,-5.019219875335693,-4.375787258148193,-9.854639053344728,1.3124533891677856,0.5984858274459839,1.511997103691101,-10.79849338531494,2.340993642807007
8,-337.2130432128906,109.82669067382812,-14.67056941986084,1.1406768560409546,-0.1066150143742561,14.134621620178224,25.674850463867188,17.289819717407227,-14.175064086914062,-15.32603645324707,-9.00850772857666,6.342770576477051,2.323691368103028,-1.4752768278121948,-6.237563610076904,-3.2547240257263184,-4.018478393554688,-0.8855426907539368,-5.235286235809326,-1.4318232536315918,0.4878488779067993,-1.3643159866333008,-6.997377395629883,-0.7251312732696533,-9.05940055847168,4.356506824493408,2.851536750793457,-3.603326797485352,-4.440126895904541,-9.873570442199709,-4.221206188201904,6.7342915534973145,-0.6330534815788269,-2.071827173233032,-9.20288372039795,-4.748790264129639,-3.5081236362457275,-3.674131631851196,2.9700348377227783,3.3515350818634038
8,-322.8170471191406,101.35594177246094,-23.05049133300781,2.675004482269287,9.068949699401855,24.311323165893555,18.29456901550293,4.979502201080322,-10.793438911437988,-0.8273749351501465,-2.845132350921631,-1.7066936492919922,-8.574172019958496,6.08217716217041,-0.2157926112413406,-1.6543208360671997,-5.803766250610352,-6.546923637390137,-1.9471566677093504,5.981505393981934,-4.1005024909973145,-5.313503265380859,-3.230134963989258,1.3436704874038696,-6.782915115356445,4.259577751159668,0.9573711156845092,-2.5356767177581787,-5.857603073120117,-6.264993667602539,-1.6762319803237915,3.627833366394043,-3.811080694198608,-2.260659694671631,-5.6615309715271,-0.9890016913414,-4.771639823913574,-6.000828266143799,-0.4669521152973175,7.19901704788208
8,-312.5585327148437,93.6606216430664,-25.82208824157715,-1.457271695137024,10.871073722839355,28.31804847717285,23.502708435058597,2.1444451808929443,-22.101869583129883,-9.16416835784912,1.4753119945526123,16.04094696044922,0.7549039721488953,-11.030279159545898,-11.22996997833252,-3.190671443939209,-3.1929945945739746,5.070345878601074,-2.5964176654815674,-1.2339205741882324,-6.337834358215332,-4.867136478424072,-2.757861614227295,0.096916064620018,2.0452563762664795,2.3152964115142822,-4.399416923522949,-4.115143775939941,-5.825282096862793,5.181519508361816,1.5899728536605835,-9.396763801574709,-4.147645473480225,-2.350597620010376,-0.3340432047843933,0.2886058688163757,-2.60154390335083,-5.795220375061035,-6.09557056427002,9.67000961303711
8,-295.8871459960937,96.7512664794922,-23.798429489135746,3.252066135406494,-4.648778438568115,11.80015468597412,23.478139877319336,17.803617477416992,-20.44322967529297,-18.45175552368164,-13.46644687652588,11.963120460510254,13.29150676727295,0.0127327097579836,-18.988758087158203,-10.183592796325684,-9.207635879516602,8.343947410583496,5.227120399475098,-4.2086944580078125,-15.168462753295898,-1.895800232887268,3.930302381515503,3.8154938220977774,2.083616018295288,-11.491621971130373,-5.666413307189941,0.4266991019248962,0.1062773093581199,10.86607551574707,-11.871123313903809,-17.37069320678711,-2.039309024810791,-1.041178584098816,5.474345684051514,-0.9701024889945984,-2.320720672607422,-9.953937530517578,-11.647748947143556,13.796175003051758
8,-393.7112121582031,156.4591064453125,-10.457998275756836,12.430054664611816,1.8051955699920652,-7.069842338562012,-3.3128435611724854,-0.0270884968340396,8.515843391418457,9.034316062927246,1.404639482498169,5.278209686279297,-4.413151741027832,-10.747191429138184,-14.811055183410645,-7.261567115783691,-2.6844823360443115,-5.267481327056885,-3.156589984893799,1.974780797958374,1.0196198225021362,-0.697200357913971,-3.58113169670105,-4.770624160766602,-3.328749179840088,-5.806078433990479,-7.6254658699035645,-1.2866674661636353,-0.8849095702171326,-2.270575046539306,-2.5055742263793945,0.9353082180023192,1.7227944135665894,-4.403955936431885,-7.9425458908081055,-6.04649543762207,-2.8926401138305664,-3.104435443878174,-4.762931346893311,-1.0887702703475952
7,-304.68243408203125,142.5900421142578,-20.05202293395996,6.003981590270996,2.791122436523437,11.884203910827637,1.285920023918152,15.961416244506836,13.505738258361816,6.383609771728516,0.8340747952461243,3.73984169960022,6.388835430145264,0.7132746577262878,-1.1555384397506714,-1.4962464570999146,0.4185259044170379,0.9743580222129822,0.934544026851654,1.1269820928573608,4.165960788726807,3.539342164993286,2.4335176944732666,-1.4031999111175537,-1.4968911409378052,1.102393627166748,-1.687891960144043,1.099935531616211,3.036919116973877,4.37913703918457,1.3307580947875977,0.0503395050764083,-1.0690865516662598,0.9909377098083496,-0.1586986929178238,-0.9175931215286256,-0.4332364499568939,-0.515325129032135,-0.2785833775997162,0.5619174242019653
7,-322.2635803222656,138.36233520507812,-18.364723205566406,5.706974983215332,4.649618148803711,9.153735160827637,-1.0638636350631714,14.187894821166992,15.084040641784668,7.226763725280762,2.961597681045532,4.805299758911133,5.710935592651367,1.5871121883392334,-1.7979100942611694,-3.2343573570251465,0.5236737728118896,1.8073877096176147,1.840524435043335,0.7243466973304749,3.290781259536743,3.949187278747559,3.270625591278076,-0.5377761721611023,-2.023261547088623,0.5571524500846863,-1.0414221286773682,-0.1177248656749725,1.7642146348953247,3.712399959564209,2.7136003971099854,0.7721270322799683,-0.0056661814451217,0.1455659121274948,-1.6306928396224976,-2.242166757583618,-1.453256607055664,-0.2918274700641632,1.1133984327316284,1.14227294921875
7,-322.72625732421875,133.1796875,-24.141403198242188,8.94987964630127,1.4944593906402588,12.108195304870604,-4.284998893737793,16.653594970703125,12.394720077514648,8.494607925415039,4.031914710998535,8.487757682800293,5.584819316864014,3.012925386428833,-1.9660967588424685,-1.808700680732727,0.8860028982162476,2.3517465591430664,2.2298855781555176,1.03010094165802,3.672976493835449,4.510495185852051,3.4505910873413086,-2.173041582107544,-2.398857355117798,0.3096596598625183,-1.208186149597168,-1.430148959159851,1.2021855115890503,3.5987417697906494,2.924367904663086,1.0589938163757324,-0.8483238220214844,-0.3737817704677582,-2.4663448333740234,-2.3898935317993164,-1.786025881767273,-0.005853961687535,0.5114076137542725,0.8437257409095764
5,-230.23243713378903,127.8242645263672,-66.05741882324219,39.007102966308594,2.7533888816833496,14.694415092468262,-11.647541046142578,1.3442820310592651,-24.486553192138672,3.8584117889404297,0.5694425106048584,-0.6937866806983948,20.492815017700195,27.90549087524414,13.71131420135498,7.229458332061768,-6.821693420410156,-1.1542116403579712,-8.818607330322266,-11.254393577575684,-12.508647918701172,9.162118911743164,0.427382618188858,-6.298513412475586,-4.146845817565918,13.810026168823242,7.012455463409424,-12.647438049316406,-3.426091432571411,13.29928493499756,9.33747386932373,-14.06770133972168,-14.870841026306152,13.518898963928224,-2.049301147460937,4.922420501708984,12.17410659790039,-4.227798938751221,-10.005574226379396,4.583894729614258
5,-276.2568664550781,117.9317398071289,-60.707855224609375,40.67045593261719,-0.3157592117786407,6.588812351226807,-12.41923999786377,4.7463788986206055,-17.03005027770996,0.5076807141304016,3.1600351333618164,8.397603034973145,22.251758575439453,30.841381072998047,16.421180725097656,-1.9038158655166624,-16.852893829345703,5.463750839233398,12.42431354522705,-4.845516681671143,-23.240840911865234,-4.951984405517578,10.19255256652832,13.519625663757324,2.896261692047119,10.366280555725098,16.427631378173828,-7.129452228546143,-10.930563926696776,2.908744096755981,6.111138820648193,-14.654696464538574,-9.096827507019045,11.681585311889648,-5.706821918487549,-0.2227118164300918,17.157268524169922,-4.54490852355957,-2.505991220474243,13.919659614562988
5,-311.1007995605469,126.2858428955078,-48.765625,46.428199768066406,6.9372100830078125,4.716594219207764,-10.380114555358888,-1.2627816200256348,-9.138222694396973,9.11525821685791,7.797466278076172,11.864083290100098,24.323823928833008,24.07205581665039,10.480945587158203,-11.278131484985352,-25.259355545043945,3.743264198303223,7.700272083282471,-7.959872722625732,-16.690004348754883,-2.597164869308472,19.236026763916016,14.472111701965332,-4.834019660949707,10.7676362991333,16.90122413635254,-10.97609519958496,-10.60954475402832,7.058150768280029,11.557035446166992,-11.204777717590332,-14.40820598602295,12.009015083312988,-4.570643901824951,0.9202709794044496,21.6876277923584,-11.04790210723877,-8.113160133361816,16.972103118896484
5,-238.36854553222656,121.37001037597656,-72.64202117919922,40.17572784423828,5.324968338012695,14.53518772125244,-9.851012229919434,-1.4830832481384275,-26.310495376586918,0.8620515465736389,-1.8622362613677976,0.9705551266670228,20.839191436767575,24.304771423339844,10.412309646606444,10.600669860839844,0.0834438800811767,3.684743881225586,-1.5686488151550293,-7.947483062744141,-10.41534423828125,3.1651339530944824,-2.761525154113769,-5.014163017272949,-2.188674211502075,12.207080841064451,6.117317199707031,-7.744565486907959,1.4140421152114868,12.571041107177734,9.891172409057615,-13.100261688232422,-12.310710906982422,10.312618255615234,-3.507491111755371,5.199931621551514,12.567357063293455,-7.02936601638794,-7.889711856842041,4.139613628387451
5,-256.8860778808594,122.79310607910156,-57.5201301574707,39.93171310424805,7.967911720275879,14.230401039123535,-9.825079917907717,-1.8254916667938232,-19.544767379760746,2.522611141204834,3.130627155303955,6.347963333129883,21.463489532470703,24.48051643371582,12.895898818969728,9.304476737976074,-9.616023063659668,4.429580211639404,-1.856986165046692,-9.50357437133789,-12.701022148132324,4.174606323242188,5.968104839324951,3.0247929096221924,-2.7025704383850098,18.17698860168457,11.01602840423584,-10.038701057434082,-9.726305961608888,11.230527877807615,13.178218841552734,-11.764206886291504,-16.312171936035156,10.798768997192385,-5.38229513168335,3.3018102645874023,15.354565620422363,-8.342320442199707,-11.709501266479492,6.858159065246582
7,-268.28668212890625,91.61610412597656,-40.825775146484375,5.993008613586426,-23.74295997619629,2.3561792373657227,0.0560308024287223,4.998504638671875,-7.355688095092773,-0.8004905581474304,-10.852224349975586,-2.2311666011810303,-5.110518455505371,-1.4010486602783203,-4.351046562194824,2.91865873336792,-11.500814437866213,-0.4494285881519317,-3.0603158473968506,-0.1810868680477142,-3.754711389541626,3.49627685546875,-3.694364547729492,4.272093772888184,-1.7647992372512815,1.3027708530426023,-2.218302726745605,1.9618452787399288,-0.2571535408496856,2.1334187984466557,-6.595697402954102,-0.6506432294845581,-4.823157787322998,0.7914318442344666,-2.725449323654175,0.7528758645057678,-4.828304767608643,1.3253389596939087,-5.744697570800781,-4.205469131469727
7,-263.1827697753906,94.1386260986328,-38.701759338378906,7.27454948425293,-22.52461624145508,3.821678638458252,-0.3096232712268829,4.709603309631348,-7.870908260345459,-0.0392741598188877,-10.793916702270508,-2.366705894470215,-5.960047721862793,-1.9781333208084104,-5.162424564361572,2.8448727130889893,-12.378273963928224,-0.5558449029922485,-3.0357446670532227,-0.1527019292116165,-2.6165921688079834,3.437074422836304,-3.927572727203369,4.862771034240723,-1.931019902229309,2.190217971801758,-1.1105674505233765,1.248729228973389,-1.2302707433700562,0.9164042472839355,-7.618267059326172,-0.7236368656158447,-5.4341721534729,0.4896245896816253,-3.3082878589630127,-0.5275682806968689,-5.312088489532471,1.3536992073059082,-5.7554802894592285,-4.256622791290283
7,-268.98388671875,105.8202667236328,-38.11360168457031,10.20616054534912,-21.2906436920166,6.470423698425293,-6.201879501342773,2.854844331741333,-9.801677703857422,-0.6065069437026978,-9.821417808532717,-1.878645658493042,-7.221005916595459,-2.0397286415100098,-6.047870635986328,0.984330713748932,-11.290924072265623,0.1955703347921371,-4.321857929229736,0.1955294758081436,-2.404263734817505,1.9750818014144895,-3.771860361099243,5.202372550964356,-1.6536155939102173,3.600855827331543,-1.737281084060669,-0.706480085849762,-2.673628330230713,0.4032190144062042,-7.1394362449646,0.0620687417685985,-5.193540573120117,-0.7899847030639648,-4.740746021270752,-1.0490819215774536,-4.613797664642334,1.5753965377807615,-5.148040771484375,-1.748303771018982
5,-198.90509033203125,153.76345825195312,-26.10027503967285,15.706828117370604,-30.32880401611328,13.929319381713867,-5.967767238616943,-3.766411304473877,7.391587257385254,-2.7161223888397217,-0.9307070970535278,1.6525630950927734,-9.363731384277344,3.189509630203247,-3.528569459915161,0.9003742933273315,-6.574782848358154,-3.03926157951355,-8.604365348815918,-2.5211589336395264,-4.531631946563721,1.3769230842590332,0.2625488042831421,4.53906774520874,1.836607813835144,1.0840036869049072,-2.6773035526275635,-0.1823741793632507,-8.05949592590332,-0.477531224489212,-3.089313745498657,0.6454963088035583,-3.317164421081543,-0.2868491411209106,1.4289506673812866,1.7840317487716677,1.1077404022216797,2.1348254680633545,-0.8083174824714661,2.080092430114746
5,-211.0299072265625,126.1539306640625,-20.782835006713867,29.240596771240234,-35.26762771606445,31.16741943359375,-8.584097862243652,-6.099565982818604,8.384145736694336,-10.744706153869627,-2.5841052532196045,-0.1280142366886139,-7.864649295806885,-0.8834707140922546,-8.17396068572998,0.9941946268081664,-6.274834156036377,0.6863288283348083,-8.453824996948242,-2.138068437576294,-2.969919443130493,1.295324683189392,-2.076255798339844,-2.362093210220337,-5.14529275894165,-1.8161875009536743,-5.167632579803467,0.235792800784111,-4.998483657836914,0.9963857531547546,-5.522016525268555,1.8260691165924072,-1.7055840492248535,2.1073477268218994,-3.6673426628112793,0.6491945385932922,-1.29046368598938,2.6796622276306152,-1.4183465242385864,0.101044625043869
5,-210.2348480224609,134.6494598388672,-24.343830108642575,23.426658630371094,-32.03939437866211,30.85690689086914,-16.222028732299805,2.0970001220703125,4.75853443145752,-6.968807697296143,-8.718841552734375,-1.1485750675201416,-3.423714160919189,-1.5871610641479492,-2.559605360031128,-3.105759382247925,-2.321796178817749,2.39556884765625,-8.934728622436523,1.1312276124954224,-2.7973642349243164,7.948995590209961,-0.7272337079048157,-2.8226683139801025,-3.421502590179444,-2.529147148132324,-3.802204370498657,-0.6123786568641663,-2.986258029937744,1.513449788093567,-6.419874668121338,0.0996111258864402,-2.196253776550293,5.898701190948486,-1.6386981010437012,1.7832428216934204,-0.9077350497245787,0.5260729789733887,0.0114932218566536,-1.486355543136597
10,-118.4578857421875,-26.107858657836918,-20.19596672058105,-8.827909469604492,-19.31075668334961,-5.397038459777832,-9.22358226776123,0.7419429421424866,1.6069655418395996,12.518710136413574,11.577556610107422,8.844356536865234,-9.67872428894043,-0.7923529148101807,-14.263871192932127,6.201923370361328,-1.8146666288375852,7.447617053985596,-3.69773268699646,3.4334185123443604,-8.094980239868164,5.008570194244385,-1.2969778776168823,-6.885171413421631,-13.430604934692385,-3.86417007446289,-3.8166849613189697,-0.2007433921098709,1.853430986404419,7.772675514221191,-2.441476821899414,3.674412250518799,-0.6912893652915955,-5.428703308105469,-6.314714431762695,5.178620338439941,-3.4478864669799805,0.0230970438569784,-3.126270055770874,3.0924956798553467
10,-114.91394805908205,-23.360675811767575,-19.597509384155277,-9.132561683654783,-15.431546211242676,-3.53337025642395,-9.6354341506958,-1.0488247871398926,1.2620978355407717,12.586563110351562,10.77764892578125,7.843089580535889,-8.296667098999023,-0.5887672901153564,-20.189149856567383,4.398487091064453,-3.689187049865722,10.619400024414062,-5.878024578094482,3.0827791690826416,-9.90090274810791,5.475879669189453,-1.063380479812622,-5.252075672149658,-10.539159774780272,-3.264475107192993,-7.847066402435303,-1.142490267753601,0.9457533359527588,8.02030086517334,-4.243075370788574,6.27425479888916,-0.0295547749847173,-3.4080331325531006,-6.290112495422363,5.262843608856201,-0.5761233568191528,-1.8086724281311035,-2.594714879989624,2.590195655822754
8,-349.0692443847656,91.43611907958984,7.948733329772949,29.447948455810547,1.1374140977859497,-14.344324111938477,-7.470561981201172,-6.2915143966674805,-4.292247772216797,7.373631000518799,2.649663209915161,3.7838830947875977,-3.79606819152832,8.613991737365723,-1.298128366470337,10.985814094543455,10.867189407348633,8.813191413879395,6.83170747756958,9.73638916015625,2.0460760593414307,4.768126964569092,0.7986934185028076,1.944307327270508,1.603095769882202,0.0333457887172699,-3.1179862022399902,2.9164493083953857,-0.7102363109588623,1.8659358024597168,-2.6234660148620605,1.6850409507751465,2.2975103855133057,1.5800395011901855,1.431999444961548,2.0249054431915283,2.1062865257263184,2.11080002784729,-0.0177185405045747,1.947422742843628
9,-408.9703674316406,70.65554809570312,13.838822364807127,26.01847648620605,2.444612503051758,-4.580084800720215,-1.3448041677474976,5.618147850036621,-0.7716295719146729,13.488693237304688,5.52936315536499,0.4193430840969085,-2.407597303390503,4.9716105461120605,-2.362435817718506,5.713682174682617,5.298793792724609,12.26667022705078,9.254193305969238,10.471643447875977,3.7935400009155273,1.907170057296753,-0.4146709740161896,6.670584678649902,0.3433546721935272,0.6834185719490051,0.1673486679792404,2.5788114070892334,2.188839912414551,2.446226119995117,-0.2591725885868072,-0.120683878660202,0.0211199074983596,2.41982102394104,1.8383419513702397,2.1910462379455566,1.351491093635559,2.543426752090454,-0.4930475652217865,1.0474697351455688
7,-297.4162292480469,65.75387573242188,-34.722293853759766,9.518590927124023,-10.40845012664795,0.1710376143455505,-10.619998931884766,-16.74730110168457,4.124870300292969,-13.344071388244627,-0.2539144158363342,11.249746322631836,4.103517532348633,7.504832744598389,0.1821834146976471,11.25849723815918,2.126046657562256,13.009254455566406,5.921807289123535,9.956336975097656,3.5928101539611816,3.593568563461304,2.431240558624268,6.569088935852051,-2.342282295227051,3.000967025756836,-0.2261959314346313,6.286853790283203,2.9469399452209477,1.8773524761199951,-0.8672344088554382,4.657407283782959,2.1388072967529297,6.086016654968262,0.0556995198130607,2.232055187225342,-1.3991748094558716,1.5365456342697144,-2.3192148208618164,1.5087004899978638
7,-295.1995544433594,74.77481842041016,-41.426300048828125,21.622875213623047,-11.996064186096191,-0.2863499522209167,-10.038615226745604,-15.781213760375977,4.973252773284912,-18.53670692443848,1.255300760269165,5.148107051849365,-1.1124262809753418,0.9659177660942078,-0.1042201742529869,14.921716690063477,6.809155464172363,17.736400604248047,4.94594669342041,8.309746742248535,6.52486515045166,8.14046859741211,2.254480361938477,6.8040385246276855,-4.126186370849609,3.6033451557159424,-2.182833194732666,4.917514801025391,2.447030544281006,2.9802372455596924,-0.5498790144920349,5.461923122406006,2.4929678440093994,3.7394886016845694,-1.501284956932068,0.844019889831543,-2.800226926803589,0.3496809899806976,-1.9199541807174685,1.862014651298523
5,-281.7811279296875,44.45079803466797,-22.274208068847656,24.728525161743164,-6.63007926940918,-1.6513131856918335,12.645429611206056,0.8476426005363464,-3.4202444553375244,-4.451220512390137,8.056046485900879,8.516185760498047,-3.024553060531616,5.886983871459961,6.287379741668701,9.931753158569336,0.5515587329864502,16.43208122253418,1.6891645193099976,1.7065069675445557,3.859061717987061,3.147871971130371,0.013896002434194,5.870234966278076,0.182396188378334,7.112053394317627,-1.021011233329773,7.071826457977295,-1.6460669040679932,0.2501639723777771,-0.6595051288604736,4.952481746673584,-1.6363704204559326,3.157156467437744,-1.9352881908416748,2.8780436515808105,-0.7502698302268982,3.012521505355835,2.121783971786499,1.9591528177261357
7,-362.9140930175781,92.7149429321289,9.17328929901123,43.64455795288086,6.303134918212891,-17.346635818481445,-28.073898315429688,5.156551837921143,-2.7559573650360107,-5.6732258796691895,11.45723819732666,-12.067438125610352,0.8529972434043884,-1.191151738166809,1.06861412525177,13.02122402191162,11.310401916503906,-1.6005743741989136,2.193629503250122,9.490679740905762,2.1360769271850586,5.652213096618652,-3.5597681999206543,6.405113697052002,2.2331483364105225,-2.3557140827178955,4.987851619720459,-1.097967267036438,0.1143841221928596,6.737986087799072,-2.182663917541504,2.4069080352783203,0.4662645161151886,0.3524683713912964,2.2278738021850586,4.499112129211426,1.981796741485596,5.578587055206299,0.5945408940315247,7.366119384765625
9,-193.60287475585935,46.66565704345703,-71.56806182861328,27.2344913482666,-12.068503379821776,14.911632537841797,-12.0712251663208,-0.5948587656021118,-6.8714919090271,-4.442644119262695,2.6589577198028564,8.316895484924316,3.1302976608276367,6.055721759796143,6.498604774475098,7.601613521575928,2.977086305618286,15.43798542022705,7.076027870178223,5.01335334777832,0.6257389187812805,5.538577079772949,1.874816417694092,8.334698677062988,-2.709578514099121,1.725676655769348,-1.7777007818222046,4.356833934783936,-1.1875267028808594,-1.6598179340362549,-5.065022945404053,2.8375496864318848,-0.64747554063797,0.6209612488746643,-2.267328977584839,2.3284738063812256,-2.7819082736968994,3.529468774795532,0.3052226305007934,0.6510202884674072
9,-263.7123718261719,62.04460525512695,-57.69535827636719,34.51774978637695,-9.374497413635254,17.702383041381836,-10.02430820465088,-1.5396462678909302,-9.396611213684082,-7.136852741241455,4.609890937805176,1.3219335079193115,-4.9293742179870605,3.149761199951172,10.1865816116333,12.491199493408203,5.504146099090576,11.79912281036377,3.0272562503814697,7.352725982666016,5.41466236114502,5.044598579406738,0.8282711505889893,9.314541816711426,0.0258030537515878,4.069478511810303,-1.6691068410873413,5.483901023864746,-0.2679573595523834,0.067570149898529,-3.8096444606781006,3.5351033210754395,-1.700265645980835,0.9472919702529908,-0.8182821273803711,1.1195067167282104,-3.5115554332733154,3.3189733028411865,-1.7200366258621216,0.3207993805408478
8,-421.6165161132813,83.70032501220703,20.63329315185547,25.71051979064941,6.681078910827637,-6.989336013793945,0.2092173099517822,7.374070167541504,-0.0372849851846694,9.115928649902344,7.6133036613464355,-1.536918878555298,6.497845649719238,3.521486759185791,6.96373462677002,7.773457050323486,3.599748373031616,4.927265644073486,0.7316228747367859,6.151197910308838,3.804668426513672,7.066401958465576,5.634867191314697,0.2992298305034637,-1.0702506303787231,3.556101560592652,2.2410359382629395,2.106966495513916,0.8900907039642334,4.145425796508789,-0.7609423995018005,1.6423789262771606,0.3110367357730865,-0.432816743850708,0.6787914037704468,0.3828804194927215,0.6298308372497559,0.9653858542442322,1.0595003366470337,1.6876429319381714
8,-438.10260009765625,89.47718048095703,7.514164447784424,28.565406799316406,7.6907639503479,-10.71983528137207,9.936297416687012,9.168702125549316,0.9874866604804992,6.904514789581299,8.564038276672363,-0.0479661785066127,4.770100593566895,4.107007026672363,5.453091621398926,6.65836763381958,2.013792037963867,7.626958847045898,-0.3656487464904785,4.478493690490723,3.918668031692505,7.107515811920166,3.1340036392211914,4.191774845123291,0.1642810553312301,4.437342166900635,0.1791396737098693,3.845498561859131,-1.953163504600525,4.4357218742370605,1.5573391914367676,2.465740442276001,-0.1649227142333984,0.9083021879196168,0.8345022797584534,1.314214110374451,0.5816579461097717,0.627061665058136,1.9722543954849243,2.098217487335205
10,-262.7501220703125,61.22346115112305,-68.83509063720703,12.178339004516602,-0.1778565645217895,11.663991928100586,-7.18928337097168,-6.484569549560547,-7.672015190124512,2.621175765991211,-0.7712664008140564,7.243302345275879,6.122847080230713,8.004501342773438,5.926224708557129,8.42915153503418,-0.3984844088554382,10.95973014831543,5.0865654945373535,8.08079719543457,5.746182918548584,8.41659927368164,6.538510322570801,9.510860443115234,4.205043315887451,6.504993915557861,0.2346738874912262,1.0401519536972046,-2.2069203853607178,3.5409183502197266,-2.247985601425171,-1.3887020349502563,-1.0408716201782229,5.39537525177002,0.8092095851898193,2.986547946929932,0.1842483133077621,2.010850191116333,-1.2012639045715332,2.8466501235961914
7,-314.5921325683594,82.94158172607422,-19.89508438110352,25.668109893798828,-19.96786880493164,-13.658942222595217,-2.051885843276977,-3.826006412506104,0.7254180908203125,-4.659361362457275,4.130404949188232,-1.5564343929290771,-4.191275119781494,8.4630708694458,5.74586296081543,15.804902076721191,11.417801856994627,9.982792854309082,6.803325653076172,2.703449487686157,-1.5176818370819092,6.8424835205078125,1.1664488315582275,4.3811140060424805,-0.6648474931716919,3.176215171813965,2.0534298419952397,2.9724836349487305,-1.4680334329605105,3.5094265937805176,0.4935243725776672,3.0063507556915283,-0.8804371356964111,2.929496049880981,-0.1959602087736129,2.985591411590576,-0.9466540217399596,2.839266300201416,-0.6355786919593811,0.8559637069702148
7,-364.99517822265625,94.45636749267578,1.943892478942871,35.38991165161133,-16.238937377929688,-18.924297332763672,-3.426004648208618,-9.85802173614502,-5.343783378601074,-3.997070074081421,4.371310234069824,0.4480132162570953,-6.616549015045166,4.2204270362854,-1.3130240440368652,7.131959438323975,5.898709774017334,7.810558319091797,7.524803638458252,6.306780815124512,-0.422514796257019,5.948766231536865,1.2336972951889038,6.124137878417969,4.261384963989258,6.175328731536865,0.3988851308822632,2.6315062046051025,-0.7574124932289124,2.9999587535858154,-1.451064109802246,1.6680054664611816,-1.050543189048767,2.8138911724090576,-0.2730099260807037,3.5868582725524902,-0.5888268947601318,4.083561897277832,-3.473369598388672,1.0067298412322998
7,-353.4857177734375,94.98575592041016,-5.599966526031494,38.70164489746094,-18.110475540161133,-18.459386825561523,-2.9045844078063965,-12.738696098327637,-9.545258522033691,-8.541182518005371,1.471232771873474,-0.9575805068016052,-6.226729869842529,2.7772791385650635,0.3945061266422272,7.101949214935303,6.065338134765625,8.091629028320312,6.392578125,9.789629936218262,1.0744669437408447,6.148515224456787,3.4260928630828857,6.226801872253418,4.961037635803223,9.443618774414062,1.500846028327942,3.974722862243652,-0.2811451256275177,3.407723426818848,-1.0643274784088137,1.5280849933624268,0.8441874980926514,4.095860958099365,1.1325887441635132,2.8277487754821777,0.1494063884019851,3.160226345062256,-2.2752161026000977,1.560505747795105
7,-360.5528259277344,91.38196563720705,-12.70803165435791,31.32023429870605,-11.108497619628906,-7.800517559051514,0.019476918503642,-1.729048728942871,-1.2865508794784546,-6.481230735778809,1.1444754600524902,2.317079305648804,-4.802429676055908,3.7687509059906006,0.5205397605895996,9.06763744354248,5.977431297302246,6.758403778076172,5.882086753845215,9.111536026000977,-0.7281574606895447,4.271153926849365,2.2450437545776367,1.94342041015625,-0.5106519460678101,5.700011253356934,1.4097033739089966,4.088152885437012,0.7869364023208618,3.7122316360473633,-0.4908890426158905,2.748653650283813,1.4325602054595947,4.548355102539063,1.2953848838806152,1.8969998359680176,-0.3236523568630218,1.7493098974227903,-0.4200716316699981,2.0926401615142822
7,-347.3759460449219,83.56427001953125,-18.75146102905273,26.30997085571289,-10.51327896118164,-8.71259593963623,0.2666604816913605,4.18028450012207,2.8327226638793945,-6.450582504272461,2.1764731407165527,-0.9855507016181946,-6.8080878257751465,3.99408769607544,-1.2151058912277222,9.77454662322998,7.496589660644531,6.486224174499512,9.504737854003906,10.52739143371582,1.3451578617095947,6.608232021331787,3.191657543182373,1.4518229961395264,-0.6746947169303894,3.2022666931152344,1.1209179162979126,3.246039390563965,-1.0928817987442017,3.518601179122925,0.566048264503479,2.001199960708618,-0.0205940958112478,2.693084239959717,-0.0603505596518516,0.8211121559143066,-0.2813960611820221,2.830322504043579,0.8101099133491516,1.3736553192138672
7,-324.4848327636719,84.13217163085938,-5.745855331420898,32.05295181274414,-8.762728691101074,-12.578606605529783,-6.195627689361572,-5.1973490715026855,-2.1441802978515625,-5.44266414642334,-0.0565847046673297,-4.748425006866455,-6.007249355316162,4.664845943450928,-1.5506187677383425,6.582127094268799,6.632001876831055,8.758278846740723,6.915704250335693,5.290539264678955,-1.01886785030365,8.572733879089355,3.142221450805664,8.110641479492188,5.048027038574219,5.052756309509277,0.7539561986923218,5.419012546539307,-1.185009241104126,3.664732217788696,0.171940803527832,-0.0947648882865905,-0.8922099471092224,2.417647361755371,-2.4559450149536133,0.4741730093955993,-0.969890594482422,1.1431351900100708,-0.8876702785491943,1.0615453720092771
5,-463.9472961425781,85.86471557617188,18.857166290283203,34.48331069946289,16.982257843017578,-2.413116455078125,5.1102447509765625,2.452338457107544,-5.962055206298828,2.8231041431427,4.166410446166992,8.815659523010254,-2.6513350009918213,4.89506196975708,6.468349456787109,7.473530292510986,10.886743545532228,10.431331634521484,8.115180969238281,7.893086433410644,6.689143180847168,4.32469654083252,2.2151949405670166,4.960163116455078,-0.4555499255657196,0.7710976004600525,2.116840124130249,-0.9095945954322816,0.6467971205711365,3.2251908779144287,3.080557346343994,0.6870225667953491,0.2738101184368133,1.1788913011550903,1.1845623254776,2.3109614849090576,1.637817144393921,2.9421393871307373,2.761247396469116,2.543687343597412
8,-390.8019714355469,82.97600555419922,-10.682555198669434,44.2614631652832,-9.85133934020996,-15.804906845092772,2.325425148010254,-14.720163345336914,-9.833247184753418,-8.212454795837402,9.281176567077637,3.220811367034912,-2.914684534072876,3.717289924621582,-3.5724892616271973,6.174340724945068,8.357787132263184,10.415550231933594,12.676335334777832,8.516268730163574,3.352303504943848,7.260293960571289,1.9191066026687624,6.811226844787598,-1.0167016983032229,6.631173610687256,0.9856157898902892,2.6985392570495605,-2.682069063186645,1.0874794721603394,-2.067103624343872,2.6686222553253174,-1.406383752822876,2.898616075515747,0.4673879444599151,4.268133640289307,-0.2224133163690567,5.575542449951172,-0.9625020623207092,3.531178951263428
7,-408.7154235839844,87.39620971679688,8.245240211486816,30.13739776611328,6.094249725341797,-4.411025524139404,-5.565467834472656,-6.242887020111084,-12.94101333618164,-5.099217891693115,-0.3869506120681762,-1.9308550357818604,-0.2517811357975006,5.174643039703369,3.62116289138794,6.032947063446045,3.643203020095825,5.415067195892334,5.609729290008545,5.923244476318359,2.4260811805725098,3.179945707321167,3.7898762226104736,6.036624908447266,4.735546588897705,8.240978240966797,2.0228030681610107,3.684044122695923,3.293568849563598,1.481766700744629,-1.9462928771972656,1.7325150966644287,1.5069191455841064,1.3825942277908323,0.4542468786239624,2.184168577194214,1.5908976793289185,0.5872118473052979,-0.2474825978279113,0.9862064719200134
5,-328.7080383300781,65.22212982177734,0.8490978479385376,30.4056453704834,2.397660732269287,-5.579112529754639,-4.850658893585205,-1.1942256689071655,0.2604641020298004,4.481470108032227,1.2036807537078855,10.442008018493652,-2.329741954803467,6.542236328125,2.0377352237701416,7.074463844299316,-1.2969049215316772,8.899460792541504,-1.6110368967056274,9.310611724853516,5.7156500816345215,2.3237876892089844,1.6244436502456665,7.265836238861084,-0.9523674249649048,0.8715111613273621,-2.530319929122925,1.6161116361618042,-0.2757603228092193,0.7122225165367126,-0.4812309443950653,2.5954811573028564,-1.7638925313949585,0.9392175078392028,-0.1359330713748932,3.985079050064087,1.4576871395111084,2.7411751747131348,0.7199112772941589,1.4047449827194214
10,-372.3444213867188,102.07872009277344,10.238055229187012,29.90124893188477,-10.742085456848145,-19.003646850585938,-5.224161148071289,-2.771669864654541,1.992493748664856,-13.746870040893556,16.857973098754883,-3.298969268798828,-4.949371337890625,14.823359489440918,4.004156589508057,7.626215934753418,9.523681640625,4.602411270141602,3.5103907585144043,5.711008548736572,4.065005779266357,7.264643669128418,-1.594398856163025,-3.28671669960022,1.7226051092147827,3.5179548263549805,-0.3805970549583435,2.668424129486084,-2.630409002304077,4.407777786254883,4.195638179779053,0.5540722012519836,-0.6267321109771729,2.098203659057617,1.8798015117645264,3.4694764614105225,-0.3953967988491058,4.532304763793945,-0.1422021090984344,1.7964529991149902
10,-419.9330749511719,89.6033935546875,23.78080177307129,28.998516082763672,-0.7725392580032349,-4.784512996673584,2.3832406997680664,-2.7586605548858643,2.808072566986084,-5.005825519561768,7.874555587768555,-0.1081061363220214,-2.0507795810699463,8.341187477111816,-0.0936338379979133,3.298980474472046,4.3008904457092285,2.372704267501831,3.883865594863892,6.716036796569824,7.359473705291748,7.028417587280273,1.530550241470337,1.1008654832839966,1.867005467414856,3.566801786422729,0.5351827144622803,2.058290719985962,-0.8831257224082947,1.5256513357162476,0.8609966039657593,1.1211341619491575,-1.8320469856262207,2.133084535598755,0.6237950325012207,1.9308347702026367,-0.4616523683071136,3.5656633377075195,0.778279185295105,2.530317544937134
10,-483.52783203125,87.61029815673828,20.04261589050293,27.85869407653809,6.508901119232178,5.744012832641602,9.910258293151855,4.699612617492676,4.2154083251953125,4.56900691986084,4.781097412109375,2.26072359085083,0.1730071008205413,7.395713806152344,2.8285257816314697,6.219586849212647,5.142541408538818,2.5466036796569824,3.4650983810424805,5.26437520980835,4.385608673095703,4.947072982788086,1.959095478057861,1.2224336862564087,0.1015563234686851,2.296972274780273,-0.3520377278327942,2.465003728866577,0.3228521049022674,3.2224607467651367,0.9327330589294434,1.9783008098602293,0.1582516282796859,1.009233474731445,0.9584442377090454,1.7884536981582642,-0.5898985862731934,2.2545924186706543,0.570830225944519,2.3871428966522217
5,-323.0174865722656,82.93990325927734,5.372564315795898,31.995399475097656,8.338607788085938,0.8868765234947205,-5.636825084686279,-8.915498733520508,-5.890305995941162,-6.623309135437012,0.6374139785766602,2.932454824447632,-6.691554546356201,5.321711540222168,4.768679618835449,9.649423599243164,5.978634834289551,5.23330545425415,2.930586338043213,8.319108009338379,8.269128799438477,8.452595710754395,-1.7644402980804443,2.657963991165161,2.710329294204712,1.7162175178527832,1.302800178527832,2.8425581455230717,0.2896265387535095,0.5775236487388611,-4.543869018554688,-1.5125038623809814,-2.1321117877960205,0.4324323534965515,-3.592076301574707,-1.680000066757202,-0.0583444237709045,0.9285812973976136,-3.142652988433838,4.383418083190918
5,-347.65460205078125,83.33807373046875,20.061389923095703,36.73583221435547,13.725591659545898,-1.0250471830368042,-5.917596340179443,-8.432604789733887,-10.012197494506836,-3.2417125701904297,3.642164945602417,3.786156892776489,-6.638061046600342,2.0780086517333984,1.994105339050293,6.598063945770264,6.201918601989746,6.851191520690918,4.231694221496582,7.452289581298828,6.77586841583252,7.825857162475586,1.5006139278411863,5.096766471862793,3.871363639831543,2.761116981506348,0.5030758380889893,2.788365602493286,-2.392634391784668,-0.7568753361701965,-2.0882225036621094,0.2505708634853363,-1.7787744998931885,0.1567945480346679,-3.020514965057373,-0.0196178629994392,-0.4176087081432342,2.185922622680664,-1.174981951713562,3.1220645904541016
5,-366.7773132324219,86.80191040039062,20.582563400268555,38.01837539672852,13.204618453979492,-0.7951240539550781,-4.917247295379639,-6.319248676300049,-8.312699317932129,-4.336274147033691,3.558593988418579,6.8301262855529785,-5.412821292877197,1.926436424255371,-0.6876313090324402,6.172563552856445,5.268255710601807,9.051098823547363,3.119021415710449,6.399118900299072,2.321723222732544,4.530332088470459,1.2096006870269775,3.796961545944214,2.644170999526977,4.092740058898926,-1.1001149415969849,2.252772808074951,-2.264240503311157,-1.0136252641677856,-1.0269163846969604,1.7218985557556152,-1.9892115592956543,1.060539960861206,-1.0732988119125366,1.931816816329956,-0.9523984789848328,1.8566241264343264,-1.0366454124450684,3.97263503074646
5,-370.2266845703125,80.72349548339844,12.842066764831545,30.24691200256348,13.949944496154783,4.86786699295044,-5.658970355987549,-6.061416149139404,-5.148826122283936,-3.005683422088623,6.1517510414123535,9.941320419311523,-4.00887393951416,1.1885823011398315,0.9619494080543518,6.019791126251221,0.8525323867797852,7.2440595626831055,2.168917417526245,5.989887237548828,1.854839563369751,4.704410076141357,-0.3199585378170013,-0.3728382885456085,1.692789912223816,3.49953293800354,-2.1950013637542725,2.480010747909546,-2.7552313804626465,-1.2197449207305908,-0.3300096094608307,1.3303831815719604,-1.9352233409881592,0.081418938934803,-1.1749680042266846,1.6461788415908811,0.048601072281599,2.2766730785369877,0.2470914423465728,3.937623500823975
5,-389.201416015625,82.24951171875,16.693370819091797,29.712120056152344,14.659649848937988,2.100015163421631,-2.1114702224731445,-7.238707542419434,-10.522881507873535,-1.5594288110733032,7.678776741027832,4.940009117126465,-7.830158710479736,-1.1011162996292114,-0.2823923826217651,6.542198181152344,2.032520532608032,8.521310806274414,5.884059429168701,7.537644386291504,7.562720775604248,7.775363922119141,1.4706928730010986,2.2993297576904297,2.649030923843384,3.3591926097869877,-2.362130641937256,0.4453534781932831,-2.0386736392974854,-2.0124590396881104,0.1555196791887283,-0.0852672383189201,-1.3898042440414429,0.1226530596613884,-1.7386841773986816,1.1493573188781738,0.1895328760147094,2.359574317932129,0.1357862055301666,1.8262237310409544
10,-348.4342956542969,54.161617279052734,17.946882247924805,28.68400764465332,2.059792995452881,-24.59321594238281,8.434026718139648,-6.242510795593262,-19.49961280822754,12.616552352905272,0.2081411629915237,-4.816302299499512,-1.7427178621292114,24.158432006835938,-3.746590614318848,15.3222074508667,-3.064589500427246,7.04181432723999,9.20211696624756,8.096156120300293,5.957853317260742,4.76373815536499,4.515093803405762,7.631638050079346,8.22220516204834,0.908239722251892,2.100234270095825,6.65265703201294,-3.8448102474212646,6.56381893157959,-1.042648434638977,3.234905958175659,1.634070873260498,6.261886596679688,2.2622263431549072,5.019834041595459,5.42500114440918,4.9058098793029785,1.2880265712738037,3.3872733116149902
10,-457.2615966796875,95.22750854492188,-70.86161041259766,-69.49079132080078,-30.34966278076172,-25.74432182312012,-45.282012939453125,-13.245503425598145,-1.8264836072921755,7.089114189147949,11.717528343200684,16.420616149902344,16.366138458251953,12.617146492004396,14.860527992248535,11.313726425170898,-1.4943861961364746,-2.1470460891723637,-4.294730186462402,-0.6270720362663269,2.740262746810913,-2.4652259349823,-8.43814754486084,-7.644831657409668,-2.5898513793945312,-1.4938193559646606,-2.121129274368286,-1.8765881061553955,4.587282180786133,9.336337089538574,5.245995044708252,2.7788517475128174,1.8493638038635252,0.6781306862831116,0.8239920735359192,-0.1861648708581924,-0.4278892576694488,-2.4782934188842773,-5.478460788726807,-4.174752235412598
10,-517.8854370117188,88.27440643310547,-62.64971923828125,-61.67174530029297,-32.494659423828125,-25.50883102416992,-40.9951286315918,-14.44930362701416,-5.380332946777344,4.284208297729492,8.72777271270752,14.774622917175291,14.630659103393556,13.862343788146973,14.81266975402832,11.561655044555664,0.4676931202411651,-2.6656508445739746,-4.5588250160217285,0.1705382913351059,0.6295148134231567,-4.68874979019165,-8.639809608459473,-5.830829620361328,-2.0788161754608154,-0.9284384250640868,-2.079850673675537,-0.7609157562255859,4.227984428405762,8.833476066589355,5.404911518096924,2.048882007598877,0.8824400901794434,1.4783340692520142,1.2298531532287598,0.4614996016025543,-0.9265778660774232,-2.920459270477295,-4.949522972106934,-3.4105796813964844
10,-451.5173950195313,93.56450653076172,-67.71913146972656,-68.0581283569336,-31.920146942138672,-22.025936126708984,-44.44773864746094,-12.342034339904783,-3.0169899463653564,6.8146562576293945,13.015884399414062,17.359966278076172,17.692190170288086,10.424419403076172,11.784709930419922,11.440814971923828,-1.2642065286636353,-0.7109882831573486,-3.5549256801605225,-1.3358423709869385,2.2976608276367188,-2.7474520206451416,-7.597640514373779,-5.22699499130249,-2.122477769851685,-2.5272233486175537,-1.5538386106491089,-0.7831366062164307,3.7770297527313232,6.960166931152344,3.933051824569702,3.611381053924561,1.623571515083313,0.378989964723587,-0.0164459757506847,-0.5128700137138367,0.5008808374404907,-1.7257113456726074,-3.604706048965454,-3.1204283237457275
10,-536.6797485351562,96.6498031616211,-69.5642318725586,-65.2863540649414,-34.09158706665039,-25.92524528503418,-43.2051887512207,-16.244314193725586,-7.438191413879394,2.5921850204467773,7.3177385330200195,14.830504417419434,15.018539428710938,13.911581993103027,16.749622344970703,12.654373168945312,-0.9943845272064208,-1.9956897497177124,-4.209654808044434,-0.6994880437850952,1.1086641550064087,-4.150628089904785,-9.137398719787598,-5.949399471282959,-1.556759476661682,-1.6860933303833008,-2.5263895988464355,-0.3352214097976684,5.018434524536133,8.0833101272583,4.150554180145264,3.0123071670532227,1.161434531211853,1.1865973472595217,0.7617871761322021,-0.4145786464214325,-0.9367806315422058,-2.524656295776367,-4.507441997528076,-2.5179810523986816
8,-147.622802734375,164.39183044433594,-31.12803649902344,-16.123613357543945,-20.56867218017578,10.133258819580078,-11.14386749267578,-0.9823179841041564,-2.9303081035614014,-0.3381776809692383,4.622444152832031,7.504107475280762,5.406523704528809,10.39053726196289,7.312663555145264,7.946271419525146,-3.7425904273986816,2.2002716064453125,-2.808481454849243,-2.0363147258758545,-7.362929821014404,-4.051987648010254,-4.153809070587158,-0.6061736345291138,0.4164672493934631,0.7937384843826294,-2.0325093269348145,3.0746569633483887,-0.475831925868988,0.770239531993866,-2.0824167728424072,0.1178848147392273,-1.7480531930923462,0.7279072999954224,-2.569323301315308,-0.8731270432472229,-2.126737117767334,-1.1931395530700684,-2.976741313934326,1.483702540397644
8,-140.7659912109375,144.1859588623047,-18.25291633605957,13.62277889251709,-9.722211837768556,17.405784606933594,0.3859707713127136,8.617774963378906,-4.817554473876953,2.8173341751098637,-3.66145133972168,3.1389048099517822,-2.544734477996826,5.2894463539123535,0.1029223427176475,-0.1169483885169029,-5.887337684631348,-1.4959514141082764,-3.876467704772949,-1.5223431587219238,-9.381367683410645,-5.630499362945557,-5.600129127502441,-2.186532974243164,-4.724910736083984,-1.6217975616455078,-5.230495929718018,0.6023181676864624,-4.581379413604736,-1.0542454719543457,-4.528910160064697,-0.2509396076202392,-1.98661208152771,2.058255672454834,-3.707232236862183,-1.2159286737442017,-3.949216365814209,-1.1550859212875366,-4.477412700653076,-0.1425280570983886
8,-158.10813903808594,149.8470458984375,-40.21857070922852,-13.18647575378418,-23.11223602294922,10.261817932128906,-13.736666679382324,-3.8393592834472656,-4.898762226104736,-6.860456466674805,1.6707240343093872,5.713717460632324,3.0916643142700195,11.200315475463867,5.5684919357299805,2.5147292613983154,-3.5921566486358643,2.857397079467773,-3.324909448623657,-4.633983135223389,-12.640563011169434,-4.7036213874816895,-1.3590562343597412,0.0958476886153221,1.4623478651046753,0.962981104850769,-3.139694929122925,1.8340685367584229,0.2740694880485534,-1.0585771799087524,-4.071545124053955,-1.2299330234527588,-0.0640649497509002,1.6149479150772097,-1.802505373954773,-0.1677072048187255,-3.082954168319702,-2.5494933128356934,-5.4345011711120605,1.7809752225875854
8,-124.33838653564452,167.75692749023438,-27.66294479370117,-16.05353546142578,-35.77325820922852,4.515616893768311,-24.136960983276367,1.3825063705444336,-7.087884426116943,1.0346369743347168,1.2825671434402466,2.455627679824829,-5.6516594886779785,4.791224002838135,9.028367042541504,8.856237411499023,0.2315505743026733,0.5503817796707153,-0.6556400060653687,-2.483455181121826,-12.251715660095217,-4.053696632385254,-5.542539596557617,-3.4834389686584477,0.8735572099685669,1.4004080295562744,-6.1716628074646,2.805276393890381,-2.0440423488616943,-1.4770485162734983,-0.636471152305603,-4.633659362792969,-2.0025320053100586,3.034442901611328,-4.133971214294434,-0.1976447850465774,-1.7559380531311035,-0.7719079852104187,-3.6538496017456055,-1.250320553779602
7,-303.6203918457031,148.64381408691406,-16.858095169067383,-10.804930686950684,-13.010854721069336,15.789717674255373,-10.279556274414062,3.212923765182495,3.016047716140747,5.192364692687988,4.940016746520996,4.796430587768555,-2.327571392059326,-3.896481513977051,-5.870156764984131,0.0367610305547714,-3.584025382995605,-1.2941702604293823,0.266957551240921,-0.1751844137907028,-0.8916021585464478,-3.57767105102539,-3.929903507232666,0.1587875038385391,-4.4937005043029785,-1.70429527759552,-3.616853713989258,-2.916379928588867,-1.401152491569519,-2.979424476623535,-1.6630998849868774,-3.3848302364349365,-2.1208736896514893,-1.5258866548538208,-2.8644778728485107,-1.2282296419143677,-3.301095962524414,-1.2019002437591553,-1.3223905563354492,0.2170947790145874
7,-322.680419921875,138.672119140625,-17.47852325439453,-3.342031478881836,-14.698651313781738,14.518534660339355,-9.197378158569336,6.655796527862549,1.9965953826904297,6.068545818328857,1.752802491188049,4.746475696563721,-4.155679702758789,-1.2374509572982788,-5.543130874633789,0.3356806635856628,-3.4479458332061768,0.7003217339515686,-2.60184907913208,1.2564071416854858,-1.655419111251831,-2.1155574321746826,-4.932887554168701,-0.09824900329113,-3.464164972305298,-0.1582125425338745,-4.298019886016846,-1.205622673034668,-2.055107593536377,-0.3469951450824737,-1.5974279642105105,-1.637948989868164,-2.8477783203125,-0.0223940871655941,-2.914985656738281,-0.4699339270591736,-1.4035269021987915,-0.2528067529201507,-1.1046220064163208,0.662125289440155
7,-320.8876342773437,140.01673889160156,-17.72728729248047,-2.332680940628052,-15.407235145568848,13.837357521057127,-7.716361999511719,7.773306369781494,-0.9962876439094543,7.2446980476379395,2.659498929977417,3.682997226715088,-3.282731056213379,0.5541897416114807,-3.101242780685425,-1.558577537536621,-3.7214436531066895,-0.1650672405958175,-1.753040432929993,0.2217680215835571,-3.202897787094116,-1.849076271057129,-3.8339040279388423,0.2987976372241974,-4.528284549713135,-0.2463827133178711,-3.4651403427124023,-0.9497044682502748,-2.137054204940796,-2.0385851860046387,-1.365046501159668,-2.260636329650879,-2.4046669006347656,-0.3131017982959747,-2.7376046180725098,-0.6111646890640259,-1.7331308126449585,0.330853134393692,-2.587590217590332,-0.8831559419631958
7,-275.9507751464844,133.4002685546875,-30.72758674621582,-0.0996448323130607,-10.791516304016112,10.402857780456545,-13.025919914245604,12.353960037231444,3.110980272293091,4.88677453994751,-1.8481199741363523,5.335290431976318,-6.5085930824279785,0.906776487827301,-4.218479156494141,2.018778085708618,-5.820460319519043,1.2094340324401855,0.5208898782730103,-2.186933279037476,-5.5885910987854,-0.3893746137619018,-4.448953628540039,0.0019513168372213,-6.302171230316162,0.1622333824634552,-4.028071403503418,-1.290791392326355,-3.1646862030029297,-2.373464345932007,-5.400981426239014,-0.398563802242279,-2.1568167209625244,-1.1810498237609863,-3.886834383010864,-0.6782233119010925,-2.8284311294555664,-1.4808822870254517,-2.758136034011841,0.733299732208252
5,-318.62762451171875,88.95658874511719,-46.13688278198242,-37.5178108215332,8.426695823669434,13.662264823913574,6.512091159820557,18.06568145751953,11.252679824829102,2.6093077659606934,-1.2642029523849487,7.054867267608643,1.2892097234725952,3.8691751956939697,6.686392784118652,9.76811981201172,7.497622013092041,4.215165138244629,5.231175899505615,2.0321314334869385,1.0623047351837158,4.356563568115234,3.8648581504821777,4.527113914489746,2.6237680912017822,5.470056056976318,1.774600863456726,4.876670837402344,1.3293863534927368,3.5306458473205566,1.5343503952026367,5.0296125411987305,2.8828766345977783,3.9192206859588623,0.420514851808548,0.0266602039337158,-1.8595706224441528,-0.8069524168968201,-0.7284826040267944,-0.323479950428009
5,-287.0234069824219,83.44031524658203,-56.53995132446289,-50.67958450317383,4.5717058181762695,12.662732124328612,11.232133865356444,18.122690200805664,4.426703929901123,-4.585076808929443,-2.241799116134644,9.170398712158203,0.479441225528717,2.113595962524414,8.648659706115723,9.010212898254396,2.3325772285461426,3.328770399093628,7.1868085861206055,1.013241410255432,0.6325536966323853,4.336789608001709,1.755458950996399,3.0518686771392822,3.682687997817993,4.553623199462891,-1.3786505460739136,3.2170522212982178,0.2715388536453247,6.629063129425049,5.120411396026611,8.066699028015137,0.2786371111869812,-1.9378962516784668,-2.63767147064209,1.5565712451934814,1.498315691947937,2.973395109176636,3.839393615722656,3.463550806045532
10,-410.6467590332031,80.60795593261719,-17.48836326599121,26.15069580078125,18.95756721496582,20.76694107055664,23.116724014282227,4.069591999053955,10.203978538513184,11.302998542785645,5.085577487945557,13.235057830810549,-3.111682653427124,10.744956970214844,4.479238986968994,5.957291603088379,2.8769214153289795,5.87498140335083,0.4411110281944275,0.7158827781677246,-0.5634205341339111,7.019476413726807,-3.905107736587525,5.03724479675293,-2.527693271636963,3.2127981185913086,-1.2041804790496826,1.9957125186920168,-1.3674864768981934,1.4845843315124512,-2.4774932861328125,1.645125150680542,-2.222007751464844,1.7285491228103638,-1.902726173400879,1.0231993198394775,-2.913330316543579,1.2683162689208984,-3.2551448345184326,1.2330378293991089
10,-410.1487426757813,89.13782501220703,-20.52541160583496,31.8925838470459,19.94914054870605,24.540563583374023,24.59013938903809,3.4318971633911133,13.416027069091797,8.154045104980469,10.147769927978516,9.230077743530272,-3.4315590858459477,9.58611011505127,3.0931787490844727,3.288999080657959,-0.2508836090564728,7.485467433929443,-0.5735861659049988,1.7718793153762815,-2.4727282524108887,6.761023044586182,-3.668169736862183,5.939156532287598,-1.8258177042007449,3.600008010864258,-0.1047740578651428,2.4550411701202397,-0.2421274185180664,2.8453691005706787,1.097314953804016,2.0181150436401367,-0.7869099378585815,2.103369951248169,-1.3909690380096436,2.268181085586548,-1.3294434547424316,2.3569726943969727,-2.650458335876465,2.376351833343506
10,-412.66595458984375,86.62921142578125,-23.45613670349121,35.7148323059082,14.261603355407717,23.57342338562012,23.54571914672852,2.2421183586120605,12.524520874023438,8.482891082763672,7.558143615722656,10.85633373260498,-0.5224424600601196,9.53994846343994,2.8690826892852783,4.892882823944092,0.6473672389984131,5.059360027313232,-0.5784142017364502,1.9863821268081665,-3.232675075531006,5.950195789337158,-3.302114963531494,6.753729820251465,-1.1277196407318115,5.367325305938721,0.0604551248252391,3.12007212638855,-0.6942865252494812,2.4371321201324463,0.3262213468551636,2.6880805492401123,-1.0216995477676392,2.640244007110596,-1.0638772249221802,2.337517738342285,-1.4371742010116575,2.522017002105713,-1.693268895149231,1.10673987865448
10,-450.1728820800781,94.90394592285156,-30.08283233642578,50.82724380493164,14.174711227416992,14.247187614440918,23.6396484375,10.557498931884766,18.45045280456543,8.557007789611816,2.5545833110809326,15.383953094482422,-1.5984365940093994,7.93825626373291,-1.79755437374115,10.10673713684082,0.8721615076065063,5.185233116149902,3.374504566192627,7.270720958709717,0.3905986249446869,4.223781108856201,-3.0621912479400635,4.167081356048584,-2.569157838821411,4.093640327453613,-3.4895145893096924,1.5523406267166138,-0.7846832275390625,2.3552675247192383,-2.0459487438201904,1.2408828735351562,-1.911494731903076,1.2801786661148071,-2.3093886375427246,1.7814719676971436,-2.633380889892578,1.8019779920578003,-2.3158397674560547,2.0421066284179688
10,-405.9821166992188,89.41384887695312,-26.286775588989254,28.67528533935547,9.296624183654783,14.925469398498535,22.375581741333008,-0.8007327318191528,15.428628921508787,8.860908508300781,5.024802684783936,13.020626068115234,1.762989521026611,15.234824180603027,3.572305202484131,8.40134334564209,0.6237629652023315,5.246825218200684,1.08575439453125,2.859519720077514,-1.6569198369979858,6.270385265350342,0.5882996320724487,7.030648231506348,-0.7651732563972473,5.792315483093262,-0.2240623980760574,3.3096725940704346,-0.2624555230140686,1.7868798971176147,-1.1046103239059448,1.1985560655593872,-2.356420516967773,1.929764032363892,-2.79642105102539,1.7864990234375,-3.954054355621338,2.088498830795288,-1.465484857559204,1.3438929319381714
10,-364.4586486816406,77.97659301757812,-27.585302352905277,31.116539001464844,10.207315444946287,5.362326145172119,14.957446098327637,0.1631801575422287,11.686806678771973,10.593520164489746,-0.4155197441577911,19.054786682128903,-4.4380645751953125,8.485942840576172,5.584591388702393,0.8060641288757324,-0.521516740322113,5.419140815734863,1.5811492204666138,3.4922454357147217,-1.6404945850372314,7.054718494415283,-2.8721461296081543,5.010740280151367,-1.2755072116851809,5.793972969055176,-0.76357501745224,0.9593095779418944,-0.1123673096299171,2.462624311447144,-2.6883039474487305,1.959095478057861,-1.9770816564559937,3.3875558376312256,-2.4620044231414795,1.9682109355926516,-0.3638266026973724,0.2086791098117828,-2.2114741802215576,1.7475035190582275
10,-383.4058837890625,104.76960754394533,-36.05260467529297,28.5765323638916,5.291074275970459,20.90066719055176,22.35762596130371,2.725600242614746,16.632646560668945,7.157526969909668,0.4973474442958832,13.633403778076172,7.831911087036133,16.96622085571289,0.5528877377510071,-0.7785184383392334,-0.0350694619119167,10.084824562072754,6.234448432922363,3.4388113021850586,-8.816824913024902,2.5076847076416016,-2.5110182762146,7.297244548797607,2.5877444744110107,6.836040496826172,-0.4734944105148315,0.6634989976882935,-0.1312573403120041,2.356617212295532,0.3596714437007904,2.2236783504486084,-4.439514636993408,1.8371970653533936,-1.9082874059677124,3.210325002670288,-0.549946129322052,1.7341853380203247,-0.7344042062759399,1.289062738418579
10,-405.6296081542969,93.76380157470705,-29.11027336120605,35.715938568115234,9.460326194763184,10.926382064819336,20.132198333740234,-2.418896198272705,15.959081649780272,6.478955268859863,-0.4848297536373138,12.54788303375244,-7.036626815795898,8.514930725097656,-0.9621334075927734,8.142827987670898,4.541159152984619,8.2299222946167,3.481070041656494,4.655594348907471,2.360955715179444,8.357254028320312,-1.4503474235534668,4.756906986236572,-2.744425058364868,2.7309978008270264,-2.0809192657470703,1.6390491724014282,-2.1419427394866943,-0.3900973796844482,-2.1365439891815186,3.7439870834350586,-0.5748403072357178,2.223517417907715,-2.542022466659546,3.5178260803222656,-2.354630708694458,2.5221779346466064,-1.5363835096359253,1.2863930463790894
10,-378.6683044433594,103.02487182617188,-13.082555770874023,-9.726330757141112,-6.695736408233643,-13.639975547790527,1.0176695585250854,-5.288158893585205,-9.614362716674805,-5.9129319190979,-7.56283712387085,-0.3693724274635315,9.48420524597168,7.249255657196045,-6.632016658782959,-1.1750634908676147,0.1161938682198524,-4.69989824295044,-1.4228700399398804,-2.7552058696746826,-4.257701873779297,3.6433372497558594,5.551204681396484,4.374770641326904,3.773226976394653,0.613440215587616,-1.1699702739715576,-2.0867161750793457,-3.1939802169799805,-1.4229594469070437,0.9258438944816588,0.330849677324295,-3.574413537979126,0.2840480804443359,1.4557580947875977,1.687514066696167,-0.6457278728485107,-0.1166939735412597,-0.1470960676670074,0.0054630269296467
10,-469.3836669921875,91.28156280517578,5.288397312164307,0.6920580267906189,-1.3724148273468018,-3.931492328643799,2.802684545516968,-3.3909671306610107,-3.716711044311523,-1.102595329284668,-2.3054041862487797,5.68602466583252,6.951107501983643,-2.1723804473876958,-9.639622688293455,0.1489251554012298,-0.0256391316652297,-1.6887497901916504,-1.9387601613998413,-3.677687883377075,1.1240030527114868,7.938181400299072,4.559023857116699,0.7893516421318054,0.9684834480285645,-0.4609756469726562,-3.874814748764038,-4.121700763702393,-0.8218610286712646,0.7755487561225891,1.7246922254562378,-0.5857549905776978,-0.8352648615837097,3.2860584259033203,2.2485175132751465,0.3772280514240265,-1.71514093875885,-1.538341760635376,-0.086065836250782,-0.4412086904048919
10,-492.4912414550781,94.89378356933594,5.328710079193115,-0.5941634178161621,-0.5406060814857483,-3.05411696434021,3.1586289405822754,-4.381686210632324,-5.536723136901856,-0.5511387586593628,0.1539684832096099,7.615816593170166,4.666446685791016,-3.250462532043457,-5.779554843902588,1.2372488975524902,-1.092624545097351,-0.5671243667602539,-1.6124461889266968,-2.764092445373535,4.646048545837402,8.403194427490234,1.5054255723953247,0.0819983035326004,1.6550778150558472,-1.0445822477340698,-3.32731556892395,-3.8042147159576416,-1.0850682258605957,2.7284834384918213,1.6641113758087158,0.0969782471656799,0.3025388121604919,3.457801818847656,2.125652313232422,-0.9874942302703856,-2.695124387741089,-1.518998146057129,-0.5356931090354919,-0.3204319179058075
10,-499.5972595214844,75.99649810791016,9.215106010437012,0.659393310546875,-2.46707534790039,-4.2338385581970215,3.661319494247437,2.7496225833892822,2.5205953121185303,3.5892701148986816,-0.1522071659564972,2.580761432647705,1.4229395389556885,-0.0767686739563942,0.0118596069514751,1.9506467580795288,0.5840321183204651,0.7094380259513855,-0.7600672841072083,-1.8876194953918457,3.320299863815308,4.435467720031738,0.7022521495819092,1.0228272676467896,0.2546586692333221,-0.9233915209770204,-1.5167170763015747,-2.399806022644043,-0.377380907535553,2.8835244178771973,1.4321855306625366,0.6720272302627563,0.4291473627090454,2.2589571475982666,0.4008298516273498,-1.145114183425903,-2.3903160095214844,-1.6627751588821411,-0.7826481461524963,-0.5991668105125427
5,-201.37928771972656,65.53297424316406,-1.1160509586334229,13.705304145812988,-0.1636049151420593,6.628494739532471,1.3782503604888916,8.017186164855957,-1.5868151187896729,8.881414413452148,0.8378052711486816,8.588752746582031,1.3524752855300903,6.682077407836914,0.6707453727722168,3.000863075256348,-2.655461072921753,-1.5039341449737549,-3.8988382816314697,0.3295551240444183,-3.4341399669647217,1.1603856086730957,-3.6381356716156006,1.1584874391555786,-2.752148151397705,2.7779157161712646,-1.772382140159607,2.2469656467437744,-2.178171873092652,2.822267770767212,-1.580424189567566,2.753880023956299,-2.382070541381836,1.7129883766174316,-2.766273736953736,1.6908618211746216,-2.378382444381714,1.0003896951675415,-2.501424789428711,1.1500892639160156
5,-175.5972442626953,89.63920593261719,16.22025489807129,23.0888671875,8.543609619140625,11.20314121246338,4.840559482574463,9.668848991394045,-0.5186039209365845,8.639554977416992,0.0163000021129846,6.053583145141602,-0.6032912135124207,4.1426520347595215,-1.651509165763855,1.1524583101272583,-2.9491899013519287,-1.0705327987670898,-3.1384401321411133,0.8193237781524658,-2.698047876358032,2.371143579483032,-3.155101537704468,2.0844409465789795,-2.37607741355896,2.103726625442505,-2.4065258502960205,1.554440140724182,-2.2754099369049072,2.414950132369995,-1.8062502145767207,2.7062103748321533,-2.549741268157959,1.5598115921020508,-2.8103671073913574,1.0251442193984983,-3.1457109451293945,0.7790662050247192,-3.5170297622680664,-0.7268531918525696
5,-196.4038543701172,67.96964263916016,3.253536462783813,16.11743927001953,4.329384326934815,10.015748023986816,4.141854286193848,9.353042602539062,-0.1800186783075332,10.079171180725098,1.8973323106765747,8.853546142578125,3.0678157806396484,7.65767765045166,1.07051420211792,2.451593399047852,-1.911602020263672,0.0657363831996917,-3.196964740753174,0.7231070399284363,-3.199312925338745,0.615246057510376,-3.6957383155822754,2.7612099647521973,-2.113434076309204,3.041206121444702,-1.800219178199768,2.874000072479248,-1.1493453979492188,3.596428394317627,-0.6056902408599854,2.785724878311157,-1.748366117477417,2.035357713699341,-2.4224812984466557,1.781322717666626,-2.4265239238739014,1.4932820796966553,-2.0108509063720703,1.0986206531524658
5,-211.89108276367188,70.1918716430664,10.028564453125,21.617015838623047,6.23273229598999,9.011505126953123,2.3291189670562744,9.178364753723145,-0.9680303931236268,8.798483848571777,-0.1923803836107254,7.332193374633789,1.8898621797561648,6.604643821716309,0.9123035669326782,3.731028318405152,-0.6467400789260864,-0.4262237250804901,-3.994861364364624,-0.1788601130247116,-3.5279223918914795,2.181046724319458,-2.090417861938477,3.01131272315979,-2.3566267490386963,2.955053806304932,-0.986484706401825,2.9620823860168457,-1.980855107307434,2.1435434818267822,-1.721663475036621,3.1022963523864746,-2.209345579147339,1.9503986835479736,-3.244981288909912,1.0853705406188965,-3.5153071880340576,0.4792383015155792,-2.034415006637573,1.1457784175872805
10,-419.67138671875,18.49178695678711,-31.634483337402344,5.422816276550293,3.097445487976074,18.903743743896484,11.93055248260498,16.207584381103516,11.199827194213867,6.002715110778809,2.8129940032958984,3.3633928298950195,2.0036251544952397,6.012109279632568,3.0301902294158936,6.77811861038208,3.4258358478546143,3.3399550914764404,4.392922401428223,4.030233383178711,2.7349486351013184,2.761230945587158,3.032179117202759,4.025177955627441,3.485685348510742,1.7105447053909302,-0.5560257434844971,1.8550171852111816,3.513451099395752,3.241180419921875,1.2324881553649902,1.7497884035110474,1.4919719696044922,2.7499871253967285,1.3476074934005735,1.935691475868225,1.0131771564483645,2.363467216491699,2.42911148071289,2.167996644973755
10,-400.475830078125,10.25053882598877,-27.10331153869629,8.414522171020508,4.432567596435547,16.281986236572266,9.944185256958008,13.329572677612305,10.246667861938477,4.416977882385254,2.969815969467163,2.7470779418945312,3.0071396827697754,7.180789470672607,3.888103723526001,6.605068683624268,2.7870750427246094,3.3126018047332764,4.866064548492432,4.530494689941406,2.195176839828491,1.824234962463379,2.88850736618042,3.1970202922821045,3.060755491256714,2.1897988319396973,-0.6219708323478699,1.5402462482452393,2.9022016525268555,3.725486278533936,1.4574207067489624,1.8871228694915767,0.9778626561164856,2.6165611743927,1.798083782196045,2.3532819747924805,1.178182601928711,1.892894268035889,1.157960295677185,2.170037746429444
10,-310.1286315917969,2.1431257724761963,-43.08864212036133,27.12750625610352,0.249397873878479,23.084970474243164,5.887984752655029,13.51570987701416,8.419044494628906,3.637520551681519,0.6676050424575806,0.8111073970794678,-0.8235490918159485,6.8797712326049805,-0.8211460709571838,6.25468635559082,0.2341213673353195,1.9756522178649905,3.0970020294189453,3.684002161026001,2.318009614944458,3.3521628379821777,3.863613367080689,2.3849658966064453,1.970300316810608,1.93402361869812,-2.8864452838897705,1.0624325275421145,4.277556419372559,5.892703533172607,2.032543420791626,3.4112954139709477,1.6608067750930786,3.6393496990203857,1.1838337182998655,2.753006935119629,1.3137794733047483,3.700030565261841,2.208601713180542,4.120295524597168
10,-271.2196655273437,5.267745018005371,-41.275875091552734,13.879270553588867,-1.6787519454956057,16.165468215942383,5.830742359161377,14.33938694000244,8.576598167419434,4.498388767242432,1.2480534315109253,2.7701833248138428,-0.6050236821174622,7.360479354858398,1.423088788986206,5.397379398345947,1.4826263189315796,2.935854196548462,3.210261106491089,3.093874931335449,1.7586584091186523,3.352062702178955,3.911501169204712,3.9393832683563232,2.021538496017456,2.0426340103149414,-1.2320139408111572,3.2874562740325928,3.2374727725982666,3.223781108856201,1.284937858581543,2.546636819839477,1.947898030281067,5.118910789489746,2.475831985473633,3.258894443511963,1.0365537405014038,3.279435634613037,1.534759759902954,3.6147518157958975
10,-299.98760986328125,0.6859245300292969,-41.09470748901367,20.7662296295166,2.3483152389526367,19.22766876220703,5.883668422698975,13.330642700195312,7.826600074768066,3.281776666641236,1.090603590011597,2.740461587905884,0.3697312772274017,7.523598194122314,1.7117853164672852,5.629827976226807,1.3949198722839355,3.5109546184539795,4.011673927307129,2.96492862701416,-0.3229611217975616,2.590896844863892,3.637640476226807,4.197614192962647,2.4485068321228027,0.946746826171875,-1.3307616710662842,3.471898317337036,3.616754531860352,3.5432090759277344,0.9796549081802368,2.7682018280029297,1.4819453954696655,3.099914789199829,2.0935218334198,2.9795053005218506,1.6450026035308838,3.8903305530548096,3.090440273284912,3.5563225746154785
10,-331.8451538085937,12.076950073242188,-51.436466217041016,15.538179397583008,-1.3140286207199097,18.268129348754883,5.4333672523498535,15.911473274230955,7.923908710479736,4.439074516296387,1.3312591314315796,1.6891613006591797,-2.1659157276153564,6.845889568328857,-0.4348316192626953,4.695125579833984,1.926625370979309,1.2625805139541626,1.5383964776992798,2.704373598098755,0.5265599489212036,2.3289241790771484,4.60867166519165,3.806999683380127,2.2465803623199463,0.9918361306190492,-1.96057653427124,2.4754016399383545,3.715931415557861,3.220431327819824,1.3510901927947998,2.7962324619293213,1.998355746269226,4.534549236297607,2.0925564765930176,3.2304015159606934,0.6412992477416992,2.9551968574523926,2.022125005722046,3.253527402877808
10,-340.236083984375,196.4380645751953,-37.11806106567383,55.18412399291992,-15.23090648651123,6.540027618408203,25.956525802612305,-29.51083755493164,-5.51905632019043,-2.0619592666625977,-14.51948356628418,1.5710607767105105,-13.045809745788574,3.883143424987793,-5.0642828941345215,-7.712529182434082,-8.79839038848877,-19.09571647644043,-11.80551052093506,-5.89896297454834,-4.281848907470703,-7.674970626831055,-14.700322151184082,-1.7991876602172852,-6.361371994018555,-2.842445373535156,0.3017379343509674,-4.321455001831055,-1.8224681615829468,-0.4423926174640655,-4.022665977478027,1.7282408475875854,-4.742938041687012,-1.1741890907287598,4.112879276275635,-0.981659471988678,-5.668493270874023,2.7334930896759038,2.6678974628448486,-0.6475049257278442
10,-271.466552734375,189.6688690185547,-45.456764221191406,56.92197799682617,-23.839265823364254,2.889266967773437,15.00407600402832,-29.3656005859375,-3.495898962020874,-2.7473268508911133,-17.84476661682129,9.059224128723145,-12.12165641784668,8.061378479003906,-4.075796604156494,-8.67833423614502,-3.099191188812256,-23.67314720153809,-14.834537506103516,-5.9580817222595215,-6.004847049713135,-6.921533584594727,-17.10317611694336,3.202124118804932,-5.856148719787598,-5.412590026855469,2.2395541667938232,-9.627009391784668,-1.4781732559204102,-4.582812309265137,-7.775424480438232,-3.5364203453063965,-4.516207695007324,-5.372723579406738,-0.579563558101654,-3.533118724822998,-7.999948501586914,-1.492650866508484,2.1904191970825195,-2.105884075164795
10,-277.6860656738281,192.60574340820312,-45.56367492675781,56.95049285888672,-26.230239868164062,2.6394221782684326,16.39444351196289,-30.663219451904297,-3.327380657196045,-3.7312612533569336,-17.356822967529297,9.547367095947266,-13.504961967468262,8.351727485656738,-4.404166221618652,-8.478315353393555,-1.8760229349136357,-23.753284454345703,-13.498329162597656,-6.713839054107666,-7.390888214111328,-5.753549098968506,-16.699769973754883,2.9667270183563232,-5.909832954406738,-5.334792613983154,2.87847113609314,-9.923880577087402,-2.843360424041748,-6.312868118286133,-6.964722156524658,-3.6416714191436768,-4.986308574676514,-4.593376636505127,-1.8085429668426516,-2.751147747039795,-7.093066215515137,-2.442563772201538,2.3807711601257324,-1.7259775400161743
10,-279.9615783691406,192.5656890869141,-43.60383987426758,56.34144592285156,-27.291303634643555,3.0490355491638184,13.540595054626465,-30.638011932373047,-2.227830648422241,-7.055103302001953,-15.959278106689451,10.346930503845217,-13.763190269470217,8.143830299377441,-6.843544006347656,-9.926923751831056,-1.8343428373336792,-20.34921646118164,-12.985345840454102,-8.051308631896973,-7.539684772491455,-6.373332500457764,-14.80211353302002,4.251895904541016,-7.126438140869141,-5.34002685546875,1.811440706253052,-10.258254051208496,-4.097531795501709,-6.810925960540772,-5.900580406188965,-3.698047399520874,-5.909414291381836,-3.5256481170654297,-3.4495413303375244,-3.781928062438965,-3.997683048248291,-4.2212815284729,0.5512958765029907,0.7763523459434509
10,-277.6132202148437,193.38417053222656,-43.695255279541016,54.76398849487305,-27.234962463378903,3.728535652160645,9.353521347045898,-28.88298797607422,0.3326967656612396,-8.620988845825195,-15.847158432006836,11.530125617980955,-12.195241928100586,7.403405666351318,-8.469197273254395,-11.44359302520752,-1.1255162954330444,-16.881866455078125,-13.557735443115234,-8.611713409423828,-5.687887191772461,-7.843445301055908,-13.833661079406738,5.733529567718506,-8.009517669677734,-5.728085517883301,0.9727317690849304,-10.053364753723145,-3.2567265033721924,-5.331101417541504,-5.5241217613220215,-3.303018808364868,-6.101150989532471,-3.2315938472747803,-5.076581001281738,-4.35562801361084,-1.2266632318496704,-5.369089126586914,-0.0512797608971595,3.001773834228516
10,-283.5002136230469,189.32229614257807,-43.13795471191406,52.07425308227539,-24.4603328704834,4.151026725769043,12.022764205932615,-26.089649200439453,0.0182407796382904,-1.5594854354858398,-16.062847137451172,9.913076400756836,-9.251142501831056,3.581728219985962,-8.58349323272705,-10.292160987854004,-2.615443706512451,-17.021060943603516,-13.321051597595217,-6.670106887817383,-3.78999400138855,-4.35865592956543,-12.479912757873535,5.90915060043335,-5.675020694732666,-5.989715099334717,-0.2975805997848511,-9.84498405456543,-2.15442967414856,-3.5335912704467773,-4.071122169494629,-1.209558129310608,-4.207038402557373,-2.155179738998413,-2.800706148147583,-2.389242649078369,1.5490846633911133,-3.2924251556396484,-1.4229459762573242,2.8610424995422363
10,-296.7490539550781,183.97071838378903,-43.13217926025391,50.72747802734375,-17.460514068603516,5.393837451934815,12.619340896606444,-20.750337600708008,-4.676363468170166,-0.478382796049118,-15.104462623596191,8.953937530517578,-4.681477546691895,-0.2517054677009582,-10.002952575683594,-9.10804271697998,-3.933970451354981,-17.00535774230957,-13.275156021118164,-2.7287464141845703,-2.7604761123657227,-1.7953729629516602,-10.52166748046875,4.38998556137085,-4.846784591674805,-5.89796257019043,-0.1263934075832367,-8.09201431274414,-1.7868306636810305,-1.6356086730957031,-2.0191009044647217,1.4213850498199463,-2.3222339153289795,-1.0937949419021606,-3.009418487548828,-3.747434377670288,3.723428249359131,0.6837395429611206,-1.9209895133972168,1.4719655513763428
7,-261.09039306640625,81.01561737060547,22.12824249267578,43.056602478027344,-9.361896514892578,18.473201751708984,23.81008720397949,21.57980155944824,5.4282073974609375,7.703586578369141,-2.0573620796203613,9.892899513244627,4.5439066886901855,-7.292985916137695,-1.200298547744751,5.70518970489502,-2.334590435028076,2.95302152633667,-0.1633576303720474,0.1607104986906051,-4.716092586517334,2.9125683307647705,-6.097919940948486,1.4173057079315186,-3.5278563499450684,-1.1740940809249878,-6.403302192687988,3.662889003753662,-2.478809118270874,-1.628798246383667,-5.919868469238281,-1.3731619119644165,-4.3545918464660645,0.0978017523884773,-4.907169342041016,-0.7080746293067932,-4.614019870758057,0.9473637342453004,-2.447131633758545,-0.4965649247169494
7,-262.628662109375,84.86109161376953,23.70092391967773,44.753814697265625,-9.290515899658203,20.36982727050781,24.38909149169922,19.442119598388672,6.321681976318359,7.025497913360596,-1.902178645133972,8.300028800964355,4.110045909881592,-7.913880348205566,-1.182757019996643,5.3334174156188965,-1.526843786239624,2.362525463104248,-0.8025362491607666,-0.1179906576871872,-4.951025009155273,3.158006191253662,-5.461316108703613,1.6846578121185305,-3.951411008834839,-1.428252339363098,-6.636429309844971,3.748446941375733,-2.502289295196533,-0.7739545106887817,-5.631529808044434,-0.8078835606575012,-4.286979675292969,0.0313484892249107,-4.529490947723389,-1.0437333583831787,-4.424914360046387,0.9241608381271362,-2.2519357204437256,-0.5385290384292603
7,-264.7967529296875,87.64203643798828,27.38717269897461,46.519676208496094,-14.646795272827148,19.542621612548828,27.541580200195312,22.45049095153809,6.566437244415283,8.098897933959961,-1.64835524559021,5.615316867828369,2.659932851791382,-9.40280055999756,-0.2796749770641327,7.830538272857666,-4.80892276763916,4.028154373168945,0.96943861246109,-0.9812468886375428,-4.0194621086120605,4.257161140441895,-7.271710395812988,1.502122163772583,-4.719175815582275,-2.2820379734039307,-4.743358612060547,2.5317654609680176,-2.5842835903167725,-1.865527868270874,-7.421427726745605,-0.7437096834182739,-4.5630950927734375,-0.3176445364952087,-4.767049789428711,-0.3977765142917633,-4.862365245819092,0.2718319594860077,-1.604970932006836,-0.9096505045890808
7,-266.3427429199219,87.43793487548828,26.303464889526367,46.30470657348633,-14.23732852935791,19.496068954467773,27.062686920166016,22.62199211120605,4.6235432624816895,8.638102531433105,-1.5934693813323977,5.774415493011475,3.457167863845825,-9.90047836303711,0.0144810322672128,7.703429698944092,-4.955459117889404,3.311180591583252,1.1733336448669434,-1.2126086950302124,-3.779921770095825,4.538095474243164,-6.916954040527344,1.0889978408813477,-3.9045894145965576,-1.6195626258850098,-4.696080207824707,2.807765007019043,-3.2140114307403564,-1.918137788772583,-7.568530082702637,-0.4129000008106231,-4.684593677520752,-0.8786237239837646,-4.236022472381592,-0.246338352560997,-4.980985641479492,0.3696089386940002,-2.043163776397705,-0.9696892499923706
7,-264.3883361816406,86.54965209960938,26.42854118347168,46.12305450439453,-13.389662742614746,19.209985733032227,25.05946350097656,21.690242767333984,4.184515476226807,9.613749504089355,-1.8960928916931152,6.114760398864746,4.625326633453369,-10.070799827575684,-0.5649988055229187,8.013439178466797,-4.538002014160156,2.910468101501465,0.5535095930099487,-1.2601628303527832,-4.122150421142578,4.276970386505127,-6.093145847320557,0.2300222069025039,-3.9676339626312256,-0.5938433408737183,-5.373987674713135,2.5962975025177,-2.711757183074951,-1.835328221321106,-7.610942363739014,-0.3017951548099518,-5.240964889526367,-0.7676801681518555,-4.0497822761535645,0.0388207174837589,-4.724145412445068,0.9655671715736388,-2.339706420898437,-0.7734635472297668
7,-267.8584289550781,91.7031478881836,27.313404083251957,46.02647399902344,-14.299846649169922,19.23822021484375,24.956409454345703,21.063777923583984,6.686396598815918,8.583757400512695,-2.6352381706237797,5.390620708465576,3.8862268924713135,-9.266151428222656,0.3365122079849243,8.12567138671875,-4.74107027053833,3.182974576950073,-0.5054070353507996,-1.149012804031372,-4.761225700378418,4.2341389656066895,-5.842793941497803,0.4966782033443451,-4.797438144683838,-1.3082125186920166,-5.208530902862549,2.2757155895233154,-2.2612342834472656,-1.5071033239364624,-8.057222366333008,-0.0587251484394073,-5.024695873260498,-1.0477476119995115,-3.9158694744110103,-1.1467276811599731,-5.154496669769287,0.9566875100135804,-1.9401545524597168,-0.4954990148544311
7,-268.8986511230469,94.01524353027344,26.518335342407227,45.44695663452149,-14.361871719360352,20.806795120239254,26.721267700195312,20.547834396362305,7.257023811340332,7.305905342102051,-2.7443151473999023,5.308390140533447,2.42534613609314,-7.97608470916748,1.004218816757202,8.246487617492676,-5.133194446563721,2.14675521850586,0.2129682004451751,-0.7990229725837708,-4.314013481140137,4.793629169464111,-6.146725654602051,0.6742492914199829,-5.444015026092529,-1.962692379951477,-5.289695262908936,2.2426252365112305,-3.1465132236480717,-1.440711259841919,-8.322361946105957,-0.2845426797866821,-4.75100040435791,-1.1242365837097168,-4.137470245361328,-0.9722939133644104,-5.105814456939697,0.573732316493988,-2.0982186794281006,-0.5697095990180969
7,-268.8406677246094,92.54173278808594,26.512731552124023,45.41215515136719,-11.450583457946776,21.25165367126465,26.36177635192871,19.897144317626957,6.671778202056885,7.332722663879394,-1.5529435873031616,4.883476257324219,2.4841105937957764,-8.754973411560059,0.4215588867664337,7.674512386322021,-5.390161991119385,2.82641339302063,0.6290327906608582,-1.5205672979354858,-4.012423515319824,4.024314403533936,-6.10664701461792,0.8277768492698669,-4.663547515869141,-1.2550946474075315,-5.797468185424805,1.6745562553405762,-3.464271545410156,-2.056092977523804,-7.9110283851623535,-0.413551777601242,-4.783129215240479,-0.3364973664283752,-4.356019973754883,0.118312083184719,-4.840957164764404,0.8854235410690308,-2.4960780143737797,-0.5722026824951172
7,-266.2695617675781,90.636474609375,27.02512550354004,46.64569854736328,-11.706846237182615,20.36136817932129,26.182453155517575,20.733930587768555,6.4964280128479,7.7161688804626465,-1.5661356449127195,3.741349935531616,3.338742017745972,-9.772760391235352,-0.6483025550842285,7.798514842987059,-4.893345355987549,2.9489431381225586,0.2018171101808548,-1.7618125677108765,-4.991401672363281,4.210484504699707,-6.171600341796875,1.7235448360443115,-4.03306245803833,-0.7296566963195801,-5.5332512855529785,2.250530958175659,-2.6044864654541016,-2.084055662155152,-8.092857360839844,-0.5545898675918579,-5.283702850341797,-0.5342243909835815,-4.496140956878662,0.0874409303069114,-5.010513782501221,0.9081293940544128,-2.03163743019104,-0.694529116153717
7,-269.8025207519531,90.24510192871094,27.61312294006348,47.00284957885742,-13.135488510131836,20.367429733276367,26.192354202270508,21.1442813873291,6.395586967468262,6.859558582305908,-1.6787889003753662,4.310924530029297,3.4399302005767822,-9.171648025512695,-1.3248915672302246,7.591063022613525,-5.155032634735107,1.8770384788513184,0.5784006118774414,-0.2485502809286117,-4.786830425262451,4.7873215675354,-6.248575210571289,1.5772536993026731,-4.735160827636719,-0.8338201642036438,-5.551738262176514,3.088144540786743,-2.1461639404296875,-2.2527997493743896,-7.780116558074951,-0.4318387806415558,-5.691897869110107,-0.8606017827987671,-4.883878707885742,-0.5972732901573181,-4.69172477722168,-0.1237979158759117,-1.9613661766052248,-0.9524160623550416
7,-261.3070373535156,95.14408111572266,26.295175552368164,45.70452880859375,-9.168251991271973,19.474321365356445,25.48246192932129,20.48343276977539,5.019963264465332,5.5828704833984375,-2.3675646781921387,4.648362159729004,2.6508677005767822,-9.578332901000977,-0.3717072904109955,6.067371368408203,-6.574674606323242,2.4727590084075928,-0.7979236245155334,-0.9688134789466858,-5.010382175445557,4.427740573883057,-6.822878837585449,1.1672732830047607,-4.807077407836914,-0.81080162525177,-5.1741943359375,2.454824924468994,-2.59608793258667,-2.77116060256958,-6.935636520385742,-0.3767119944095611,-5.532287120819092,-1.2967320680618286,-4.630808353424072,-0.545915961265564,-5.114931106567383,0.1718159914016723,-2.331454038619995,-1.257246732711792
7,-256.8356628417969,97.87918853759766,25.26530265808105,44.418941497802734,-6.676944255828857,19.1328182220459,24.55130958557129,19.85377311706543,4.2171173095703125,6.22572135925293,-2.221069097518921,3.654687404632568,2.18778920173645,-9.091472625732422,0.1884015202522277,6.191864967346191,-6.17499589920044,2.6809022426605225,-1.193767786026001,-2.346064329147339,-6.236845970153809,4.203634738922119,-7.499738216400146,0.7619689106941223,-5.178648948669434,-1.8346554040908811,-5.448225498199463,1.230562686920166,-3.070574283599853,-2.886657476425171,-7.220775127410889,-0.8087235689163208,-5.298081398010254,-1.227277159690857,-4.679149150848389,-0.923790454864502,-5.779541492462158,0.7194697260856628,-2.152796030044556,-1.4364615678787231
7,-247.5433807373047,90.350341796875,25.158449172973636,45.720359802246094,-7.378268241882324,18.802188873291016,23.90254783630371,19.801477432250977,5.608812808990479,5.314837455749512,-3.244584560394287,6.009952068328857,2.3539929389953613,-8.853034019470215,-1.4790763854980469,5.607744216918945,-2.957260847091675,1.5848753452301023,-1.713029861450195,-1.7343543767929075,-5.703531265258789,3.3141934871673584,-6.783876895904541,1.826995015144348,-4.030660152435303,-1.829638123512268,-7.028711318969727,2.890743970870972,-3.128821849822998,-1.8424097299575808,-6.405945777893066,-0.6253669857978821,-4.280498504638672,-0.2204628139734268,-4.248482704162598,-1.0873827934265137,-5.572000026702881,-0.0032622937578707,-2.4070792198181152,-0.0398380234837532
7,-257.7596740722656,94.91712188720705,27.32522964477539,46.09084701538086,-7.690495491027832,18.9886531829834,24.524171829223636,19.2933406829834,5.588176250457764,7.06650447845459,-3.059767246246338,3.8802778720855713,2.752601623535156,-9.25034523010254,-0.2886629402637481,7.241228103637695,-5.144495964050293,2.3565640449523926,-1.4137279987335205,-2.0318729877471924,-5.413759231567383,4.519198417663574,-7.063013076782227,1.0039249658584597,-6.428030967712402,-2.3951454162597656,-6.223757743835449,0.4511777460575104,-3.338192939758301,-2.696439504623413,-7.135122776031494,-0.7544163465499878,-5.506557941436768,-0.5473318696022034,-4.259226322174072,-1.1673552989959717,-5.607341766357422,1.022274613380432,-1.713293194770813,-1.2845443487167358
7,-255.1485748291016,92.4743194580078,27.027292251586918,46.9837646484375,-7.294130325317383,17.508298873901367,24.99995422363281,20.257781982421875,5.623443603515625,7.013735294342041,-3.037517547607422,5.009052276611328,3.6298017501831055,-10.131673812866213,-0.5227463245391846,7.082995891571045,-5.710250854492188,2.0618932247161865,-1.5924131870269775,-1.707805633544922,-5.042899131774902,3.550605297088623,-6.912463665008545,1.4053432941436768,-6.32442045211792,-2.057499885559082,-6.537872314453125,1.0532680749893188,-3.6644089221954346,-2.412471294403076,-7.21059513092041,-0.6701381206512451,-5.995287418365479,-1.470814824104309,-4.484701156616211,-0.9963876605033876,-5.4261794090271,0.8358277678489685,-1.8921730518341064,-1.194024682044983
7,-259.8779296875,91.1524658203125,25.05861091613769,45.17561721801758,-7.600234508514404,18.24053001403809,25.924991607666016,21.19593048095703,6.297891139984131,7.473999500274658,-1.7214549779891968,5.125432014465332,4.445164680480957,-8.968280792236328,-0.9664255380630492,7.0484795570373535,-5.821547508239746,2.7701590061187744,-0.1771137863397598,-1.64258074760437,-4.692211151123047,2.9229230880737305,-7.667538166046143,1.0537127256393433,-5.378555774688721,-2.1073436737060547,-6.569097995758057,1.8694127798080444,-3.738470315933228,-2.060080051422119,-7.855245113372803,-0.8370299339294434,-5.603630065917969,-1.2678982019424438,-4.81911563873291,-0.6880328059196472,-5.539167404174805,0.1710076481103897,-1.9028552770614624,-1.188862919807434
7,-243.1539001464844,96.11280822753906,26.41637420654297,44.57443237304688,-4.066734313964844,17.77190399169922,22.642309188842773,19.72536849975586,5.182588577270508,4.909548759460449,-3.90168023109436,5.229152679443359,0.4793529212474823,-9.729287147521973,-0.9583567380905152,5.864092826843262,-4.320006370544434,1.298055648803711,-2.061198234558105,-2.556259632110596,-6.764225959777832,2.510897159576416,-8.244638442993164,1.2249140739440918,-4.48058032989502,-2.3417067527771,-6.335250854492188,2.0654304027557373,-3.649399995803833,-3.2228806018829346,-7.27316951751709,-0.6465103626251221,-5.113744735717773,-0.8230878114700317,-4.6838698387146,-1.4345269203186035,-5.474201679229736,-0.5606018304824829,-2.933858633041382,-0.8412262201309204
7,-241.020751953125,97.85118865966795,26.286060333251957,45.64781188964844,-2.5164926052093506,17.44490623474121,23.47332572937012,18.9949951171875,4.111021041870117,5.384380340576172,-3.8068442344665527,4.190442562103272,0.0277909561991691,-10.04090976715088,-0.4801368415355682,5.2940354347229,-6.269122123718262,1.6338703632354736,-2.103973150253296,-2.820701837539673,-6.718082427978516,2.418039321899414,-7.992274761199951,0.9518654942512512,-4.904958248138428,-2.043947696685791,-6.458763599395752,1.9487062692642207,-3.408808469772339,-3.2547261714935303,-7.251004695892334,-0.8860304951667786,-5.506621360778809,-1.1124635934829712,-4.927217483520508,-1.1155997514724731,-5.3176469802856445,-0.3962290287017822,-3.292396783828736,-1.536534309387207
7,-234.45497131347656,99.4465103149414,27.64874267578125,47.91960525512695,-1.1409480571746826,15.967753410339355,23.472766876220703,19.26453971862793,3.545929193496704,4.416142463684082,-4.279629707336426,2.4827816486358643,0.1463032513856887,-9.844293594360352,-0.3158957958221435,4.77592134475708,-8.12150764465332,1.0155597925186155,-2.5441715717315674,-2.4071950912475586,-6.188080787658691,2.7375407218933105,-8.031794548034668,1.1819336414337158,-5.364960670471191,-2.0286147594451904,-6.870136737823486,0.6082049012184143,-3.375396251678467,-2.968440532684326,-6.976256370544434,-0.5748618245124817,-5.135251998901367,-1.267524003982544,-4.541204929351807,-1.059967875480652,-6.334778785705566,-0.1909693032503128,-3.1822805404663086,-1.504277229309082
7,-244.31173706054688,100.7680892944336,30.87857818603516,45.9768180847168,-1.557911038398743,15.780555725097656,21.61571502685547,17.65011215209961,4.691032409667969,4.693130970001221,-4.383113861083984,2.6184840202331543,0.3438632190227508,-9.736577033996582,-0.7631176114082336,4.834220886230469,-6.879796504974365,-0.3545220494270324,-2.903189182281494,-1.9795440435409544,-5.582448959350586,2.153684139251709,-7.993985176086426,0.8826067447662354,-5.113031387329102,-2.1119155883789062,-6.699921607971191,0.7145752906799316,-3.083925008773804,-2.62591552734375,-7.243865489959717,-0.7709501385688782,-5.154630661010742,-1.236714482307434,-4.407939910888672,-1.686939001083374,-6.833111763000488,-0.1354114711284637,-3.273622989654541,-1.427890658378601
7,-261.1515197753906,94.56556701660156,30.499780654907227,45.44218826293945,-7.277053833007812,18.390966415405277,24.020418167114254,17.90013885498047,5.633005619049072,5.67167854309082,-2.265011072158813,5.686414241790772,2.248438835144043,-9.407832145690918,-1.5064983367919922,4.94140625,-4.197303771972656,1.3862353563308716,-1.425102949142456,-1.5971087217330933,-4.595886707305908,2.8750836849212646,-7.084387302398682,0.8260124921798706,-4.210081100463867,-1.64261794090271,-6.564505577087402,2.565373420715332,-2.8157331943511963,-2.2823293209075928,-6.9878458976745605,-1.0400546789169312,-5.30918025970459,-0.8260185122489929,-4.514841556549072,-1.1586250066757202,-5.707589149475098,-0.2823797166347503,-2.614851951599121,-1.1068458557128906
7,-273.225830078125,91.7754898071289,27.093873977661133,44.6975212097168,-11.448929786682127,21.828920364379883,25.69596099853516,19.64513397216797,6.805575370788574,6.407410621643066,-0.3695962131023407,6.972224235534668,2.3704659938812256,-8.604606628417969,-1.666473388671875,6.040899753570557,-3.483903646469116,3.5457332134246826,-0.1196584329009056,-0.956508457660675,-4.601473808288574,3.8751213550567623,-6.287369251251221,0.6951268315315247,-4.086972236633301,-1.2887018918991089,-6.211453914642334,3.4305169582366943,-2.803565263748169,-1.7576125860214231,-6.29324197769165,-0.6078811287879944,-5.115711212158203,-0.2681673467159271,-4.714905261993408,-1.2100520133972168,-4.750803470611572,0.2633350789546966,-1.598552703857422,-0.4840407073497772
7,-266.5921325683594,89.97209167480469,26.58869171142578,44.58906173706055,-13.17090129852295,21.57280731201172,26.17041778564453,20.782989501953125,7.002413749694824,7.396031379699707,-1.4463766813278198,6.2786383628845215,2.2787413597106934,-8.38641357421875,-1.4553210735321045,7.2125115394592285,-4.354154109954834,3.8366215229034415,0.4223463535308838,-0.9350234270095824,-4.39794921875,4.075191497802734,-6.899607181549072,0.8830071687698364,-4.725175857543945,-1.5425111055374146,-5.417017459869385,2.879624605178833,-2.4103174209594727,-1.5357694625854492,-6.969568729400635,-0.852437436580658,-4.884273529052734,0.0179910156875848,-4.962818145751953,-0.9202067852020264,-4.648494720458984,0.7786039710044861,-1.6029086112976074,-0.5624061822891235
7,-288.83172607421875,103.33098602294922,35.81711196899414,46.10209655761719,0.5545369386672974,12.770316123962402,20.566349029541016,17.375160217285156,5.688173770904541,6.428702831268311,-2.282703161239624,3.9285483360290527,1.253086805343628,-9.91232204437256,-1.915878772735596,3.5249791145324707,-5.684607982635498,0.7922360897064209,-1.6895946264266968,-0.4207744598388672,-5.54169511795044,1.6423795223236084,-7.279642581939697,1.0975621938705444,-4.36868953704834,-2.1651816368103027,-6.568861961364746,1.9123800992965696,-3.668723583221436,-2.736822366714477,-6.6183695793151855,0.0275971014052629,-4.726154327392578,-0.9912787675857544,-4.935885906219482,-0.5979412794113159,-6.04341983795166,-0.0985602810978889,-3.250720262527466,-1.4031938314437866
10,-169.6866455078125,118.45085906982422,-6.254790306091309,23.512311935424805,0.3061942458152771,12.274949073791504,-1.502391695976257,5.094550132751465,-6.5087199211120605,0.0554933510720729,-5.115067005157471,-5.1181416511535645,-2.996788501739502,-0.8303802013397217,-7.22132682800293,-0.29269739985466,-5.743902206420898,-1.3317235708236694,-6.833192825317383,0.4315614998340606,-7.881431102752685,6.322885036468506,-4.50961971282959,3.320164203643799,-2.4639899730682373,0.366726815700531,-2.040667057037353,0.3737316727638244,-4.030271530151367,8.968412399291992,8.01941204071045,1.4053415060043335,-5.4660964012146,1.8753607273101809,-5.570845127105713,3.6738901138305664,2.756382465362549,2.97169828414917,-4.840137958526611,3.2846362590789795
10,-183.13633728027344,120.0089874267578,3.183698892593384,21.582687377929688,1.6110504865646362,11.664177894592283,-2.2536392211914062,6.151893615722656,-6.57059907913208,-0.69627845287323,-3.2034125328063965,-3.612142324447632,-5.306074619293213,-1.8400617837905884,-6.122894287109375,1.617908596992493,-5.765225410461426,-0.0715846717357635,-3.804855108261109,1.0276775360107422,-8.70065975189209,4.243737697601318,-5.729178428649902,1.7688164710998535,-4.233183860778809,-0.2049412429332733,-1.39313805103302,3.350290298461914,-0.9694907069206238,5.950109958648682,0.2232974767684936,-0.9383795261383056,-2.0674781799316406,4.854065895080566,-2.7380740642547607,3.232862949371338,-1.063198208808899,2.895745754241944,-1.6890696287155151,0.4594327807426452
10,-155.27951049804688,107.5169677734375,-17.065340042114258,21.328805923461918,-5.361217975616455,9.591108322143556,-4.19423770904541,3.333937883377075,-9.274282455444336,2.9271914958953857,-2.316460609436035,-4.6996684074401855,-3.824944019317627,-4.904829025268555,-9.4669771194458,0.4740066230297088,-7.502052783966064,4.449564933776856,1.867112755775452,5.313013553619385,-5.729161739349365,1.1220507621765137,-7.547685623168945,-0.0965848714113235,-3.1291158199310303,0.8813368678092957,-1.594371318817139,8.839410781860352,5.921727657318115,2.3904170989990234,-10.95963191986084,3.320600271224976,4.140580177307129,5.259376049041748,-1.8086999654769895,2.2031455039978027,-4.132700443267822,4.015433311462402,-1.2275656461715698,-2.199840784072876
10,-169.13623046875,112.29083251953124,-6.756121635437012,33.02857208251953,-2.229790210723877,6.714712619781494,-4.878374576568604,-2.682468891143799,-8.227269172668457,-1.380636215209961,-5.628343105316162,4.525630474090576,1.2996166944503784,3.8214287757873535,-2.901708602905273,-3.1894068717956543,-11.856338500976562,-2.228060722351074,-11.545853614807127,-3.5757014751434326,-3.082036256790161,6.188904285430908,0.1921822428703308,4.235620975494385,-1.7199647426605225,2.273671865463257,-7.341928005218506,-5.631464004516602,2.72332501411438,10.002415657043455,-14.867085456848145,-7.495745658874512,3.698285579681397,12.666028022766112,6.739692687988281,7.498612880706787,-4.533915996551514,-0.2911055982112884,-0.1848553717136383,-13.227580070495604
10,-163.6994171142578,117.65902709960938,-7.493128299713135,23.964509963989254,2.7416176795959477,9.86026096343994,-2.3882625102996826,6.031759262084961,-6.057374477386475,-1.415200114250183,-4.492664337158203,-5.2923994064331055,-3.948395729064941,-2.071373462677002,-7.50125789642334,-0.4359671175479889,-5.077480792999268,0.042862731963396,-6.390485763549805,0.1824135333299636,-7.105365753173828,7.225293636322021,-1.9208413362503047,3.7558419704437256,-2.0396270751953125,0.2647312581539154,-3.4614200592041016,-4.239075660705566,-7.157225131988525,12.138684272766112,9.071465492248535,-1.6331099271774292,-6.998356819152832,2.4565086364746094,-3.1537187099456787,6.896200180053711,4.628803730010986,4.122454643249512,-7.208515644073486,-1.122814655303955
10,-178.22230529785156,102.7136688232422,9.874549865722656,8.674979209899902,3.1219422817230225,12.18385887145996,-1.9673161506652832,4.2885847091674805,-1.9205399751663208,3.899311065673828,-3.666323661804199,-6.418082237243652,-6.647074222564697,2.764456033706665,-7.91221809387207,-1.4650115966796875,-5.457758903503418,-2.382688283920288,-4.932767391204834,-1.5273945331573486,-6.510994911193848,4.098081111907959,-1.8289145231246948,2.921865940093994,-0.1753787696361541,-2.79506254196167,-2.81882905960083,0.5175943970680237,-11.32413387298584,17.693269729614258,5.985691070556641,9.599021911621094,-10.237305641174316,-0.5055278539657593,-8.399820327758789,1.0619198083877563,2.198798418045044,4.276169300079346,-9.15945816040039,2.415756702423096
7,-234.4718170166016,161.73902893066406,-8.287799835205078,31.23699760437012,6.069779872894287,0.0103907333686947,-0.0790527462959289,-1.7016834020614624,-1.468059539794922,9.324097633361816,-2.69659423828125,5.6460041999816895,-1.319676160812378,4.212388038635254,-4.167242050170898,2.793941736221313,-1.9164304733276367,0.1822299808263778,-6.757228851318359,-1.905072927474976,-8.090726852416992,-0.4972877204418182,-5.408303260803223,-3.566179037094116,-5.379164218902588,1.6895579099655151,-4.546849727630615,1.0945513248443604,-2.791688680648804,-0.7752521634101868,-5.090376377105713,3.112345695495605,0.4245555996894836,4.231516361236572,1.4301552772521973,3.840932607650757,-0.1932614296674728,3.233317375183105,0.3342479169368744,5.166788101196289
7,-231.33084106445312,162.1356201171875,-7.5079169273376465,31.10459327697754,6.561380863189697,0.3014567494392395,0.3504140079021454,-1.4477845430374146,-1.1328705549240112,8.755995750427246,-2.831657648086548,5.354262351989746,-0.8943364024162292,4.388767719268799,-4.43588399887085,2.9234697818756104,-1.642492413520813,-0.4750949144363403,-7.202296733856201,-1.9810764789581297,-7.50754451751709,-0.3440237641334533,-6.006864070892334,-2.9961466789245605,-5.132288932800293,2.092481136322021,-4.004953861236572,1.1851224899291992,-3.0754408836364746,-0.764708399772644,-5.331105709075928,2.585511922836304,0.2343005985021591,5.027806758880615,1.9600099325180051,3.639394521713257,-0.3407872021198272,3.012169599533081,-0.0411575995385646,4.9740891456604
7,-234.08937072753903,162.3418731689453,-8.24575424194336,30.229576110839844,6.863882541656494,-0.4380249679088592,1.4684118032455444,0.0608562193810939,-1.6961257457733154,9.894683837890623,-1.2617162466049194,6.73190975189209,-1.2256823778152466,5.67182731628418,-4.732159614562988,2.925650119781494,-2.218308210372925,0.756135880947113,-6.966719150543213,-3.3240981101989746,-8.717522621154785,-0.6001299619674683,-4.951777935028076,-3.9340898990631104,-6.293637752532959,1.353183388710022,-3.8086049556732178,-0.1392869800329208,-3.6004412174224854,-0.8762133121490479,-4.641660213470459,2.7593345642089844,0.4236031174659729,5.175833702087402,1.1878786087036133,3.388118028640747,0.5103213787078857,3.559807300567627,0.0080024413764476,4.15733814239502
7,-244.8018951416016,158.14947509765625,-6.24862813949585,28.783281326293945,7.118662357330322,-0.5673972964286804,0.5726668238639832,0.1900086402893066,-0.9860296249389648,9.859304428100586,-0.8276925683021545,7.255296230316162,-1.3177545070648191,5.046598434448242,-4.170515060424805,3.110804557800293,-2.4380671977996826,-0.5072398781776428,-7.368050575256348,-3.659348964691162,-8.716961860656738,0.0582178607583045,-5.583324432373047,-4.02756404876709,-5.2022809982299805,2.1877925395965576,-3.2836391925811768,1.1493630409240725,-2.8805460929870605,-0.3858726918697357,-3.6837217807769775,3.327864170074463,0.8790600895881653,5.310202598571777,1.0257333517074585,3.3403584957122803,0.2576525807380676,3.6000301837921143,0.585443377494812,4.317194938659668
7,-230.29542541503903,163.99403381347656,-7.577024459838867,31.1021671295166,6.967717170715332,0.8701314926147461,0.8465965390205383,-1.9747494459152224,-1.6289697885513306,8.474752426147461,-2.949775695800781,6.142063140869141,0.2980989515781402,4.793605804443359,-5.117032527923584,2.863307237625122,-1.7580662965774536,-1.744395136833191,-7.594912052154541,-1.3838070631027222,-8.405983924865723,-0.5983847975730896,-6.245773315429688,-2.823854923248291,-4.577759742736816,1.6052919626235962,-3.761898040771485,1.0311944484710691,-3.886043787002564,-0.2973615527153015,-5.242888927459717,2.00955581665039,-0.8639714121818542,4.6092529296875,2.0973331928253174,3.092808723449707,-0.114430047571659,3.1652252674102783,-0.396725594997406,4.76816463470459
7,-230.23126220703125,164.1758575439453,-6.948043823242188,29.868976593017575,5.60382890701294,1.0218493938446045,0.3742964267730713,-2.4364023208618164,-1.1395045518875122,8.759466171264648,-2.8547658920288086,6.993293285369873,0.9698946475982666,5.29725980758667,-5.15329647064209,2.832605123519897,-1.2000409364700315,-1.4978348016738892,-7.053310871124268,-1.2030855417251587,-9.36514377593994,-0.6587437391281128,-5.9556989669799805,-3.33966064453125,-4.227863311767578,1.8946772813797,-3.381418228149414,1.2137365341186523,-3.4141740798950195,0.0804906636476516,-4.947665214538574,2.8283884525299072,-0.7410686612129211,4.205705642700195,1.3348902463912964,2.114241361618042,-0.2532691657543182,3.116307258605957,-0.5693636536598206,4.140405654907227
7,-232.54296875,164.40113830566406,-5.699360370635986,28.483009338378903,5.333666324615479,1.765201449394226,0.8303034901618958,-1.6464519500732422,-0.3942682445049286,8.932680130004883,-2.870245933532715,7.131418704986572,0.4387385547161102,4.816424369812012,-5.447978973388672,2.254251003265381,-0.8600905537605286,-1.0559325218200684,-7.066543102264404,-1.5629169940948486,-9.189109802246094,-0.5922124981880188,-6.071663856506348,-3.94211745262146,-4.596704959869385,1.526163101196289,-3.751953125,0.9619379043579102,-3.10030198097229,0.0141740255057811,-4.748467922210693,3.601427793502808,-2.341738945688121e-05,4.656566619873047,1.3603347539901731,2.118673086166382,-0.2007779479026794,3.240669012069702,-0.4995132982730865,4.446460723876953
7,-230.81089782714844,163.56324768066406,-5.998382091522217,29.83989524841309,6.864010810852051,1.554284930229187,0.7891770005226135,-1.080346941947937,-0.3423503935337066,8.74860954284668,-2.6377761363983154,6.99422025680542,-0.7289903163909912,4.698581218719482,-5.5435404777526855,1.9570894241333008,-0.9049209952354432,-0.5406453609466553,-6.851049423217773,-2.3608901500701904,-9.120004653930664,-0.1752859652042389,-5.554533004760742,-3.2692391872406006,-5.224790573120117,0.685038149356842,-3.850827932357788,0.967112958431244,-3.677902936935425,-0.640875518321991,-5.321921825408936,2.928407907485962,0.3752484917640686,5.280428409576416,1.913906574249268,2.7379865646362305,0.1679833680391311,3.7330713272094727,-0.4159295856952667,4.68537712097168
7,-224.9195709228516,161.28887939453125,-9.151237487792969,30.98584747314453,6.67269229888916,-0.9030881524086,-0.27742600440979,-1.7210471630096436,-1.5272834300994873,8.53009033203125,-3.172492742538452,6.963111400604248,-1.7504713535308838,5.28671932220459,-4.927902221679688,2.4678566455841064,-0.9750617742538452,0.6262384057044983,-6.927934169769287,-2.5326802730560303,-9.178664207458496,-0.02105731703341,-5.338480949401856,-2.87514877319336,-6.07760763168335,1.5655437707901,-3.578403949737549,1.208415985107422,-3.4069862365722656,-0.1739792674779892,-5.27328634262085,2.0538153648376465,0.1469858437776565,5.617677211761475,1.6288973093032837,3.0605132579803467,0.2178021222352981,3.558032751083374,-0.4710319340229034,4.467075824737549
7,-227.4430084228516,161.23580932617188,-10.428345680236816,29.95564842224121,5.897696495056152,-1.5529139041900637,1.0210678577423096,-1.402774214744568,-2.575937271118164,8.831681251525879,-2.886418581008911,7.038569927215576,-0.9682421088218688,5.605678081512451,-4.638238906860352,3.053184986114502,-1.4841864109039309,0.9268860816955566,-8.069229125976562,-3.4328861236572266,-9.57308864593506,-0.917756199836731,-5.40623664855957,-3.000858783721924,-5.899799823760986,2.15905237197876,-3.965387344360352,1.0625898838043213,-2.754345417022705,-0.0013855454744771,-4.58016300201416,2.5302977561950684,-0.2743135690689087,4.774640083312988,1.0585209131240845,3.17516565322876,0.3932993412017822,3.385447263717652,0.2014774531126022,4.565166473388672
7,-231.6084747314453,161.7718963623047,-9.080446243286133,30.621004104614254,5.760356903076172,-0.7716152667999268,1.344020128250122,-1.0083487033843994,-2.2548201084136963,9.390307426452637,-2.190617799758911,6.981345653533936,-0.7901624441146851,6.002838134765625,-4.873776435852051,2.69009780883789,-2.183160781860352,0.6442260146141052,-8.148015975952148,-3.7087833881378174,-9.456308364868164,-1.266860008239746,-5.749654769897461,-2.8551394939422607,-5.154567241668701,2.3852405548095703,-3.60576605796814,1.000754952430725,-3.119590759277344,-0.1114232465624809,-4.426639080047607,3.322166204452514,-0.1805302947759628,4.694244384765625,0.9361250400543212,2.9020144939422607,0.2054778784513473,3.2920949459075928,0.4365409016609192,4.342855930328369
7,-233.5177001953125,161.4674072265625,-8.511260032653809,30.953372955322266,6.421816349029541,-0.8282424211502075,0.8689541816711426,-0.670199990272522,-2.0851151943206787,9.660871505737305,-1.3716896772384644,6.864254951477051,-1.232384443283081,5.6836113929748535,-5.101379871368408,2.53202748298645,-2.371882200241089,0.9554608464241028,-7.488595962524414,-3.410590887069702,-8.871260643005371,-0.8383949398994446,-5.508583545684815,-3.3523824214935303,-5.729822635650635,1.8220430612564087,-3.7038824558258057,0.4044873118400574,-3.592245578765869,-0.475237101316452,-4.501731872558594,3.3332364559173584,0.2888180017471313,5.177862644195557,1.196238398551941,2.9319610595703125,0.305695116519928,3.397531509399414,-0.196591630578041,3.998727798461914
5,-398.9058837890625,85.47964477539062,7.494216918945312,-7.243368625640869,-27.672563552856445,-11.213976860046388,-15.332626342773438,-1.945039749145508,-8.585854530334473,-10.069701194763184,-3.5328385829925537,1.5511419773101809,-1.2468096017837524,-0.145675390958786,0.9593322277069092,4.998072147369385,-1.9199564456939695,2.0301666259765625,-0.0359745919704437,0.878318190574646,-3.1331236362457275,-0.923690378665924,-2.2914843559265137,-0.6816079616546631,-1.968868374824524,0.4184149205684662,-0.1852052211761474,0.0945076271891594,-1.7576032876968384,2.353139638900757,1.1470036506652832,0.4114711582660675,1.456488847732544,0.4397818446159363,0.1336050778627395,2.132476568222046,2.168843030929565,0.1137977987527847,-3.1113319396972656,0.7683355212211609
5,-575.87353515625,70.61248779296875,-1.1462563276290894,-7.412826061248779,-11.77739715576172,-4.234527111053467,-8.842856407165527,2.4368607997894287,-3.1198952198028564,-6.668066024780273,0.8870419859886169,-1.7190964221954346,-6.603574275970459,-0.8377763032913208,5.4183349609375,8.775531768798828,-0.2142539918422699,1.1849735975265503,2.304752349853516,0.4453497231006622,-0.8531239032745361,0.7863641381263733,-3.0573737621307373,1.0268787145614624,2.0129973888397217,-0.5468294620513916,1.862437844276428,1.9782235622406008,-0.6626562476158142,3.665400266647339,1.8796755075454712,-0.2355685979127884,0.7312186360359192,1.368666410446167,-0.6783936619758606,0.7712409496307373,0.4755350947380066,0.2170373052358627,-0.0677754804491996,-0.1626762449741363
5,-522.8488159179688,75.05384063720703,-4.06063985824585,-10.45444393157959,-13.643239974975586,-3.558765172958374,-8.744247436523438,0.8642304539680481,-4.748302936553955,-9.680628776550291,-3.1796579360961914,-5.713287830352783,-8.730180740356445,-1.5639832019805908,6.460944652557373,9.205101013183594,-1.8758798837661743,-1.3204017877578735,0.1916821449995041,0.218136578798294,-1.7797561883926392,-0.5124205946922302,-3.7317593097686768,-2.127239227294922,-2.0558760166168213,0.3522475659847259,-0.5977780818939209,0.0053268168121576,2.154008150100708,4.518168926239014,2.6084578037261963,2.3794283866882324,3.088236093521118,2.9794929027557373,1.0144271850585938,0.3500635325908661,-0.0862877443432807,-0.5593169331550598,-1.277293086051941,-0.0473062135279178
5,-606.5206909179688,113.92816162109376,-0.4507856369018554,-4.385538578033447,-12.691073417663574,3.011095762252808,-8.086195945739746,1.4528998136520386,3.4412357807159424,0.1945420056581497,1.0476545095443726,-2.67002010345459,-9.130938529968262,-4.929194450378418,3.3059966564178467,4.031962871551514,-6.768543243408203,0.0273526310920715,5.979786396026611,4.83347749710083,-2.041343688964844,2.8002188205718994,-3.1729748249053955,1.544411063194275,1.7327995300292969,0.8584521412849426,-5.168960094451904,0.7215275764465332,7.718137741088867,6.020563125610352,-3.3599674701690674,-0.1582954376935959,0.3683773577213287,4.025009632110596,-0.9634138941764832,0.3520914018154144,-2.099670648574829,-0.3335137367248535,-2.722935914993286,-4.294563293457031
10,-189.50613403320312,130.888427734375,-17.60375213623047,17.467504501342773,-17.97091293334961,16.13968276977539,-4.170684814453125,1.00515878200531,-2.966662883758545,-1.3207932710647583,-14.512983322143556,1.8622918128967283,-0.4897794723510742,4.13556718826294,-7.892884254455566,-0.0061690933071076,-0.1989431232213974,5.102028846740723,-1.5484105348587036,1.8826121091842647,-2.6661124229431152,3.509631633758545,5.40726375579834,10.407170295715332,-1.7398204803466797,3.7982118129730233,-1.9504207372665403,-2.4936349391937256,1.566303014755249,5.763912677764893,-8.804485321044922,-0.5619578957557678,2.2029478549957275,8.191883087158203,0.0957474932074546,3.4702444076538086,-2.5038630962371826,-2.0527939796447754,-4.040252685546875,-1.7069518566131592
10,-164.02584838867188,125.01271057128906,-20.82075309753418,23.532621383666992,-15.690174102783203,12.241408348083496,0.5272625088691711,3.783386468887329,-7.105973243713379,-0.787105917930603,-7.731918811798096,-4.358673095703125,-12.013012886047363,-2.519296884536743,-1.7319766283035278,10.695878028869627,5.773462295532227,6.540693759918213,0.069645345211029,4.410000324249268,-8.20449161529541,3.41631293296814,6.681764602661133,8.18942928314209,-3.999151945114136,1.6125531196594238,0.5148289203643799,3.445278644561768,6.41917896270752,-0.9630998373031616,-23.68418312072754,0.8283647894859314,6.5580644607543945,6.066745758056641,1.5804471969604492,-0.947782039642334,-5.752920150756836,-8.164278030395508,-10.76105499267578,1.4940379858016968
10,-146.67044067382812,93.6059341430664,-18.587047576904297,10.24873161315918,-14.667622566223145,8.948427200317383,-2.3438735008239746,0.1840931475162506,-4.605400085449219,0.9675495028495787,-12.23410987854004,-2.3203611373901367,-10.163497924804688,-0.0746068358421325,1.8532648086547847,3.4058964252471924,5.855219841003418,1.252416729927063,0.7359747290611267,10.318910598754885,4.611348628997803,-0.356520801782608,-1.965766191482544,1.0878487825393677,-7.105674743652344,3.645406246185303,-3.4561479091644287,9.130194664001465,2.022554874420166,4.133913040161133,5.500164985656738,8.349380493164062,-2.001877546310425,2.038549423217773,-8.276458740234375,1.3826676607131958,-1.0055330991744995,4.297524929046631,-2.3342130184173584,-3.7296838760375977
10,-141.46917724609375,95.10621643066406,-16.38040542602539,18.165796279907227,-11.19309902191162,15.528546333312988,5.331354141235352,7.135990619659424,1.2108949422836304,3.673397064208984,-12.225152969360352,1.7812057733535769,-6.182679176330566,1.020802021026611,-0.296651154756546,1.8352001905441284,-1.2484304904937744,-0.6553252935409546,5.289478778839111,8.036194801330566,-6.489079475402832,1.9623388051986692,6.0916008949279785,5.641741752624512,-0.8272749185562134,6.326395034790039,-7.439976692199707,6.009041786193848,11.433697700500488,-2.199336290359497,-27.43498039245605,-3.0362870693206787,7.4298200607299805,6.882095813751221,-6.654271602630615,-0.0433095134794712,-5.953948497772217,-13.795647621154783,-5.448957920074463,14.406034469604492
10,-180.4639587402344,112.5333251953125,-18.78256607055664,25.760805130004883,-11.623634338378906,11.527679443359377,-5.690435886383057,-4.130932807922363,-4.317257404327393,0.8629865050315857,-10.038702964782717,-0.598786473274231,-2.782799243927002,-0.5757177472114563,-5.526089191436768,0.6071600317955017,1.1462584733963013,2.0196545124053955,-3.601119041442871,2.605542659759521,1.9150310754776,10.6990327835083,7.028493881225586,5.108559608459473,-4.658880710601807,3.817604303359986,1.7342345714569092,3.2821362018585205,-7.313619136810303,2.2061808109283447,10.770380973815918,8.727472305297852,-5.593410491943359,-1.253483533859253,-6.668258666992188,-2.5668511390686035,2.158949375152588,2.581146717071533,-6.138920783996582,-0.4763469398021698
10,-150.78463745117188,137.64308166503906,-27.087541580200195,18.171979904174805,-21.173582077026367,2.619804859161377,-7.319728851318359,1.9184129238128664,-7.987393379211426,-3.2318503856658936,-9.34211254119873,-2.151831865310669,-11.708976745605469,-9.945514678955078,-5.690064907073975,6.893681526184082,1.423046350479126,7.118178367614746,7.489953517913818,14.614287376403809,-0.5781332850456238,0.8733298182487488,3.0464463233947754,2.5716443061828613,-4.634663105010986,6.227827548980713,-1.2937630414962769,-1.2861182689666748,3.383941411972046,6.210884094238281,-6.696449279785156,5.6739912033081055,2.122344493865967,1.388395071029663,-3.913088321685791,2.0522561073303223,-1.035239577293396,-2.3653643131256104,-6.722483158111572,-2.162320613861084
5,-76.54876708984375,96.43397521972656,-23.42778587341309,-6.88137149810791,1.769404411315918,2.501107215881348,7.953965663909912,8.556072235107422,-2.2046639919281006,-1.8630738258361816,-8.577869415283203,0.4192361235618591,3.003251314163208,10.62419605255127,2.03309178352356,2.8433094024658203,-4.5423359870910645,2.808192014694214,-0.7692467570304871,5.692681312561035,0.3544980585575104,1.8500349521636963,-3.871677875518799,4.8109517097473145,1.0746612548828125,4.957447052001953,1.4291354417800903,2.0279219150543213,-4.683818817138672,0.7425455451011658,-3.1416444778442383,2.601580142974853,-0.7647010087966919,1.183382272720337,-2.960642576217652,2.218334436416626,-0.7972625494003296,1.2806332111358645,-3.299389362335205,0.8041208982467651
5,-350.8328552246094,159.4320526123047,-27.100833892822266,45.11648941040039,-0.1709256917238235,-2.83955717086792,6.566932678222656,-0.5365506410598755,-10.235562324523926,14.627568244934082,-5.499369144439697,10.71458911895752,4.397939205169678,-5.098414897918701,-5.768604755401611,-5.421879291534424,-9.065147399902344,2.5779478549957275,-3.888802528381348,1.995362877845764,-0.4063669443130493,-2.1455368995666504,-5.510453701019287,-0.2061302810907364,-4.902126312255859,-3.684213161468506,-8.816729545593262,-0.1578669846057891,-0.7805957198143005,-3.149940013885498,-4.236022472381592,-1.9459084272384644,-3.26395583152771,0.6790962815284729,-5.46792459487915,-4.44036340713501,-3.28478479385376,-5.348357200622559,-8.620233535766602,-4.086177349090576
5,-334.4961242675781,155.73040771484375,-27.13943672180176,37.395957946777344,1.6331934928894043,-2.4589195251464844,7.090723037719727,4.5388922691345215,-11.664999961853027,14.172019004821776,-9.079498291015623,6.869139194488525,-0.1098122373223304,-3.5771963596343994,-4.104384422302246,-0.6116961240768433,-6.319965362548828,3.610645532608032,0.3869217932224273,-0.0180627014487981,-3.897358655929565,-3.657123565673828,-7.51645040512085,-4.03878927230835,-2.387515068054199,-0.7965810894966125,-8.803202629089355,-1.4592543840408323,-1.972036361694336,-2.5635831356048584,-2.670470714569092,-3.543369770050049,-4.742085933685303,1.3803576231002808,-1.40302836894989,-6.1265974044799805,-4.197183132171631,-3.666237115859986,-5.911124229431152,-6.517650604248047
5,-269.9371337890625,150.91622924804688,-34.845489501953125,41.65037536621094,-5.211390495300293,-1.1618670225143433,2.8637983798980717,-0.0411639809608459,-10.08065414428711,14.151844024658203,-7.845422267913818,7.896111965179443,1.2039579153060913,-6.263540744781494,-8.683379173278809,-4.1308207511901855,-10.689053535461426,3.030576467514038,-3.894129037857056,1.8272621631622317,-1.152132272720337,-5.109588623046875,-7.764782428741455,-4.464555263519287,-6.543490886688232,-2.445350885391236,-7.314677715301514,0.5733857154846191,-4.112919330596924,-3.6455698013305664,-6.589791297912598,-2.131782054901123,-1.210090398788452,-0.3929738700389862,-5.397825717926025,-5.78073263168335,-1.2496949434280396,-5.410331726074219,-10.112618446350098,-4.155848979949951
5,-272.98834228515625,150.5027313232422,-35.04502487182617,37.178489685058594,-7.844076633453369,1.615673303604126,0.2265378981828689,0.7513921856880188,-14.843253135681152,13.6227388381958,-6.404179573059082,7.990601062774658,1.6948517560958862,-6.539412498474121,-6.885246753692627,-3.189222812652588,-9.992430686950684,4.913854122161865,-4.065912246704102,0.1314404159784317,-5.253552913665772,-6.163793563842773,-7.982004165649414,0.2749158442020416,-3.441557645797729,-1.0306042432785034,-9.452143669128418,0.3091770112514496,-3.03810715675354,-1.1878350973129272,-7.105972766876221,-4.310376167297363,-5.1849141120910645,0.921027898788452,-5.580711841583252,-5.846792221069336,-2.5392298698425293,-3.579460620880127,-6.45037317276001,-1.3184300661087036
5,-157.96951293945312,134.44276428222656,-24.74556541442871,31.633808135986328,1.6921625137329102,-0.0249733012169599,-1.1842554807662964,6.431546688079834,-15.740799903869627,10.533909797668455,-9.574000358581545,2.5928993225097656,-5.827271938323975,-10.294482231140137,-6.815985202789307,2.055341482162476,-7.415610790252685,3.2752444744110107,-8.64813232421875,-0.8903858065605164,-9.239315032958984,-3.8619463443756095,-6.094276428222656,-2.220112562179565,-7.633043766021728,-0.8986310958862305,-8.022026062011719,-1.4870312213897705,-7.746503829956055,-2.7426912784576416,-6.423844337463379,-0.684688150882721,-4.833168029785156,-1.1622133255004885,-5.522984504699707,-2.443711042404175,-3.5374042987823486,-3.0485494136810303,-6.0887064933776855,-4.631699562072754
5,-390.4005126953125,158.2587127685547,-12.045265197753906,38.99065780639648,7.298670768737793,-3.428818941116333,6.030295372009277,1.9474574327468872,-6.18489933013916,14.410011291503906,-4.447609901428223,9.265581130981444,-2.5555906295776367,-11.427978515625,-6.450018882751465,-1.9442821741104128,-9.174351692199709,2.2890896797180176,-0.6148643493652344,2.515773296356201,-5.520324230194092,-3.927424669265747,-4.776005744934082,-0.4147573411464691,-5.599781513214111,-1.8257193565368648,-6.147965431213379,1.3905657529830933,-4.373621463775635,-3.2370834350585938,-4.563238143920898,-1.887810468673706,-4.565677165985107,-1.6644989252090454,-5.83737850189209,-5.80338191986084,-1.6201564073562622,-4.676460266113281,-7.19376802444458,-2.9514353275299072
5,-171.59010314941406,121.07852935791016,-100.4573211669922,-36.23580551147461,-24.586009979248047,25.521747589111328,22.563936233520508,-9.671394348144531,-23.531421661376957,4.476968765258789,-2.5224380493164062,-21.47956275939941,-11.087977409362791,5.940104961395264,6.380324363708496,2.0652990341186523,-6.568594932556152,-6.388936996459961,-7.272661209106445,-4.76624059677124,-7.649937629699707,0.5695919394493103,2.7616426944732666,6.68489933013916,-4.447949409484863,-5.394113540649414,-2.3846025466918945,-0.0722011998295784,-5.716065406799316,-2.0389015674591064,0.6349999904632568,7.005715370178223,-6.680217266082764,-2.5800106525421143,-3.141132354736328,0.1353602558374405,-3.4445412158966064,1.7973647117614746,-1.0380178689956665,5.227678298950195
5,-103.88687896728516,119.90773010253906,-95.99272918701172,-32.93609619140625,-26.10977554321289,25.15647315979004,20.84786033630371,-7.765201568603516,-21.1501579284668,4.588909149169922,-4.411814212799072,-20.73293685913086,-10.850421905517578,2.765084981918335,3.0466926097869877,-0.3894482254981994,-5.597370624542236,-4.165951251983643,-5.633019924163818,-2.796644687652588,-5.7522807121276855,1.3719433546066284,1.4291563034057615,5.069507598876953,-6.441788196563721,-6.963895320892334,-5.842737674713135,-2.465773820877075,-6.519017696380615,-2.242539167404175,-0.113907478749752,5.750856399536133,-6.594895839691162,-1.2794402837753296,-2.738663673400879,0.360924482345581,-2.2961766719818115,2.684436321258545,-1.362985372543335,5.3305344581604
5,-96.63247680664062,118.44583129882812,-45.02400207519531,-15.66862678527832,-14.996170043945312,2.9318058490753174,5.240426540374756,-0.7488555312156677,-10.519315719604492,-1.8474558591842647,-9.64971160888672,-4.402386665344238,-5.445959568023682,7.4107489585876465,-0.4199196696281433,-0.2638122141361236,-7.7017645835876465,-1.8703083992004397,-5.869056701660156,-2.844160556793213,-6.3571648597717285,-1.735148549079895,-2.4171736240386963,-0.4229050874710083,-4.249575614929199,0.8950358629226685,-4.6797709465026855,0.6357603669166565,-5.811471939086914,-0.5226351618766785,-3.0596747398376465,2.8531320095062256,-3.6321067810058594,1.371406316757202,-3.8771817684173584,-1.558440089225769,-4.280269622802734,0.4160553216934204,-2.851570844650269,0.8963429927825928
5,-79.7539291381836,113.21858978271484,-43.50840377807617,-13.154232025146484,-4.711363792419434,11.07404613494873,1.875440001487732,-12.823901176452637,-16.918893814086914,5.587862014770508,1.0441678762435913,0.362375944852829,-8.858763694763184,0.6561205983161926,-2.1628756523132324,0.7543923258781433,-7.965539455413818,-0.9435197114944458,-4.558932304382324,-1.765458106994629,-8.22304916381836,-3.642871618270874,-5.158141613006592,-0.3700439929962158,-5.098001480102539,1.3414117097854614,-4.249830722808838,0.1231838762760162,-4.9022979736328125,-1.734060287475586,-4.0949578285217285,2.19729232788086,-3.894799470901489,0.2288265377283096,-4.225555896759033,-0.9263117909431458,-4.6888747215271,0.3856433033943176,-3.3776488304138184,0.574242115020752
5,-86.64393615722656,119.6300811767578,-42.62081146240234,-15.242061614990234,-13.710393905639648,7.84881067276001,6.799443244934082,-1.5953065156936646,-16.1099796295166,0.5420662760734558,-5.590452671051025,-1.9119685888290403,-5.916595935821533,2.0743863582611084,-2.358921527862549,-0.2616467475891113,-6.110657215118408,-2.028700590133667,-9.73231315612793,-2.175047874450684,-4.814133644104004,-1.8509937524795528,-6.037788391113281,-0.4489507973194122,-6.256103992462158,-0.3471056520938873,-5.254390239715576,-0.9333937764167786,-5.610450267791748,0.2618859410285949,-3.496421813964844,1.023554444313049,-4.203619480133057,0.3903484940528869,-3.729378700256348,0.3319182097911834,-3.315303325653076,1.1568173170089722,-2.629671096801758,1.052202820777893
5,-129.72775268554688,107.81876373291016,-70.59615325927734,-21.80521583557129,-20.4716739654541,16.62032127380371,10.472451210021973,-11.69764518737793,-20.425899505615234,5.17484188079834,-1.1408822536468506,-15.081716537475586,-12.837797164916992,0.8658055663108826,-3.4963865280151367,-2.664758682250977,-3.842640161514282,-3.973771810531616,-2.277193784713745,1.4084011316299438,-7.048373699188232,-1.8759273290634155,-1.803001284599304,1.2494256496429443,-7.183421611785889,-7.266273975372314,-9.872554779052734,-4.577078819274902,-5.0032057762146,-2.928629875183105,-3.891888380050659,1.1492503881454468,-4.028596878051758,0.925090193748474,-2.8611438274383545,0.2472017109394073,-0.9405071139335632,2.6893856525421143,-2.804696559906006,2.1000332832336426
5,-200.9485626220703,106.1595458984375,-52.03116607666016,-13.62391757965088,-12.437835693359377,15.027676582336426,7.182933330535889,-19.470834732055664,-27.62900161743164,6.489921569824219,8.761930465698242,-8.94138240814209,-12.669004440307615,-1.1411324739456177,-4.192592620849609,-4.5309648513793945,-6.914937973022461,-2.73148775100708,4.127828598022461,-1.6804943084716797,-9.12385082244873,-1.6556557416915894,-0.5423264503479004,-1.83319103717804,-5.326525688171387,-2.518888473510742,-6.105087757110596,-4.2482590675354,-5.094000339508057,-2.1357574462890625,-2.2801692485809326,-3.187772274017334,-3.4450602531433105,1.2838687896728516,-1.5772649049758911,0.9879198670387268,-2.608961343765259,0.3227936029434204,-1.3828784227371216,1.8884696960449217
5,-218.90365600585935,109.48103332519533,-53.89166259765625,-17.741239547729492,-21.226778030395508,4.16098165512085,10.644989967346191,-0.3560607433319092,-18.65008354187012,-3.322904586791992,-1.1601033210754397,-7.177030086517334,-6.617492198944092,0.894896924495697,-0.4108897745609283,-3.2878520488739014,-7.192725658416748,-2.700123071670532,-5.588836669921875,-7.504138469696045,-2.585163116455078,3.114687919616699,0.0598454996943473,-1.5939098596572876,-3.9343459606170654,0.7022402286529541,-3.2537407875061035,-3.411463022232056,-5.759561061859131,-1.1041913032531738,0.5516399145126343,-1.9117608070373533,-4.1202073097229,0.1348444819450378,-1.4234004020690918,-0.0794479250907898,-2.763134479522705,-1.130543828010559,0.3172611892223358,3.065927743911743
5,-191.54632568359372,111.2235107421875,-58.35198211669922,-13.755173683166504,-14.244915008544922,2.072870969772339,2.9392940998077397,-5.4457783699035645,-11.24227809906006,7.257185935974121,-2.8289265632629395,-16.410511016845703,-9.333924293518066,9.105688095092772,1.6459251642227173,-1.702770471572876,-7.113163948059082,-9.290151596069336,-5.456357955932617,0.0344580486416816,-5.678496360778809,0.176502913236618,-0.3482332527637481,-0.4460189938545227,-3.7453811168670654,0.2492151856422424,-5.309908866882324,-1.0930618047714231,-1.6460825204849243,-3.7664132118225098,-2.9594616889953613,1.6295398473739624,-2.5605111122131348,-0.4488800466060638,-3.1509110927581787,-0.2753980457782745,-0.9204798340797424,-1.543245553970337,-0.9094661474227904,4.179166316986084
5,-176.40521240234375,117.09758758544922,-57.86303329467773,-11.010990142822266,-6.7934441566467285,14.657737731933594,7.595280647277832,-15.2523832321167,-19.512481689453125,9.33273220062256,4.079661846160889,-8.303719520568848,-6.4674458503723145,6.351453304290772,-2.470205545425415,-3.703744411468506,-8.681441307067871,-7.959003925323486,-0.8572193384170532,2.364224910736084,-7.140860557556152,-2.2218854427337646,-2.932518482208252,1.2785146236419678,-4.610330581665039,1.0558669567108154,-3.369018793106079,1.035868525505066,-1.3766437768936155,-3.858327865600586,-4.218082427978516,2.1863739490509038,-2.1830766201019287,0.5706266760826111,-2.417700290679932,1.727542281150818,-1.3191848993301392,-0.4451568722724914,-2.479744911193848,3.7862915992736816
5,-147.13954162597656,120.25666046142578,-52.15897750854492,-18.93402862548828,-16.534969329833984,7.665243625640869,15.464774131774902,1.5080573558807373,-16.519847869873047,-4.508096694946289,-2.9278838634490967,-0.381805956363678,-6.199300765991211,1.420883059501648,-1.6754649877548218,-0.9772141575813292,-4.707024574279785,-2.890101194381714,-11.886783599853516,-4.2670674324035645,-2.311594724655152,-0.6840579509735107,-4.788450717926025,4.076198101043701,-2.690539836883545,0.3107540607452392,-4.929335594177246,-1.280326008796692,-3.723917245864868,0.3841175138950348,-1.8499414920806885,2.4647295475006104,-3.056337118148804,1.546259880065918,-2.1424055099487305,0.6879398822784424,-3.0351858139038086,2.7932090759277344,-1.1522635221481323,1.80452823638916
5,-121.99562072753906,117.74433135986328,-51.27645111083984,-15.73610782623291,-8.17160415649414,7.449052333831787,3.143224000930786,-13.313735961914062,-17.22048568725586,8.90185546875,1.6952364444732666,-8.852746963500977,-14.53271198272705,4.632282257080078,1.9734232425689695,0.5566644072532654,-8.131601333618164,-2.037688970565796,-7.5199809074401855,-5.171205520629883,-9.158801078796388,0.8466045260429382,-2.284545660018921,1.3733994960784912,-4.46392297744751,-0.7624526619911194,-6.101065635681152,-0.5993014574050903,-4.557990074157715,0.546149730682373,-0.0906501710414886,3.464240074157715,-5.318516731262207,0.8185667991638184,-3.5225250720977783,0.4508517980575561,-4.013782501220703,0.3114837408065796,-1.710394024848938,2.423785448074341
5,-117.32487487792967,120.14568328857422,-49.58734130859375,-14.291836738586426,-12.08358097076416,5.834621429443359,4.337087154388428,-7.501698970794678,-14.819462776184082,2.92666244506836,-7.1563334465026855,-7.06080436706543,-5.889277458190918,8.924530029296875,-0.1287378668785095,-1.847591996192932,-10.034110069274902,-2.3814642429351807,-3.6401073932647705,-2.8999228477478027,-8.29071044921875,0.6893423199653625,-2.384422540664673,-2.104795455932617,-6.275528907775879,-0.3051831424236297,-4.242057800292969,1.476586103439331,-5.8506598472595215,-0.0351704508066177,-0.781611442565918,3.363847494125366,-5.228720188140869,1.6387122869491575,-3.213767766952514,-0.1838172674179077,-3.62434458732605,-1.3871248960494995,-3.1625101566314697,1.5796353816986084
5,-98.584716796875,114.64972686767578,-33.69937515258789,-10.116211891174316,-2.221132040023804,11.123576164245604,-0.0669018924236297,-10.492302894592283,-17.46043586730957,4.446200370788574,-1.7499054670333862,-0.6974378824234009,-7.701242446899414,-0.783317506313324,-4.140713214874268,-2.83078408241272,-7.435091018676758,-3.006330966949463,-5.053098201751709,1.0902056694030762,-6.644493103027344,-1.8034604787826536,-4.412064075469971,1.6818445920944214,-3.061266660690308,-0.3808026313781738,-6.649169921875,-1.3460626602172852,-5.017773628234863,0.1236475780606269,-3.901478290557861,2.034324407577514,-3.7738678455352783,0.2094216346740722,-2.468416929244995,0.4325612783432007,-2.744931697845459,0.4421305954456329,-3.534686326980591,-0.4887310266494751
5,-92.55931854248048,113.95830535888672,-26.581615447998047,-9.70326328277588,-5.495678424835205,6.305599212646484,3.776723861694336,-3.7399959564208975,-14.005558967590332,2.481531143188477,-6.28111457824707,0.0608897134661674,-5.720113277435303,0.8555783033370972,-3.419818162918091,-2.176840305328369,-7.358661651611328,-3.02648401260376,-7.404269218444824,-1.4306296110153198,-5.125070571899414,-1.2691726684570312,-4.062139511108398,0.9278331398963928,-4.401648044586182,0.0439712107181549,-5.546009063720703,-2.150380373001098,-5.8380513191223145,0.0294873006641864,-2.7427382469177246,2.457136392593384,-4.435420989990234,-0.2316596657037735,-2.5819897651672363,0.4583898484706878,-3.1827688217163086,0.276419848203659,-2.1897006034851074,0.0682900696992874
5,-86.89031219482422,109.28990173339844,-22.038087844848636,-6.206044673919678,-2.275864839553833,5.377326965332031,-0.3777233064174652,-3.305436849594116,-9.736068725585938,6.296543598175049,-7.263093948364258,-4.542256832122803,-7.04703426361084,3.079798460006714,-1.234062671661377,-2.3900609016418457,-9.053757667541504,-4.692752361297607,-7.549852848052978,-0.3105450272560119,-5.92128849029541,-2.570011138916016,-4.587289333343506,0.4699746668338775,-5.596287250518799,-0.7864201068878174,-5.807864665985107,-1.3315660953521729,-5.566365718841553,-0.7121043801307678,-3.4682013988494877,1.5402125120162964,-4.553009986877441,0.1120670735836029,-2.911627769470215,1.0205845832824707,-2.807253837585449,0.8246140480041504,-1.665434956550598,0.6006600856781006
5,-80.85076141357422,111.12109375,-25.33480262756348,-4.6404900550842285,0.5318987965583801,8.37154769897461,-2.888630151748657,-4.574681282043457,-12.373148918151855,6.313449859619141,-4.456402778625488,-1.7875484228134155,-5.160905361175537,2.388367891311645,-3.2180280685424805,-3.703889131546021,-9.134068489074709,-4.9531989097595215,-6.395724296569824,-0.0021349957678467,-7.161355018615723,-3.002410411834717,-5.957113265991211,0.4406636357307434,-5.075064659118652,-0.7833256125450134,-5.931021213531494,-0.8224666118621826,-4.889242172241211,-1.9704269170761108,-5.475219249725342,0.0051374491304159,-4.1404547691345215,0.7047402858734131,-2.979682683944702,1.658522605895996,-2.8344216346740723,0.7991480231285095,-3.0260496139526367,0.1690805256366729
5,-73.59573364257812,118.64200592041016,-25.24174690246582,-5.853463172912598,-2.8137030601501465,7.663521766662598,-0.2204407304525375,-0.4994958937168121,-13.68856143951416,3.1011955738067627,-6.3477888107299805,-0.8559755682945251,-4.6831889152526855,-0.5093830823898315,-5.260909080505371,-2.3998918533325195,-6.548713684082031,-6.76912260055542,-9.809783935546877,-1.6384726762771606,-7.170166015625,-1.5109407901763916,-6.701315879821777,-0.6015529036521912,-4.669888973236084,-0.9591077566146852,-8.625107765197754,-3.866249084472656,-4.85213041305542,-1.7115530967712402,-5.520778656005859,-0.273510217666626,-4.2928466796875,0.6080499291419983,-3.731748819351196,0.6756507754325867,-4.069284915924072,1.5282360315322876,-1.817246675491333,0.8240681290626526
5,-71.77542114257812,116.92662048339844,-23.64959144592285,-0.434569776058197,-2.1134579181671143,9.493098258972168,-4.549946308135986,-4.008568286895752,-13.230195999145508,7.393030643463135,-2.800170421600342,-2.36157751083374,-6.757010459899902,-1.721363544464111,-4.766301155090332,-2.394272327423096,-6.523997783660889,-5.06890869140625,-9.976688385009766,-2.1822445392608643,-8.87759780883789,-1.834923505783081,-5.489720821380615,-0.8388217687606812,-4.983414173126221,-0.1036960408091545,-8.396187782287598,-3.6686723232269287,-5.682333469390869,-1.2770073413848877,-4.083848476409912,0.5900547504425049,-3.881181955337525,-0.8241511583328247,-4.477380275726318,0.3495068848133087,-3.613166332244873,1.6428278684616089,-1.0016810894012451,2.095458984375
5,-98.64437103271484,49.45231246948242,-19.279539108276367,21.199752807617188,2.3532657623291016,8.964140892028809,-12.152332305908203,4.128702640533447,20.69652557373047,11.99736213684082,-14.245484352111816,6.422454833984375,3.3298282623291016,9.066445350646973,-0.4246208667755127,-2.007763385772705,6.688591480255127,10.022103309631348,-16.968975067138672,3.052865505218506,1.4253089427947998,0.4706888496875763,-9.9482421875,-1.5021016597747805,-0.3147589266300201,8.559081077575684,-9.489701271057127,-5.954394340515137,-0.2611659169197082,2.7537317276000977,-4.557101249694824,-1.747046709060669,-3.4782707691192627,7.475592136383057,-5.1880202293396,-1.2267614603042605,-3.784409761428833,-1.5241656303405762,-2.2514870166778564,2.2490272521972656
5,-103.58297729492188,49.170631408691406,-20.022729873657227,21.59064483642578,2.817563056945801,9.461432456970217,-12.54889965057373,3.4304487705230717,22.219636917114254,11.99444580078125,-15.93402099609375,4.889750957489014,4.02011775970459,9.292078018188477,-1.3828959465026855,-1.6132746934890747,7.595462322235107,10.222808837890623,-16.769161224365234,0.9936001896858216,2.121464967727661,2.4478914737701416,-9.198235511779783,-0.4777796864509582,-0.7489640712738037,8.631677627563477,-8.092978477478027,-5.269101142883301,-1.197365164756775,1.2438948154449463,-4.537430763244629,-1.86724865436554,-3.3427419662475586,6.732594966888428,-4.712186336517334,-1.426192283630371,-3.610724210739136,-2.3175737857818604,-1.4184516668319702,2.163691282272339
9,-414.3508911132813,127.8789291381836,-25.58649635314941,8.168437004089355,-11.422624588012695,9.394680976867676,-5.089970111846924,-1.7520545721054075,-1.3034502267837524,-2.4900712966918945,1.4412082433700562,9.304973602294922,3.5283753871917725,4.001344680786133,3.524230718612671,1.8092612028121948,2.541672468185425,4.913717746734619,0.1088590249419212,0.8931256532669067,-1.896093845367432,7.597517967224121,7.248261451721191,6.170491218566895,-1.0885615348815918,-0.235275000333786,-2.957770347595215,-1.4838862419128418,-0.3521299958229065,4.462270259857178,-0.3091297149658203,-2.606239080429077,-2.287928819656372,2.1294541358947754,-2.0075387954711914,1.5384384393692017,1.2148655652999878,0.1054213866591453,-0.1534356325864792,2.5647165775299072
9,-406.7208251953125,143.26304626464844,-15.146964073181152,6.896149158477783,-10.339764595031738,6.395816802978516,-9.22060203552246,-0.4466564059257507,-4.100577354431152,-4.882187843322754,-6.708663463592529,3.05409836769104,0.9519279599189758,6.300679683685303,7.015307426452637,6.537285804748535,0.8257501125335693,3.1760482788085938,-2.110182285308838,-3.4041223526000977,-0.7873728275299072,3.355364322662353,0.3126111626625061,2.70098876953125,0.4613743722438812,1.544453501701355,-1.0580449104309082,2.645481586456299,1.130570650100708,2.433394193649292,1.5676746368408203,1.463974952697754,-2.309857130050659,-0.0994529500603675,-2.6577470302581787,0.1727493405342102,1.007367730140686,1.538289189338684,-0.2870551347732544,0.060526568442583
9,-426.100341796875,140.81626892089844,-23.951335906982425,7.589486122131348,-2.8540408611297607,5.342338562011719,-4.293344974517822,0.1987091898918151,-0.5150318741798401,-4.8363938331604,2.2855913639068604,5.384945392608643,2.842941999435425,4.697227478027344,0.9030555486679076,0.3366318047046661,-1.772627592086792,3.5627899169921875,6.889720439910889,9.321781158447266,8.604364395141602,7.520659446716309,2.862479448318481,2.0652997493743896,-2.3014256954193115,-0.2827319204807281,-1.615193247795105,-0.1169011145830154,-1.700058937072754,-2.990932941436768,-2.000985622406006,-1.8407225608825684,-2.5033178329467773,-1.2853349447250366,-3.3882997035980225,-0.5822005867958069,0.1602350175380706,0.3765121102333069,0.3678569793701172,1.3718454837799072
9,-394.8693237304688,119.4010772705078,-33.357154846191406,-5.218554496765137,-5.975847244262695,14.830190658569336,-11.929285049438477,-2.393394947052002,10.877936363220217,-4.411859035491943,8.076704025268555,7.709647655487059,0.0557056926190853,2.4760637283325195,-2.209850788116455,-1.7685539722442627,1.997000813484192,2.425588130950928,3.3537323474884038,3.276398181915283,1.360790491104126,2.23945426940918,3.3177359104156494,3.6060636043548575,0.4050863683223724,1.7892441749572754,-0.9970706701278688,-0.8728378415107727,-0.1279486566781997,-0.2926070392131805,-0.4505349695682525,-1.1288572549819946,-1.6820476055145264,0.0362555012106895,-0.5690492987632751,1.388005614280701,1.2401148080825806,0.6605467796325684,0.3634508550167084,-0.7346301078796387
9,-396.6395263671875,144.1277313232422,-35.67058563232422,7.445674419403076,-11.90304183959961,5.193917274475098,-5.0225019454956055,1.140554428100586,-1.993586540222168,-6.552484512329102,3.404114007949829,2.1250483989715576,3.537564516067505,2.491678476333618,0.0437242798507213,-1.588953137397766,0.6679008603096008,6.448026180267334,7.72072696685791,9.754693984985352,9.27451992034912,9.802404403686523,2.983864545822144,0.5677845478057861,-3.575605154037476,-2.124444961547852,-3.5252296924591064,-1.466740369796753,-2.2938461303710938,-3.002872943878174,-1.9927992820739744,-0.7337031364440918,-1.986911654472351,-0.7173162698745728,-2.085037469863892,-0.5690512657165527,0.5071188807487488,1.484785079956055,0.2403319180011749,0.5174466371536255
9,-416.0188293457031,137.98287963867188,-15.728318214416504,2.9722843170166016,-7.834292888641357,6.628600120544434,-5.26449728012085,-0.0155122401192784,-3.728423833847046,-4.706366062164307,1.5700291395187378,2.015233039855957,-1.3564482927322388,2.599426031112671,1.25151264667511,2.915397882461548,4.449541568756104,7.361170768737793,1.476423978805542,2.925665616989136,0.9317646622657776,4.335408687591553,1.2586785554885864,0.1141136884689331,-2.056325674057007,-1.794398307800293,-3.0861012935638428,0.9658836126327516,-0.0076262191869318,-0.7294639348983765,-4.083020687103272,-1.8634780645370483,-0.1111086383461952,0.665730357170105,-0.2680974900722503,1.612999677658081,0.6151666641235352,1.5144435167312622,-1.9426276683807373,-1.9192508459091189
9,-439.0952758789063,135.80712890625,-20.809404373168945,3.2214596271514893,-8.964057922363281,13.271190643310549,-5.666682720184326,-1.4073326587677002,-2.6650373935699463,-2.1500165462493896,-2.025385618209839,0.977599024772644,0.5338929295539856,8.211766242980957,5.932567119598389,6.3770365715026855,0.6319475769996643,4.628955364227295,1.019646406173706,3.11899209022522,1.60718834400177,5.740284442901611,1.9241480827331543,4.660083770751953,1.257766604423523,-0.5555524230003357,-4.046598434448242,1.475610613822937,-0.5145367980003357,-0.7628380060195923,-2.623838424682617,-0.3115268051624298,-2.028104782104492,0.8309574127197266,-2.367195606231689,-1.258920431137085,-1.702155351638794,1.1863913536071775,-0.8016445636749268,-0.2971137166023254
9,-424.2869262695313,126.3611831665039,-25.012283325195312,5.309608936309815,-8.233738899230957,7.683480739593506,-3.3788089752197266,1.5807818174362185,2.2415552139282227,-3.60590410232544,0.4343234002590179,0.978023111820221,-4.474366188049316,2.028475284576416,2.202185869216919,5.451399803161621,5.180310726165772,7.341500282287598,3.038252353668213,3.620780467987061,1.976998209953308,7.098993301391602,3.7143046855926514,3.640612363815308,-1.2682440280914309,-0.3970687091350555,-1.5109977722167969,-0.7820320129394531,-3.3636248111724854,-0.2550823986530304,0.1629624515771865,-0.6997288465499878,-3.011190891265869,0.8037437200546265,-0.4309352338314056,1.0569003820419312,1.1359660625457764,2.2246789932250977,-1.3632394075393677,-2.589087963104248
5,-384.3420715332031,191.3280792236328,-23.60615539550781,6.146511077880859,24.67814445495605,13.025634765625,13.810564041137695,15.197014808654783,2.698578119277954,12.31567096710205,4.725203990936279,3.2093393802642822,5.648681640625,7.612123966217041,2.4653921127319336,8.00654125213623,-0.0688537061214447,2.077788591384888,2.3378968238830566,-0.0125838043168187,-0.2360519170761108,1.561500906944275,-0.8569371104240417,2.2744333744049072,-0.6943805813789368,2.5692145824432373,0.7587471008300781,2.3142852783203125,1.3511369228363037,0.3550181686878204,-0.3369679152965545,0.5480142831802368,-0.5356040596961975,-0.0432096049189567,-2.404894590377808,-1.0505499839782717,-0.5229708552360535,-1.0091348886489868,-2.4747209548950195,-0.3883464932441711
5,-399.9988403320313,199.48243713378903,-25.191408157348636,3.183372974395752,24.079465866088867,20.33473777770996,15.340838432312012,16.38197898864746,4.641300201416016,12.227922439575195,6.318963527679443,3.5319631099700928,5.130788326263428,2.408240795135498,2.5862317085266118,6.193885803222656,-1.2529619932174685,2.630096673965454,0.1573380976915359,0.3714610934257507,0.3904593586921692,1.3603291511535645,-1.027584195137024,1.3192836046218872,-0.5099349021911621,0.8893393874168396,-0.1431571841239929,-0.752385675907135,0.0209415405988693,0.4231410324573517,-1.8566408157348635,-0.4258367419242859,-1.88773250579834,-1.5383007526397705,-2.587844133377075,-1.2421514987945557,-2.315967082977295,-1.1757012605667114,-2.081140756607056,-1.5389573574066162
5,-381.518798828125,179.1975860595703,-16.223703384399414,3.2767348289489746,28.836462020874023,13.788444519042969,11.7482271194458,17.822284698486328,-1.4210205078125,12.507857322692873,1.9650944471359253,0.7360982894897461,0.5057951807975769,9.407204627990724,-1.3996073007583618,9.6914701461792,1.4309965372085571,4.997543811798096,0.6087021827697754,2.388598918914795,-0.5268849730491638,1.1914771795272827,-1.9088521003723145,1.4237594604492188,-3.09716796875,2.611533164978028,-1.670802354812622,2.217148780822754,3.7119603157043457,1.8605611324310305,-2.428628206253052,1.4523000717163086,0.7404458522796631,0.338752806186676,-3.61611008644104,0.2685271203517914,-0.5235357880592346,-2.3127377033233643,-4.144683837890625,1.7236860990524292
5,-363.7092590332031,166.7271270751953,-11.616775512695312,3.264519214630127,19.508243560791016,13.23264503479004,9.853093147277832,15.363054275512695,-0.436945229768753,16.675325393676758,-4.832808017730713,3.1383159160614014,-0.2453978359699249,6.3388261795043945,-3.0787484645843506,5.716931819915772,-2.6306850910186768,6.476900577545166,-2.612449407577514,3.779873371124268,-1.3996498584747314,2.9048519134521484,-2.8957130908966064,3.9760453701019287,-1.5445750951766968,3.8484866619110103,-2.557548761367798,3.0278842449188232,-0.5026746988296509,0.2870286405086517,-2.1026861667633057,0.4335842132568359,-2.793478012084961,0.5016986727714539,-3.664138793945313,0.0264647379517555,-3.73664927482605,-1.8834203481674197,-3.595123052597046,-0.6215572953224182
5,-351.58270263671875,173.26113891601562,-24.86906242370605,12.201868057250977,7.747993946075439,21.6720027923584,13.909585952758787,13.01023006439209,1.18051278591156,12.725976943969728,-0.7043848633766174,2.394760608673096,8.892302513122559,7.151834487915039,3.111769914627075,6.880560874938965,-5.343064308166504,3.1952714920043945,-2.8081979751586914,0.3332351744174957,-2.6688108444213867,-0.6162360310554504,-0.0694623962044715,2.16518783569336,-1.0737504959106443,3.961049318313599,-3.735131025314331,2.774653196334839,-3.043001890182495,-2.642498731613159,0.8780406713485718,-0.9520537853240968,-3.5257561206817627,-0.9035437107086182,-3.473860025405884,0.0596987344324588,-3.142951488494873,-1.790104627609253,-0.6196113228797913,-3.294771671295166
5,-398.5382995605469,198.23423767089844,-21.95293235778809,0.3065838813781738,25.600133895874023,20.775236129760746,15.95416259765625,15.947463035583496,3.8535311222076416,10.096858024597168,7.144227027893066,1.9388233423233032,3.661046028137207,4.338340759277344,1.6253256797790527,5.290346145629883,-2.2419471740722656,2.39521861076355,-0.3825827240943908,-0.8720273375511169,0.0765032768249511,1.0881495475769043,-1.1379179954528809,2.504340410232544,-1.924484372138977,1.56205153465271,0.2910422086715698,1.088485836982727,0.3847177624702453,1.081776142120361,-0.8408405780792236,-0.6570813655853271,-2.21679949760437,-0.6117703318595886,-2.4234390258789062,-0.3370156288146972,-0.5888410210609436,0.7735525369644165,-1.6299339532852173,0.3752694427967071
5,-395.82623291015625,186.5432586669922,-37.421165466308594,5.648261547088623,20.331274032592773,22.704883575439453,14.0029296875,19.876617431640625,-0.1090332642197609,11.42154312133789,4.733289241790772,3.1017208099365234,7.943593502044678,1.6399871110916138,1.3068913221359253,6.112372398376465,-5.1764984130859375,7.066649913787842,-2.192183017730713,-1.2305835485458374,-0.7488958835601807,1.7070485353469849,-1.5661790370941162,-1.2814456224441528,-0.770090639591217,2.507035970687866,-2.6702699661254883,2.74023985862732,1.6440941095352173,0.3975849449634552,-1.3165335655212402,1.0498344898223877,-2.714304685592652,-0.5722347497940063,-2.397507429122925,-1.0715776681900024,-3.58255386352539,-0.0678612887859344,-3.5291035175323486,-1.1007946729660034
5,-389.6736755371094,195.1800537109375,-23.62666893005371,5.232175827026367,22.948017120361328,20.660919189453125,16.096080780029297,14.000406265258787,5.590550899505615,9.1361722946167,5.7216477394104,3.332404851913452,2.6854283809661865,4.691936016082764,1.4556891918182373,5.083258152008057,-1.6636730432510376,2.7133803367614746,-0.2670148313045501,-0.7677578926086426,0.5908218622207642,1.5410079956054688,-1.0022873878479004,1.6214743852615356,-2.1419670581817627,2.3853859901428223,-1.1285604238510132,0.399058997631073,0.8076045513153076,1.0959736108779907,-0.9643757343292236,-0.5592146515846252,-2.638223648071289,-0.5409170985221863,-2.289532423019409,0.2917926013469696,-0.5803375840187073,0.7957971096038818,-0.3354415893554687,0.7952098250389099
8,-426.9257507324219,108.89836883544922,-16.332372665405273,22.962421417236328,-13.211673736572266,0.8367000818252563,4.847612857818604,1.4886099100112915,5.697048664093018,7.298552989959717,10.585232734680176,5.829446792602539,3.237096071243286,8.464422225952148,2.3996760845184326,12.441856384277344,2.9292354583740234,7.008134365081787,-1.370640754699707,1.9347589015960691,5.540541172027588,8.711618423461914,3.138063907623291,6.666086673736572,-0.4130637943744659,0.0674398764967918,-0.3765453696250915,4.338898181915283,-1.2408113479614258,-0.5356646776199341,0.5256378054618835,4.873604774475098,2.01110577583313,2.838536262512207,-3.770515203475952,0.8182703852653503,-0.7236124873161316,-1.2859526872634888,-0.6926299333572388,3.8930184841156006
8,-395.2496948242188,119.71477508544922,-15.678339958190918,27.49827766418457,-12.380023956298828,6.118579864501953,3.897807121276856,2.02504301071167,3.699508666992188,3.837170600891113,4.329906940460205,6.816030979156494,8.128652572631836,5.2677321434021,3.782534599304199,3.900214910507202,-1.2608579397201538,4.001824855804443,0.0607874877750873,6.289492130279541,1.5848525762557983,0.6042476892471313,0.0035204584710299,5.219820976257324,5.435826301574707,3.7348358631134033,0.5466704368591309,0.9109567403793336,-2.523369312286377,-3.013124942779541,-0.7011260986328125,4.31680965423584,-1.9729503393173216,0.7294802665710449,-2.3929312229156494,1.375330090522766,0.6551334857940674,3.841540098190308,1.0355067253112793,-1.565826416015625
8,-430.9318542480469,114.11021423339844,-19.158130645751957,31.958770751953125,-14.134051322937012,-3.285799026489258,3.5977017879486084,-1.98527467250824,14.860162734985352,3.2660608291625977,6.139062881469727,7.363143444061279,-1.4588242769241333,4.224589824676514,-4.660037040710449,9.15285873413086,6.681524753570557,13.86159896850586,13.040003776550291,11.425127029418944,1.982380986213684,0.4831164181232452,-2.5162179470062256,3.583027601242065,0.6100128889083862,-3.1720755100250244,-2.629138708114624,-1.017070770263672,-3.136703491210937,-1.4673508405685425,-5.299075603485107,0.3481062054634094,1.5395835638046265,4.613702297210693,1.85638689994812,3.851036071777344,2.85805892944336,4.689574241638184,-0.762233555316925,2.195225954055786
8,-379.685546875,105.31182098388672,-17.905704498291016,23.426942825317383,-18.075729370117188,8.120142936706543,1.8718504905700684,-2.117395639419556,9.295845985412598,-0.5389896631240845,1.1776411533355713,1.983009696006775,5.572439670562744,1.1842857599258425,5.899306774139404,5.928889274597168,2.2100205421447754,8.223715782165527,0.998955011367798,3.992133617401123,4.186443328857422,2.7470524311065674,5.294634819030762,4.450874328613281,-2.264572858810425,-0.4128852784633636,0.5295302867889404,-1.1675413846969604,-1.479040026664734,0.2124224603176117,-0.489489883184433,2.015071153640747,-1.3685389757156372,0.5086814761161804,-1.2529422044754028,-0.942729353904724,0.2432795912027359,2.537205457687378,1.531123399734497,1.0577788352966309
8,-363.6627502441406,109.19335174560548,-13.33287525177002,12.436050415039062,-14.349265098571776,10.509374618530272,-1.19101083278656,-3.4706811904907227,11.653294563293455,-0.4967692792415619,0.0735316649079322,5.696319580078125,13.573798179626465,10.002094268798828,9.135729789733888,3.6804447174072266,-3.5376439094543457,0.94240540266037,-3.164370536804199,5.072842121124268,4.859223365783691,-1.0022882223129272,-0.0914664715528488,2.586771249771118,2.9880619049072266,2.2143592834472656,0.3229283690452575,1.547618746757507,3.9292080402374263,0.6960564851760864,-3.349005460739136,-1.3021912574768066,-0.2358409613370895,3.3732566833496094,-0.9057769179344176,0.5853691697120667,0.7395020127296448,0.8950480222702026,0.9096019268035888,1.847493290901184
8,-436.111083984375,102.02718353271484,-10.947771072387695,27.919851303100582,-16.207429885864258,-2.9521830081939697,8.398080825805664,-0.0406127236783504,11.342029571533203,6.894359111785889,5.564234256744385,10.123111724853516,6.150094985961914,4.903823375701904,5.454000473022461,8.987815856933594,2.965638875961304,1.7098630666732788,1.297670602798462,5.749757766723633,3.961869239807129,-0.7027801275253296,-0.3579968214035034,3.396549940109253,2.650144338607788,2.1109752655029297,-0.4806996583938598,1.6299279928207395,2.20817232131958,2.079741716384888,-0.0803379192948341,2.1758034229278564,3.2703425884246826,2.2310867309570312,-0.97264564037323,-0.2963215410709381,-0.5754221677780151,0.407877653837204,-0.7248200178146362,0.092030830681324
8,-496.295166015625,98.49298095703124,-10.116360664367676,39.34368133544922,-11.209039688110352,9.122700691223145,13.374720573425291,7.3078932762146,7.167235851287842,5.94829797744751,2.809269428253174,6.668503761291504,-0.2172777503728866,5.229508876800537,-2.0775630474090576,6.131124496459961,0.1616995483636856,4.485874652862549,3.561359405517578,8.45694637298584,4.000876903533936,5.027764797210693,-0.7422569990158081,4.577378273010254,-1.181656837463379,2.0001721382141118,-1.3734838962554932,2.88338041305542,-0.947124481201172,-0.0408688150346279,-2.127316236495972,1.5813779830932615,-2.8758413791656494,-0.1357810348272323,-2.843514919281006,1.9388327598571775,-1.4324508905410769,3.519421100616455,-1.4232125282287598,1.2805055379867554
10,-196.01031494140625,95.19517517089844,-35.12513732910156,-0.7840325236320496,-6.533554553985596,0.0838135331869125,-4.0538763999938965,-0.433680772781372,-1.2486003637313845,0.4909195601940155,-1.3650765419006348,1.9033386707305908,0.2214120924472808,0.2179210633039474,-0.1147743538022041,1.232991337776184,-0.1751730442047119,-0.9462804794311525,-1.609170913696289,0.1311052590608596,-1.3630608320236206,0.453387051820755,-0.5989297032356262,-0.6024318933486938,-0.7286909818649292,0.0654212981462478,0.2981571555137634,0.6866137981414795,0.1784280985593795,-0.7708279490470886,-0.9566733837127686,-0.5937314629554749,-0.4283488690853119,-1.0323444604873655,-0.2040462046861648,-0.1373435109853744,0.0310901720076799,0.4919861853122711,0.1651357263326645,0.8764438629150391
8,-133.32667541503906,163.85140991210938,-53.17177200317383,-10.593887329101562,-4.019112586975098,8.01613998413086,-7.302924156188965,1.150707483291626,-12.229575157165527,5.867708206176758,13.065796852111816,17.87291717529297,5.598660469055176,3.631893157958984,-2.151158332824707,3.659980535507202,-1.04038667678833,3.0742862224578857,-4.956985950469971,4.066179275512695,-0.2807894945144653,4.990694999694824,-0.1067521646618843,2.372950315475464,-1.929182052612305,2.469587564468384,-4.980546951293945,-0.7014573812484741,-0.303009957075119,7.035991668701172,3.680546283721924,6.816257476806641,-0.9429258704185486,-0.8243086934089661,-3.1900782585144043,1.480708122253418,-4.644524574279785,0.7596560120582581,-1.2707288265228271,-2.416170597076416
8,-122.1559600830078,169.31312561035156,-61.48515319824219,-10.13679313659668,-3.972458600997925,6.250916004180908,-9.592888832092283,0.6544976830482483,-12.894607543945312,3.9572811126708975,13.003432273864746,19.591886520385746,7.535017967224121,3.7065634727478023,-2.687765598297119,1.414369821548462,-0.7648378014564514,2.4520959854125977,-6.648857116699219,1.757333755493164,-1.4969151020050049,5.45323371887207,1.7259337902069092,1.3443478345870972,-0.4935623407363891,2.597226142883301,-3.796475648880005,-1.1422662734985352,-1.1817997694015503,5.346541404724121,2.493976593017578,5.01733922958374,-0.1889908611774444,-2.198373317718506,-2.7340221405029297,1.4896446466445925,-4.292988300323486,1.1923751831054688,0.8209698796272278,-3.1200435161590576
8,-115.64728546142578,165.2947235107422,-65.36014556884766,-7.747165679931641,0.2612312734127044,4.132227420806885,-8.898441314697266,-1.5384312868118286,-12.539207458496094,-1.2791621685028076,11.578537940979004,20.03436279296875,12.170616149902344,7.64467716217041,1.2029882669448853,-1.456574320793152,-2.606834650039673,-0.9990477561950684,-4.80732536315918,0.7893650531768799,-3.6138274669647217,0.2544225752353668,2.239110231399536,2.249446392059326,3.0369160175323486,2.2717926502227783,0.1203108802437782,0.774322509765625,-1.8304638862609863,0.5089032053947449,2.305683851242065,3.904210805892944,-2.844583034515381,-6.567310333251953,-1.13645339012146,0.9849785566329956,-1.5897573232650757,4.574160575866699,3.884562730789185,-5.253443241119385
8,-120.24747467041016,162.18069458007812,-62.772216796875,-4.61089563369751,-0.1332585364580154,6.43991756439209,-6.685991287231445,-2.7955453395843506,-12.128732681274414,-3.738797664642334,6.654477596282959,18.333438873291016,14.939945220947266,11.540586471557615,5.220799446105957,0.032543733716011,-4.599419593811035,-3.8333215713500977,-5.809666156768799,1.5733046531677246,-3.843752145767212,-3.654124975204468,-1.3902323246002195,3.664777994155884,5.243215560913086,4.471373558044434,2.6832165718078613,3.136981964111328,-1.7874616384506226,-3.601749897003174,-1.2187412977218628,4.753366947174072,-3.280742645263672,-7.847015380859375,-1.483953595161438,1.2998255491256714,-1.962410807609558,5.494031429290772,7.695183277130127,-3.6237618923187256
8,-129.47100830078125,161.90687561035156,-55.93824005126953,-6.143238067626953,-0.7401412129402161,10.325053215026855,-5.8150153160095215,-4.973480224609375,-11.977700233459473,-4.05772066116333,3.4972548484802246,17.876848220825195,18.955411911010746,15.061811447143556,8.983905792236328,1.68208909034729,-8.942914009094238,-5.257737636566162,-5.812396049499512,1.179308533668518,-5.286933422088623,-6.72369909286499,-3.50321888923645,6.671894550323486,7.115142822265625,5.567735195159912,3.964157104492188,6.190106391906738,-1.1316823959350586,-6.772061347961426,-2.799683094024658,5.514261722564697,-2.9168004989624023,-7.898599147796631,-2.1493821144104004,1.832309603691101,-2.211544752120972,6.260401248931885,8.689199447631836,-2.815531015396118
8,-127.89356231689452,158.7718048095703,-59.27109909057617,-7.060349464416504,2.0686941146850586,10.088837623596191,-7.346332550048828,-5.552838802337647,-13.328802108764648,-5.250927925109863,2.544067144393921,18.68838119506836,21.81095695495605,20.341251373291016,12.455618858337402,0.1172774657607078,-13.977148056030272,-7.444149017333984,-5.179977893829346,0.0803110674023628,-9.249711990356444,-12.856112480163574,-5.526235103607178,11.752522468566896,9.983321189880373,5.493594646453857,7.371991157531738,11.55624294281006,-2.470377922058105,-11.30247688293457,-3.4887490272521973,4.906009197235107,-5.604920387268066,-9.822765350341797,-2.8731629848480225,2.415645122528076,-0.8846426606178284,10.52104377746582,9.539831161499023,-4.2194013595581055
10,-241.0228576660156,-4.64372444152832,-55.9747200012207,-18.81052017211914,-34.5531120300293,-51.91705322265625,-22.192724227905277,-14.854584693908691,-31.66982650756836,-65.98043823242188,3.3316094875335693,-36.41325378417969,-40.55719375610352,8.447503089904785,-30.048315048217773,-21.25058937072754,-1.994577407836914,-6.876803398132324,-14.289484977722168,4.938675880432129,0.5787435173988342,-0.1680018305778503,-5.494073390960693,20.71317481994629,2.2245724201202397,3.4564883708953857,16.89995002746582,14.393265724182127,-2.2634177207946777,17.66339874267578,7.67645788192749,4.623391628265381,8.03438663482666,9.411115646362305,4.473172187805176,3.1865499019622803,3.542461633682251,5.404720306396484,-4.799783229827881,3.509882926940918
10,-260.6259155273437,-27.7376651763916,-88.95133209228516,2.672928094863892,-30.92952919006348,-44.8756217956543,-27.103628158569336,-15.966116905212402,-34.80379104614258,-47.91582489013672,-8.238898277282715,-34.22103500366211,-36.03649520874024,-4.1648478507995605,-22.176727294921875,-18.61478042602539,-3.4481663703918457,-6.276712894439697,-12.153484344482422,2.6849539279937744,-3.45554780960083,4.967348575592041,-3.700936794281006,15.516250610351562,3.838318109512329,5.745075225830078,12.444055557250977,12.234375,2.0901174545288086,17.662384033203125,7.790069580078125,6.029521942138672,8.052395820617676,9.599329948425291,4.534921169281006,2.995014190673828,2.3418002128601074,2.511545419692993,-5.25367546081543,2.982927799224853
5,-79.373291015625,80.0927505493164,27.27630615234375,8.178464889526367,-11.827920913696287,4.312857627868652,-13.85920238494873,5.942102909088135,-9.66524600982666,1.922094464302063,-14.748937606811523,1.188781976699829,-4.6181159019470215,-0.1203570961952209,-3.304915189743042,-1.8207125663757324,-1.6631370782852173,-2.717519998550415,-10.368329048156738,4.892414093017578,-11.560011863708496,3.387502431869507,-8.326362609863281,1.8489352464675903,-6.098355770111084,-0.7592325806617737,-5.576051712036133,-4.608954906463623,-3.428770065307617,-3.2668845653533936,-1.0046789646148682,1.1504963636398315,-2.494315385818481,-0.0664428249001503,-5.805281639099121,0.4713213145732879,-3.3714425563812256,1.4357730150222778,-1.4959927797317505,0.0755233243107795
5,-107.43488311767578,72.30213165283203,32.614994049072266,11.271723747253418,-7.905960083007812,10.7388277053833,-18.410245895385746,3.100271701812744,-18.36549568176269,-0.9293553829193116,-13.994465827941896,-1.3601166009902954,-6.982248306274414,-5.5966410636901855,-1.9602372646331787,-1.342237114906311,1.1195241212844849,-0.7662037014961243,-4.593891143798828,8.114510536193848,-7.950502872467041,5.996508121490479,-8.051820755004883,5.818486213684082,-6.663408279418945,0.6644476652145386,-4.687251567840576,-2.282140254974365,-2.260352373123169,-3.537395477294922,-4.102880954742432,-1.2236855030059814,-3.599362850189209,0.3300252556800842,-5.2108564376831055,-0.2157152742147445,-5.46115779876709,-0.9898840188980104,-2.132564783096313,0.0137563962489366
5,-164.2482452392578,36.06136322021485,11.33833122253418,4.895683765411377,-12.59648323059082,4.532116889953613,-18.211824417114254,4.418606281280518,-7.0389580726623535,5.655613422393799,-8.668746948242188,1.8986663818359373,-3.576798439025879,-1.4850093126296997,-4.239494323730469,-3.641443252563477,-5.529475212097168,-1.365961670875549,-14.474188804626465,6.665708065032959,-15.492571830749512,1.4500800371170044,-7.611763954162598,6.168681144714356,-3.7406179904937744,-1.745516061782837,-1.8720449209213257,-2.7723309993743896,-2.711014986038208,-4.376947402954102,-2.031954765319824,0.0572111271321773,-4.382327079772949,0.3948294520378113,-5.670511722564697,-0.2538942694664001,-4.752492427825928,-0.9962868094444276,-3.044454574584961,-2.2680583000183105
5,-204.99522399902344,15.600150108337402,15.600174903869627,11.478876113891602,-7.878894805908203,9.370306968688965,-17.91262435913086,3.102324962615967,-8.835089683532715,5.642547130584717,-9.97650146484375,0.9205358028411864,-3.3621792793273926,-4.993508815765381,-4.284993648529053,-4.214521408081055,-3.685310125350952,-0.3138270080089569,-14.456892013549805,10.952543258666992,-13.855718612670898,3.634768486022949,-8.963194847106934,4.805666923522949,-4.000022411346436,-4.204352855682373,0.1621780544519424,-2.6632726192474365,3.058732271194458,-3.176400899887085,-0.3751125633716583,2.390647649765014,-4.66547441482544,1.8950212001800537,-5.795094013214111,0.9438498616218568,-3.794608592987061,-4.895893573760986,0.0250870306044816,0.4359956681728363
5,-85.17374420166016,59.59481048583984,36.14724349975586,15.367950439453123,-4.8931379318237305,17.81829261779785,-17.37931251525879,8.953983306884766,-18.20338630676269,-0.5401483178138733,-16.63444709777832,-2.3493869304656982,-6.870458126068115,-10.153314590454102,-5.448248863220215,-2.2164089679718018,-4.119780540466309,-4.582950115203857,-10.280131340026855,2.8527443408966064,-13.273265838623049,0.6039075255393982,-12.524803161621094,0.5943160653114319,-9.593786239624023,1.8562132120132449,-2.5383217334747314,-4.026315212249756,-4.865703582763672,-4.714296340942383,-4.041097640991211,-4.0356526374816895,-6.551806449890137,-2.8623642921447754,-6.790943622589111,-1.453550100326538,-6.243683338165283,-1.8110624551773071,-3.21427059173584,3.262112617492676
5,-144.3199462890625,67.32447052001953,33.15248489379883,21.50539779663086,1.601921558380127,19.065427780151367,-6.51377010345459,8.454804420471191,-8.994269371032715,2.803502559661865,-15.09091567993164,-2.343815326690674,-9.085468292236328,-3.3953962326049805,-3.6166932582855225,0.0311983954161405,-2.0935842990875244,-3.128657341003418,-11.714837074279783,8.56035327911377,-10.64614486694336,3.622864246368408,-13.377752304077148,1.7451341152191162,-7.40226411819458,-2.9356634616851807,-4.393589496612549,-4.098171234130859,1.233853816986084,-5.230560779571533,-4.317710876464844,-2.1593713760375977,-1.527214527130127,0.8545525670051575,-3.6640658378601074,2.4572553634643555,-2.567936658859253,-2.245086431503296,-1.7837671041488647,1.3903881311416626
5,-113.94559478759766,68.4218521118164,16.065387725830078,11.7457275390625,-0.9141539335250854,15.893304824829102,-9.867576599121094,12.266839981079102,-8.945944786071777,4.138633728027344,-12.65327262878418,3.239750862121582,-7.772412776947021,-3.927243232727051,-3.665707588195801,-1.4257091283798218,-0.9081637859344482,3.4103708267211914,-9.11927604675293,6.611133575439453,-11.139989852905272,2.9982943534851074,-13.197511672973633,-2.307154655456543,-7.6204729080200195,-1.5372376441955566,-4.303172588348389,-1.934782147407532,0.3261048793792724,-0.8040865659713745,1.5800299644470217,3.48256516456604,-0.6329041123390198,1.5831379890441897,-1.9043822288513184,2.9576706886291504,-2.1025218963623047,-0.7574356198310852,-0.2989272475242615,-1.9255636930465696
5,-156.98126220703125,55.20907974243164,30.595149993896484,14.60354232788086,-5.319971561431885,16.30898094177246,-11.005765914916992,14.431135177612305,-6.568737030029297,5.512443065643311,-10.46124267578125,1.5794641971588137,-1.7396048307418823,-1.0388753414154053,-5.209007263183594,-0.5502382516860962,-4.020284652709961,-0.1163209825754165,-6.281970024108887,9.800798416137695,-10.443833351135254,1.5537397861480713,-9.795900344848633,-2.125940322875977,-8.995582580566406,1.2981585264205933,-1.5357645750045776,0.1863948404788971,2.1014299392700195,-1.1935404539108276,-0.2312175035476684,0.4096070528030395,-1.7183927297592163,1.268606662750244,-3.725669860839844,4.491491317749023,-1.5551607608795166,1.0355720520019531,-2.8033642768859863,-2.6114625930786133
5,-129.06988525390625,43.51749801635742,29.72726058959961,10.17273998260498,-3.964607954025269,11.106290817260742,-13.799941062927246,9.032356262207031,-13.6114501953125,2.22440505027771,-9.403566360473633,5.87048864364624,-5.330620288848877,-10.9359130859375,-10.36264419555664,-7.622336387634277,-2.0235486030578613,-4.716750144958496,-10.63215446472168,7.308197021484375,-12.397995948791504,2.89076566696167,-9.755321502685549,5.53881311416626,-4.557229042053223,3.015922784805298,-2.82865834236145,-0.7669970393180847,-2.478413820266724,-2.035335063934326,-0.9461838006973268,0.9430382251739502,-2.619352340698242,1.459004044532776,-4.629324913024902,1.7776086330413818,-3.2651283740997314,-1.8295583724975584,0.3294138014316559,0.7516801357269287
5,-93.6046371459961,53.79298400878906,24.85072135925293,2.481673240661621,-6.61887788772583,15.039430618286133,-17.725996017456055,13.145316123962402,-12.84823989868164,11.565975189208984,-9.357707977294922,6.961420059204102,-4.152831554412842,-7.290191650390625,-5.23747444152832,-3.2512850761413574,2.113882303237915,-2.1627180576324463,-7.3374481201171875,8.277729034423828,-8.030229568481445,4.7080488204956055,-5.006069183349609,5.1287922859191895,-1.125719428062439,3.831272602081299,-2.652329683303833,1.0885511636734009,-2.059210062026977,-1.2666094303131104,-2.246933460235596,-1.49755859375,-5.107550621032715,0.1513836085796356,-4.8836212158203125,2.428847074508667,-3.416609764099121,-0.8643572330474854,-0.6762147545814514,-0.3436343073844909
5,-223.8886566162109,40.421836853027344,19.18046188354492,15.115501403808594,1.139994502067566,21.409513473510746,-6.438362121582031,10.354854583740234,-0.5109872817993164,7.821712017059326,-5.879738807678223,6.09859037399292,-0.9745396375656128,-2.8052425384521484,-3.575536012649536,0.0120365172624588,0.0156915802508592,-0.1173291951417923,-5.498300552368164,9.009042739868164,-2.508517265319824,7.8068928718566895,-1.123177409172058,6.379328727722168,-6.569008827209473,0.0927230417728424,-3.5716817378997803,-1.6524511575698853,-0.6144618391990662,-5.633327007293701,-2.688265323638916,-3.1032989025115967,-5.5442070960998535,1.3819345235824585,-4.072781085968018,1.145258903503418,-2.6676669120788574,-1.5080705881118774,0.6515944600105286,0.9939752817153932
5,-226.5905303955078,9.249062538146973,0.0777808129787445,15.093646049499512,-2.662443161010742,16.391691207885742,-8.149772644042969,6.071327209472656,-0.8596397638320923,9.382637977600098,-7.132476806640625,-0.1282058507204055,-6.068220615386963,0.3816267251968384,-4.990642070770264,-1.1371747255325315,-3.91895055770874,1.795315861701965,-12.814454078674316,7.775202751159668,-10.531380653381348,1.6344196796417236,-6.509546279907227,4.904013156890869,-3.9840645790100098,-2.945379734039306,-1.245858669281006,-3.1382226943969727,1.84199321269989,-3.183682918548584,1.6967180967330933,1.2139313220977783,-3.8740720748901367,1.002330303192139,-6.143234252929688,0.0698630586266517,-3.976296901702881,-4.175315380096436,-0.5502138733863831,0.5826765298843384
5,-183.78851318359372,31.12423324584961,-18.358293533325195,3.3583054542541504,-3.725543737411499,-3.157471179962158,0.6311891078948975,6.6749138832092285,0.6229469776153564,4.039525985717773,-1.8958992958068848,2.8805625438690186,-3.050647020339966,1.2102874517440796,-3.8512141704559326,3.731964111328125,-3.3683207035064697,2.943415403366089,-2.729106903076172,-0.4067270755767822,-5.019018650054932,3.2524218559265137,-1.5426151752471924,0.7197867631912231,-4.21926736831665,1.379333734512329,-5.49257230758667,-2.2356882095336914,-6.677887916564941,-1.250740885734558,-4.767455101013184,2.058047294616699,-2.5147948265075684,1.608237624168396,-2.356590747833252,0.7516785860061646,-3.8143794536590576,-0.3536890745162964,-2.636822462081909,0.2898806035518646
9,-339.0234375,119.08977508544922,-36.47820663452149,11.679347038269045,-3.162266731262207,-8.558774948120117,-3.3675432205200195,-4.027308940887451,-7.235070705413818,-1.4615670442581177,-14.35056209564209,-1.7129802703857422,-8.624938011169434,-2.154200792312622,-5.583930492401123,-2.0449702739715576,-5.284527778625488,-0.5328219532966614,-4.998410224914551,1.503928780555725,-5.646430015563965,1.6342471837997437,-1.185308575630188,1.77464759349823,-3.815037250518799,4.869962692260742,-1.0040085315704346,4.19191312789917,-3.6754496097564697,0.2396740317344665,-1.8091709613800049,3.866492748260498,-1.8728972673416135,-0.6331907510757446,-4.223950386047363,2.2754926681518555,-3.953720808029175,-0.8906592130661011,-1.6104902029037476,3.061558246612549
9,-298.05767822265625,107.54398345947266,-52.62780380249024,3.05290150642395,-7.376693248748779,-3.904033660888672,2.084728240966797,-11.771306037902832,-11.637826919555664,-3.937028646469116,-16.0455322265625,-0.6850882172584534,-7.845436573028564,0.7075801491737366,-7.30596399307251,2.840707778930664,-5.682553291320801,-4.339477062225342,-14.666844367980955,-6.092501640319824,-3.2334508895874023,3.669902086257935,-6.3837666511535645,-6.580068111419678,-5.047224998474121,0.8300904035568237,-4.403692245483398,2.144460201263428,3.710736989974976,3.812778472900391,-5.373714447021484,-0.5570926070213318,-1.922335624694824,1.3838790655136108,-2.9368646144866943,-1.2225394248962402,-5.624579429626465,-0.0595129802823066,-3.182879686355591,0.6374671459197998
9,-313.06939697265625,109.2737274169922,-39.28211975097656,2.2939255237579346,-13.039382934570312,-10.64387035369873,-15.346702575683594,-2.906196594238281,-13.300606727600098,-6.228211402893066,-10.76261043548584,-4.4426093101501465,-16.134286880493164,-0.587365984916687,-5.533453464508057,-3.525043487548828,-10.299483299255373,-0.2440832108259201,-9.077492713928224,0.6665092706680298,-4.882801055908203,-0.8493744134902954,-5.507608890533447,-0.7743412256240845,-2.9171900749206543,2.6715779304504395,0.427051305770874,3.71261215209961,-3.465477466583252,1.5914888381958008,1.1057981252670288,0.2404171228408813,-7.38407564163208,0.9649655818939208,-1.4965126514434814,2.119123697280884,-3.170795440673828,2.6748597621917725,-4.024599552154541,1.399455189704895
9,-273.9428405761719,87.87712097167969,-45.28038024902344,3.589468002319336,-6.989019393920898,-0.8514591455459595,-6.808465480804443,-8.018996238708496,-14.484292984008787,-10.057429313659668,-11.575709342956545,-1.1212074756622314,-13.133030891418455,-7.9529547691345215,-14.0736665725708,-5.665226936340332,-7.157132148742676,-2.51533842086792,-12.634888648986816,-10.065458297729492,-5.302551746368408,3.597063541412353,-4.1545023918151855,-0.7017236351966858,-3.2412984371185303,3.2307424545288086,-3.429924488067627,2.206486225128174,-1.434654951095581,2.2847938537597656,-2.29988694190979,1.3110920190811155,-2.052189826965332,1.438152551651001,-3.873924732208252,-0.2253782451152801,-4.852048873901367,-0.4796442985534668,-2.0373411178588867,1.960338830947876
9,-339.3240051269531,105.93535614013672,-50.98130798339844,5.31355619430542,-19.1646671295166,-0.2663094401359558,4.148127555847168,-12.270186424255373,-5.335507869720459,-6.151020050048828,-17.66336441040039,-9.013189315795898,-2.584739923477173,4.545192241668701,-4.462112903594971,-7.491779804229736,-11.181163787841797,-3.335411548614502,-4.786727428436279,-1.9894169569015503,-15.077350616455078,-2.509540557861328,0.5381524562835693,1.212666153907776,-3.14933705329895,-0.2614318430423736,-0.0203045979142189,2.0563206672668457,-3.4805681705474854,0.3368438482284546,0.5584652423858643,2.8645308017730717,-5.027438163757324,-1.6696105003356934,-1.3149913549423218,-0.8452225923538208,-2.243738174438477,-0.3943003416061401,-2.853823184967041,0.616215705871582
9,-300.2694091796875,106.92316436767578,-50.992130279541016,14.80837059020996,-16.90723419189453,-0.7363438010215759,-4.398938179016113,-15.756258964538574,-7.518801689147949,-2.0308291912078857,-15.85191822052002,-5.2797722816467285,-4.2975754737854,-0.3698357045650482,-9.144980430603027,-6.480598449707031,-9.9679594039917,-1.6224099397659302,-7.781013011932373,-0.828461766242981,-8.367791175842285,3.3068435192108154,-3.216953754425049,0.9785619974136353,-3.4146292209625244,0.0935142859816551,-2.1023168563842773,2.893219470977783,-5.118905544281006,0.4415033459663391,-4.055744647979736,-0.3268584311008453,-7.612600326538086,-0.6900743246078491,-3.446911334991455,0.4065669178962707,-2.740272521972656,-1.1632606983184814,-5.808305740356445,1.6883326768875122
9,-287.5870666503906,103.85315704345705,-41.56641006469727,3.3906285762786865,-5.850515365600586,4.323430061340332,-9.792573928833008,-6.442391872406006,-11.673224449157717,-3.1173207759857178,-14.940889358520508,-2.612941265106201,-4.342527866363525,-4.12014102935791,-10.118490219116213,-4.127715587615967,-10.784124374389648,-0.8874241709709167,-4.82297420501709,0.3331076502799988,-7.882598876953125,-1.5887858867645264,-6.353951454162598,5.291055202484131,-3.1991841793060303,2.489123106002808,-2.547178268432617,3.191819667816162,-1.2309473752975464,1.7115143537521362,-1.420050859451294,2.9792325496673584,-3.646576166152954,-0.6806694865226746,-3.24422025680542,0.1228267252445221,-3.886220932006836,1.1228020191192627,-1.097907781600952,3.2777607440948486
9,-285.899658203125,102.2818603515625,-45.45179748535156,6.292074680328369,-4.562913417816162,0.5197125673294067,-4.324707984924316,-4.084223747253418,-13.849691390991213,-4.067567825317383,-14.076324462890623,1.760184407234192,-3.377387523651123,-3.992233991622925,-11.58427619934082,-2.8940188884735107,-7.967692852020264,-0.0859935507178306,-9.829767227172852,-2.39603590965271,-9.252212524414062,-1.1743417978286743,-8.29997730255127,2.8085134029388428,-3.235470533370972,5.455591201782227,-1.1617358922958374,4.0205979347229,0.3968511521816253,2.4071640968322754,0.6347575187683105,3.082702398300171,-5.330137729644775,-1.4156876802444458,-1.552194595336914,1.371947169303894,-4.633914470672607,-1.2169630527496338,-3.876334190368652,3.349357843399048
10,-323.361083984375,114.90918731689452,-43.77515411376953,1.2999296188354492,-19.14253234863281,-10.4539794921875,-4.470285892486572,-8.412213325500488,-0.9908443689346312,-5.199469089508057,-17.286426544189453,-3.949307918548584,-14.754249572753906,-1.3644921779632568,-9.765623092651367,-2.69312047958374,-4.442684650421143,-2.103211641311645,-8.559521675109863,0.3135369420051574,-5.6460065841674805,1.0576083660125732,-8.21379566192627,-1.1433405876159668,-3.303191661834717,1.8868389129638672,-3.8880536556243896,1.7173141241073608,-2.3790090084075928,1.4028091430664062,-3.1214253902435303,0.2960371077060699,-3.0816891193389893,1.915678024291992,-1.0412389039993286,2.6826446056365967,-1.5097784996032717,2.644813537597656,-0.0103869792073965,3.1740193367004395
10,-355.6195373535156,115.9915542602539,-32.860931396484375,12.32837200164795,-15.254267692565918,0.0203171223402023,-7.531598091125488,-6.37324857711792,-7.544676303863525,-7.980635166168213,-15.585732460021973,-5.951513290405273,-5.062678337097168,0.956152617931366,-8.655439376831055,-4.392911434173584,-14.815674781799316,-8.093159675598145,-5.968499660491943,6.013269901275635,-4.55846118927002,-5.788457870483398,-10.060734748840332,3.237041473388672,0.360592782497406,1.1816257238388062,-1.348671793937683,7.0725932121276855,0.0583470501005649,-3.1638784408569336,-6.329538822174072,4.568990707397461,1.797839879989624,2.6432180404663086,-3.491802930831909,2.3256278038024902,-1.456535577774048,0.5018221735954285,-1.9735448360443115,0.4985680878162384
10,-346.4832458496094,111.3394012451172,-39.13378143310547,4.988285064697266,-8.083142280578613,-8.362532615661621,-2.9507510662078857,-11.586030960083008,-9.847554206848145,-5.059101581573486,-6.9262309074401855,-1.4806129932403564,-10.151252746582031,-4.2122297286987305,-10.350518226623535,-6.775408744812012,-6.658316135406494,-2.8699545860290527,-5.970221996307373,-5.083786487579346,-6.535491466522217,2.179970026016236,-2.971818685531616,0.4317947924137115,-2.7512028217315674,-0.406920462846756,-3.3792483806610107,1.0533429384231567,-0.2576667964458465,1.5730701684951782,-3.2456717491149902,1.9156296253204343,2.5981483459472656,1.3508421182632446,-1.6302248239517212,0.3744136691093445,-3.6700828075408936,-0.3540748953819275,-1.8388564586639404,-1.868564486503601
10,-318.6016540527344,94.19969940185548,-29.72060775756836,1.3354800939559937,-12.074647903442385,0.5740248560905457,-4.72830867767334,-5.492200374603272,-10.16207218170166,-0.8867673277854919,-13.775641441345217,-3.847723245620728,-13.372238159179688,-4.44457483291626,-11.21557903289795,-2.7720324993133545,-7.085598945617676,-0.4267211258411407,-6.837727546691895,0.6558058857917786,-7.003475666046143,2.236328125,-3.0357820987701416,-0.8954388499259949,-6.675241947174072,-0.1089164838194847,-2.191653251647949,2.638157844543457,-3.1289408206939697,-0.9000738263130188,-6.06438684463501,1.5707602500915527,-0.1168737486004829,2.128481149673462,-4.274193286895752,0.7816652655601501,-3.590183734893799,-0.2931379973888397,-4.581410884857178,-0.1870578974485397
10,-315.51385498046875,106.58257293701172,-55.54017639160156,13.173237800598145,-19.81702423095703,0.3425370454788208,-0.9245707988739014,-9.603515625,0.4695981442928314,-6.768649101257324,-13.007735252380373,-8.136259078979492,-5.469248294830322,-1.1391266584396362,-13.133103370666504,-6.864425182342529,-7.624982833862305,-3.952890396118164,-2.9830210208892822,-0.0585165731608867,-7.793799877166748,3.773038148880005,-6.251079559326172,-4.137104511260986,-1.873457670211792,-0.7664909362792969,-3.752190113067627,1.876344919204712,-0.6541786193847656,1.5809330940246582,-0.2660693526268005,1.7174432277679443,-3.8723998069763184,2.0039663314819336,-3.5353503227233887,-1.4815956354141235,-2.466142177581787,-1.2909603118896484,-3.107154369354248,0.3071681559085846
10,-353.3609924316406,121.15925598144533,-34.793121337890625,2.215970516204834,-14.495926856994627,-6.269210338592529,1.6875278949737549,-3.340590238571167,-5.3186354637146,-6.546749591827393,-12.913564682006836,-4.389141082763672,-10.058792114257812,2.086226463317871,-5.457038879394531,-5.393946170806885,-15.95378589630127,-5.9790215492248535,-7.786227226257324,-0.8777328133583069,-5.829066753387451,0.7268781065940857,-8.355286598205566,-0.1012980714440345,-2.4147937297821045,2.8765008449554443,-2.384953737258911,2.198073387145996,-1.2953935861587524,1.0794225931167605,-6.805390357971191,-1.4876123666763306,-4.31016731262207,-0.0229209456592798,-3.931806325912476,1.2460750341415403,-2.173830509185791,-1.5189470052719116,-3.3696250915527344,2.5559117794036865
10,-344.83709716796875,119.1875228881836,-36.4365463256836,8.616963386535645,-16.741697311401367,-3.648024320602417,-3.68639612197876,-7.8988800048828125,-7.698991775512695,-3.154254913330078,-8.560323715209961,-6.190976619720459,-13.535347938537598,-3.0904784202575684,-9.811540603637695,-1.3127881288528442,-7.342833995819092,1.31999671459198,-6.855617046356201,-1.8657448291778564,-8.560359001159668,-3.002167224884033,-4.561105728149414,-0.1403595209121704,-5.793069839477539,0.4480221271514892,-1.1720330715179443,3.2155954837799072,-6.444149494171143,-1.1788363456726074,-5.003102779388428,2.104557752609253,-2.441757917404175,0.4294179677963257,-1.8523916006088257,0.4203520715236664,-4.558342456817627,0.8800604343414307,-2.791411876678467,0.9843624830245972
10,-329.9000549316406,111.4949188232422,-36.29288482666016,6.918685436248779,-19.482969284057617,-3.539780855178833,-2.805149555206299,-5.465924263000488,-3.946711778640747,-3.8465518951416016,-13.260948181152344,-4.10378360748291,-12.761174201965332,-3.6983642578125,-8.803704261779785,0.4447168409824371,-8.675070762634277,-1.1617060899734497,-8.965555191040039,-2.6293060779571533,-4.9192376136779785,-2.6748266220092773,-4.6945481300354,0.0736018270254135,-4.126217842102051,-1.5409870147705078,-5.218189716339111,3.864660024642944,-3.954587697982788,3.1071481704711914,-2.409304141998291,-0.2865625321865082,-2.575408458709717,0.5556315779685974,-0.6804252862930298,2.531506061553955,-4.352692127227783,-1.4724997282028198,-3.586942195892334,-0.5501470565795898
8,-181.6903381347656,99.0743637084961,-53.39011764526367,0.4251669347286224,-15.270299911499023,-4.698410511016846,-5.174463748931885,-1.5365104675292969,-15.495196342468262,-0.773311972618103,-14.476561546325684,-2.613248348236084,-8.431225776672363,-6.059180736541748,-14.28133487701416,-3.6460790634155273,-2.5568552017211914,3.1172685623168945,-6.525981426239014,0.720595121383667,-4.898400783538818,5.384944438934326,-4.501348972320557,-0.0940983071923255,-3.229414224624634,-1.1133058071136477,-3.319108724594116,3.0640227794647217,-0.5195357799530029,0.9380987882614136,-4.613958835601807,1.0063395500183103,-2.131157875061035,4.37649393081665,-1.6130701303482056,1.6090282201766968,-3.2918474674224854,0.9721843004226683,-1.2904523611068726,1.731721043586731
8,-226.19342041015625,100.65227508544922,-30.680082321166992,0.6695765256881714,-8.962639808654785,-9.337761878967283,-3.61079740524292,-5.787322998046875,-9.800816535949709,-1.433139085769653,-9.292424201965332,-2.2626543045043945,-12.03244400024414,-2.841569662094116,-9.023157119750977,-3.5848381519317627,-6.776208400726318,-0.9989558458328248,-6.275067329406738,1.7238266468048096,-5.120284557342529,0.4932242035865783,-1.8681070804595947,1.4197427034378052,-4.202748775482178,0.6061630845069885,-3.9870221614837646,1.6424174308776855,-1.9094595909118648,2.138979911804199,-2.9370932579040527,1.2605018615722656,-3.526296615600586,1.7744295597076416,-3.78342866897583,1.6274652481079102,-2.1921803951263428,1.4291746616363523,-2.831652402877808,1.2976059913635254
8,-194.77330017089844,91.52352905273438,-40.94695663452149,-4.401207447052002,-11.432428359985352,-5.626123905181885,-2.671414613723755,-4.151996612548828,-12.993460655212402,-6.047388553619385,-9.722487449645996,-0.6570942997932434,-11.127878189086914,-6.885480880737305,-13.605931282043455,-0.6095793843269348,-4.850550651550293,1.7155052423477173,-10.682848930358888,-4.609985828399658,-3.3204126358032227,1.8179471492767332,-5.079838752746582,-0.2711507678031921,-3.0954575538635254,1.5727285146713257,-3.2335519790649414,5.388665676116943,-0.6944094300270081,1.3788975477218628,-1.8877534866333008,5.115782260894775,-1.4805337190628052,0.6742691993713379,-3.5292794704437256,-0.2156401425600052,-2.740046977996826,3.291175127029419,-2.446499824523926,1.1550307273864746
8,-211.5628204345703,92.3423309326172,-32.05547332763672,3.6582047939300537,-10.892952919006348,-8.062012672424316,-3.453285217285156,-2.0522117614746094,-9.951482772827148,0.0354524068534374,-11.321094512939451,-1.891917705535889,-10.971158027648926,-1.925857663154602,-8.954931259155273,-4.967872142791748,-5.3227128982543945,1.1423925161361694,-7.936228275299072,-2.2939200401306152,-7.756567001342773,0.4519105553627014,-4.063833236694336,1.005903244018555,-3.1525025367736816,2.6619575023651123,-3.0223617553710938,2.0837478637695312,-2.0591366291046143,2.134148597717285,-3.862421751022339,0.926746428012848,-2.919006586074829,1.6165999174118042,-2.113929986953736,3.17069411277771,-2.760007619857788,1.6682735681533811,-2.326829195022583,0.000713778368663
8,-166.5775146484375,89.46207427978516,-42.25322341918945,-1.2853299379348757,-21.257905960083008,-8.656818389892578,-1.5497395992279053,-3.054842472076416,-13.413512229919434,-6.102184772491455,-11.913957595825195,-3.567471742630005,-10.72496509552002,-8.532687187194824,-12.191801071166992,-6.839866161346436,-9.510501861572266,1.757609248161316,-9.232319831848145,-4.967547416687012,-5.8167500495910645,2.4272806644439697,-3.0952184200286865,-1.28498637676239,-4.234843730926514,2.8637099266052246,-2.9972453117370605,1.872231721878052,-0.1756520569324493,2.4241862297058105,-3.433934211730957,2.9193577766418457,-1.930324673652649,1.5408310890197754,-1.1210548877716064,2.177694082260132,-2.290407180786133,1.0650615692138672,-0.4408891797065735,2.653717517852783
8,-207.59487915039065,94.8335418701172,-35.36315155029297,-1.3550387620925903,-17.414932250976562,-6.36998462677002,-4.925012111663818,-0.5812444090843201,-9.506338119506836,-0.1649053543806076,-13.111930847167969,-3.7872610092163086,-12.603079795837402,-5.193914890289307,-11.535548210144045,-6.15725040435791,-8.875205993652344,-1.101075291633606,-4.164242267608643,0.6162964701652527,-7.342486381530762,0.5605428218841553,-2.275338888168335,0.1723050624132156,-3.855948209762573,2.024111747741699,-2.085365056991577,0.905816376209259,-2.289738178253174,3.6084470748901367,-1.1299853324890137,2.050818920135498,-3.3713386058807373,2.7024762630462646,-2.6747987270355225,1.9035584926605225,-1.3987345695495603,3.0872297286987305,-3.097822666168213,0.6833339333534241
8,-222.1805419921875,103.72073364257812,-35.38092422485352,-2.06713342666626,-18.29989242553711,-9.708528518676758,-8.015767097473145,-3.823838472366333,-7.637226581573486,1.1010103225708008,-8.915520668029785,-4.039527416229248,-13.947195053100586,-5.965217590332031,-10.53091526031494,-4.5735697746276855,-5.703788757324219,-1.8929568529129028,-7.372219085693359,-0.3075013756752014,-6.009249210357666,1.944964408874512,-2.377657651901245,-0.665473997592926,-4.410653114318848,2.589893579483032,-2.976682424545288,1.7342236042022705,-0.6245378851890564,4.201923370361328,-2.3502037525177,1.6724625825881958,-3.164135217666626,2.910740375518799,-2.897308111190796,1.811107158660889,-2.3690378665924072,1.9594542980194087,-1.4722938537597656,0.86627197265625
8,-168.91754150390625,72.73828887939453,-22.46265411376953,-2.5484416484832764,-6.781261444091797,-6.531942844390869,-1.819865107536316,-3.930556774139404,-5.999180793762207,-3.146096706390381,-8.442944526672363,-3.164020776748657,-10.994933128356934,-3.620361089706421,-14.331336975097656,-2.719711780548096,-6.520202159881592,-4.983650207519531,-6.685114860534668,-0.9628505110740662,-6.783013343811035,0.5986881852149963,-7.638331890106201,-1.307685136795044,-4.445491790771484,-0.8371366858482361,-2.353226661682129,1.2153522968292236,-3.056251049041748,-0.9555980563163756,-4.647436141967773,3.6355154514312735,-4.679666996002197,0.797038197517395,-2.103448867797852,0.7878893613815308,-3.238804817199707,1.138445496559143,-1.2422205209732056,1.561018705368042
7,-242.06773376464844,102.08624267578124,-29.97349739074707,-8.510238647460938,-23.28681755065918,-8.868699073791504,-6.137641906738281,-0.5153563618659973,-13.36673355102539,0.6139542460441589,-7.595291614532471,-5.770184516906738,-11.395075798034668,-6.658339500427246,-14.489699363708496,-8.069256782531738,-13.405394554138184,-3.1767609119415283,-8.836433410644531,-2.7992310523986816,-6.886570453643799,-1.944202184677124,-4.5628180503845215,-0.9073103666305542,-4.0585527420043945,1.6976593732833862,-4.203531265258789,0.9527100324630736,-3.840574741363525,-0.8113699555397034,-3.202850580215454,1.7401596307754517,-2.779958486557007,1.955913782119751,-0.4346579015254974,2.4179937839508057,-2.698086261749268,2.109076499938965,-0.9566404223442078,1.758472204208374
7,-312.6268005371094,113.2632064819336,-35.140907287597656,-3.8570477962493896,-13.951027870178224,0.9104776382446288,-5.2928996086120605,1.894742727279663,-6.025083065032959,-0.5947416424751282,-9.965734481811523,-3.5944650173187256,-12.997706413269045,-7.3348212242126465,-12.726898193359377,-3.6870079040527344,-11.122090339660645,-5.897565364837647,-9.697454452514648,0.1064249351620674,-3.2117319107055664,2.072530031204224,-4.076817989349365,0.3190418481826782,-4.373892307281494,-1.0538791418075562,-4.804982662200928,0.813532292842865,-4.865169048309326,1.069377899169922,-1.4404858350753784,3.480084180831909,-4.75430965423584,0.6720121502876282,-2.1075236797332764,2.5023982524871826,-1.8229707479476929,-1.707586407661438,-3.6295650005340576,2.8333914279937744
7,-385.1201171875,111.08539581298828,-24.615205764770508,-2.7000675201416016,-12.129137992858888,-4.465284824371338,-3.4403750896453857,-4.938969612121582,-9.219006538391112,-3.8914079666137695,-10.711037635803224,-2.0504846572875977,-9.205549240112305,-2.387521266937256,-12.616315841674805,-8.013946533203125,-10.001708030700684,-1.7589913606643677,-8.41355037689209,1.2398567199707031,-6.845438003540039,-0.8691707849502563,-5.991813659667969,-1.5062203407287598,-6.576362609863281,0.0524336770176887,-4.783823490142822,1.1837167739868164,-1.4130444526672363,2.9325711727142334,-3.695571422576904,0.5549049377441406,-0.3926807940006256,3.820814847946167,-1.5854164361953735,1.7046900987625122,-2.498268842697144,0.6181367039680481,-3.3959107398986816,2.601083993911743
7,-361.4500427246094,115.92302703857422,-25.72544288635254,-7.324197769165039,-15.553688049316406,-3.276218891143799,-0.3543411493301391,-0.8051318526268005,-9.86928939819336,-4.215100765228272,-13.532347679138184,-1.4971174001693726,-6.567748546600342,-2.591869115829468,-16.57324981689453,-12.473387718200684,-12.92315673828125,-2.3032491207122803,-6.351454734802246,0.702392578125,-6.011099338531494,-3.093700647354126,-5.970211982727051,-2.510218381881714,-4.657148838043213,1.2530673742294312,-2.597337007522583,2.97538685798645,-1.237695574760437,2.4029688835144043,-3.5634307861328125,2.205395460128784,-1.715320706367493,2.5012125968933105,-1.4166799783706665,2.570018529891968,-1.9705671072006223,1.5975701808929443,-2.1622822284698486,3.202011585235596
7,-360.38775634765625,102.78176879882812,-35.594329833984375,7.004453659057617,-14.231971740722656,-6.618102550506592,-9.046682357788086,-2.680564641952514,-6.976241588592529,0.136337012052536,-7.194736003875732,-1.4749867916107178,-9.511810302734377,-8.143651962280273,-14.329668998718262,-8.342059135437012,-8.840631484985352,1.452138900756836,-5.304992198944092,2.783722162246704,-6.3860039710998535,0.2023047357797622,-6.545517921447754,-1.4430210590362549,-7.244770050048828,-1.6897075176239014,-1.1431639194488523,2.834465265274048,-3.669811725616455,0.0750527828931808,-3.2151193618774414,2.958091735839844,-4.540329933166504,0.048615638166666,-1.6629862785339355,2.134608030319214,-1.9326034784317017,2.541991233825684,0.8017789721488953,2.8822717666625977
7,-342.5261535644531,120.9383544921875,-33.888641357421875,-2.560948133468628,-18.16766357421875,-5.187228679656982,-9.481968879699709,-8.70756721496582,-7.577924728393555,-0.9591878652572632,-10.793560028076172,0.0356695801019668,-8.368511199951172,-2.072639226913452,-7.009777069091797,-9.29776668548584,-10.299410820007324,-0.870356559753418,-7.027566909790039,-1.157262682914734,-9.574906349182127,-0.3047082126140594,-2.0426034927368164,3.07490611076355,-4.36527156829834,-0.0651849284768104,-5.231197834014893,-0.7745292782783508,-5.523096561431885,-0.6041696071624756,-3.18819260597229,1.4677958488464355,-1.3020858764648438,1.3914755582809448,-2.5763823986053467,2.157292127609253,-3.421339511871338,0.7394278049468994,-2.24251127243042,0.1254796385765075
7,-330.98614501953125,99.72554779052734,-34.83453750610352,6.259690284729004,-15.088619232177734,-10.592403411865234,-11.374756813049316,-2.888148546218872,-6.095817565917969,0.2922229766845703,-11.740582466125488,1.884848356246948,-9.809148788452148,-8.22976016998291,-14.551334381103516,-5.1470818519592285,-7.416821479797363,-2.102120876312256,-4.873757362365723,-3.571981906890869,-8.080036163330078,-0.657805323600769,-3.6963863372802734,4.206569671630859,-5.030191421508789,-0.415069967508316,-4.647111892700195,1.905016541481018,-4.5052170753479,3.0787086486816406,-0.4988248944282532,-1.118504285812378,-5.134664535522461,2.83604097366333,-4.16618013381958,1.9564926624298096,-2.9375147819519043,-0.3356263637542724,-3.1196606159210205,0.8569793105125427
7,-304.9188842773437,107.87312316894533,-25.39944839477539,9.587026596069336,-10.500961303710938,0.5179126858711243,0.6632874608039856,1.6745785474777222,-9.1781644821167,1.4979692697525024,-12.985289573669434,-1.325486183166504,-8.22247314453125,-5.16525411605835,-12.159605979919434,-7.041052341461182,-11.329864501953123,-2.205033302307129,-8.17756175994873,-3.1967363357543945,-7.035132884979248,-3.234227418899536,-8.678815841674805,-1.3860533237457275,-4.243361473083496,-0.9368594884872437,-5.983908653259277,0.307757556438446,-3.7420270442962646,-2.2533535957336426,-6.502365112304688,-0.3183748424053192,-3.990173101425171,0.8029516935348511,-2.986865520477295,0.6867271661758423,-5.63364315032959,-0.0011693701380863,-2.437384605407715,1.545393705368042
8,-202.2030792236328,64.22321319580078,-42.6671257019043,-26.075359344482425,-19.04458999633789,8.198593139648438,-37.72985076904297,-0.4863437414169311,-35.7698974609375,1.57016921043396,2.4581310749053955,23.22085189819336,27.855430603027344,6.582821846008301,3.8138387203216553,-2.709247589111328,-8.482465744018555,5.128478050231934,-6.382436752319336,-9.327523231506348,-14.371515274047852,2.449580192565918,6.017092227935791,6.680069923400879,-0.8611938953399658,0.958473026752472,-1.7096136808395386,3.91124963760376,1.2957355976104736,-1.111239671707153,-6.9454779624938965,-4.2235612869262695,-4.256002426147461,-0.7744972109794617,-4.591409683227539,-3.8248934745788574,-7.744441509246826,-3.848236083984375,-5.385430812835693,-4.700986862182617
7,-438.3920593261719,123.61811065673828,-13.73455810546875,-24.126258850097656,-26.70472526550293,-21.693849563598636,-27.34463119506836,6.487617492675781,3.1432626247406006,-5.861075401306152,4.038320064544678,15.842151641845703,16.165857315063477,6.927318096160889,-0.2416515201330185,13.906381607055664,5.450619220733643,4.660959720611572,11.485037803649902,6.387744426727295,-0.2477450221776962,0.6064625382423401,-3.798095941543579,2.122430324554444,-3.907633066177368,0.0451154895126819,0.1797661781311035,1.5788915157318115,3.0030696392059326,4.101853370666504,2.867672204971313,4.2266154289245605,2.243569612503052,5.778449535369873,1.8046716451644895,1.297810673713684,1.5719712972640991,-0.559265673160553,1.0411664247512815,1.9177069664001465
7,-439.3847351074219,114.91783142089844,-10.527328491210938,-21.49472427368164,-23.0612735748291,-18.029258728027344,-29.31955337524414,1.200825572013855,1.5600906610488892,-3.626319408416748,8.127076148986816,16.639652252197266,11.53623390197754,6.4160261154174805,7.136876106262207,17.819002151489258,9.503920555114746,2.264207124710083,1.0781302452087402,1.4033550024032593,2.413280725479126,4.974730968475342,2.370414018630981,-0.7401795983314514,-7.189959526062012,-2.206105232238769,1.5744272470474243,4.170510292053223,4.843433856964111,7.520382404327393,9.539809226989746,8.964688301086426,0.5359591245651245,-2.9684271812438965,-3.0597710609436035,0.027936553582549,2.058746576309204,3.666651964187622,2.431515455245972,3.280555486679077
7,-411.69927978515625,101.41571044921876,-28.006032943725582,-33.38594055175781,-17.197675704956055,-5.367404937744141,-23.90534782409668,-1.6099306344985962,3.2621781826019287,-2.441444158554077,9.36453628540039,12.964855194091797,7.757269859313965,1.1865389347076416,3.1204304695129395,15.01486873626709,7.110144138336182,4.972792625427246,8.439279556274414,3.897728681564331,-1.8023669719696045,1.328006148338318,-3.812436580657959,-0.1689156889915466,-2.1798512935638428,0.8644270896911621,4.835628032684326,6.791291236877441,9.467647552490234,10.182893753051758,4.411764144897461,-0.2037898898124694,-1.575854778289795,0.2977196276187897,3.16709303855896,3.2108314037323,1.4116250276565552,0.581214427947998,1.3762277364730835,2.790012121200561
10,-329.811767578125,69.29031372070312,-30.921321868896484,3.577019214630127,-11.853172302246094,32.635032653808594,-3.0573649406433105,10.611337661743164,-18.9374942779541,-2.981339454650879,2.2442593574523926,2.2676212787628174,-0.878603994846344,-0.6851038336753845,-1.1623913049697876,1.8453891277313232,-8.396515846252441,-2.692880630493164,-5.560555458068848,6.343328952789307,-1.096114993095398,4.4851813316345215,-4.102787971496582,-2.239349603652954,-5.034663200378418,1.3841792345046997,-1.005028486251831,-1.2673388719558716,-3.2762582302093506,2.749185562133789,-2.1735715866088867,-0.1914592534303665,-5.642874717712402,4.106009483337402,-0.1379290223121643,0.2907584011554718,-6.124189376831055,-0.3823096752166748,-0.573377251625061,2.4015064239501958
10,-313.1852722167969,73.2353286743164,-25.052534103393555,-1.3901783227920532,-7.8693108558654785,31.84831047058105,-8.025554656982422,8.886128425598145,-21.643665313720703,4.490730285644531,2.413454294204712,0.1709871292114257,-5.106903076171875,0.0955324918031692,1.2208272218704224,1.1300112009048462,-7.761992931365967,-2.144658327102661,-3.4431755542755127,8.630728721618652,-0.5491575002670288,5.354656219482422,-1.651455044746399,-0.7744802832603455,-5.518863677978516,0.8034606575965881,2.089315414428711,0.4215849041938782,-1.2711631059646606,1.5438618659973145,-2.075031042098999,0.2724504768848419,-4.8025970458984375,6.126670837402344,0.7437999248504639,0.3691295385360718,-6.798292636871338,-0.4011243283748626,-0.6576085090637207,2.6357204914093018
10,-326.78759765625,68.87847900390625,-23.624122619628903,-0.0246494654566049,-7.426376819610596,30.04364013671875,-7.97912073135376,11.555869102478027,-20.635181427001957,3.302703619003296,-0.5306219458580017,0.3236169219017029,-6.077927589416504,-1.939274549484253,2.249917984008789,3.3135204315185547,-6.528384685516357,-2.0451345443725586,-5.760526180267334,7.0877861976623535,1.2000782489776611,5.546852111816406,-3.5474853515625,-1.507010579109192,-6.470939159393311,1.6173937320709229,1.2694088220596311,0.4479241073131561,-1.3348729610443115,2.9879610538482666,-3.085766315460205,0.0540443323552608,-4.671308994293213,5.82905912399292,0.1746599823236465,-0.1156462803483009,-8.097811698913574,-0.8858332633972168,-0.0178498290479183,2.84555721282959
10,-319.63140869140625,58.47885894775391,-24.71743392944336,3.235313653945923,-10.207262992858888,31.822025299072266,-8.676158905029297,11.861848831176758,-20.50281524658203,2.8369665145874023,1.03523051738739,3.3816585540771484,-3.72533917427063,-2.440646171569824,-1.1612536907196045,3.12002944946289,-7.136419773101807,-2.9740471839904785,-6.713165760040283,6.364872932434082,0.7048603892326355,3.296081304550171,-2.50610899925232,-0.7805532813072205,-4.708619117736816,1.2991735935211182,0.4515732824802398,0.2430903166532516,-2.41817045211792,2.736768245697021,-2.9683778285980225,-0.5296027660369873,-4.089865207672119,5.341304302215576,-0.1439257562160492,-0.9678329825401306,-8.493331909179688,-0.76844722032547,0.7340328097343445,3.858172416687012
10,-381.5123291015625,143.47122192382812,-27.33925437927246,-18.509153366088867,12.565749168395996,1.8297653198242188,-11.296842575073242,3.786455631256104,-6.668638706207275,1.00168776512146,-1.442923665046692,12.019362449645996,8.927129745483398,9.745816230773926,5.903625965118408,-4.679464340209961,-9.23214626312256,3.889595270156861,-5.650050640106201,0.8620328903198242,-10.44728183746338,0.0374116748571395,-3.691636323928833,9.39319133758545,-0.1406668722629547,3.158553123474121,3.944157838821411,3.764557361602783,2.722343683242798,5.733994007110596,0.8918852210044861,2.0174694061279297,-0.9411479234695436,4.521574020385742,-0.2960432171821594,0.3727839589118957,0.3280976414680481,0.7753913402557373,0.6385412216186523,-2.26481032371521
10,-339.4567565917969,103.4988021850586,-31.228628158569336,-18.879653930664062,3.871627569198608,-5.377469539642334,-19.78274154663086,-9.444790840148926,-7.569321155548096,-0.6548905372619629,6.849458694458008,13.047663688659668,14.736379623413086,19.770065307617188,9.45424461364746,-3.072957992553711,-2.745662212371826,6.360097885131836,-2.4846551418304443,-3.225507497787476,-5.079573154449463,-0.4800480306148529,-0.9205286502838136,8.412057876586914,-0.6396315097808838,5.520172595977783,5.412137985229492,4.577691555023193,0.8242356777191162,4.532622337341309,3.6052961349487305,2.085898399353028,-2.305903673171997,1.9038517475128172,-0.1689117848873138,3.7461130619049072,1.0570709705352783,-0.5442848205566406,-2.3115053176879883,0.5440452098846436
10,-441.11614990234375,104.7960433959961,-28.902172088623047,-20.648731231689453,-1.9001154899597168,-5.946381568908691,-5.271332263946533,5.666313171386719,-7.990291118621826,3.76077938079834,11.206378936767578,9.118871688842772,16.44397735595703,18.704174041748047,11.38121509552002,8.310192108154297,-2.753201723098755,4.124399185180664,-3.956727981567383,-1.5250115394592283,-4.584910869598389,-4.214041709899902,-3.138317108154297,6.878379821777344,1.7684717178344729,3.192750930786133,3.47243332862854,2.930062055587769,3.333479404449463,2.3003134727478027,0.169857919216156,2.846368789672852,0.6768485307693481,1.156776785850525,-1.3890197277069092,2.5003459453582764,0.8029364943504333,-0.0397906005382537,-4.185368537902832,-1.6711560487747192
10,-389.9627075195313,119.72761535644533,-18.83789825439453,-18.388154983520508,-4.80684757232666,-10.56285572052002,-12.873488426208496,1.0501556396484375,-11.95427703857422,-2.697894334793091,7.0809831619262695,9.602462768554688,13.77097511291504,11.355796813964844,10.40628147125244,3.1702260971069336,-6.92852783203125,1.432775855064392,-3.130753993988037,3.0299510955810547,-3.5981040000915527,1.2286113500595093,0.0441761426627635,6.908142566680908,1.06887686252594,3.73561954498291,5.612789630889893,-1.5394431352615356,0.3106551468372345,1.103889226913452,1.4808634519577026,3.8823649883270255,-1.8792482614517207,0.3203132450580597,1.2647148370742798,0.2814028263092041,1.901143312454224,-0.5604541301727295,2.0589468479156494,0.0361358299851417
7,-239.1804351806641,163.37220764160156,-38.00453186035156,31.63468742370605,-23.74076461791992,25.68400001525879,2.386982679367065,8.788748741149902,24.326265335083008,12.138880729675291,-4.1266398429870605,3.605731964111328,15.290485382080078,10.932708740234377,5.143982887268066,6.213240623474121,10.715208053588867,14.402298927307127,8.198871612548828,1.7387765645980835,2.959577798843384,4.031284809112549,0.669499933719635,-0.6834560036659241,-0.4276952445507049,1.163349151611328,1.1454637050628662,-3.5108110904693604,-5.08688497543335,-0.7535771131515503,-2.4231741428375244,-0.4155668616294861,3.2844605445861816,-0.3280350267887115,0.1449382603168487,0.6796592473983765,-2.126749992370605,0.2114394903182983,-0.977833330631256,-2.6894779205322266
7,-221.2816162109375,155.13027954101562,-50.489891052246094,45.05415725708008,-23.17860221862793,14.00826644897461,11.568997383117676,24.109304428100582,12.549412727355955,11.994176864624023,9.165176391601562,-0.7250697016716003,8.867992401123047,18.04849624633789,3.0356252193450928,0.6467757821083069,11.71157932281494,8.19282341003418,3.1157660484313965,3.3491697311401367,0.5128317475318909,3.436429262161255,4.70523738861084,-2.7832937240600586,-3.565778970718384,9.68854808807373,1.4096417427062988,-14.05379581451416,4.326080322265625,10.005941390991213,-14.93242073059082,0.4608871340751648,12.893052101135254,-3.994296550750733,-2.2685441970825195,6.267244338989258,-2.7819154262542725,-8.57167911529541,3.1446895599365234,3.20888090133667
7,-219.5681915283203,155.98826599121094,-49.909061431884766,47.76274108886719,-24.00258445739746,14.979207038879396,9.870856285095217,24.69659996032715,11.197226524353027,13.734007835388184,8.036579132080078,-0.8351181745529175,7.869818210601807,19.304731369018555,0.1543973982334137,-0.2791181802749634,11.142134666442873,9.896559715270996,2.460280656814575,3.784314155578613,-0.8429628014564514,3.267351627349853,4.944320201873779,-1.8426430225372317,-3.9936580657958975,9.70906925201416,0.6474485397338867,-11.597270011901855,3.486276626586914,10.122652053833008,-14.343179702758787,0.4117439687252044,14.029051780700684,-3.2012977600097656,-2.9181854724884038,6.8752546310424805,-2.432323932647705,-8.421233177185059,3.1811797618865967,3.739396572113037
7,-227.95167541503903,160.21913146972656,-38.78668212890625,33.523075103759766,-26.60183906555176,29.520790100097656,7.17713737487793,14.662692070007324,21.181543350219727,15.518528938293455,-7.32557487487793,4.425995826721191,8.880642890930176,11.325939178466797,-0.706006646156311,5.1556806564331055,6.856501579284668,11.166728019714355,1.8417086601257324,1.6505781412124634,1.1552969217300415,3.45845365524292,-2.7446377277374268,1.537472367286682,0.5327264070510864,5.882603645324707,0.5587964653968811,-1.358598709106445,-1.5987391471862793,3.9196791648864746,-3.182532548904419,-1.92716383934021,2.4159536361694336,0.9163694977760316,2.5380818843841557,0.9778680801391602,-1.6486482620239258,0.5386857390403748,-2.5074384212493896,-1.306141376495361
7,-229.43165588378903,160.19680786132812,-37.138179779052734,32.425785064697266,-25.279926300048828,29.619415283203125,6.978513717651367,14.73388957977295,21.890106201171875,16.00196647644043,-6.521405220031738,4.750257968902588,10.060309410095217,11.225244522094728,0.2783492803573608,6.334653377532959,7.599406242370605,11.199666023254396,-0.2813616096973419,0.8251599669456482,1.0350778102874756,2.775771379470825,-2.114229679107666,1.9970982074737549,0.8321856260299683,4.30300760269165,-0.3235747516155243,-3.394972324371338,-1.6103479862213137,2.3648550510406494,-3.0235421657562256,-1.379586935043335,1.5763076543807983,0.3468230664730072,2.5372660160064697,1.9436604976654053,-1.6645184755325315,1.0360661745071411,-1.1182849407196045,-1.9049686193466189
7,-233.0780334472656,160.80068969726562,-35.34951400756836,31.43120574951172,-26.04034423828125,29.94215202331543,6.221441745758057,14.13969612121582,22.47679710388184,15.8782320022583,-6.925138473510742,5.274187088012695,9.187829971313477,10.555896759033203,0.0764985829591751,6.366323947906494,7.076846599578857,11.931976318359377,-0.3261739611625671,0.9749169945716858,0.9230021834373474,3.490180730819702,-2.4039011001586914,2.913721799850464,0.9687042832374572,4.829957962036133,-0.1302497684955597,-3.38076400756836,-1.4136693477630615,2.264535427093506,-2.6108474731445312,-1.0758486986160278,1.5129927396774292,0.7846735119819641,3.163952350616455,1.361648678779602,-2.0444204807281494,0.9205647110939026,-1.725821614265442,-1.294636607170105
7,-233.0589141845703,160.75509643554688,-35.61737060546875,32.36746597290039,-26.58245658874512,29.78083229064941,5.811172008514404,13.7164945602417,21.744857788085938,15.49644947052002,-6.252429962158203,5.57649564743042,8.022245407104492,10.360125541687012,0.2237561196088791,6.634826183319092,6.677406311035156,11.350902557373049,0.4249720573425293,2.023203134536743,1.3930931091308594,3.8433971405029297,-2.38676381111145,2.5526139736175537,0.5519835352897644,4.7223992347717285,0.3965475261211395,-3.205967426300049,-1.5212641954421997,2.020900249481201,-2.215959072113037,-0.8641622066497803,1.9358634948730469,1.1841059923171997,3.2964587211608887,1.1645326614379885,-2.216832399368286,0.3746381998062134,-2.00449800491333,-1.1906698942184448
7,-221.095947265625,160.60165405273438,-35.82677459716797,34.879669189453125,-26.516042709350582,26.903057098388672,6.167881488800049,13.267590522766112,17.70488929748535,14.87847137451172,-5.865087032318115,3.769663810729981,8.955562591552734,11.45321273803711,-1.305734634399414,6.8142852783203125,7.591665744781494,11.232342720031738,1.6981234550476074,2.6165225505828857,1.7029186487197876,4.717613220214844,-0.8605846166610718,1.6503561735153198,0.8082167506217957,5.332035541534424,0.6905372738838196,-3.0622763633728027,-1.6306089162826538,3.1764793395996094,-4.38532304763794,-1.485610008239746,1.665395975112915,0.2715502977371216,1.2230511903762815,0.9520775079727172,-1.7469005584716797,0.5881873965263367,-1.7932757139205933,-1.2710946798324585
7,-228.64830017089844,159.1168212890625,-37.23422622680664,32.815372467041016,-27.152631759643555,29.36404037475586,6.494549751281738,14.744414329528809,21.15445899963379,16.18067741394043,-6.039096355438232,4.486026287078857,9.30564022064209,10.309976577758787,0.1794909387826919,6.319392204284668,6.812774658203125,10.820526123046877,1.1566407680511477,2.814234733581543,1.847585916519165,3.9488327503204346,-1.927406668663025,2.2713425159454346,0.895976185798645,4.593110084533691,-0.1832709461450576,-2.595674991607666,-1.233025312423706,2.838047981262207,-3.79633903503418,-1.7057138681411743,1.5084916353225708,0.9746174216270448,2.5942771434783936,0.9031001329421996,-1.924975037574768,1.058407425880432,-2.333317279815674,-1.566860318183899
7,-224.9263458251953,158.3323211669922,-37.49757385253906,34.888221740722656,-26.85130882263184,28.17449951171875,7.309354305267334,15.269242286682127,18.989709854125977,16.230693817138672,-5.847261905670166,3.8497025966644287,9.223350524902344,10.45467472076416,-0.7290703058242798,6.449649333953857,7.452577590942383,10.48896312713623,1.0930157899856567,2.837726831436157,1.8903194665908811,3.920176982879639,-0.7362054586410522,2.6797897815704346,1.320481538772583,5.057753562927246,-0.0450219847261905,-2.6447932720184326,-1.0872024297714231,2.894892454147339,-4.107594966888428,-1.3544598817825315,1.2691588401794434,0.6862242817878723,1.9188196659088133,0.2691454887390136,-2.206498146057129,0.0285508260130882,-2.134572744369507,-1.2437728643417358
7,-233.91017150878903,164.80479431152344,-38.095481872558594,28.92261505126953,-27.507402420043945,28.616968154907227,4.67205286026001,13.345818519592283,23.387683868408203,15.932781219482422,-5.338055610656738,6.81866979598999,11.848886489868164,10.867042541503906,3.0090138912200928,8.599905967712402,7.394060134887695,10.653806686401367,0.5435232520103455,2.338862419128418,2.031829833984375,3.946005344390869,-2.422213315963745,1.1790462732315063,-0.2985009551048279,3.2714970111846924,-0.7904118895530701,-2.80776047706604,-2.6009631156921387,1.5884631872177124,-3.92710280418396,-0.6648825407028198,3.126033067703247,1.5654619932174685,2.6010115146636963,-0.0316680409014225,-3.510192632675171,-1.549338459968567,-2.03368878364563,-0.8847266435623169
7,-233.0148162841797,162.90501403808594,-37.56663131713867,30.448705673217773,-25.170085906982425,30.33207893371582,4.742711544036865,12.954889297485352,24.124046325683597,16.73900604248047,-6.478546619415283,5.715461730957031,11.500081062316896,12.51949691772461,1.2256911993026731,7.637310028076172,7.114925861358643,11.292948722839355,-1.0946437120437622,0.0759995281696319,0.6097468733787537,3.945453643798828,-2.2486836910247803,1.4467153549194336,1.0714126825332642,4.773079872131348,-0.0579566359519958,-2.4023540019989014,-2.7416229248046875,1.4145841598510742,-3.912717580795288,-0.8380507230758667,2.902770757675171,1.1814682483673096,0.4660425782203674,0.8999782204627991,-2.374894857406616,0.08005291223526,-3.0662682056427,-2.0799617767333984
7,-232.95709228515625,162.44483947753906,-37.65030670166016,30.31144523620605,-24.86405372619629,30.081308364868164,4.418439865112305,12.44105339050293,23.754688262939453,17.094266891479492,-6.614744663238525,5.70688533782959,11.290566444396973,11.756217956542969,1.0368802547454834,7.808986186981201,7.395010948181152,11.42873191833496,-0.9944918155670166,-0.2973468005657196,1.2748072147369385,4.399383544921875,-2.17439603805542,1.64510178565979,0.8057370781898499,4.300487995147705,-0.4421112835407257,-2.40543794631958,-2.600707054138184,1.6882776021957395,-3.470391273498535,-0.4560680091381073,3.1613359451293945,1.4320484399795532,0.8761730790138245,0.43232062458992,-2.175924777984619,0.1976503133773803,-3.2431647777557373,-1.4884610176086426
7,-228.04014587402344,159.30731201171875,-35.909629821777344,30.050188064575195,-22.005687713623047,29.995094299316406,8.337625503540039,12.513663291931152,24.397554397583008,14.251055717468262,-4.860193252563477,2.4557199478149414,9.440778732299805,8.453489303588867,1.7463408708572388,4.6346306800842285,7.289791584014893,10.147071838378906,1.0742201805114746,-0.1364188194274902,0.6029701828956604,1.6920360326766968,-1.6185812950134275,0.9224572777748108,2.2713871002197266,3.8352324962615967,1.0162707567214966,-3.5463130474090576,-0.1210012733936309,3.076261043548584,-1.1762672662734983,-0.8570060729980469,2.958058357238769,0.1190297156572341,1.7012633085250854,-0.461097240447998,-0.3787202835083008,-0.6817594766616821,-2.525357484817505,-1.6951041221618652
7,-230.25149536132807,160.7937774658203,-35.78116989135742,31.630237579345703,-24.36704444885254,30.96645164489746,6.485319137573242,14.142558097839355,22.42803001403809,15.94585418701172,-6.633413791656494,4.798662185668945,8.881278038024902,9.717382431030272,-0.5714324116706848,6.916518688201904,5.636796474456787,11.582504272460938,-1.2912521362304688,0.7981300354003906,-0.4358833134174347,2.528630495071411,-3.765611171722412,2.995504140853882,0.841978907585144,4.76085090637207,-0.0774223357439041,-2.260380268096924,-0.7362951636314392,3.436978816986084,-2.50637435913086,0.2337075620889663,2.326028347015381,1.0757685899734497,1.2515968084335327,0.632642388343811,-1.374393105506897,0.1377951055765152,-2.6661922931671143,-0.8021553158760071
7,-235.06997680664065,161.03375244140625,-39.5360221862793,30.82475471496582,-26.89571189880371,27.22487449645996,4.7297444343566895,13.984416961669922,24.43574523925781,15.524066925048828,-6.504984378814697,4.526115417480469,12.819581031799316,11.29376220703125,1.9790130853652956,7.334175109863281,8.42937183380127,12.683348655700684,4.349364757537842,3.2658169269561768,2.4598960876464844,5.319347381591797,-1.902624249458313,0.0455049872398376,-0.5371226668357849,4.290926933288574,-0.2202467769384384,-2.8387556076049805,-3.1820340156555176,1.3118577003479004,-2.719890594482422,0.2118488997220993,2.5807788372039795,0.6693902611732483,0.0633248165249824,-1.3435308933258057,-3.664039850234986,0.1192460283637046,-1.868712902069092,-0.4374498128890991
7,-233.12928771972656,160.99610900878906,-35.83134078979492,32.65549087524414,-24.69991111755371,31.535348892211918,7.062693119049072,14.35007667541504,22.090351104736328,15.306543350219728,-7.243523120880127,4.8603386878967285,8.709197998046875,10.455501556396484,-0.0233267825096845,6.4057135581970215,6.010181427001953,11.319753646850586,-0.423459529876709,0.7419936060905457,-0.0654565915465354,2.3556716442108154,-2.918543577194214,2.53663969039917,1.4779229164123535,5.4969987869262695,0.4120189547538757,-2.806500196456909,-1.1711081266403198,3.1691675186157227,-3.211381435394287,-0.3244264721870422,2.552163600921631,1.8377968072891235,0.8709812164306641,0.6080909371376038,-1.8815205097198489,1.3433717489242554,-1.5346451997756958,-1.6687722206115725
7,-232.6398162841797,161.70870971679688,-36.84685516357422,32.576316833496094,-24.441858291625977,30.854625701904297,6.872588157653809,13.820332527160645,21.97754669189453,15.828015327453612,-7.172814846038818,4.705532073974609,8.25167465209961,10.30473518371582,0.2519647181034088,6.481708526611328,6.559645175933838,11.80804443359375,0.0313565246760845,0.5332940816879272,-0.1576049029827118,2.3161604404449463,-2.784065723419189,2.08447527885437,1.5094761848449707,5.292114734649658,0.7486263513565063,-2.809934139251709,-0.8287478685379028,3.0800085067749023,-2.1919732093811035,-0.4808999598026275,1.8869545459747317,1.4709291458129885,1.8757537603378296,1.1219751834869385,-1.5297677516937256,0.9647691249847412,-1.6500930786132812,-1.780776858329773
7,-230.65249633789065,161.45985412597656,-36.941104888916016,32.557151794433594,-25.130769729614254,31.225791931152344,6.377583026885986,13.943280220031738,21.161151885986328,15.265275955200195,-7.28218412399292,4.862929821014404,8.293328285217285,10.374244689941406,0.4608044028282165,6.117644786834717,6.388496398925781,12.081066131591797,-0.4937061369419098,0.2392783164978027,-0.3264663219451904,2.93269419670105,-2.853595018386841,1.900173306465149,1.2810242176055908,5.965648174285889,0.3552257418632507,-2.2809770107269287,-0.8635047674179077,3.928428649902344,-3.2908935546875,-0.2641623318195343,2.217591524124145,1.3506288528442385,2.082379102706909,0.8588113784790039,-1.8522905111312864,0.6809137463569641,-2.9650416374206543,-1.2816156148910522
7,-229.66651916503903,159.51864624023438,-38.20469284057617,35.39237976074219,-24.69464111328125,29.562652587890625,7.026727199554443,13.71306037902832,21.10700416564941,16.043163299560547,-6.542202949523926,4.437964916229248,8.196366310119629,9.700578689575195,0.2882545888423919,6.817267894744873,6.844609260559082,10.520957946777344,-0.1856426149606704,1.5251895189285278,0.5174069404602051,3.0392065048217773,-1.980469822883606,2.257287979125977,0.8432763814926147,5.26239013671875,0.0259511098265647,-2.7822399139404297,-1.6073155403137207,2.7718279361724854,-2.5416159629821777,-0.4674828052520752,2.5318706035614014,0.9105759263038636,2.364220142364502,0.5191857218742371,-1.4435601234436035,0.8360595703125,-2.2463784217834477,-1.945075273513794
7,-217.57247924804688,165.13275146484375,-33.568084716796875,30.68265724182129,-24.34740829467773,29.647920608520508,5.549743175506592,13.280475616455078,25.29141616821289,17.884136199951172,-3.5368337631225586,4.264059543609619,9.40630340576172,10.538874626159668,-2.0754404067993164,5.011464595794678,5.808259010314941,13.414750099182127,2.657379150390625,0.8566708564758301,1.3342198133468628,5.883291721343994,-0.764705240726471,2.2068746089935303,1.635064959526062,5.299930095672607,3.785435676574707,0.404349535703659,-1.4192794561386108,1.6569085121154783,-3.7569501399993896,-0.1056058779358863,3.936870574951172,3.2319180965423584,1.042594313621521,-1.5560595989227295,-5.148416996002197,-1.089682698249817,-3.083519697189331,-2.398643970489502
7,-228.1409149169922,160.1045684814453,-36.8330307006836,32.1328239440918,-27.906213760375977,27.118986129760746,4.641006946563721,15.05856227874756,20.23259925842285,13.750576972961426,-8.02105712890625,4.654679298400879,10.743467330932615,9.647882461547852,0.9090353846549988,7.841691017150879,5.3392744064331055,9.540754318237305,0.5591424107551575,2.635620355606079,3.1614255905151367,5.215148448944092,-0.476332426071167,1.0628199577331543,0.8648062348365784,5.256833076477051,1.5360437631607056,-1.2603380680084229,-1.4134199619293213,3.672885417938232,-2.9827985763549805,1.8051732778549197,2.2180092334747314,0.1482694149017334,1.2903831005096436,0.1329101324081421,-1.914454817771912,-0.192571148276329,-1.7016164064407349,-1.2922829389572144
7,-226.95172119140625,159.8466339111328,-38.0584831237793,32.463340759277344,-28.115358352661133,27.433053970336918,5.235202789306641,15.882089614868164,20.83836555480957,13.709436416625977,-8.131860733032227,4.175794124603272,10.86256217956543,9.746686935424805,0.622319221496582,7.420279502868652,5.77789831161499,10.119725227355955,0.5241040587425232,3.152520179748535,2.7806668281555176,5.177565574645996,-0.0961726307868957,1.019612431526184,0.2427758425474167,4.821200370788574,1.2051478624343872,-2.0317986011505127,-1.3328438997268677,3.317448377609253,-2.472184181213379,2.1835310459136963,2.435908555984497,0.0738005861639976,1.3392798900604248,0.7408451437950134,-1.9087547063827517,0.2533495128154754,-1.504570245742798,-1.5817971229553225
7,-424.4114074707031,171.8114776611328,-31.710229873657227,35.69777297973633,-6.339721202850342,21.48290634155273,12.272554397583008,5.459975719451904,17.06699562072754,12.662497520446776,1.510578155517578,5.691190719604492,7.228765487670898,6.029610633850098,2.083690881729126,5.359722137451172,2.0290961265563965,9.331657409667969,5.485540390014648,3.5693655014038086,3.353684186935425,4.681623458862305,0.8054155707359314,4.236556053161621,4.6039910316467285,6.984395980834961,1.992420673370361,-1.1873387098312378,-2.9370462894439697,1.580667495727539,-0.295120358467102,0.5713693499565125,0.0811435803771019,1.0951272249221802,0.795414388179779,3.019767999649048,0.5201811790466309,-1.4288510084152222,-3.220231771469116,-0.4477283656597137
7,-370.52642822265625,128.4234619140625,-23.930593490600582,56.02024841308594,-11.3092622756958,19.29671859741211,6.810070514678955,17.742904663085938,4.324469566345215,11.099602699279783,6.255502223968506,5.760509967803955,3.8726918697357178,8.79562759399414,0.1531863957643509,4.967848777770996,3.8260247707366943,5.606652736663818,5.561296463012695,6.1597089767456055,-3.439151763916016,3.89711332321167,5.393452167510986,3.044640064239502,0.1772596836090088,15.05305290222168,4.333333969116211,-6.135021686553955,2.9412100315093994,5.430944442749023,-8.274640083312988,1.8196841478347776,7.934364318847656,-3.0483477115631104,-5.887754440307617,7.863375663757324,2.266291856765747,-4.454730987548828,0.8994001150131226,3.639368057250977
7,-363.0384826660156,130.5526580810547,-23.103286743164062,55.4961166381836,-9.726802825927734,16.9620418548584,6.663444995880127,17.329933166503906,5.520256519317627,13.85006618499756,5.479297637939453,6.016878128051758,3.504900455474853,9.137487411499023,-0.3415956497192383,4.67708158493042,3.381477117538452,4.481367111206055,4.456554889678955,7.405465126037598,-1.320764422416687,2.26811957359314,7.302241802215576,3.799557685852051,-0.4342376589775085,11.415623664855955,3.750555276870728,-5.930456638336182,1.830263376235962,5.023933410644531,-5.933706760406494,1.854691505432129,7.251896858215332,-3.226339817047119,-5.427854537963867,6.022161960601807,0.6047274470329285,-5.537681579589844,0.8151899576187134,2.512091875076294
7,-427.4966430664063,167.25621032714844,-25.1004695892334,34.9440803527832,-4.987861156463623,21.289106369018555,12.431920051574709,8.417363166809082,17.12551498413086,14.7102632522583,3.1039040088653564,6.089667320251465,6.963315963745117,8.010114669799805,2.9518589973449707,5.747878074645996,3.120847463607788,7.632891654968262,7.4158525466918945,1.461665391921997,3.757646083831787,3.458660125732422,0.63031005859375,4.129059314727783,7.6498799324035645,9.705217361450195,3.5957038402557373,-0.0787804201245307,-1.4179883003234863,2.884318828582764,-0.2988830804824829,1.3504366874694824,2.033139705657959,2.06980562210083,1.5534602403640747,1.786805272102356,2.513087749481201,-0.3075707852840423,-0.0987188965082168,-0.0301434509456157
5,-61.74795150756836,138.2754669189453,-122.78649139404295,69.80558013916016,-64.89282989501953,30.096689224243164,-37.13576889038086,21.36298942565918,-9.175453186035156,3.6699705123901367,-8.908893585205078,-6.649803161621094,10.95016384124756,-17.535099029541016,6.1009440422058105,-14.55402946472168,3.66737961769104,-8.154356002807617,3.523439407348633,-1.045544981956482,5.307589530944824,1.261326789855957,-1.0402029752731323,2.713205575942993,-3.2169926166534424,-1.1486295461654663,-7.989574432373047,1.0042273998260498,-1.8688689470291135,3.490475416183472,-3.442498207092285,-0.6250439286231995,-2.606872081756592,0.9182515144348145,-0.9536705613136292,-1.1725142002105713,-0.2564451098442077,-1.8063535690307615,-1.054431676864624,-5.317744255065918
7,-163.0369110107422,121.50724792480467,-10.227436065673828,36.01045227050781,-2.24653959274292,8.614328384399414,1.640776515007019,0.9867929220199584,-0.6264705657958984,6.76580286026001,-0.5861479640007019,1.4231233596801758,-5.824820041656494,-0.2451879233121872,-3.956009149551392,4.5573410987854,-9.74005889892578,4.68995475769043,-4.238035678863525,-0.7763155698776245,-2.927920341491699,2.293066501617432,-8.149354934692383,-2.5632057189941406,-0.074284590780735,3.8029263019561768,0.3303135931491852,4.4105544090271,-2.023844718933105,0.184053897857666,-1.9896588325500488,4.773706912994385,1.7606432437896729,6.074990749359131,1.0092544555664062,3.892021417617798,-1.6919876337051392,1.647067904472351,-1.3079525232315063,1.1481890678405762
7,-163.93161010742188,102.72728729248048,2.601845026016236,31.61235809326172,-5.498202323913574,9.492093086242676,8.384200096130371,3.4384448528289795,-0.3489521443843841,8.769950866699219,1.123560070991516,1.4412869215011597,-7.685271739959717,-3.853895664215088,-6.8261494636535645,2.930829763412476,-7.667847156524658,4.866393089294434,-6.371395587921143,1.0597574710845947,-2.4281904697418213,1.489157795906067,-7.00222635269165,2.2381460666656494,-2.2023050785064697,2.5647430419921875,2.7426469326019287,4.042581558227539,-1.0896830558776855,3.415818691253662,-2.6119425296783447,0.3481002449989319,-2.173015832901001,4.765406131744385,1.1861591339111328,6.37178373336792,3.661774635314941,4.597124099731445,-4.092840671539307,-2.7096285820007324
7,-185.5687713623047,113.9874267578125,-0.4002451300621032,34.08613967895508,-2.6149604320526123,16.837474822998047,3.71497106552124,3.581479787826538,-2.527480363845825,7.4278035163879395,1.433298110961914,3.793548107147217,-6.219952583312988,-0.4809928834438324,-4.227831840515137,5.820690631866455,-11.6614408493042,4.899857997894287,-7.844332218170166,-0.2739723026752472,-1.5367287397384644,3.574164867401123,-5.653889179229736,3.184253454208374,-2.5397789478302,0.7418226003646851,-2.500213384628296,2.037243366241455,-0.739359438419342,5.908809661865234,1.8259204626083372,5.669878005981445,1.2203123569488523,4.3986687660217285,-1.6931473016738892,1.1150124073028564,-2.691232919692993,1.3163015842437744,0.0867225304245948,3.701901435852051
7,-180.1732482910156,104.4341812133789,-4.505000114440918,37.54342651367188,-3.0618579387664795,18.504636764526367,8.82138729095459,4.163032531738281,1.9212322235107424,6.198718547821045,-3.617622613906861,3.2008867263793945,-7.636085033416748,2.6208431720733643,-4.491131782531738,2.26852822303772,-7.869533061981201,2.321949958801269,-4.497469425201416,3.7984421253204346,-3.3092703819274902,-1.344077229499817,-6.040768623352051,4.799199104309082,-0.8083876967430115,2.571399450302124,-0.6143201589584351,2.484400510787964,-2.1454274654388428,5.130276679992676,1.5493687391281128,2.408773899078369,-1.6918567419052124,4.433012962341309,-4.486274719238281,0.2273715287446975,-2.448305606842041,2.61646032333374,1.4862533807754517,2.4538698196411133
7,-126.9991226196289,95.55606842041016,-13.301623344421388,39.16640090942383,-3.8455634117126474,9.558785438537598,-1.6467736959457395,7.704609394073486,-5.165435791015625,9.75631046295166,-5.338380813598633,5.096065044403076,-4.757965564727783,-4.870792388916016,-3.110201358795166,5.620213031768799,-10.786742210388184,3.32351303100586,-5.549308776855469,2.860369205474853,-4.477284908294678,-1.7526098489761353,-4.5120530128479,0.4038654863834381,-1.1380478143692017,5.082886219024658,2.876283407211304,3.423966407775879,0.80438232421875,3.4556899070739746,-3.47878098487854,3.7189958095550537,-2.633255958557129,3.465991497039795,-0.8201148509979248,3.280775547027588,-3.94649076461792,1.0914812088012695,-1.029506802558899,2.313431978225708
7,-153.5452880859375,110.1900863647461,-5.79690408706665,36.14506530761719,-6.347202777862549,10.988141059875488,6.767422199249268,3.8848066329956055,-3.6084043979644775,6.697055339813232,-5.005513668060303,1.9380474090576167,-3.4090442657470703,-0.103766031563282,-3.183706760406494,6.131698131561279,-11.184935569763184,1.6744753122329712,-3.330122947692871,-0.5162477493286133,-3.8252997398376474,2.191887855529785,-6.68557071685791,0.7553719878196716,-0.3674895763397217,4.317690372467041,0.5970553159713745,4.396502494812012,-4.118783950805664,3.835318565368652,-1.0457441806793213,2.2377374172210693,-3.45967435836792,3.0469794273376465,-2.6201868057250977,3.128783941268921,-1.2809724807739258,2.7114298343658447,0.0159085672348737,4.127006530761719
7,-137.1149139404297,112.744873046875,-13.437621116638184,33.08237075805664,-10.706019401550291,10.755030632019045,1.5980029106140137,3.104245662689209,-5.93912935256958,8.90497875213623,1.7522417306900024,1.952519536018372,-2.399948835372925,-5.4998393058776855,-3.3738839626312256,8.285502433776855,-11.67116928100586,5.034700393676758,-2.155294895172119,-0.2402272522449493,-3.3426146507263184,-1.4894899129867554,-8.572443008422852,1.7560608386993408,1.5295473337173462,2.3204190731048584,3.553267002105713,6.291598320007324,-3.8041484355926514,4.26178789138794,-3.8192970752716064,-0.939671754837036,1.5461987257003784,7.627913475036621,0.3226597905158996,3.4987263679504395,-0.3914918303489685,2.1356990337371826,0.0931144207715988,-0.2781839668750763
9,-193.11920166015625,121.23123931884766,-43.4419059753418,29.12392807006836,-4.530085563659668,28.220516204833984,2.4348232746124268,15.803251266479492,1.3792197704315186,6.422572135925293,-0.8975846767425537,17.172752380371094,-4.158626556396484,6.592437744140625,5.9848222732543945,6.426538467407227,3.0830321311950684,5.993859767913818,-2.4123246669769287,4.406495571136475,1.7446057796478271,6.920205593109131,2.450859308242798,2.095545768737793,-2.002213954925537,5.09586238861084,-0.1036567017436027,4.711770057678223,3.1990246772766118,5.352290153503418,-2.286431074142456,6.671908855438232,1.3011510372161863,1.904848337173462,-2.252984046936035,-1.441007375717163,-2.5852882862091064,2.6930227279663086,2.010772228240967,3.836519718170166
9,-180.52944946289065,120.7628936767578,-49.56172180175781,32.045936584472656,-4.826785087585449,24.05248641967773,4.499312877655029,16.115341186523438,3.4875662326812744,7.063863754272461,-0.8900238871574402,16.38909339904785,-3.7682044506073,6.993221759796143,5.38125467300415,5.637665271759033,3.567091703414917,8.612343788146973,-2.684218645095825,4.1130452156066895,0.4399795234203338,6.098737239837647,1.7181737422943115,3.200502872467041,-2.219503879547119,3.4662327766418457,-0.8423832654953003,5.490218639373779,4.63460636138916,5.400041580200195,-2.7827906608581543,6.055277347564697,1.0647579431533811,1.522178292274475,-2.771543025970459,-1.9232813119888303,-3.1371958255767822,3.3657901287078857,1.0249414443969729,2.908849239349365
9,-232.21456909179688,144.0979461669922,-37.258522033691406,30.87026596069336,0.6721165180206299,24.06348991394043,5.624574661254883,18.76264190673828,4.254305839538574,7.675339698791504,0.8766002058982849,10.75619411468506,-1.0506455898284912,7.5868916511535645,5.317171096801758,3.7810137271881104,-1.5074461698532104,3.967803716659546,0.102037526667118,2.308415174484253,0.6482753157615662,8.519184112548828,1.296267867088318,2.916609048843384,-0.5895236730575562,2.2064828872680664,-2.8024842739105225,1.6914849281311035,1.2535274028778076,4.495740413665772,-0.8450729250907898,3.6774916648864746,-2.0774173736572266,1.3495677709579468,-1.2779797315597534,0.518872857093811,-4.207582473754883,-1.3087884187698364,-1.8075720071792605,0.6839937567710876
10,-95.60567474365234,115.03924560546876,-141.119873046875,19.43529510498047,-41.58189392089844,11.470845222473145,-23.075437545776367,6.640787124633789,-5.155595779418945,6.869709491729736,7.962799072265625,13.73782444000244,11.07622241973877,-4.286673545837402,3.161721706390381,-8.12353515625,-1.4629334211349487,-4.53660774230957,3.888667583465576,-0.7178595662117004,6.019184589385986,1.611470341682434,4.823846340179443,-2.30303168296814,-2.7990753650665283,0.4445023238658905,-4.578914165496826,-2.810377597808838,-2.322767734527588,2.887932062149048,-3.3683111667633057,-0.6814776062965393,0.562492311000824,2.715909242630005,-3.907502412796021,-0.1722773760557174,-3.769563674926758,-1.4830256700515747,2.4454567432403564,-1.8419946432113647
10,-103.31092071533205,112.89672088623048,-137.85659790039062,31.65500831604004,-45.57099533081055,10.706069946289062,-23.66358757019043,10.3225736618042,-6.917196750640869,5.293744087219238,2.490051507949829,11.262566566467283,9.961673736572266,-2.3795268535614014,8.878250122070312,-5.754274368286133,1.7392607927322388,-6.814676284790039,3.0910160541534424,-0.7717004418373108,2.47705602645874,-1.6834304332733154,5.949702739715576,-0.907316505908966,-2.757425546646118,2.158231258392334,-5.430103302001953,-1.734109878540039,-3.122057676315308,1.456137776374817,-3.4047718048095703,-0.4115884900093078,0.4140733480453491,1.9307416677474976,-1.1729732751846311,0.6694406270980835,-5.284818172454834,-0.8654043674468994,1.08827805519104,-3.248436689376831
10,-113.61506652832033,115.29337310791016,-133.40318298339844,28.3808536529541,-41.8754768371582,13.65127658843994,-24.4693660736084,12.384491920471191,-7.552735805511475,6.872539520263672,3.6876919269561768,8.659344673156738,9.133722305297852,-5.122692584991455,7.257924556732178,-6.407089710235596,2.695678472518921,-8.040533065795898,2.573469638824463,1.4327472448349,5.377116680145264,-2.2645554542541504,5.34214973449707,1.6525559425354004,-3.6448726654052734,1.1970524787902832,-6.141701698303223,0.186838760972023,-2.7203586101531982,1.2087947130203247,-0.8416396379470825,-0.368226021528244,-1.6415997743606567,1.2586331367492676,-1.013069987297058,0.2288087010383606,-2.2856688499450684,-1.000375509262085,-0.5988799333572388,-2.8345093727111816
10,-306.65216064453125,93.7711181640625,12.14613437652588,0.6019349098205566,-0.2522521018981933,9.909697532653809,-6.542852401733398,1.3804913759231567,6.197795867919922,10.283886909484863,4.091247081756592,7.855454921722412,-0.5051952600479126,9.84910011291504,3.063483238220215,8.49458122253418,-2.005441427230835,3.691825389862061,-3.307093858718872,4.205183029174805,1.3382669687271118,8.903709411621094,1.7004183530807495,5.948788642883301,2.187118530273437,5.267104625701904,-2.964566946029663,3.5169239044189453,-1.5037593841552734,5.026028633117676,-0.930343508720398,0.0315288826823234,-6.627853393554688,0.3407012522220611,-5.161014080047607,0.5102596282958984,-2.365906000137329,0.3784721791744232,-2.7381863594055176,0.7278621792793274
5,-349.5898742675781,59.658203125,9.981210708618164,11.975936889648438,14.236971855163574,22.780073165893555,-0.8116234540939331,-1.2269625663757324,1.2867141962051392,7.002367973327637,0.1329386085271835,3.215008497238159,-4.273834228515625,8.404979705810547,3.6688711643218994,8.218276977539062,8.852036476135254,9.313547134399414,-0.0122802825644612,2.415482759475708,3.124716758728028,8.283245086669922,1.3246591091156006,7.597309589385986,0.4573817551136017,1.0819120407104492,2.7231953144073486,6.226809501647949,-6.211177349090576,2.279792308807373,-1.5785952806472778,-1.4308078289031982,-7.068466663360596,-1.1339751482009888,-9.12448501586914,2.919298887252808,-3.3936097621917725,3.1658849716186523,-4.087761402130127,2.7676331996917725
5,-342.9268798828125,50.62239074707031,11.399297714233398,10.190982818603516,16.33907127380371,23.75554847717285,-0.8880724310874939,-1.6227060556411743,-0.1139042600989341,4.113419532775879,0.2079598307609558,3.7081377506256095,-3.752560615539551,9.475704193115234,5.090863227844238,7.398993492126465,9.074254989624023,7.810330390930176,-1.2972813844680786,3.0096802711486816,3.815131187438965,8.5589017868042,1.5487847328186035,7.983831882476807,1.6732162237167358,0.7236935496330261,3.103956699371338,6.036518096923828,-6.370232105255127,0.8094173669815063,-2.5917789936065674,-1.66560959815979,-7.436591148376465,-1.0431536436080933,-9.097638130187988,2.767911672592163,-3.8864667415618896,3.06833815574646,-4.401668071746826,2.9568655490875244
5,-331.3851623535156,55.50678634643555,6.131796360015869,12.512218475341797,12.091634750366213,20.693893432617188,-3.213342666625977,-1.123146653175354,1.0285314321517944,4.266049861907959,-1.4527581930160522,3.6496829986572266,-2.39548659324646,9.969849586486816,4.300013065338135,4.485330581665039,1.5591986179351809,4.517403602600098,-0.023131662979722,5.617572784423828,0.8058013916015625,4.500152587890625,-2.2374155521392822,5.5062689781188965,1.4220150709152222,-1.2444095611572266,0.2508228719234466,5.5429863929748535,-8.247446060180664,-1.4824190139770508,-8.716361999511719,-3.583364963531494,-6.867189407348633,-2.0747053623199463,-9.215107917785645,-0.586887001991272,-6.921648979187012,1.1655597686767578,-6.575905799865723,1.933011054992676
5,-329.1641540527344,53.54238128662109,6.18515157699585,12.093257904052734,12.839118003845217,20.838865280151367,-3.446469783782959,-1.13946270942688,1.3805361986160278,4.086244583129883,-2.201565980911255,3.662410020828247,-2.07114839553833,10.149599075317385,4.084860324859619,3.5727856159210205,1.089301347732544,4.234857559204102,0.4020362794399261,5.2648749351501465,0.5367488861083984,4.087583065032959,-2.21622633934021,5.345160961151123,2.0139307975769043,-1.4293822050094604,-0.08294278383255,4.855295658111572,-8.77362060546875,-1.2297937870025637,-7.9433369636535645,-3.2197470664978027,-6.338298320770264,-1.961652994155884,-9.59078884124756,-1.1084907054901123,-7.173863410949707,1.3921266794204712,-5.937751293182373,2.566732168197632
5,-327.3565673828125,50.734596252441406,6.72660493850708,11.429073333740234,12.4921293258667,21.38614845275879,-3.7026424407958975,-0.809271514415741,1.1772023439407349,4.208137512207031,-2.504171133041382,4.339383602142334,-1.4796634912490845,11.514995574951172,4.538204669952393,3.166041135787964,1.1496678590774536,4.312860012054443,0.1783483475446701,5.094485759735107,0.9555425643920898,4.4719648361206055,-2.122462272644043,5.145265102386475,1.408823847770691,-1.8327107429504397,-0.2941327691078186,4.528534412384033,-9.321165084838867,-0.7537024021148682,-6.958659648895264,-3.050944328308105,-6.680365085601807,-2.5386972427368164,-9.697502136230469,-1.0461549758911133,-6.494795322418213,1.7407896518707275,-5.8888444900512695,2.27878475189209
5,-323.74468994140625,50.20584487915039,8.38786792755127,11.14529800415039,11.967409133911133,21.509765625,-4.403636932373047,-1.9464619159698489,0.0768841877579689,4.009915828704834,-2.6647868156433105,4.471203804016113,-0.9472167491912842,11.585673332214355,3.51279091835022,2.2034263610839844,1.1999783515930176,5.0649943351745605,0.8250347971916199,4.978112697601318,0.655321478843689,4.609732627868652,-2.0297389030456543,5.732243537902832,1.7202656269073486,-0.9691375494003296,0.4592310786247253,4.654480457305908,-9.186784744262695,-0.1992770880460739,-6.75365161895752,-2.3902833461761475,-6.5476603507995605,-3.0680947303771973,-9.410795211791992,-0.387573778629303,-5.263765811920166,2.640346050262451,-5.891701698303223,1.6567431688308716
5,-335.2681579589844,45.917724609375,12.302340507507324,9.699810981750488,17.030298233032227,23.389434814453125,-1.7071805000305176,-1.6874805688858032,-0.4697746336460113,3.492197036743164,-0.2982431054115295,4.239297389984131,-3.742581844329834,9.853636741638184,5.079198360443115,6.49088716506958,7.676031589508057,6.3065571784973145,-1.9316670894622805,3.956787109375,4.104682445526123,8.652742385864258,1.6366552114486694,7.972064971923828,1.5245989561080933,-0.6367378234863281,2.5114240646362305,5.493558406829834,-6.872128963470459,-0.3332925140857696,-3.698568820953369,-2.0379202365875244,-7.79092264175415,-2.279238700866699,-9.21395492553711,2.987110376358032,-4.235144138336182,2.5144243240356445,-5.328627586364746,2.4890143871307373
5,-330.96148681640625,44.625221252441406,13.290651321411133,11.079313278198242,15.672584533691406,23.00482749938965,-2.5507545471191406,-1.953050255775452,-0.3935549557209015,4.20958137512207,-0.3004701137542724,5.058727264404297,-3.624239444732666,10.787604331970217,5.274105072021484,6.283089637756348,5.783445358276367,5.03530740737915,-1.5736080408096311,4.081750869750977,3.727206707000733,8.720898628234863,0.797223687171936,7.448970317840576,1.028765320777893,-1.137454867362976,2.187120199203491,5.064678192138672,-7.467227458953857,-0.9910016655921936,-4.822619915008545,-2.484266996383667,-8.101580619812012,-3.212061882019043,-9.303473472595217,2.8523526191711426,-4.747028827667236,1.392338752746582,-6.397500991821289,2.1972146034240723
5,-328.8993530273437,44.77312850952149,11.749485969543455,11.897582054138184,14.939915657043455,23.342796325683597,-2.5086028575897217,-1.873809099197388,0.0464971922338008,5.018611907958984,-1.1335334777832031,4.757607936859131,-3.928442716598511,12.48927879333496,5.253585338592529,6.768022060394287,4.347909450531006,3.1745901107788086,-1.3053685426712036,4.413789749145508,2.948047161102295,7.601419448852539,-0.8283189535140991,6.565155982971191,0.3928008377552032,-1.1189744472503662,1.7488713264465332,4.668100833892822,-7.353280067443848,-1.001459717750549,-5.99559497833252,-3.3541929721832275,-8.528307914733887,-3.214606285095215,-9.889583587646484,1.7428747415542605,-5.483989238739014,1.0653069019317627,-6.57534646987915,1.758875846862793
5,-329.4391784667969,48.290863037109375,9.75730323791504,12.181129455566406,14.278402328491213,23.17488670349121,-2.5981128215789795,-1.9681638479232788,1.0304127931594849,6.040163993835449,-1.3256111145019531,4.581714630126953,-4.107441425323486,12.835013389587402,4.021667003631592,6.539533615112305,3.443099021911621,2.983602285385132,0.103748120367527,5.318850994110107,2.230685949325561,5.94431209564209,-1.9344630241394043,5.914808750152588,-0.2455930709838867,-0.8269269466400146,1.349194884300232,4.276993274688721,-7.196516036987305,-1.14373779296875,-6.277332305908203,-3.6959943771362314,-8.655790328979492,-2.6611013412475586,-10.704327583312988,1.3393871784210205,-5.565651893615723,1.2888259887695312,-6.36880350112915,2.192337989807129
5,-330.5089111328125,51.31468963623047,8.61588191986084,12.279703140258787,13.717246055603027,22.70594787597656,-2.837801933288574,-2.450106382369995,0.894887387752533,5.888051509857178,-0.7216269373893738,5.104167461395264,-3.070664167404175,12.62304401397705,4.121759414672852,5.678363800048828,2.702615261077881,3.802869558334351,0.6201599836349487,5.871078968048096,1.6884398460388184,4.839974880218506,-2.8940963745117188,5.043311595916748,-0.2097972780466079,-0.3412463366985321,1.797535061836243,4.549798965454102,-7.636425018310547,-2.0622777938842773,-7.444989204406738,-3.772730588912964,-8.57427978515625,-2.6288747787475586,-10.773378372192385,0.8406304121017456,-6.218129634857178,0.7895706295967102,-6.458228588104248,2.5518085956573486
5,-329.93798828125,52.63721084594727,8.300551414489746,12.52907371520996,13.453490257263184,22.00260162353516,-3.3652379512786865,-2.399137258529663,0.3859652578830719,4.986259937286377,-0.5285464525222778,4.607964992523193,-2.226133108139038,12.04328727722168,4.959048748016357,5.464827060699463,2.482960700988769,4.23405122756958,-0.2107941955327987,5.672184467315674,1.186478853225708,5.075252532958984,-2.4864213466644287,5.035436153411865,0.17872916162014,-1.1807072162628174,1.0760557651519775,4.9401068687438965,-7.615850925445557,-1.4487563371658323,-7.428298950195312,-3.6107778549194336,-8.370162010192871,-3.268735408782959,-10.575739860534668,0.3187516033649444,-6.637133598327637,0.8468577861785889,-7.097218990325928,1.8771718740463257
5,-329.60272216796875,53.19984436035156,7.436826705932617,12.939562797546388,13.19772243499756,20.80458641052246,-3.6451704502105713,-1.5348337888717651,0.6620877981185913,4.314068794250488,-0.4578674435615539,3.993504762649536,-2.5689892768859863,11.093368530273438,5.422850608825684,6.160030841827393,3.0687248706817627,4.729672431945801,-0.4496135413646698,5.23895263671875,0.7129865884780884,5.87732458114624,-1.5702106952667236,5.5152587890625,0.1731057465076446,-1.8445303440093996,0.2411207109689712,5.140279293060303,-8.0396146774292,-0.6302778720855713,-7.1319966316223145,-3.643184185028076,-8.478423118591309,-3.338490724563598,-9.95754051208496,0.1413672268390655,-6.380502223968506,1.155082941055298,-7.587556838989258,1.073952555656433
5,-331.2691955566406,54.68362808227539,6.686448574066162,12.718958854675291,12.523276329040527,20.33763885498047,-3.6473021507263184,-0.99412739276886,1.1389436721801758,4.459999561309815,-0.7930172681808472,3.9461183547973633,-2.8290910720825195,10.489294052124023,5.110175132751465,5.61623477935791,2.690441370010376,4.694769859313965,-0.7319548726081848,5.378904819488525,1.117801070213318,5.714723587036133,-1.7516320943832395,5.413442134857178,0.4189606010913849,-1.3865426778793335,0.4548036754131317,5.715950965881348,-8.090007781982422,-0.9667633771896362,-7.82122278213501,-3.642934560775757,-7.87952995300293,-3.0211167335510254,-9.42721939086914,-0.1354982405900955,-6.627182960510254,1.1339318752288818,-7.136998176574707,1.0752371549606323
5,-312.2610778808594,46.24127960205078,5.051646709442139,3.9997522830963135,10.77236270904541,24.34590148925781,-1.6902811527252195,-1.3779902458190918,-4.889209747314453,0.5757250189781189,-3.607988834381104,8.80379581451416,0.7432278990745544,10.676596641540527,-0.1838777512311935,-1.745417594909668,3.206661462783813,7.633866786956787,3.042891025543213,3.517276763916016,-1.4120159149169922,5.353260040283203,0.4687203168869018,9.849966049194336,3.809907913208008,-2.6500332355499268,-2.314446449279785,4.601056098937988,-7.828384876251221,1.4538670778274536,-8.01716423034668,-6.15671443939209,-8.518927574157715,-3.2528886795043945,-5.882229804992676,1.3734159469604492,-5.305820941925049,1.1979066133499146,-5.131817817687988,2.605003833770752
5,-311.8085327148437,45.06451034545898,6.8591790199279785,3.871189594268799,10.337641716003418,25.408466339111328,-2.1402575969696045,-1.6100229024887085,-5.080464839935303,0.7597973942756653,-4.2611823081970215,8.905410766601562,1.2167556285858154,11.360421180725098,0.0173847004771232,-1.5338332653045654,3.2416558265686035,7.646626949310303,3.376295566558838,3.658405542373657,-1.335094690322876,5.434700012207031,0.1544528156518936,9.638306617736816,3.574018239974976,-2.7286620140075684,-2.016940832138061,4.967930793762207,-8.085086822509766,1.0154227018356323,-8.22960376739502,-6.190010070800781,-8.14968490600586,-2.813727140426636,-5.526519775390625,1.4203954935073853,-5.458471775054932,0.6022202372550964,-5.9376606941223145,2.23888897895813
5,-310.7051086425781,45.11572647094727,6.977862358093262,4.118666648864746,10.287718772888184,25.485815048217773,-2.947502851486206,-2.165637731552124,-6.014325141906738,0.94094717502594,-4.013084411621094,9.78408908843994,1.1512150764465332,10.730757713317873,-0.9214121103286744,-1.6727573871612549,4.353460788726807,8.329889297485352,3.7854483127594,3.301223993301392,-2.107335567474365,5.188183784484863,0.5619084239006042,10.181626319885254,3.828615665435791,-2.6334357261657715,-2.182088613510132,5.31956672668457,-7.456101417541504,0.9689262509346008,-8.554816246032715,-6.737320423126221,-7.974953651428223,-2.3819375038146973,-4.675770282745361,1.3201885223388672,-4.859621047973633,0.8716801404953003,-5.6536478996276855,2.819588661193848
10,-94.81513214111328,77.52242279052734,-18.733606338500977,5.972033977508545,11.22580623626709,6.862028121948242,-4.512050151824951,8.361418724060059,2.8278090953826904,6.075598239898682,-9.733759880065918,-4.284599781036377,-3.9538238048553462,7.681559085845947,11.71127223968506,24.811500549316406,10.97020435333252,8.203136444091797,-1.8351314067840576,3.909970283508301,-6.383248329162598,8.297163009643555,-9.318085670471191,0.4161032438278198,-0.9297038316726683,4.542683124542236,-10.211669921875,6.035990238189697,13.564075469970703,6.128249168395996,-14.38437271118164,-0.3119266927242279,13.936936378479004,17.961912155151367,-6.525184154510498,3.980425119400024,4.383179187774658,-17.664573669433594,-20.346603393554688,14.19238567352295
10,-157.45785522460938,95.12023162841795,-26.068368911743164,8.250866889953613,3.156639575958252,13.627857208251951,2.971919059753418,18.14668846130371,3.432428359985352,17.69397735595703,-3.9730875492095943,-0.0866312161087989,-4.911620140075684,6.630948066711426,7.854310989379883,21.75254821777344,9.79261875152588,8.165651321411133,-4.231472969055176,1.520940899848938,-5.655959606170654,7.073326110839844,-3.7512364387512207,-1.538936972618103,-5.7557902336120605,2.4421286582946777,-9.42975616455078,-1.916216492652893,5.6061553955078125,9.452646255493164,-5.600107669830322,-7.713868141174316,-2.468158483505249,12.913780212402344,-0.8711881041526794,-2.497472286224365,2.689047336578369,-2.767275810241699,-23.15115165710449,-5.143795013427734
7,-296.8225402832031,117.1891098022461,-25.86166381835937,17.209157943725586,-14.435569763183594,5.9061455726623535,-1.975386619567871,9.548260688781738,-6.84245491027832,13.558670043945312,-16.0114803314209,4.85333776473999,-14.271519660949709,6.6711249351501465,-9.1281156539917,-4.062124729156494,0.4151384830474853,0.618392288684845,-6.504578113555908,-0.8161715865135193,-4.36521053314209,-10.643393516540527,-1.1937445402145386,-9.650869369506836,-7.049991607666016,-3.3537282943725586,-7.9119086265563965,-5.54184103012085,-7.353908538818359,-1.133347988128662,-5.821743488311768,-0.5217069983482361,-2.907369375228882,-1.104087233543396,-6.8725199699401855,1.4488277435302734,-6.331027984619141,0.7669064998626709,-3.1377944946289062,4.891228675842285
8,-137.28367614746094,92.0263671875,-0.1413478702306747,36.9631233215332,-5.083477973937988,14.852324485778809,1.8400208950042725,10.179935455322266,-2.9701552391052246,6.640889644622803,-5.106199264526367,13.41337776184082,2.455584526062012,10.823938369750977,-1.7916903495788574,7.405983924865723,0.2032963037490844,2.198704481124878,0.8029142022132874,4.288271903991699,-0.8418014645576477,0.92871356010437,-0.918682873249054,1.4675068855285645,-2.946962833404541,2.7710604667663574,-6.706256866455078,1.75112783908844,-5.077367305755615,-1.4126999378204346,-1.9510867595672607,2.974468946456909,-2.326122522354126,2.8583381175994877,-6.001771926879883,1.0226563215255735,-1.818480134010315,0.1051598414778709,-0.3553823232650757,1.6639875173568726
8,-132.6421356201172,102.37842559814452,0.5686458349227905,38.30201721191406,-7.950212478637695,13.835851669311523,-4.878771781921387,9.043416976928713,0.9364097714424132,12.966730117797852,1.32841157913208,11.402727127075195,0.1302491873502731,12.709765434265137,-0.6088697910308838,6.6774749755859375,-1.17130446434021,3.678945302963257,-1.9758235216140747,2.046321392059326,-2.686133623123169,0.7939493060112,-3.154230833053589,1.2937391996383667,-3.9853675365448,6.237119197845459,-5.105453968048096,1.410712480545044,-3.7661056518554688,-2.446760416030884,-3.7547104358673096,0.835430920124054,-2.1781530380249023,2.528453826904297,-3.248974561691284,-1.9054884910583496,-1.881091594696045,-3.08225154876709,-3.388361692428589,-0.548616886138916
8,-103.02407836914062,85.00806427001953,-2.853294610977173,40.51239013671875,-9.360328674316406,17.01812171936035,3.063974618911743,17.025474548339844,-2.310000419616699,8.80916690826416,-4.06241512298584,14.915653228759766,-1.6718051433563232,13.332154273986816,-3.882228374481201,4.137261390686035,-3.961620807647705,5.127219676971436,0.1233340352773666,9.749738693237305,-1.8501747846603396,3.943591594696045,0.4644554853439331,-1.377316117286682,-4.526916027069092,5.042593955993652,-9.226031303405762,-4.174990177154541,-5.173213005065918,-2.8947622776031494,-2.372169017791748,1.732851266860962,-2.4319870471954346,0.2104080021381378,-4.381332874298096,-1.637279033660889,-0.4348548054695129,-0.8935528993606567,0.5243749022483826,-0.05213413387537
8,-124.28255462646484,90.13939666748048,5.6941423416137695,45.17550659179688,-6.138462543487549,24.170534133911133,6.921781063079834,15.333112716674805,-4.3941569328308105,7.535075664520264,-7.825336933135986,10.25063133239746,-5.898937225341797,10.336942672729492,-7.648420333862305,1.218660831451416,-7.276176452636719,4.672675609588623,-0.9204332828521729,3.0871822834014893,-5.542159080505371,0.3932848870754242,-1.1006906032562256,-1.0570118427276611,-3.5228710174560547,5.620283126831055,-7.346795558929443,1.279997944831848,-1.2685496807098389,-1.13709557056427,0.8142849802970886,2.139427661895752,-2.645872116088867,1.4110187292099,-4.510860919952393,-1.7878544330596924,-0.5034556984901428,-0.1903594434261322,0.911874294281006,-1.5267232656478882
8,-158.88368225097656,90.1972885131836,-4.135138511657715,32.36698913574219,-8.884706497192383,13.484460830688477,1.4557721614837646,12.56459903717041,-0.9183925986289978,9.035911560058594,-0.2175683230161667,13.498884201049805,-2.934674024581909,13.61158275604248,-0.6265491843223572,4.289893627166748,-2.63102388381958,4.387422561645508,-2.599660634994507,5.765065670013428,-3.868643760681152,2.208979606628418,0.0263593196868896,-0.8189123272895813,-5.335576057434082,4.9174323081970215,-7.980254173278809,-0.1478926241397857,-4.131911754608154,-0.2275697737932205,-0.8722639679908752,2.2769806385040283,-2.090552806854248,0.8992562890052795,-4.3716349601745605,-0.254299521446228,-2.817325592041016,-0.1934701651334762,1.0148351192474363,0.4899612069129944
8,-129.5732421875,85.98580932617188,-3.1458280086517334,35.03867721557617,-13.033833503723145,12.552278518676758,2.835163116455078,14.168704986572266,-3.318592071533203,9.352194786071776,-3.097139596939087,10.495746612548828,-3.451132774353028,11.638306617736816,-2.5147933959960938,4.6619133949279785,-3.4171276092529297,5.2115478515625,1.943083643913269,6.51790189743042,-1.7451379299163818,3.863512277603149,1.144014596939087,1.7012020349502563,-2.9497406482696533,4.502994537353516,-8.812251091003418,-3.293531656265259,-2.459257841110229,-0.3369197249412536,0.4894134998321533,6.350650310516357,-1.999938488006592,1.6395816802978516,-5.163477420806885,0.4034473896026611,-0.4013015925884247,1.0970360040664673,1.1567293405532837,-1.3703585863113403
7,-297.6118469238281,181.66622924804688,-23.584436416625977,-35.00596618652344,-16.982572555541992,1.7971503734588623,-12.832077026367188,-8.789305686950684,-1.1077221632003784,-0.1367464810609817,-7.7525634765625,-5.692076206207275,-3.5670166015625,0.2271520048379898,0.49639892578125,7.539305210113525,8.336681365966797,9.668377876281738,6.159665107727051,1.7671210765838623,0.3363083600997925,4.321535110473633,-1.531772255897522,1.399725317955017,-1.4444231986999512,3.245197296142578,2.0722615718841557,-0.263232558965683,-3.489003896713257,-3.6869797706604,2.989935398101806,9.117822647094728,4.684341907501221,3.627784967422485,0.5126737952232361,-1.2075217962265017,-3.4687271118164062,-1.5579452514648438,-3.36785101890564,0.2517773509025574
7,-267.1598205566406,166.78282165527344,-22.919334411621094,-56.06305313110352,-25.3348445892334,-1.3889826536178589,-16.552108764648438,-4.789350509643555,-7.346463680267334,-13.680865287780762,-12.347268104553224,-10.261422157287598,-0.9589519500732422,0.2998911440372467,-4.553151607513428,6.013321399688721,10.718504905700684,11.216655731201172,7.52750825881958,6.925249099731445,0.6226533055305481,-0.1252402812242508,-1.6606074571609497,7.084501266479492,-0.8243137001991272,-3.486825704574585,-6.039918899536133,1.4804368019104004,1.908359408378601,4.714094161987305,5.879125595092773,10.948368072509766,7.7127861976623535,4.241133213043213,2.275289297103882,3.5734901428222656,-1.265440583229065,1.2599130868911743,1.758227825164795,3.310242891311645
7,-334.3819580078125,179.07762145996094,-14.42105484008789,-44.36934280395508,-15.68148136138916,3.8144261837005615,-23.754322052001957,-14.00559139251709,-8.355596542358398,-8.292561531066895,-13.742039680480955,-11.736288070678713,-6.016990184783936,-4.370627403259277,-4.684226036071777,6.642374038696289,7.560225963592529,7.622945308685303,0.8171411752700806,0.3594628870487213,-1.5699366331100464,3.7450413703918457,1.0189441442489624,3.1199049949646,-1.5289071798324585,-0.3403030931949615,2.75286865234375,2.146140813827514,2.7892508506774902,3.352592945098877,4.021235942840576,10.274639129638672,4.6563920974731445,3.3117659091949463,3.7524735927581783,3.157554626464844,0.6825145483016968,0.9757513403892516,4.402464389801025,2.5730440616607666
7,-301.1028747558594,179.87733459472656,-23.816295623779297,-45.7635383605957,-20.31789779663086,4.800680160522461,-20.76559066772461,-8.60246467590332,-5.244903564453125,-7.588696479797363,-13.856179237365724,-17.106952667236328,-4.12923526763916,0.3804254233837127,-8.969799995422363,3.5449047088623047,11.54267120361328,12.712495803833008,7.495418548583984,7.001034736633301,2.4977755546569824,1.8202320337295528,-3.185945749282837,6.172098636627197,2.70456862449646,2.58801531791687,-3.590372323989868,-2.004286527633667,-3.0518245697021484,3.484046220779419,1.062902331352234,12.528922080993652,11.253458976745604,5.556626319885254,1.887685179710388,2.714726448059082,-0.1535704880952835,4.1254401206970215,0.7401207685470581,-0.6149793863296509
10,-359.30377197265625,144.01095581054688,-22.02302360534668,-12.14077854156494,-12.731097221374512,5.541375637054443,-5.299818992614746,3.127963066101074,-11.727494239807127,-6.362417697906494,-4.008708953857422,-5.3898515701293945,-1.8126225471496584,1.6030019521713257,-6.063553333282471,2.8868601322174072,-12.537946701049805,-1.1492398977279663,-5.8720808029174805,-3.2983956336975098,-5.602763652801514,-3.426045656204224,-3.4532620906829834,-2.1824183464050293,-9.143672943115234,-2.48042893409729,-9.275710105895996,-1.8418571949005127,-5.883390426635742,-1.918480634689331,-6.0490498542785645,-1.8201924562454224,-3.0567727088928223,-3.1761937141418457,-6.405957221984863,-0.2765222489833832,-5.533750534057617,-0.7251951694488525,-5.157464027404785,-1.3874434232711792
10,-361.4970703125,146.00538635253906,-20.64104652404785,-15.133978843688965,-3.827951908111572,5.211861610412598,-3.0380964279174805,0.6644842028617859,-13.80626392364502,-6.351386547088623,-11.217461585998535,-1.780880093574524,-3.006516218185425,2.4100284576416016,-4.227400302886963,-0.4190145134925842,-7.955514907836914,-2.119290828704834,-6.513042449951172,-2.670659303665161,-5.630997180938721,-0.5338212847709656,-5.427801132202148,-1.3045084476470947,-8.162569999694824,-5.703927993774414,-8.929892539978027,-1.970513939857483,-5.364014148712158,-2.056978225708008,-6.545516014099121,-0.6573300361633301,-5.525994300842285,-1.4921042919158936,-5.820242881774902,0.0279410537332296,-3.5814015865325928,0.8983825445175171,-3.3452348709106445,-1.8105545043945312
9,-250.3230438232422,132.5580596923828,-49.50362014770508,5.2023797035217285,-24.839841842651367,0.2010246366262436,-14.376442909240724,-1.4546222686767578,-8.489297866821289,-4.240185260772705,-10.42675495147705,-4.44303035736084,-3.9557838439941406,-5.773011207580566,-13.281455039978027,-7.153285026550293,-8.92313003540039,-4.979981899261475,-10.57158088684082,-4.403892993927002,-5.746485233306885,-6.929805755615234,-6.2771100997924805,-2.168565273284912,-5.638179779052734,-3.914997577667236,-6.418380260467529,-1.7637301683425903,-5.709763526916504,-1.7922418117523191,-3.4980456829071045,-2.519953966140747,-3.1378564834594727,0.0863748714327812,-4.863815307617188,-0.9038020372390748,-1.6216864585876465,-0.1850908994674682,-2.220732450485229,-0.6221888065338135
9,-233.21229553222656,122.24608612060548,-49.62861633300781,3.473937511444092,-31.3122615814209,6.235721111297607,-18.626033782958984,1.0273878574371338,-14.898913383483888,-5.981875896453857,-3.886118173599243,-9.31031894683838,-2.4528536796569824,-7.739301204681396,-10.126827239990234,-1.956017255783081,-9.008119583129885,-5.381369113922119,-11.505155563354492,-3.844460248947144,-6.710238456726074,-4.602344036102295,-6.513306140899658,-4.994455814361572,-5.910277843475342,-2.4661450386047363,-5.7759504318237305,-5.1451802253723145,-2.951969146728516,-1.549805760383606,-4.325564384460449,-1.6642820835113523,-4.056411266326904,-1.103532075881958,-4.516530513763428,-1.0231157541275024,-2.122431516647339,-0.6843491792678833,-3.197739839553833,-0.1824701875448227
8,-177.67088317871094,123.17328643798828,-55.76879119873047,1.7807631492614746,-25.063419342041016,-0.9887409806251526,-20.96063804626465,-2.773439884185791,-12.834365844726562,0.8744515180587769,-7.974752902984619,-6.940876007080078,-7.862171173095703,-1.2981241941452026,-6.586613178253174,-5.099977970123291,-8.862527847290039,-3.673249959945679,-3.5847902297973637,-2.2204906940460205,-8.505488395690918,-1.9341979026794436,-4.970317363739014,-2.955430507659912,-7.220087051391602,-2.7599751949310303,-5.807679653167725,-1.1428053379058838,-4.501333713531494,-2.1157021522521973,-6.605673313140869,-1.8256949186325075,-6.713652610778809,-0.7732896208763123,-3.4547014236450195,0.9009354114532472,-3.1434805393218994,0.8333255648612976,-3.667361259460449,-0.1775513291358947
8,-188.46676635742188,115.2923583984375,-58.46701049804688,1.1946678161621094,-23.373706817626957,1.216125726699829,-14.422016143798828,2.222113132476806,-12.072038650512695,0.6574582457542419,-12.18492603302002,-3.105938673019409,-7.857599258422852,-3.4126884937286377,-5.12425422668457,-2.797435522079468,-7.877645015716553,-5.056567668914795,-6.2652130126953125,-1.8780364990234373,-7.083566665649414,-2.245703220367432,-6.151540756225586,-3.211124420166016,-4.4738593101501465,-1.7834941148757937,-6.152110576629639,-1.1943261623382568,-3.054025650024414,-0.6589343547821045,-6.914366722106934,-0.5709322094917297,-4.038261890411377,-1.014134168624878,-4.119195938110352,0.5988178253173828,-2.4209184646606445,-0.6501486301422119,-3.904233694076538,-0.8876462578773499
10,-283.6001892089844,176.21755981445312,-29.75885963439941,-22.23842430114746,-33.32734680175781,7.213405609130859,31.86299133300781,42.86884689331055,1.6228092908859253,-5.174069881439209,-11.277860641479492,-1.3479572534561155,-6.926560878753662,-3.2402684688568115,-2.01133394241333,-7.617851257324219,-3.2729299068450928,7.343666553497314,8.008030891418457,-3.3980867862701416,-13.08647632598877,-9.91418170928955,-4.468021869659424,4.890743732452393,-0.6127634644508362,-6.327456951141357,-1.2069323062896729,2.2852158546447754,1.571715235710144,-1.4749910831451416,-8.862812042236328,-10.86777687072754,-3.114094018936157,3.822878360748291,2.8824753761291504,-1.3754924535751345,-6.26625394821167,3.143396377563477,-3.364107608795166,-5.925690174102783
8,-132.32041931152344,29.663122177124023,-1.2082252502441406,27.267202377319336,-12.809319496154783,-17.822771072387695,10.687087059020996,5.85632848739624,-19.278703689575195,20.09831047058105,-18.222145080566406,1.034909725189209,-9.732169151306152,-3.2207539081573486,-6.326783657073975,6.529439926147461,2.4979982376098637,7.026397705078125,1.0648748874664309,2.4968223571777344,-11.877652168273926,-7.274978637695312,-8.18686580657959,3.77713680267334,-9.811567306518556,2.7500884532928467,-15.832451820373535,-3.5682294368743896,-1.2944587469100952,-6.631521224975586,-6.02462911605835,-4.19029426574707,3.3394596576690674,1.1146783828735352,-2.5136852264404297,-1.895372986793518,-2.9840688705444336,5.194218158721924,-14.05492877960205,-0.8611736297607422
5,-96.19599151611328,91.03914642333984,-46.33864974975586,-9.891213417053224,-34.373504638671875,-17.297178268432617,-12.692633628845217,-1.4440139532089231,-22.284927368164062,-3.570521593093872,-15.624960899353027,1.5550053119659424,-10.38259506225586,2.823979139328003,1.432483792304993,5.46461296081543,2.8682966232299805,7.055685520172119,10.327150344848633,13.864429473876951,-0.3063099086284637,-6.2545318603515625,-3.693173408508301,6.818558216094971,4.767919063568115,-2.0612053871154785,-4.1655097007751465,11.31021785736084,11.618452072143556,0.1764677613973617,-10.65780544281006,-0.3349394500255584,7.038509845733643,12.352078437805176,0.7893092632293701,0.5500938892364502,0.8578230142593384,-1.7676337957382202,-4.88169002532959,11.174692153930664
5,-94.04657745361328,73.818603515625,-64.61478424072266,-8.51573371887207,-27.39173126220703,-11.173994064331056,-27.96061897277832,-4.497422695159912,-13.415287971496582,3.268479824066162,-6.218614101409912,9.406817436218262,-15.931660652160645,-7.625478267669678,-11.291592597961426,1.707865834236145,1.0645899772644043,9.964591979980469,-3.0500597953796387,-4.393643379211426,4.334094047546387,7.449197769165039,-3.627924680709839,-0.4269203245639801,3.9816277027130127,1.2649884223937988,-10.79849910736084,4.812951564788818,0.6467992067337036,-12.688615798950195,-14.209534645080566,19.600683212280277,19.195390701293945,-0.9240460395812988,-11.697209358215332,-5.840437889099121,-1.5179930925369265,5.170198440551758,-15.233224868774414,-9.755505561828612
5,-104.61518096923828,92.28717803955078,-56.63848114013672,-16.003829956054688,-40.66230392456055,-18.74885368347168,-20.905668258666992,-9.39652156829834,-29.224708557128903,-11.05264663696289,-21.508907318115234,-0.7692498564720154,-12.968017578125,1.6380112171173096,3.4663314819335938,5.826253414154053,-1.2684208154678345,7.10297966003418,4.15245532989502,5.6273627281188965,-2.049248456954956,-3.953052759170532,-7.430273532867432,4.777158260345459,6.367399215698242,-1.9753631353378296,-9.014120101928713,10.438920021057127,11.883394241333008,-0.8584082722663879,-17.25728416442871,-4.593025207519531,7.2592692375183105,12.109065055847168,-5.313767433166504,-2.314272880554199,0.1270151883363723,-4.55472993850708,-8.889938354492188,9.5470552444458
5,-297.2148742675781,105.52104949951172,12.054055213928224,41.54863739013672,7.199900150299072,14.455438613891602,21.40252685546875,29.428133010864254,15.234813690185549,15.288514137268066,1.7450953722000122,12.135672569274902,3.757990598678589,4.7873382568359375,3.1762683391571045,0.4318162798881531,0.5592952370643616,4.26905632019043,2.360107421875,6.324166774749756,4.00123929977417,3.871824026107788,-1.0461595058441162,-1.865361332893372,-1.3367120027542114,4.478770732879639,4.870933532714844,6.096165180206299,1.055359959602356,1.8583340644836424,-2.5567190647125244,-2.5551795959472656,-0.5009341835975647,4.089103221893311,1.6387790441513062,2.826734066009521,2.242682456970215,2.3092119693756104,1.2087496519088743,4.733614921569824
5,-333.58306884765625,110.35313415527344,13.747549057006836,44.63427734375,9.84632682800293,18.75504493713379,23.32571792602539,29.59103202819824,13.628491401672363,20.46285057067871,6.07531213760376,13.707175254821776,8.441108703613281,8.901269912719727,5.708785057067871,3.0217199325561523,0.4150964617729187,3.5951006412506104,0.8657308220863342,6.391003608703613,0.4140346944332123,5.637753963470459,0.986047089099884,4.082533836364746,0.5006625056266785,5.805697917938232,4.917417526245117,7.507899284362793,1.7387020587921145,1.9055428504943848,-3.233780860900879,-0.5575817227363586,1.3798483610153198,4.866445064544678,0.6125596165657043,4.263466835021973,0.3929325938224792,0.4274812340736389,-3.6089346408844,2.6904468536376958
5,-337.60693359375,109.37165832519533,16.473817825317383,40.429969787597656,9.89895248413086,15.129371643066406,24.40011405944824,28.45329475402832,13.124661445617676,16.41213607788086,9.372087478637695,12.191696166992188,10.997329711914062,6.9064459800720215,9.454352378845217,6.373899936676025,3.0148632526397705,2.95293402671814,2.3724589347839355,3.754167318344116,3.615603923797608,3.535827875137329,0.6852508187294006,1.278071641921997,0.5761610269546509,5.6277995109558105,7.390395164489746,7.3565263748168945,2.109567642211914,0.2621180415153503,-0.2716865241527557,-2.498884677886963,1.6864595413208008,2.866555690765381,0.3543124794960022,1.7180070877075195,1.8891489505767824,-0.7990692257881165,-0.5822082757949829,4.065351963043213
5,-336.2951965332031,108.11504364013672,18.417707443237305,43.03011703491211,8.477758407592773,14.820040702819824,25.75391960144043,29.117839813232425,14.952723503112791,15.024621963500977,7.509120464324951,12.987662315368652,9.694361686706545,6.423182964324951,7.58383321762085,3.681178569793701,2.3560032844543457,1.3548870086669922,2.13560152053833,6.184474468231201,4.958795070648193,4.904299259185791,0.8053527474403381,0.8244689702987671,0.4477019011974334,5.960582256317139,6.154732704162598,7.535266876220703,3.209749460220337,1.3598207235336304,-0.4372934401035309,-1.954998254776001,0.7645823359489441,3.792797088623047,0.990550696849823,1.523183822631836,1.3828256130218506,-0.5856284499168396,-0.5654169917106628,2.40592622756958
5,-368.296630859375,106.95317840576172,19.14813232421875,43.01017761230469,5.565509796142578,14.252450942993164,24.91560935974121,29.390249252319336,12.939499855041504,14.549686431884766,3.1137163639068604,13.383312225341797,9.520316123962402,7.199036598205566,5.840950965881348,5.405405521392822,1.6793922185897827,2.469846487045288,-0.2089966386556625,5.214881896972656,3.099792718887329,4.931579113006592,-0.8322310447692871,1.8233404159545896,-0.9551326036453248,5.358614444732666,6.743223190307617,10.03290843963623,4.944040298461914,3.588285446166992,-2.021451473236084,-2.176517963409424,-0.3330015242099762,3.3026602268218994,1.3084495067596436,3.477487802505493,0.6669719815254211,-0.5462466478347778,-1.7174664735794067,3.666526079177856
5,-368.5042724609375,107.32111358642578,19.745548248291016,42.12648010253906,5.49006986618042,15.125533103942873,24.980056762695312,28.003557205200195,13.252524375915527,14.227309226989746,1.8519957065582275,12.894946098327637,9.0576753616333,6.649611473083496,5.337648391723633,3.8236494064331055,0.8956975936889648,1.8851064443588257,-0.1608575284481048,5.824865818023682,3.2988743782043457,4.979448795318604,-0.6102371215820312,1.4111465215682983,-1.154454469680786,5.144330024719238,7.099590301513672,9.660475730895996,5.43488073348999,3.917996644973755,-2.5744755268096924,-2.1233301162719727,-0.6244595646858215,3.103187799453736,2.1682469844818115,4.285128116607666,0.8570762276649475,-0.4290151298046112,-1.0509499311447144,3.970914363861084
5,-365.2448425292969,107.76364135742188,19.99920463562012,41.30854034423828,5.311604022979736,15.478385925292969,26.24689483642578,27.863473892211918,13.74083423614502,13.818133354187012,2.103745460510254,13.66610050201416,9.388806343078612,5.850594997406006,6.130589008331299,3.3398444652557373,0.9257941246032716,1.7047075033187866,0.3498610258102417,5.898876667022705,3.10685396194458,5.146185874938965,-0.1649131178855896,0.7346054911613464,-1.0914278030395508,4.644741535186768,7.773788928985596,9.673948287963867,6.144423961639404,3.363227367401123,-3.1890206336975098,-2.599886417388916,-0.905009388923645,3.387026071548462,2.5347554683685303,3.3217532634735107,0.5187972784042358,-1.1901710033416748,-1.260140299797058,3.618832588195801
5,-363.48876953125,107.8419189453125,20.50937843322754,41.92464065551758,4.721446990966797,14.749658584594728,26.05751609802246,28.538414001464844,13.801431655883787,13.686822891235352,2.2437329292297363,14.303954124450684,9.702962875366213,6.286096096038818,6.234148979187012,4.205980777740479,1.1645232439041138,1.923635721206665,0.5063095092773438,6.092405319213867,3.2048685550689697,5.022596836090088,-0.7394968867301941,0.1829182356595993,-1.3355015516281128,5.029043197631836,7.658257484436035,9.854618072509766,5.586865425109863,2.5645551681518555,-3.5361487865448,-2.8014354705810547,-0.2092073261737823,4.720582485198975,2.61919379234314,2.704378128051758,0.2104721516370773,-1.7181756496429443,-1.7414988279342651,3.725863933563232
9,-212.3129119873047,17.561033248901367,-36.51407623291016,26.593048095703125,-4.821235179901123,10.632241249084473,-1.892871141433716,15.97347927093506,-2.674276828765869,0.7834532856941223,-3.283944845199585,5.308304786682129,-3.397627353668213,-6.361106395721436,-9.402512550354004,9.500426292419434,28.83311653137207,45.49707412719727,33.46311950683594,12.598187446594238,-17.42961883544922,-16.733217239379883,3.5640203952789307,20.67789459228516,-0.1755670458078384,-12.665230751037598,-15.818893432617188,15.107394218444824,17.749141693115234,-6.979108810424805,-19.228883743286133,11.191110610961914,32.37537384033203,19.6572322845459,0.5127450227737427,13.027634620666504,11.704497337341309,-6.635758399963379,-13.68870449066162,8.817007064819336
9,-164.430419921875,0.9465093612670898,-45.40014266967773,19.354740142822266,-7.663724899291992,7.425266742706299,-6.496160984039307,19.0579776763916,-7.594018459320068,-1.3209168910980225,-6.364908218383789,6.505055904388428,-5.056371212005615,-4.339751243591309,-10.223247528076172,16.510974884033203,32.391746520996094,47.26611328125,31.785987854003903,8.644247055053711,-20.68274688720703,-12.216821670532228,4.842119216918945,19.71371078491211,-4.266063690185547,-12.68772315979004,-14.236183166503906,18.268035888671875,10.438111305236816,-12.097002029418944,-15.804277420043944,19.566791534423828,32.690338134765625,15.905595779418944,2.772271156311035,13.26051902770996,4.844181060791016,-10.250764846801758,-13.56232452392578,18.18832015991211
9,-191.35362243652344,7.1201701164245605,-38.71387100219727,25.429468154907227,-5.061486721038818,9.32299518585205,-5.178210735321045,19.54566764831543,-4.053060531616211,0.0104747172445058,-5.379356384277344,8.076253890991211,-4.743356704711914,-5.044614315032959,-10.86216926574707,16.064104080200195,31.92922019958496,46.44857025146485,31.53365898132324,6.447466373443604,-21.96025657653809,-15.626748085021973,8.653243064880371,19.743635177612305,-3.178856372833252,-16.51791763305664,-15.079941749572754,17.530582427978516,15.187277793884276,-13.62506103515625,-18.00094985961914,18.33717155456543,32.79038619995117,17.00948715209961,3.2944674491882324,14.873279571533203,7.983475685119629,-10.748250007629396,-14.324925422668455,18.010601043701172
10,-208.7470550537109,36.51164627075195,-5.485558032989502,69.9527359008789,-23.07609367370605,7.304681777954102,-10.388839721679688,11.37611484527588,-14.713286399841309,6.027166843414307,-6.453220844268799,-5.8797383308410645,-0.25169637799263,-2.1235392093658447,-3.9537546634674072,-2.83395791053772,-6.085529804229736,-8.824115753173828,-9.930190086364746,-7.718609809875488,-2.2563629150390625,1.374761939048767,-5.281615257263184,-0.3460589349269867,-2.983872175216675,5.427772045135498,3.2874350547790527,1.5487178564071655,-4.755438804626465,2.975405216217041,-5.363415241241455,-3.8301634788513184,-1.7433719635009766,-0.3411251902580261,-11.723061561584473,-2.710915327072144,-1.6170177459716797,0.3082345724105835,-9.12049388885498,0.1044270321726799
10,-312.8990173339844,96.5396728515625,10.94700050354004,46.27446365356445,-12.55957317352295,10.888472557067873,-0.9168256521224976,0.1027229651808738,-3.843681812286377,-1.9060291051864624,-4.438068866729736,2.909966468811035,-0.1275007724761963,4.807695388793945,-2.8750689029693604,1.382120966911316,-7.841404438018799,-0.0925792306661605,-5.757641792297363,-2.597691059112549,-8.375533103942871,-0.5983140468597412,-7.243305683135986,-0.7672188878059387,-5.9451584815979,0.8054237365722656,-2.421607255935669,-0.2947534620761871,-5.066634654998779,0.2553069293498993,-5.679969787597656,-0.2879873812198639,-3.742728710174561,1.5451425313949585,-4.857675075531006,0.1042229831218719,-4.2773308753967285,-1.116793155670166,-2.507991075515747,1.8392102718353271
10,-206.5260009765625,12.426434516906738,-15.10415744781494,82.94139099121094,-35.53669357299805,-7.834491729736328,5.315516948699951,8.594462394714355,-9.132782936096191,-0.5529050230979919,-0.6776673793792725,2.7238118648529053,0.1769014745950698,2.909492492675781,-1.9425995349884035,-1.898661494255066,-6.161416530609131,2.1732192039489746,-5.847133159637451,-3.4149954319000244,-7.138278484344482,-0.7339304089546204,-3.793548822402954,0.5650164484977722,-5.514683723449707,0.1793476790189743,-5.09682559967041,-1.0675848722457886,-2.144399642944336,-0.5444972515106201,-5.2527594566345215,0.0030366221908479,-3.328139543533325,2.435117721557617,-5.215921401977539,0.0753702968358993,-4.809526443481445,-2.898749828338623,-4.225742816925049,2.346252679824829
10,-182.7225646972656,-6.242425918579102,-23.003177642822266,84.81497192382812,-27.483491897583008,1.1391291618347168,1.6304888725280762,10.919570922851562,-7.475180625915527,7.219174385070801,-0.3636636435985565,-3.727790355682373,-2.851067066192627,-0.249342069029808,-3.839199304580689,0.3845897018909454,-8.660347938537598,2.122710704803467,-4.724019527435303,5.142136096954346,-7.001063823699951,2.3324224948883057,-5.8043413162231445,-1.859039545059204,-3.0945041179656982,0.4766893982887268,-2.212707281112671,0.6989744901657104,-2.704251766204834,-0.2186410576105117,-5.080555438995361,2.0085880756378174,-1.237455129623413,3.095249652862549,-5.306906700134277,0.3566113710403442,-3.84018874168396,-1.97206711769104,-0.3429654836654663,0.8067222237586975
10,-112.08871459960938,0.6605031490325928,-85.83462524414062,2.6554579734802246,-14.568559646606444,-2.356523275375366,7.749021053314209,-3.372387647628784,-6.513589382171631,19.83104515075684,-2.0308234691619877,3.905508995056152,-4.654855251312256,4.54637336730957,-9.884161949157717,13.954705238342283,4.525853157043457,8.13601303100586,5.343667507171631,6.4290690422058105,4.994714260101318,3.2826952934265137,5.228185653686523,7.533243179321289,-0.786349356174469,3.4459407329559326,-0.994971513748169,-0.0479061268270015,0.2936632633209228,8.788514137268066,-3.5363166332244877,-1.4166090488433838,-4.1938652992248535,4.777596950531006,-4.667459964752197,3.525865077972412,-1.1392149925231934,-0.0320182815194129,-1.3423246145248413,4.037566661834717
10,-110.3284912109375,7.182733058929443,-88.61524963378906,-1.4963555335998535,-15.387931823730469,-8.324516296386719,6.55888557434082,0.0759677216410636,-4.800948619842529,19.01074981689453,-4.135862827301025,5.697851657867432,-6.836825847625732,3.433659553527832,-5.878794193267822,13.865092277526855,0.2043745517730713,11.96714210510254,3.305506706237793,4.928986072540283,4.374600887298584,5.958095550537109,0.0024649908300489,4.280517101287842,-1.2486674785614014,4.692144870758057,-0.3735591173171997,3.4814670085906982,-0.2646002769470215,5.2102484703063965,-6.631660461425781,1.2050279378890991,-0.0971258655190467,3.199366331100464,-3.086222887039185,2.403724193572998,-1.6736700534820557,-0.058207843452692,-1.5322526693344116,1.2317225933074951
9,-248.1284637451172,136.8114776611328,-4.038434505462647,19.3845157623291,9.253579139709473,2.8752474784851074,-2.000140428543091,8.840677261352539,-0.9374778866767884,7.735830783843994,-11.969722747802734,-3.7640209197998047,-8.379672050476074,2.817359685897827,6.561232089996338,16.76262664794922,1.2835813760757446,1.095016598701477,-11.307146072387695,-4.375176906585693,-11.929954528808594,-8.128440856933594,-10.106450080871582,-3.0831923484802246,-5.859744071960449,-3.040857315063477,-0.7003090977668762,8.806690216064453,4.254121780395508,-6.752754211425781,-13.580648422241213,10.070846557617188,4.303339958190918,-2.4136147499084477,-7.717442512512207,-0.5943784117698669,-20.094921112060547,-19.98094749450684,6.964645385742188,18.336124420166016
10,-268.9082946777344,94.517578125,-76.23088836669922,48.60984420776367,-25.778947830200195,24.32300567626953,9.537109375,15.391042709350586,5.012299060821533,12.57758331298828,-6.546308994293213,7.317052364349365,5.719130992889404,-0.9876311421394348,-4.126087188720703,-6.853346824645996,-7.200755596160889,6.068753242492676,-4.82450008392334,3.326921939849853,-2.886881828308105,5.517501354217529,1.3819807767868042,6.930900573730469,-0.8453028798103333,1.4112374782562256,-1.026723027229309,1.95832633972168,-6.219141006469727,0.0524874106049537,-2.131337404251098,2.531287431716919,-6.47219181060791,-0.3196991384029388,-4.292623043060303,-4.7279953956604,-4.724755764007568,0.561805009841919,-9.093344688415527,-7.082019329071045
10,-251.5045166015625,93.58130645751952,-79.18257141113281,46.168087005615234,-18.60292625427246,20.02882194519043,13.077608108520508,17.91006088256836,3.818943977355957,13.690037727355955,-2.7459659576416016,9.78537940979004,4.281315803527832,-4.236856460571289,-4.377048969268799,-0.146951749920845,-5.316693305969238,4.783914089202881,-3.0205793380737305,8.579509735107422,-0.247391402721405,5.160538196563721,-3.43965220451355,1.467583417892456,-1.8301310539245603,0.0383237265050411,-2.2212188243865967,0.5343203544616699,-2.335265874862671,0.928376853466034,-6.779682636260986,0.6132745146751404,-3.564631223678589,0.2687605619430542,-5.6942901611328125,-1.196243405342102,-2.7258756160736084,1.430195689201355,-1.9441841840744016,-0.446890115737915
10,-234.86605834960935,93.14354705810548,-90.88549041748048,42.32735824584961,-22.54012680053711,16.0781192779541,11.240567207336426,16.288354873657227,6.041718482971191,20.0506591796875,5.598653793334961,16.057987213134766,6.234429836273193,-6.62063455581665,-6.463802814483643,2.4257266521453857,-1.1269391775131226,5.232417583465576,-6.97098970413208,6.938911437988281,1.109268307685852,4.706234455108643,-5.758682727813721,-0.6827266216278076,-4.643947124481201,-2.3478879928588867,-3.5209481716156006,0.3013853132724762,-3.196502447128296,0.5883206725120544,-6.77662467956543,0.4246090650558471,-0.5943906307220459,2.97855806350708,-5.095296859741211,0.7391530275344849,-0.1514252871274948,2.0568809509277344,-1.2454164028167725,0.8822782635688782
10,-224.6191253662109,98.68895721435548,-96.26044464111328,39.776981353759766,-27.62534713745117,13.056245803833008,11.37861156463623,15.585090637207031,8.427206993103027,20.65743827819824,5.7386794090271,16.531633377075195,10.485098838806152,-2.566346406936645,-3.3517093658447266,0.4527056515216827,-3.4593939781188965,2.677114725112915,-9.23310089111328,5.555346012115479,0.7853584289550781,5.790582180023193,-4.406109809875488,-0.9437028169631958,-2.445803165435791,0.7157208323478699,-2.736158847808838,0.24603271484375,-5.355807304382324,-3.090408563613892,-6.037140369415283,2.718109607696533,-1.6951767206192017,2.061785221099853,-2.767770767211914,2.568471908569336,0.4519239962100982,-0.9809722304344176,-3.6109344959259033,2.051926374435425
10,-205.24002075195312,99.84367370605467,-108.82005310058594,31.61932182312012,-31.76130104064941,11.409096717834473,14.104698181152344,19.107574462890625,12.429670333862305,19.805099487304688,0.4829420745372772,16.525772094726562,16.158517837524414,4.413389682769775,4.629297733306885,-2.401716709136963,-7.810688018798828,2.4857003688812256,-4.006138324737549,8.873061180114746,-0.1349269896745681,5.534755229949951,-0.1303628087043762,1.0125890970230105,1.2176790237426758,3.549379825592041,-2.253660202026367,-2.1113412380218506,-6.203902721405029,-3.066420078277588,-5.990190029144287,1.3733501434326172,-1.6723964214324951,1.616059184074402,-0.9062092304229736,3.6175382137298575,2.5241384506225586,0.1100911945104599,-3.735612630844116,0.9878174662590028
10,-220.7462921142578,101.71138763427734,-94.38277435302734,35.91727828979492,-31.92644691467285,4.043321132659912,15.434649467468262,30.148155212402344,20.729108810424805,22.95998764038086,1.457679033279419,14.077563285827637,13.009689331054688,3.732678651809693,8.846137046813965,6.471766471862793,-0.5293267965316772,7.724920749664307,0.9281724095344543,14.169024467468262,2.326737880706787,2.9839601516723637,-2.4726970195770264,-0.8009049892425537,0.3111373484134674,1.7509835958480835,-2.058512926101685,2.19950795173645,-0.4389342963695526,1.6891487836837769,-3.870276927947998,0.5695096850395203,-0.2264088988304138,2.323550224304199,-1.0812101364135742,3.474910259246826,0.8377377986907959,0.0128267100080847,1.3327255249023438,4.235107898712158
10,-237.7155914306641,105.31892395019533,-82.30659484863281,38.78105926513672,-26.785158157348636,4.927325248718262,13.42276668548584,26.86897087097168,19.911849975585938,22.885202407836918,1.3324763774871826,11.027708053588867,11.739875793457031,4.860967636108398,5.373144626617432,6.783833026885986,2.0556209087371826,5.7471466064453125,-4.851508140563965,8.589456558227539,-0.0802180096507072,5.098225593566895,0.3828660249710083,-0.4018510282039642,-0.8048783540725708,0.2657347619533539,-3.995664119720459,0.3027742505073547,-2.244732618331909,-0.8787332773208618,-4.670773506164551,2.680428981781006,0.0601464658975601,1.8349807262420652,-1.7542283535003662,1.0395350456237793,-0.2173430621623993,0.4319110512733459,0.700203537940979,4.951330661773682
7,-504.9971618652344,123.60855865478516,1.4546340703964231,-30.588008880615234,-35.764892578125,-12.60386562347412,-21.05274200439453,-20.874252319335938,-14.488526344299316,-15.602001190185549,-10.994245529174805,-10.857013702392578,-7.95386791229248,-11.812226295471191,-8.592893600463867,-0.3417482674121856,1.226066827774048,5.2107038497924805,2.383711814880371,-1.6340476274490356,-3.784486532211304,-2.303141593933105,-3.374159336090088,-2.810926914215088,-8.213369369506836,-8.012441635131836,-7.150655269622803,-8.271758079528809,-6.686532020568848,-4.610459327697754,-7.211724758148193,-5.094940185546875,-2.358894824981689,0.1801086366176605,0.541404664516449,-0.2786951661109924,-1.141854763031006,-2.7644433975219727,-2.706492185592652,-0.5985337495803833
7,-542.33740234375,109.43264770507812,14.710773468017578,-16.011625289916992,-21.223434448242188,-3.310465097427368,-8.079444885253906,-11.347457885742188,-8.487029075622559,-9.970186233520508,-10.021095275878906,-11.817026138305664,-9.941787719726562,-11.01370906829834,-6.504982948303223,-1.4147812128067017,-0.2370139956474304,1.9507386684417725,-0.3715831041336059,-0.4815558195114136,-3.899015426635742,-3.701226949691773,-3.2991154193878174,-3.3981943130493164,-7.367290496826172,-7.661394119262695,-7.179523944854736,-8.44426155090332,-7.482539653778076,-6.481953144073486,-6.945446491241455,-4.578568458557129,-4.669894218444824,-4.038303852081299,-4.25452995300293,-5.388202667236328,-4.581555843353272,-3.61164140701294,-1.6333444118499756,1.4582358598709106
7,-549.11279296875,111.56147003173828,15.77059555053711,-26.7606143951416,-27.728832244873047,-15.371488571166992,-18.88117218017578,-18.86292266845703,-11.90898895263672,-10.979312896728516,-12.271278381347656,-9.93730640411377,-3.1402506828308105,0.2891099452972412,0.3268154859542846,-1.1444463729858398,-1.4230009317398071,1.603386640548706,1.738597750663757,0.0168838948011398,-1.2852740287780762,-2.631731986999512,-6.6890177726745605,-8.205748558044434,-8.056602478027344,-6.451046466827393,-6.714661598205566,-6.8979902267456055,-5.83030891418457,-3.859485864639282,-3.855372190475464,-3.228522300720215,-1.7264918088912964,-0.615430474281311,-1.1253201961517334,-1.5270661115646362,-0.1119050458073616,-1.0997570753097534,-3.140681505203247,-2.262974262237549
7,-496.1478576660156,109.16691589355467,6.195907115936279,-23.90110206604004,-34.58624267578125,-12.93112087249756,-15.468343734741213,-11.163626670837402,-9.287836074829102,-13.130318641662598,-7.1552557945251465,-7.3463969230651855,-4.479528903961182,-10.832623481750488,-11.376784324645996,-4.244515419006348,-1.844078779220581,1.0598292350769043,-1.598464846611023,-1.6651884317398071,-0.608138382434845,0.2452073246240615,-3.751803159713745,-3.986616611480713,-7.369967460632324,-8.130090713500977,-5.066727161407471,-6.062913417816162,-6.109243869781494,-4.831228256225586,-5.6552414894104,-3.7872426509857178,-3.948834180831909,-1.5530186891555786,-0.937393605709076,-1.1824965476989746,-2.0656511783599854,-3.222328186035156,-1.6473233699798584,-0.5209909081459045
7,-500.9379577636719,121.90579986572266,-7.956943988800049,-29.06765365600586,-19.23354148864746,-7.763376712799072,-19.261106491088867,-16.040925979614258,-10.00050163269043,-13.29880428314209,-7.743146419525146,-2.0996389389038086,0.393017441034317,-6.039637088775635,-9.343260765075684,-6.58538293838501,-4.0948896408081055,-0.3400455713272095,-4.178706169128418,-5.364797592163086,-5.891396045684815,-3.3909029960632324,-0.7469980120658875,-1.0799016952514648,-6.805417060852051,-7.181181907653809,-7.771845817565918,-10.31694507598877,-8.80280876159668,-7.261437892913818,-6.832732677459717,-4.245184421539307,-4.115253448486328,-1.3755528926849363,0.1570363640785217,-0.093561865389347,-1.2373597621917725,-2.4671545028686523,-4.082135200500488,-2.6387202739715576
7,-497.7667846679688,128.86268615722656,-19.660837173461918,-42.29116821289063,-13.224434852600098,-8.121222496032715,-24.068347930908203,-16.898588180541992,-10.3578462600708,-13.1478853225708,-5.648696422576904,3.933584690093994,4.693339824676514,-4.601982116699219,-8.635560035705566,-10.120794296264648,-9.420036315917969,-3.4560651779174805,-3.644287347793579,-7.739590644836426,-8.612137794494629,-3.701442241668701,-1.4742565155029297,-0.1319752782583236,-1.3305838108062744,-4.642796039581299,-6.921876430511475,-7.694941997528076,-7.131773948669434,-6.487872123718262,-6.896156311035156,-4.474679946899414,-1.175771951675415,0.0403895080089569,-1.029719591140747,-2.9945363998413086,-3.207981586456299,-2.860867977142334,-3.122805595397949,-3.203293561935425
7,-465.33056640625,140.72085571289062,-2.54593276977539,-34.91321563720703,-37.73125457763672,-14.394943237304688,-19.550987243652344,-17.850996017456055,-10.517921447753906,-11.859857559204102,-9.090368270874023,-9.23613739013672,-5.304978370666504,-11.907288551330566,-11.51760959625244,-4.3243937492370605,-2.190096855163574,2.8694634437561035,2.0601799488067627,0.277909517288208,-3.535975456237793,-6.05793046951294,-7.704289436340332,-5.647552490234375,-7.078482627868652,-7.885078430175781,-5.977078914642334,-6.4546799659729,-5.302616596221924,-6.082800388336182,-8.33099365234375,-6.040844917297363,-7.190210819244385,-4.564964771270752,-1.2370312213897705,-0.3560809195041656,-0.5476619005203247,-0.2755447626113891,0.0955016314983367,-0.972628891468048
7,-117.05491638183594,103.83160400390624,30.71989631652832,-2.951079130172729,-10.488243103027344,-0.1254947185516357,-15.049398422241213,-2.6737632751464844,-19.47200584411621,-1.8868166208267207,-12.063902854919434,-4.039690971374512,-13.02113151550293,-6.573242664337158,-14.995932579040527,-6.219485759735107,-11.141671180725098,-3.939371347427368,-8.902822494506836,-5.655827522277832,-9.485551834106444,-0.4567604660987854,-7.457362651824951,-3.1898927688598637,-5.753574848175049,0.1130731031298637,-8.199516296386719,-0.7285448908805847,-3.808804750442505,0.393232136964798,-1.8608572483062744,8.350829124450684,2.8981173038482666,3.1723928451538086,-1.7435295581817627,4.543305397033691,-0.0594196654856205,2.698881149291992,-1.6689081192016602,-1.8971168994903564
7,-124.0964813232422,105.37969970703124,31.56688117980957,-3.012659311294556,-7.321413040161133,0.9601723551750184,-16.718990325927734,-7.395508289337158,-20.553016662597656,-1.9603852033615112,-10.209487915039062,-4.233959197998047,-13.973426818847656,-6.601393222808838,-13.837325096130373,-4.84491491317749,-9.898902893066406,-3.124300479888916,-8.892658233642578,-7.9603681564331055,-11.721036911010742,-1.1194056272506714,-5.2984724044799805,-3.2614681720733643,-5.710219860076904,0.5684840679168701,-5.679769515991211,0.6535513997077942,-5.9727559089660645,-0.5464003086090088,-1.540990948677063,6.079604148864746,1.4687515497207642,4.362998962402344,-0.6483904719352722,6.706157684326172,2.161862850189209,2.512295961380005,-4.042703628540039,-1.0327342748641968
7,-103.80709075927734,88.06867218017578,31.024227142333984,-6.6247735023498535,-11.510821342468262,-0.992994785308838,-19.43446922302246,-7.024971008300781,-17.88273048400879,5.438304901123047,-7.657315254211426,-5.879278659820557,-17.491424560546875,-5.9952263832092285,-10.792088508605955,-7.684055328369141,-11.49748420715332,-8.93205451965332,-13.110114097595217,-3.437665700912476,-5.605624675750732,-2.2967758178710938,-12.3179292678833,-3.919721126556397,-6.12079381942749,3.5891950130462646,-6.142276763916016,5.141826629638672,-3.210433006286621,-4.668073654174805,-1.9484127759933472,10.90623378753662,2.397336721420288,0.7429054379463196,-0.7785767912864685,2.780285120010376,-3.402082681655884,3.419515371322632,-0.5191532373428345,6.179190158843994
7,-119.98401641845705,94.08763885498048,30.56597137451172,-5.304781436920166,-6.313135623931885,3.9088525772094727,-11.10143756866455,-1.8168562650680544,-18.006675720214844,2.159334182739258,-7.880341529846191,-9.125182151794434,-18.66929244995117,-7.602726936340332,-14.542306900024414,-5.160494804382324,-9.956281661987305,-6.733030796051025,-12.39848518371582,-3.742326259613037,-7.985772132873535,-2.2755532264709477,-11.640300750732422,-6.332534313201904,-6.684118747711182,-0.7932891845703125,-5.931661605834961,8.028851509094238,-4.189612865447998,-6.353682994842529,-0.7289882302284241,14.90230941772461,3.376868486404419,0.8730255961418152,-1.820346713066101,2.209634304046631,-4.121970653533936,-0.1634293347597122,2.437830686569214,8.201943397521973
7,-107.99352264404295,93.0755386352539,41.20194625854492,-4.549623489379883,-6.782167434692383,1.2223515510559082,-18.39983940124512,-5.188181400299072,-20.97689247131348,-1.6462758779525757,-11.95431423187256,-4.664372444152832,-17.387834548950195,-11.319451332092283,-9.450461387634276,-4.692532062530518,-8.060477256774902,-8.164957046508789,-10.664039611816406,-2.873086452484131,-8.745084762573242,-7.109160423278809,-8.651313781738281,0.7812368869781494,-9.579805374145508,5.000914096832275,-5.978877067565918,0.3691008388996124,-0.9080321192741394,1.304242491722107,-9.1063871383667,-0.8712484836578369,1.1251229047775269,2.7008843421936035,1.375627517700195,7.987941741943359,-0.7661261558532715,3.7888550758361816,-3.417795896530152,3.8581020832061768
7,-95.4146499633789,99.10481262207033,31.13745880126953,-5.535801887512207,-11.071434020996094,-3.8135712146759033,-20.51385307312012,-5.60178279876709,-22.96601867675781,1.5451833009719849,-13.062384605407717,-5.899608135223389,-14.296083450317385,-7.465581893920898,-9.838350296020508,-9.809654235839844,-9.779314041137695,-6.946815490722656,-6.308852672576904,-4.776130676269531,-9.175131797790527,-2.5167429447174072,-8.79474925994873,1.034461259841919,-7.760595321655273,4.091727256774902,-5.919991493225098,3.656328439712525,1.48204243183136,1.440925121307373,-3.1757254600524902,5.889833927154541,3.302063226699829,1.166275143623352,-1.4001394510269165,3.714507818222046,-4.148545265197754,4.390383720397949,-3.5897319316864014,2.7554919719696045
7,-81.75450134277344,86.14935302734375,42.84311294555664,-0.5112085938453674,-6.160481452941895,-7.246723175048828,-12.989107131958008,-11.184978485107422,-18.732088088989254,-0.4620596766471863,-14.999249458312988,-5.317863464355469,-16.078237533569336,-12.186941146850586,-12.210610389709473,-11.086214065551758,-9.35739040374756,-3.846592903137207,-6.087211608886719,-2.410597324371338,-6.465556621551514,-6.148803234100342,-9.071101188659668,3.084419012069702,-7.632354736328125,5.14098072052002,-4.414495944976807,3.0002808570861816,-1.2337744235992432,0.2046418786048889,-5.5035014152526855,3.169562339782715,1.4338418245315552,-1.9364839792251587,-4.03101110458374,2.068537712097168,-2.4207603931427,5.011131763458252,-5.878959655761719,3.306755542755127
5,-282.1878356933594,144.39068603515625,-75.59761047363281,38.92803192138672,-12.8838472366333,8.67806625366211,-3.3384289741516118,4.498219966888428,-7.711524963378906,3.835940361022949,0.4839863777160644,4.149580001831055,-7.587902545928955,-3.479541063308716,-3.8122153282165527,3.985241651535034,-1.5432504415512085,-3.755783081054688,-11.774434089660645,-1.605380892753601,5.181379795074463,8.91965103149414,-7.524621963500977,-5.123066425323486,1.3660995960235596,5.907533168792725,-7.650775909423828,1.0459259748458862,7.34924840927124,2.2559854984283447,-8.723767280578613,2.096944093704224,2.84847354888916,-1.6614736318588257,-7.451576232910156,-4.698755741119385,-4.826912879943848,-1.4142402410507202,-3.972317934036255,3.148017883300781
5,-203.14208984375,87.19160461425781,-55.11392211914063,24.105833053588867,-4.541801452636719,-1.283658742904663,-0.1591687202453613,-1.8005008697509766,-8.970040321350098,2.7983474731445312,2.371409177780152,7.766011714935303,-1.4382669925689695,-0.9435084462165833,-4.193628787994385,4.793793201446533,-1.0957918167114258,-3.963655948638916,-18.418670654296875,-7.276961803436279,6.76573657989502,18.528514862060547,-5.261383533477783,-10.509140014648438,-4.098470211029053,3.707355976104736,-13.565673828125,-4.798996925354004,10.90779972076416,8.964510917663574,-10.432188987731934,-1.0085214376449585,7.121355056762695,4.408515930175781,-5.906983375549316,-4.161439895629883,-8.420713424682617,-2.8625309467315674,-7.239793300628662,-0.2586993873119354
5,-353.0220947265625,128.62664794921875,-51.38718795776367,31.816864013671875,-3.7447454929351807,7.355905532836914,2.5268256664276123,2.9380898475646973,-10.255305290222168,2.6405913829803467,2.360960006713867,9.179119110107422,-0.8925718665122986,4.000093936920166,-4.91655969619751,5.944528579711914,4.210877418518066,3.202390670776367,-11.013697624206545,-4.797416687011719,1.2213834524154663,19.50200653076172,6.578084468841553,-2.92087721824646,-6.214897632598877,8.157289505004883,-4.555865287780762,-6.367986679077148,3.337293863296509,14.49012279510498,-3.097254037857056,-4.800381183624268,0.7765652537345886,5.76558256149292,-2.7750051021575928,-2.221557140350342,-7.799052715301514,-1.535358190536499,-5.236011505126953,-6.311584949493408
10,-116.81306457519533,100.3548812866211,-47.29626083374024,18.328554153442383,-6.516880989074707,9.923625946044922,11.686212539672852,3.9432551860809326,-13.919180870056152,5.283329486846924,-4.801793098449707,2.054992198944092,0.3573515713214874,8.613162994384766,7.624532699584961,19.479686737060547,5.719738006591797,8.486693382263184,4.8267998695373535,1.6083481311798096,-5.999391555786133,-4.94169282913208,-9.637179374694824,9.706137657165527,3.357992649078369,-1.662527322769165,-7.346067428588867,16.533401489257812,15.586177825927734,0.0283348653465509,-21.67530059814453,0.0954364016652107,13.707612991333008,11.64269733428955,-0.6213200092315674,6.841446399688721,-6.884911060333252,-17.357370376586914,-5.389791011810303,20.19538688659668
10,-117.2064208984375,100.06780242919922,-43.56195068359375,18.52138900756836,-6.438542366027832,13.906392097473145,13.862981796264648,3.672234058380127,-11.01643180847168,4.844895362854004,-2.770509719848633,4.712498188018799,1.4170260429382324,8.62922191619873,3.224731683731079,15.597952842712402,5.503096103668213,7.404932022094727,3.617865562438965,0.8979731798171997,-6.485470294952393,-1.8418693542480469,-7.006119728088379,7.879200458526611,2.6818995475769043,-1.3903943300247192,-7.43892240524292,13.512815475463867,10.009897232055664,0.3355487883090973,-17.377975463867188,0.592002809047699,10.921272277832031,8.798194885253906,-1.7291961908340454,3.8044471740722656,-7.028226375579834,-13.753926277160645,-6.106651306152344,16.43798065185547
10,-141.28860473632812,84.15031433105469,-43.73249435424805,18.11732292175293,-2.5485386848449707,13.014896392822266,11.948140144348145,3.723984241485596,-13.129112243652344,4.0799407958984375,-5.007328510284424,0.0090567525476217,-0.2749509215354919,10.700459480285645,8.593107223510742,18.343107223510746,4.833619594573975,10.123337745666504,1.627664566040039,0.6809058785438538,-9.86989688873291,-9.647042274475098,-11.124805450439451,8.723186492919922,-0.7035929560661316,-5.281994342803955,-6.561953067779541,19.90119743347168,15.912168502807615,-5.917117595672607,-25.5794734954834,0.4895792305469513,18.61264038085937,13.97504997253418,-2.178595304489136,3.621825218200684,-10.314361572265623,-19.840904235839844,-2.441322565078736,24.546464920043945
10,-138.32333374023438,94.95813751220705,-43.30387878417969,23.5355281829834,2.50529146194458,11.102689743041992,6.471855163574219,4.088237762451172,-12.857754707336426,4.428863525390625,-6.065288543701172,-2.2078936100006104,1.3470245599746704,13.262301445007324,9.979177474975586,20.295825958251957,5.568188190460205,6.752054214477539,0.7178869843482971,1.8387130498886108,-6.302855968475342,-7.585320949554443,-12.464194297790527,5.832654476165772,-0.5686146020889282,-3.172916412353516,-8.294550895690918,16.930402755737305,16.24282455444336,-2.7890756130218506,-24.41737365722656,-0.1421146541833877,17.812719345092773,13.919066429138184,-2.1267788410186768,5.363519668579102,-9.738136291503906,-21.078289031982425,-2.918872594833374,23.943090438842773
10,-114.40780639648438,113.36238098144533,-39.74651336669922,19.38385963439941,-6.60026216506958,19.70165634155273,14.673517227172852,3.2041573524475098,-7.966755867004394,5.998711585998535,-1.5801912546157837,5.929333209991455,0.4231326580047607,7.380598068237305,1.6651967763900757,13.885127067565918,4.141957759857178,6.498658657073975,1.3628151416778564,3.1916799545288086,-3.6413421630859375,-0.8084505200386047,-8.623042106628418,3.557534694671631,-0.4824623465538025,-0.4630970954895019,-7.489789009094238,8.537674903869629,5.788371562957764,2.3500709533691406,-14.376191139221191,-2.255873203277588,6.416782855987549,8.100530624389648,-1.956313967704773,2.016632318496704,-5.662426948547363,-9.785269737243652,-8.850924491882324,11.07545566558838
10,-124.1245574951172,118.12095642089844,-38.63536834716797,22.651521682739254,-4.38796329498291,20.323204040527344,14.22064971923828,4.717505931854248,-6.098083972930908,10.597142219543455,-2.4893369674682617,5.86850643157959,1.5743087530136108,6.203516006469727,2.497939348220825,12.987808227539062,0.0963794514536857,5.161203384399414,-0.097805343568325,3.142245054244995,-1.994616150856018,-2.59184193611145,-9.851068496704102,2.7546703815460205,-1.3703079223632812,-1.1766868829727173,-7.691454410552978,7.335744857788086,6.1071391105651855,1.313855528831482,-16.130088806152344,-3.237923622131348,4.950786113739014,7.171872138977051,-3.819412231445313,2.514230489730835,-4.727816581726074,-9.355738639831545,-6.23032283782959,13.142910957336426
10,-145.01634216308594,119.82821655273438,-33.34677505493164,23.51604461669922,-1.375777244567871,19.31072998046875,16.683368682861328,6.298455715179443,-6.264752388000488,12.99631690979004,-2.036996364593506,7.24134635925293,4.184964179992676,4.418133735656738,1.3987106084823608,9.943388938903809,-2.4010910987854004,4.727952480316162,-0.2114535272121429,-0.1661216467618942,-2.9543795585632324,-1.3053900003433228,-6.175735950469971,5.764193534851074,-1.4499858617782593,-2.7882511615753174,-7.130457878112793,10.205578804016112,7.4625349044799805,-0.6796978712081909,-16.969642639160156,-0.5453018546104431,7.304471015930176,7.37992000579834,-5.543851375579834,3.788768529891968,-4.627612113952637,-12.027881622314451,-3.6707332134246826,16.69624137878418
10,-168.02410888671875,116.47576904296876,-29.97749328613281,21.66547203063965,1.817096829414368,20.38783836364746,17.941425323486328,7.631380081176758,-6.7037458419799805,11.011189460754396,-1.3057161569595337,7.605087757110596,4.200657367706299,2.663952350616455,1.0796483755111694,10.57687282562256,4.362358570098877,10.406381607055664,2.539151191711426,-3.365231990814209,-7.202417850494385,-2.796803474426269,-2.420823335647583,10.731818199157717,-1.794422626495361,-5.978363037109375,-7.210244655609131,12.972180366516112,7.733510494232178,-2.9819753170013428,-18.677797317504883,1.936510682106018,13.69948959350586,11.46679973602295,-3.699646234512329,3.446735620498657,-5.084738731384277,-14.97860336303711,-4.530940055847168,18.80380630493164
10,-161.28411865234375,94.01769256591795,-38.871768951416016,14.458836555480955,-3.883935451507568,22.499799728393555,12.798715591430664,2.6850826740264893,-10.184934616088867,6.627723693847656,-3.681467056274414,-0.4858260750770569,-1.1068923473358154,7.532551288604736,6.994058609008789,18.958715438842773,10.82241916656494,13.036229133605955,5.029514312744141,-0.5982993245124817,-7.689292430877685,-8.604207038879395,-11.727105140686035,8.56998062133789,-0.781501293182373,-6.016919136047363,-10.622844696044922,13.08766746520996,13.355239868164062,-0.6624775528907776,-24.329383850097656,-4.58208703994751,14.593273162841797,16.235685348510742,-0.986657440662384,3.087775230407715,-6.024830341339111,-17.835315704345703,-11.479287147521973,19.80847549438477
10,-146.9071044921875,88.09724426269531,-48.25697708129883,6.532722473144531,-11.773289680480955,18.84281349182129,10.42587947845459,-2.439110040664673,-16.59579086303711,1.7166645526885986,-7.218273162841797,-6.631937503814697,-4.5477294921875,10.550835609436035,12.981363296508787,26.15201568603516,14.968667030334473,12.939696311950684,5.499817371368408,1.6181577444076538,-8.080825805664062,-15.477252960205078,-19.97811508178711,3.565802574157715,-1.237829089164734,-5.94966459274292,-13.559123992919922,13.464587211608888,20.85176467895508,1.8149877786636357,-29.68206024169922,-10.72205924987793,14.971792221069336,19.36048698425293,0.7646377682685852,4.044047832489014,-6.363312244415283,-22.34804916381836,-17.065855026245117,21.58170509338379
10,-149.89979553222656,98.44373321533205,-45.144508361816406,7.796822071075439,-6.650046348571777,18.22146797180176,12.876158714294434,1.716067671775818,-12.715690612792969,0.5258485674858093,-3.680081844329834,-2.072507381439209,-4.402007579803467,8.0433988571167,8.946054458618164,22.65420150756836,13.00556468963623,13.99015998840332,5.865245342254639,-0.5416383147239685,-10.805020332336426,-14.045480728149414,-13.285149574279783,6.365293502807617,-2.3045408725738525,-7.635119915008545,-10.534568786621094,14.822271347045898,16.02978515625,-3.5536000728607178,-27.443700790405277,-5.626668453216553,16.740158081054688,16.725439071655273,0.4937942028045654,3.733642578125,-7.54505729675293,-20.724628448486328,-10.339488983154297,22.315637588500977
10,-146.68934631347656,91.0168914794922,-44.41075897216797,13.698062896728516,-4.969770431518555,17.997333526611328,17.157228469848633,3.844759702682495,-9.968130111694336,3.026798248291016,-2.9085052013397217,1.8820366859436035,-2.364504814147949,8.836396217346191,6.3532233238220215,17.37557601928711,5.533982276916504,12.920248985290527,5.090451240539551,-0.2050076574087143,-11.264474868774414,-10.057592391967772,-9.140701293945312,10.081812858581545,-1.499556541442871,-7.2451863288879395,-7.309117317199707,18.511211395263672,13.592361450195312,-7.718023300170898,-26.06889533996582,0.1013330444693565,18.05113983154297,14.800861358642578,-1.447058916091919,2.647815227508545,-10.217180252075195,-18.93952178955078,-3.419906616210937,24.048145294189453
10,-147.7331085205078,142.42398071289062,-31.29447555541992,19.17105865478516,-1.3533214330673218,14.494863510131836,14.183387756347656,7.910890102386475,-2.235583782196045,13.034913063049316,-1.4368627071380615,2.409045934677124,1.5389975309371948,5.468265056610107,5.210716724395752,11.330172538757324,3.63706636428833,6.251632213592529,2.2065775394439697,3.954699993133545,0.7393696308135986,1.0945310592651367,-7.026045322418213,4.875989437103272,0.0074855387210845,0.2186490297317505,-5.451568126678467,8.576956748962402,8.471198081970215,2.98671293258667,-12.014997482299805,-1.271274447441101,6.23532247543335,6.269932270050049,-1.8495858907699585,7.292792320251465,-0.5985149145126343,-7.606194019317627,-2.760746717453003,11.613896369934082
10,-146.8172607421875,139.00128173828125,-29.59476852416992,17.688135147094727,1.3227699995040894,18.762226104736328,12.711846351623535,6.3765869140625,-3.362267255783081,12.51485824584961,-2.7770891189575195,4.5831618309021,-0.1410576552152633,6.949869155883789,5.468703269958496,11.239834785461426,2.7632510662078857,5.993143081665039,1.7678333520889282,2.4626500606536865,0.987366795539856,2.86989974975586,-5.933927536010742,4.980055809020996,-0.2260563522577285,0.3240953385829925,-6.1312360763549805,7.726061344146728,6.889747142791748,3.917600393295288,-9.376141548156738,1.6562554836273191,7.052975654602051,6.80539608001709,-2.835294723510742,5.7087836265563965,-1.922087550163269,-6.693454742431641,-1.3120136260986328,11.113420486450195
10,-88.99703216552734,75.22264862060547,-27.08450698852539,46.1169548034668,-20.14582061767578,-8.182909965515137,-27.575496673583984,-3.793400764465332,-16.797779083251953,-9.937508583068848,-8.357169151306152,7.861910343170166,-17.394723892211914,-11.124143600463867,0.7469606995582581,9.736066818237305,1.674365758895874,22.53152084350586,21.705020904541016,8.362082481384277,-12.87004852294922,-1.739099383354187,7.399440288543701,-1.258664608001709,1.6904529333114624,4.689344882965088,-18.646148681640625,-0.9065765142440796,4.852844715118408,-8.528064727783203,-20.88008117675781,-3.7152633666992183,13.9417142868042,22.81586265563965,-0.3801571428775787,15.458646774291992,2.7093019485473637,-15.921761512756348,-13.488208770751951,-1.4699276685714722
8,-332.9857177734375,124.6058349609375,-2.813737154006958,7.506733894348144,21.75932884216309,8.694714546203613,-5.70405912399292,4.165426254272461,-1.044949650764465,4.626387119293213,-3.737601518630981,-1.2067185640335083,-7.2215046882629395,5.560210704803467,3.0890769958496094,7.899805068969727,-3.7168378829956055,-0.501330554485321,-5.990123748779297,-0.8741160035133362,-8.262690544128418,-1.4069948196411133,-3.69378399848938,3.057584285736084,1.731289982795715,4.756869316101074,-4.274360179901123,-1.2339078187942505,-4.385892391204834,0.5545927882194519,-5.316134452819824,-0.8146035075187683,-4.446269035339356,0.6488823294639587,-3.218623399734497,-0.0800804421305656,-4.029855728149414,-0.0525765940546989,-2.3379600048065186,0.5853104591369629
8,-280.7952880859375,125.03874969482422,-8.983264923095703,17.25189971923828,23.22538185119629,-6.723106384277344,-10.241436958312988,0.6113561987876892,-9.813419342041016,1.4971108436584473,-8.591115951538086,-0.1943759471178054,-4.958746433258057,2.4999611377716064,-0.3256261348724365,7.657337188720703,-1.403856635093689,0.3584038913249969,-5.881875991821289,-1.4989672899246216,-6.15420389175415,-0.0705595985054969,-5.930970668792725,-0.2403384894132614,-3.9824397563934326,2.017735481262207,-3.4380500316619877,0.2120246142148971,-4.31536340713501,0.3615413010120392,-3.9715559482574463,-1.1434426307678225,-5.849732875823975,0.2657800018787384,-4.2127790451049805,-0.8254270553588867,-4.242895603179932,0.7105364799499512,-2.3316164016723637,1.2377254962921145
8,-171.15554809570312,110.79578399658205,-15.288330078125,20.27106666564941,17.73616600036621,-21.04229164123535,-8.861817359924316,-3.6005358695983887,-8.237783432006836,-0.6349049806594849,-2.982260465621948,-2.235274076461792,-5.367772102355957,0.2726728320121765,-5.467063903808594,5.580102920532227,-4.030570030212402,0.3607348501682281,-7.900769233703613,-3.033254146575928,-8.650338172912598,-0.1532174050807953,-3.4094841480255127,-0.1537763774394989,-4.157379627227783,1.0871387720108032,-4.516678333282471,-0.0088299559429287,-4.224244117736816,0.8505222797393799,-4.875280857086182,-0.7693513631820679,-5.4033942222595215,0.4528882503509521,-4.376968383789063,-1.1040910482406616,-3.0873324871063232,1.3173692226409912,-2.1555769443511963,1.6483298540115356
8,-296.8171081542969,124.71006774902344,-11.213398933410645,15.478554725646973,25.14954948425293,-2.6827783584594727,-6.990203857421875,3.2042453289031982,-10.00670337677002,-4.021312236785889,-6.212138652801514,-1.3240464925765991,-2.2716305255889893,6.768542289733887,0.1730173081159591,5.689631938934326,-4.5371198654174805,-1.0267702341079712,-6.217925548553467,-0.5434668660163879,-7.240393161773682,-1.3950878381729126,-5.827837467193604,-1.5364062786102295,-3.158982276916504,4.215874671936035,-1.016978144645691,0.5547334551811218,-3.756936550140381,0.9422129988670348,-4.857925415039063,-0.9182707667350768,-3.526068687438965,1.8223233222961424,-3.979780673980713,-0.6952313184738159,-3.913455247879028,-0.4498833119869232,-3.5005550384521484,0.8370116949081421
5,-330.2777709960937,130.23963928222656,-5.111687183380127,7.439177989959717,18.090167999267575,5.360721111297607,-3.790975332260132,8.988911628723145,-4.037903785705566,-1.8314132690429688,-8.03343677520752,-3.148446083068848,-6.530336380004883,0.3592205643653869,2.693436861038208,15.143996238708496,6.801557540893555,5.945860862731934,-4.888548851013184,-2.370074987411499,-7.686066150665283,2.076519727706909,-1.739055633544922,0.1455142498016357,-5.423041343688965,-1.27686607837677,-4.494506359100342,0.0038474639877676,-5.56082820892334,0.5009971261024475,-1.2907346487045288,4.807209491729736,0.1015848144888877,2.6210923194885254,-3.5618343353271484,-0.8120508193969727,-3.019174814224243,1.4378166198730469,-3.387248277664185,0.7481685280799866
5,-348.9569396972656,125.18646240234376,0.7591429352760315,10.103683471679688,18.17315673828125,6.247019290924072,-4.087183952331543,5.750665187835693,-1.348841667175293,2.4736135005950928,-3.5778005123138428,2.994131565093994,-4.788887023925781,3.022346973419189,-0.0627476722002029,8.9773530960083,-0.3364566564559936,1.0493067502975464,-6.487259387969971,-0.8354587554931641,-5.881300926208496,2.3065974712371826,-1.7017266750335691,2.4144318103790283,-2.5988447666168213,1.7479292154312134,-3.8273658752441406,-0.1681955754756927,-5.279864311218262,-0.4963162839412689,-5.569980144500732,-1.3743133544921875,-4.948973178863525,1.3624415397644043,-3.5452206134796143,0.198851078748703,-2.951967716217041,1.0024149417877195,-2.691701650619507,0.0470491088926792
5,-324.05279541015625,124.05562591552734,-5.255595684051514,16.184289932250977,24.40279006958008,2.22382926940918,-7.56482982635498,4.124816417694092,-7.161567687988281,0.7827516198158264,-5.7991719245910645,0.2367344051599502,-7.143211841583252,1.7645697593688965,1.033762812614441,10.266926765441896,-0.1962341964244842,-0.5140746831893921,-7.407364368438721,-2.3407039642333984,-6.347752094268799,1.481969714164734,-3.713376760482788,0.2142344564199447,-4.025429248809815,1.4558212757110596,-2.5802297592163086,1.6440885066986084,-2.190732479095459,2.183475971221924,-2.874633550643921,0.4369194507598877,-4.860698223114014,-0.6089437007904053,-5.095828056335449,0.1971331983804702,-3.3630378246307373,0.3568863272666931,-4.010466575622559,0.2392752468585968
5,-205.7655334472656,112.45933532714844,-16.30687713623047,15.36456298828125,17.43927001953125,-12.73111343383789,-9.061402320861816,-2.0224449634552,-9.854825019836426,-0.1294175535440445,-6.349623680114746,-3.5835049152374268,-5.461033344268799,1.3322077989578247,-0.4362364709377289,8.13879680633545,-3.2404940128326416,1.079082489013672,-5.921918869018555,-0.3937758505344391,-6.035034656524658,0.0759962424635887,-4.689324855804443,-0.8760977387428284,-5.866599082946777,-0.5127519369125366,-3.769830703735352,1.135406494140625,-2.8344626426696777,2.537761926651001,-2.27681565284729,0.1204528138041496,-4.534983158111572,0.6890336871147156,-2.8098552227020264,1.1992701292037964,-2.325563669204712,-0.0726733729243278,-4.087753772735596,-1.0166670083999634
8,-315.9855041503906,141.04637145996094,-21.752037048339844,-8.654775619506836,-15.142905235290527,9.450505256652832,-17.924114227294922,6.714606761932373,-5.688631534576416,2.0411739349365234,12.743138313293455,1.6122124195098877,-4.177848815917969,1.5204492807388306,2.250178337097168,6.701130390167236,4.0584588050842285,6.585837364196777,3.7846839427948,3.661261558532715,0.9179079532623292,3.0981664657592773,0.2725762128829956,-0.5399768948554993,0.4430029690265655,4.545773029327393,-1.482127666473389,-1.4098573923110962,-0.4135240912437439,0.6908443570137024,-1.847384214401245,1.7010523080825806,-0.7791555523872375,2.736663579940796,-0.6141982078552246,2.6927263736724854,0.5474840402603149,2.1581673622131348,-0.3754850625991821,1.6657825708389282
8,-304.6800231933594,141.7810516357422,-26.3341007232666,-8.898008346557617,-8.36344051361084,8.207382202148438,-15.54087734222412,4.62743091583252,-6.065669536590576,2.2194509506225586,7.870788097381592,0.9004647135734558,-7.941841602325439,0.286466121673584,5.115068912506104,9.569673538208008,4.927536964416504,7.070566654205322,3.979962110519409,2.943355083465576,-1.6747397184371948,-0.5185023546218872,-1.2739347219467163,1.1321605443954468,2.644348382949829,5.153870582580566,1.110759139060974,-1.4033774137496948,0.8169570565223694,1.507409930229187,-0.0077475951984524,-0.2325099855661392,-1.4422383308410645,1.9729790687561035,-0.6972702741622925,1.9471980333328247,0.1114289388060569,1.406356930732727,-0.4229931831359863,2.923142433166504
8,-411.0630493164063,145.7028350830078,-34.98413848876953,0.3863425850868225,2.9899981021881104,7.040000915527344,-2.720430612564087,10.370979309082031,9.06612777709961,15.51598072052002,14.412714958190918,12.060222625732422,-0.0604438334703445,2.9972448348999023,4.779872417449951,7.804931640625,3.092740297317505,3.908485412597656,2.7213709354400635,2.5058341026306152,1.079023003578186,0.7478051781654358,-2.166323184967041,2.902251720428467,2.8054234981536865,1.645670771598816,0.0720950216054916,2.281136035919189,-0.3031807243824005,3.1313514709472656,-0.4516822099685669,1.1989609003067017,-0.1182420328259468,1.016698718070984,-0.879883885383606,0.6836538910865784,-0.6890361309051514,2.8922133445739746,1.4030685424804688,2.249680995941162
8,-454.1661071777344,144.16526794433594,-28.76828956604004,14.316994667053224,5.971397399902344,12.581093788146973,1.6811230182647705,14.519855499267578,12.209464073181152,15.63006591796875,12.533344268798828,10.661630630493164,2.4438893795013428,0.9621460437774658,2.8661258220672607,7.721963405609131,3.702674150466919,4.25723123550415,3.3476600646972656,1.1550095081329346,-0.9576518535614014,-0.213965356349945,-1.8757718801498413,1.0991917848587036,2.906102418899536,2.8116588592529297,0.92978698015213,1.7943975925445557,0.9257764220237732,2.1138718128204346,-0.2836213111877441,-0.8221246004104614,-2.0244929790496826,0.632266640663147,-0.2271745502948761,0.1052390486001968,-1.679439663887024,1.174851894378662,-0.0737856850028038,1.902121663093567
10,-342.8554992675781,112.52449798583984,-9.168465614318848,-25.754871368408203,-33.49410629272461,-31.72186279296875,-13.6350679397583,-9.66773509979248,-25.699546813964844,1.5594637393951416,0.8133172988891602,-5.314811706542969,-1.409074783325195,9.477144241333008,10.038262367248535,3.48655366897583,-4.267828941345215,0.0493217855691909,-2.332616090774536,-3.0828208923339844,-0.967970848083496,-0.6359838247299194,-5.776437759399414,-3.650711297988892,-2.7731213569641118,0.1265256106853485,-0.5926563143730164,5.40854549407959,2.330620765686035,-1.3906190395355225,-0.4503819346427917,1.386217474937439,0.1753777265548706,1.896932601928711,2.21760892868042,-1.0612306594848633,-4.307571887969971,-2.2238190174102783,-1.8569360971450808,-1.1216187477111816
10,-346.8371887207031,109.14883422851562,-14.425337791442873,-22.958372116088867,-28.68399429321289,-30.47135162353516,-14.338420867919922,-11.594979286193848,-23.1103458404541,3.371319532394409,1.1787477731704712,-5.731504917144775,-0.3651211261749267,10.472075462341309,13.01369571685791,5.717671871185303,-4.9791131019592285,-1.023212194442749,-2.98030424118042,-4.900729179382324,-2.366654872894287,-0.2183385491371154,-5.97758150100708,-3.838808536529541,-1.1765131950378418,1.2346082925796509,0.3891799449920654,3.775874614715576,1.886106252670288,-1.483365774154663,-1.4039270877838137,1.704512596130371,0.1405084580183029,0.3671256601810455,1.072497844696045,-0.6442786455154419,-4.647172451019287,-2.7008426189422607,-2.0920839309692383,-0.3925234079360962
10,-368.9361877441406,102.04196166992188,-2.852824211120605,-18.98012924194336,-24.45624351501465,-25.771303176879883,-15.81303596496582,-10.1962890625,-17.970380783081055,0.7244905829429626,0.2413685470819473,-6.114267826080322,-3.701926946640015,8.629193305969238,11.10337734222412,6.245598316192627,-3.706606149673462,-2.307267904281616,-3.5933308601379395,-3.0882487297058105,-2.290574789047241,-1.8153773546218872,-4.655576229095459,-4.355802536010742,-0.0290346201509237,1.887011766433716,-0.6699684262275696,2.503058195114136,1.914652705192566,0.5811875462532043,-1.6212702989578247,0.4456086754798889,0.952307403087616,1.8933638334274288,1.4804447889328003,-0.2134479433298111,-4.286227703094482,-3.646818161010742,-1.204959273338318,-0.0104263396933674
10,-396.3622741699219,103.64358520507812,-4.317095279693604,-16.783098220825195,-21.73482894897461,-22.860750198364254,-10.88460636138916,-7.199192047119141,-14.73440933227539,1.6026827096939087,0.428958386182785,-4.844417572021484,-4.423266887664795,6.915669918060303,9.184471130371094,5.5235466957092285,-4.673463344573975,-1.5580201148986816,-2.0544090270996094,-1.84363853931427,-2.221252918243408,-2.8787965774536133,-3.873124599456787,-4.684083938598633,-1.1179275512695312,2.570577621459961,-1.8163455724716189,1.7827425003051758,3.533390045166016,1.675480842590332,-2.0489847660064697,1.166199803352356,0.5718496441841125,1.1271326541900637,0.7878252267837524,-1.0205323696136477,-4.163487434387207,-2.6989996433258057,-0.6079393029212952,0.9766328930854796
5,-86.1054916381836,142.58828735351562,-120.14385223388672,50.63291549682617,-41.42986297607422,18.49520492553711,-28.798240661621094,6.961235046386719,-14.467599868774414,0.265105664730072,-3.36391019821167,6.370811462402344,2.1221935749053955,-7.833488941192627,2.564462423324585,-3.149360418319702,8.855834007263184,-8.01697063446045,2.580449342727661,-4.339465141296387,4.82559871673584,-8.55056095123291,2.818974733352661,-1.2989187240600586,-2.5407040119171143,1.8306101560592647,-3.995242118835449,0.5702683329582214,-5.510646820068359,1.1864320039749146,-6.030079364776611,2.6590700149536133,-2.783325672149658,0.7660797834396362,-3.705692768096924,-0.1864228844642639,-0.8102692365646362,-0.6892827153205872,1.1100647449493408,-1.8683127164840696
5,-111.3410415649414,148.63699340820312,-124.35321044921876,55.19466781616211,-41.84825134277344,11.672887802124023,-19.078832626342773,-3.3529272079467773,-5.189601898193359,-9.557001113891602,4.046809196472168,-4.082672595977783,6.365312099456787,-6.016641139984131,0.7411123514175415,2.53255033493042,-0.2329445928335189,-6.590183258056641,-3.534958600997925,-1.5963196754455566,-2.309407949447632,-5.554043769836426,0.1934956908226013,-4.639261722564697,-3.349860906600952,1.4940894842147827,-3.5973563194274902,-1.5892716646194458,-2.3313405513763428,-2.124912977218628,-2.648377656936645,-0.536590039730072,-2.850541591644287,-1.4041324853897097,-4.79575252532959,-0.9128785133361816,-2.1342790126800537,2.238408327102661,3.0546417236328125,-0.5739938616752625
5,-107.0940399169922,146.86431884765625,-121.8754425048828,48.63932800292969,-38.38658142089844,12.750229835510254,-20.518280029296875,-1.531994104385376,-5.885650634765625,-7.850734710693359,7.020252227783203,-3.975685358047485,3.7415030002594,-7.26685905456543,0.2783451974391937,2.2895729541778564,-0.1625761836767196,-4.616742134094238,1.0857588052749634,0.3201255798339844,-3.515089511871338,-8.90046215057373,0.2421356588602066,-0.6139775514602661,-3.473682641983032,-0.5277055501937866,-3.4996161460876465,-0.0281751006841659,-1.776198387145996,-1.9492566585540767,-4.225163459777832,-3.342692375183105,-3.409787893295288,-1.3184361457824707,-3.5823347568511963,-0.1415325701236724,-3.1292173862457275,-1.4454066753387451,0.3359804451465606,-1.0489203929901123
5,-95.36865234375,146.3486328125,-125.86140441894533,52.48204803466797,-44.66940307617188,15.366920471191406,-24.223896026611328,0.387445718050003,-6.971456527709961,-5.081397533416748,2.9481475353240967,-0.2410096675157547,2.0909948348999023,-7.326675891876221,-0.9744725823402404,0.5209687352180481,3.3384995460510254,-5.467451095581055,1.4794032573699951,-1.4546700716018677,2.144617080688477,-5.9922709465026855,3.461484670639038,-0.712439239025116,-2.210026979446411,0.364858329296112,-3.828949213027954,-1.2052197456359863,-1.908491849899292,0.2927095293998718,-2.3833377361297607,1.690731644630432,-1.9464088678359983,1.5651932954788208,-3.4072604179382324,1.7726719379425049,-1.6101231575012207,0.9670042395591736,0.480936735868454,-1.3746381998062134
5,-63.99870300292969,132.98175048828125,-139.68609619140625,36.36470413208008,-46.17190170288086,20.23056411743164,-21.123584747314453,13.705939292907717,-6.98163652420044,-4.817986965179443,1.639747977256775,-1.3398385047912598,9.9520902633667,-11.223224639892578,1.1622692346572876,-2.9042739868164062,0.7198997735977173,-5.476561069488525,-2.1196913719177246,-0.0378006063401699,-2.20402193069458,-6.362821102142334,-1.0051913261413574,-2.6148157119750977,-3.558173894882202,-1.1231369972229004,-3.188575267791748,-2.688540458679199,-2.136146783828736,-0.6134040951728821,-1.9022539854049685,-0.4170021116733551,-4.165042877197266,-0.9168829917907716,-2.1938040256500244,0.0030873029027134,-2.386423110961914,1.646128535270691,-1.2965435981750488,-5.014466285705566
5,-110.21858978271484,118.8515396118164,-113.70396423339844,37.31748580932617,-35.390037536621094,10.937006950378418,-21.42009735107422,-1.7884000539779663,-3.666171550750733,-5.8451666831970215,0.8319304585456848,2.5681538581848145,2.730786800384521,-3.9159414768218994,3.5637941360473637,1.8816709518432615,2.9969887733459477,-6.597616672515869,0.471590131521225,-0.3485578894615173,4.228360176086426,-2.200400352478028,-0.0863025560975074,-0.412362277507782,-2.9126381874084477,0.6894424557685852,-2.4219627380371094,0.2101190835237503,0.2736600935459137,1.0874971151351929,-2.635919570922852,-1.6875839233398438,0.5399488210678101,-0.3646231293678283,-0.9110962748527528,2.8183727264404297,-0.7204946875572205,0.0742130577564239,0.4444079101085663,-0.3883251547813415
5,-90.56696319580078,127.3290023803711,-118.80597686767578,38.474098205566406,-34.01653289794922,17.365882873535156,-20.16943359375,2.5662803649902344,-14.360512733459473,-5.98509407043457,-2.1649816036224365,1.6190292835235596,3.561297655105591,-8.973761558532715,0.3729557693004608,-0.9617241024971008,3.720632314682007,-6.138214588165283,-0.9205828309059144,-5.728071212768555,1.044491171836853,-5.886488914489746,1.7823176383972168,-2.6481480598449707,-3.254765748977661,-1.7868173122406006,-4.451992988586426,0.1137119382619857,-6.758910655975342,-2.0829412937164307,-4.589155673980713,1.7537429332733154,-4.352370262145996,-0.0591233968734741,-1.0748871564865112,-0.7835717797279358,0.3992964327335357,-0.8226759433746338,1.6801787614822388,-1.5741745233535769
8,-222.63673400878903,149.44654846191406,8.062580108642578,5.3630051612854,4.506092071533203,9.348791122436523,-3.846540927886963,0.9997519850730896,-4.530404090881348,5.988531589508057,3.772216081619263,6.330254554748535,-0.7879910469055176,12.097579956054688,5.261437892913818,6.802552223205566,6.156708717346191,-0.5460285544395447,4.252928256988525,6.155702590942383,-2.288439512252808,6.128389835357666,0.5714700222015381,2.92268967628479,2.2510571479797363,4.764350891113281,3.526899099349976,-0.0040719797834753,-0.7177335023880005,2.8715898990631104,-0.9062646627426147,1.7064087390899658,5.369555473327637,2.1715495586395264,-0.9548510909080504,0.7787627577781677,1.8084118366241453,2.0750362873077397,0.0035438537597656,2.6922616958618164
8,-224.3577423095703,147.9949188232422,1.7344015836715698,4.743203639984131,4.4287109375,9.087788581848145,-0.3772768974304199,4.383355140686035,-1.8731898069381716,4.442868232727051,2.6388559341430664,6.922780990600586,2.930123805999756,12.86834716796875,2.7297768592834477,3.894784450531006,5.369231700897217,0.927718222141266,0.8176960945129395,1.7612147331237793,-2.949641704559326,5.964449882507324,2.168346881866455,3.6926541328430176,3.0308644771575928,5.187358379364014,4.100830554962158,3.675753116607666,1.495766520500183,3.895159959793091,-0.0421870239078998,-0.2757871448993683,2.981743097305298,3.506274700164795,0.6155059337615967,0.9280244708061218,1.3212608098983765,1.9070690870285036,0.6767084002494812,1.9024419784545896
8,-147.90809631347656,152.92440795898438,-24.249435424804688,-13.801278114318848,-9.561044692993164,3.328650712966919,-15.659417152404783,-6.7589216232299805,-5.303328514099121,12.09524917602539,4.246304035186768,3.024359703063965,3.629157781600952,11.914576530456545,1.652637243270874,0.8770827054977417,-7.511929035186768,-3.4455692768096924,-6.20224142074585,-1.4907410144805908,-0.0940336510539054,3.898401975631714,-1.1044367551803589,0.579298734664917,0.4640305042266845,2.591040134429932,-3.9114201068878174,-3.526710033416748,-4.113230228424072,-1.1090333461761477,-2.1232030391693115,-0.6789606213569641,-2.954705238342285,1.0948450565338137,-1.2164530754089355,0.8939633965492249,-0.5435702204704285,-1.213060975074768,0.4319810271263122,0.4682343304157257
8,-168.4435272216797,158.4662628173828,-37.72407150268555,-19.43223190307617,-7.744110107421875,4.579030513763428,-16.239404678344727,-0.5416280627250671,-2.9180078506469727,10.70388126373291,5.648866653442383,5.58652400970459,1.6330409049987793,5.869602203369141,-1.971674919128418,-2.282043218612671,-8.510979652404785,-5.274726867675781,-4.622769355773926,4.21990442276001,2.8483564853668213,1.0326285362243652,-2.8741087913513184,0.634367048740387,-2.987568616867065,-1.0111490488052368,-2.454818725585937,-0.8649999499320984,-4.080601692199707,-0.4715125858783722,-1.1296786069869995,-0.1031538024544715,-1.379054307937622,1.7098171710968018,-0.9281647801399232,1.177439570426941,0.1181887164711952,1.5464472770690918,2.4167728424072266,0.167338952422142
8,-234.20748901367188,130.02386474609375,3.020894289016724,6.068721771240234,5.273368835449219,0.1324330568313598,-6.100465297698975,-6.212581634521484,10.15090560913086,-3.1282496452331543,-13.46337890625,5.943469524383545,-0.0482503846287727,1.6276869773864746,-3.829883098602295,11.465251922607422,1.3286776542663574,-2.072215795516968,-0.97857928276062,3.718280792236328,-2.8800435066223145,0.189698576927185,-1.894230842590332,0.93854558467865,-6.369274616241455,2.744759559631348,-0.1377640813589096,3.709221363067627,-1.8901684284210205,-0.456365555524826,-1.413933038711548,-1.2182254791259766,-3.449544668197632,2.721468925476074,-2.2133800983428955,1.025830626487732,-0.8519260287284851,1.998310923576355,-1.5027096271514893,1.6433055400848389
8,-150.41015625,130.6531219482422,-6.451842308044434,0.6022956371307373,-1.4055503606796265,-5.537725448608398,-3.8835949897766113,1.7230931520462036,2.1427621841430664,-4.432836532592773,-14.880209922790527,3.25400972366333,-0.2744298577308655,3.102445602416992,-8.541873931884766,8.834186553955078,-1.4340006113052368,-5.8227152824401855,0.0220131184905767,0.7155070304870605,-2.898430347442627,-1.0772138833999634,-2.299435615539551,2.0947232246398926,-6.663821697235107,2.909484624862671,-2.832229852676392,2.168977737426758,-3.1319339275360107,-0.5628910660743713,-2.297017812728882,0.248364582657814,-4.391016483306885,2.9552738666534424,-1.6585509777069092,1.485208511352539,-3.732379913330078,1.5654972791671753,-2.133185148239136,0.2577675580978393
8,-41.05154800415039,57.782135009765625,27.36992835998535,24.42938804626465,12.94237232208252,-3.9877912998199454,-10.621001243591309,-8.779829978942871,5.229600429534912,1.4702666997909546,-6.626841068267822,0.4187490940093994,-4.695822715759277,4.247724533081055,-17.523836135864258,3.180907249450684,-0.6609899401664734,-6.122209072113037,-0.0460456311702728,1.8140898942947388,-0.3836049139499664,-0.5561500191688538,-5.513648509979248,3.0580356121063232,-2.2630455493927,2.7585248947143555,-3.4128193855285645,2.854925632476806,-4.068673133850098,0.4270266592502594,-1.838399171829224,2.433724164962769,-2.5849311351776123,2.3407082557678223,-3.802743911743164,1.983637809753418,-4.184392929077148,2.714224338531494,-1.5408811569213867,0.5064724683761597
8,-24.88762092590332,57.64035034179688,24.178964614868164,22.40660858154297,17.637317657470703,-6.573488235473633,-4.908802032470703,-4.5650248527526855,-1.8769747018814087,-0.34908127784729,-8.693758010864258,2.982684373855591,0.6840985417366028,1.4795145988464355,-17.112329483032227,2.956748008728028,-1.4447466135025024,-1.6507253646850586,-1.056182622909546,2.869000196456909,-3.097497701644897,2.8119466304779053,-3.262014865875244,4.552892208099365,0.4891856610774994,3.662835121154785,-5.264054775238037,0.0046296962536871,-4.870108604431152,3.1390490531921387,1.4698327779769895,2.2695953845977783,-4.660234928131104,2.2010295391082764,-3.527787208557129,-0.53448486328125,-1.4849557876586914,1.4741417169570925,-1.6490697860717771,0.4468486607074737
8,-27.782419204711918,58.79463195800781,20.69816398620605,26.957447052001957,14.011631965637209,-7.907312393188477,-7.120396614074707,-5.911643028259277,-0.4950005114078522,-2.683613538742065,-4.604645729064941,2.476348876953125,-0.624149739742279,-0.0397628359496593,-12.708656311035156,2.9091084003448486,-1.684152364730835,-5.827332019805908,-1.7254581451416016,2.255950689315796,-3.593700885772705,-1.7998830080032349,-5.061203956604004,2.3926472663879395,-0.0014748488320037,6.277786731719971,-3.897263765335083,1.7644712924957275,-3.602908134460449,1.392222285270691,-2.2740070819854736,1.9668128490448,-4.345441818237305,3.510183811187744,-4.984706878662109,0.4621645212173462,-0.5499997138977051,2.8358561992645264,-3.2170891761779785,0.1550832390785217
8,-21.783035278320312,67.48091125488281,24.510303497314453,23.587064743041992,3.318014144897461,-8.949478149414062,-5.365328788757324,-5.986793041229248,5.063141345977783,3.208000898361206,-5.790176868438721,3.1487154960632324,-1.9556219577789309,-0.5484426021575928,-12.908661842346191,7.025069713592529,-2.2554025650024414,-5.321522235870361,-2.3136720657348637,-0.930140256881714,-4.916228294372559,-2.6491498947143555,-4.968147277832031,3.387385129928589,-2.660496950149536,4.229941368103027,-2.19327163696289,3.534789085388184,-2.9600369930267334,1.270232081413269,1.2984954118728638,0.7036046981811523,-4.759457111358643,2.121889352798462,-5.314347743988037,-0.4347089231014251,-1.4032936096191406,2.7108287811279297,-2.225233316421509,1.4400485754013062
8,-59.4700927734375,82.51907348632812,37.33472442626953,9.949036598205566,3.4200282096862797,-0.7891159057617188,-9.403573989868164,-4.695033073425293,6.37245512008667,4.73908805847168,-9.509125709533691,-2.136259078979492,-4.217251300811768,1.783336520195007,-11.290096282958984,6.128708362579346,-4.484553813934326,-3.5385942459106445,-1.377315640449524,0.4409371316432953,-1.945690631866455,-0.380842000246048,-3.8890299797058105,7.119860649108887,-3.591439247131348,2.658693552017212,-3.2959930896759038,3.2522876262664795,-3.068611621856689,-1.3889474868774414,-1.4823914766311646,2.0364975929260254,-5.183303356170654,0.2931514084339142,-4.065060615539551,4.1894354820251465,-1.1545268297195437,0.5127241015434265,-3.3997721672058105,2.322300910949707
8,-91.051513671875,86.70277404785156,32.95838928222656,18.698442459106445,5.851245880126953,5.346857070922852,-0.7587964534759521,-4.736593723297119,7.974378108978271,-0.7808756828308105,-11.014102935791016,1.99541437625885,-1.868780255317688,1.850868821144104,-9.727681159973145,3.196525812149048,-3.3558249473571777,-5.037200927734375,-2.018932819366455,3.023366451263428,-1.646430253982544,1.2410351037979126,-3.963867902755737,2.5692694187164307,-5.818231582641602,5.700509071350098,-5.223458290100098,3.6724987030029297,-1.2559096813201904,-0.0296914502978324,1.2028123140335083,1.3002235889434814,-3.273620128631592,2.465919256210327,-3.262493848800659,0.0546454638242721,-2.628448247909546,0.4671829044818878,-4.721737861633301,-0.675003707408905
8,-78.62191772460938,64.44900512695312,35.20136642456055,26.679248809814453,12.41126537322998,-0.3560158610343933,-8.238913536071777,-5.789244174957275,1.775624394416809,-1.9628220796585083,-4.937538146972656,3.0660922527313232,-2.9781136512756348,4.200873374938965,-13.227721214294434,2.90565037727356,-0.9281659126281738,-5.952277183532715,-1.6349302530288696,0.5547181367874146,-0.4634124338626861,-0.2954721748828888,-4.169633865356445,2.9838833808898926,-1.4475404024124146,8.049123764038086,-3.908157587051392,3.115475416183472,-0.9315420985221864,1.9905614852905276,-2.381129026412964,-0.3432546257972717,-1.1573666334152222,3.365138530731201,-6.296580791473389,1.3264336585998535,-3.0478341579437256,0.1713369935750961,-4.753129482269287,-1.013602614402771
8,-120.2988510131836,77.73475646972656,9.592839241027832,13.18319320678711,16.129274368286133,1.845029592514038,-5.101698875427246,-7.310502529144287,-0.1691905707120895,-2.874959707260132,-10.610584259033203,-0.1577189862728119,-3.4410462379455566,0.6629960536956787,-8.340835571289062,10.320342063903809,1.936022162437439,-4.344464302062988,-0.318906158208847,3.905431747436523,-2.7144315242767334,-0.6792008876800537,-2.764847993850708,3.5908377170562744,-4.641493320465088,1.6292842626571655,-3.358814001083374,2.794501304626465,-3.1308038234710693,-0.082971267402172,-1.8700714111328125,0.0724057927727699,-3.7597639560699454,2.315377950668335,-1.8800636529922483,0.902662992477417,-1.891201496124268,0.9490349888801576,-2.3296141624450684,2.0113773345947266
8,-141.31581115722656,78.74333190917969,27.3262882232666,15.137452125549316,9.648178100585938,3.598940372467041,-1.8169296979904173,-4.0727081298828125,5.750567436218262,-6.4300217628479,-16.53895378112793,0.0048744468949735,-4.845820903778076,3.69501256942749,-8.836024284362793,6.652873516082764,0.179983913898468,-1.882617473602295,-2.1097333431243896,1.6449376344680786,-2.192629098892212,-0.2034560590982437,-4.217956066131592,3.858107805252075,-5.666710376739502,3.817379951477051,-2.326019763946533,2.2800991535186768,-3.790093421936035,-0.1763584017753601,-1.4177401065826416,0.636318564414978,-3.9939606189727774,3.6417489051818848,-1.2314434051513672,2.4763355255126958,-1.803093791007996,1.6236697435379028,-2.677326440811157,0.8592814207077026
8,-59.45104598999024,65.90177154541016,30.948637008666992,16.23845672607422,-5.792445659637451,0.5709632635116577,3.2709219455718994,-7.2288498878479,-3.743133306503296,-4.52651834487915,-17.13990020751953,2.795444965362549,-7.514033317565918,2.940067768096924,-10.09758472442627,6.985930919647217,3.8051116466522217,-2.352875232696533,0.0082036275416612,-0.1533392965793609,-3.0414135456085205,-2.035388469696045,-3.7691686153411865,1.2117129564285278,-6.073757171630859,3.4938228130340576,-3.702554941177368,3.504490375518799,-1.2181134223937988,0.1818247884511947,-1.4729684591293335,0.6276379227638245,-3.844473361968994,3.4519052505493164,-1.0509408712387085,0.166927233338356,-2.430769681930542,0.7995961904525757,-3.551381826400757,0.689132034778595
8,-108.26355743408205,77.48457336425781,36.87938690185547,13.390219688415527,18.661474227905277,5.41667366027832,-12.81699275970459,-6.978597640991211,-1.7217508554458618,-7.355176448822021,-7.825372695922852,1.5019878149032593,-3.427388429641724,2.858483076095581,-12.551311492919922,6.396796703338623,2.4182863235473637,-3.1026649475097656,-0.79620760679245,-1.3219993114471436,-2.548280954360962,-4.429340839385986,-3.8699405193328857,4.166224479675293,-5.049842834472656,4.473423480987549,-2.5789802074432373,1.9215047359466555,-4.395507335662842,-1.901760458946228,-2.5290510654449463,1.8524178266525269,-0.92755526304245,1.5253149271011353,-2.366499662399292,3.3332908153533936,-2.744847059249878,1.6227751970291138,-1.840654253959656,-1.9392328262329104
8,-83.24868774414062,89.48978424072266,17.861257553100586,24.09769058227539,21.09976959228516,0.6796915531158447,-16.755857467651367,-9.524943351745604,6.188207626342773,-2.78293776512146,-8.77151107788086,2.0215084552764893,-2.379981517791748,3.823984384536743,-10.834501266479492,4.1226325035095215,-0.0149215077981352,-5.2419753074646,-4.253039836883545,2.2203593254089355,-0.8700787425041199,-1.6934133768081665,-5.772022247314453,2.860479593276977,-7.845433712005615,2.578031539916992,-2.253842830657959,1.9631950855255127,-1.646318435668945,1.2617700099945068,0.1502643227577209,-0.7308489680290222,-3.034140586853028,1.8932830095291135,-4.145020484924316,1.1848783493041992,-3.6782772541046143,2.469083547592163,-1.178050518035889,0.3740302622318268
8,-3.804771423339844,53.74094009399414,19.71764373779297,26.62872314453125,15.944963455200195,-3.4409875869750977,-12.34907341003418,-12.522298812866213,5.861506462097168,-2.8643856048583984,-10.896053314208984,4.389108657836914,-4.058840751647949,2.4669032096862797,-5.83168363571167,-1.6464065313339231,-1.6120258569717407,-2.869964838027954,-10.181004524230955,3.136471033096313,-0.4523685276508331,-1.8924028873443604,-1.9696457386016848,3.636240959167481,-7.537796974182129,6.310675621032715,-1.6931897401809692,2.9080798625946045,-1.0454776287078855,-0.5644632577896118,-2.237330198287964,-1.5919784307479858,-4.494467735290527,1.959804654121399,-2.428861379623413,1.7112032175064087,-0.6450968384742737,1.905966520309448,-1.444501876831055,-1.0373914241790771
8,-70.43650817871094,74.53775024414062,20.357107162475582,19.96270179748535,14.049233436584473,3.772582054138184,-2.611294269561768,-5.931912422180176,10.23061466217041,-2.004677057266236,-9.697458267211914,1.8965160846710205,-4.701318740844727,3.905981063842773,-10.285783767700195,2.7722179889678955,0.8971309661865234,-5.706366539001465,-4.324784755706787,2.752914905548096,-2.425100326538086,1.3720518350601196,-3.1227288246154785,2.4083502292633057,-9.389741897583008,0.6721717715263367,-3.6036338806152335,4.4456095695495605,-1.5725760459899902,-1.4337756633758545,-3.2439675331115723,-0.6606091856956482,-4.584158897399902,2.411305427551269,-3.5736629962921143,0.8062781095504761,-0.863268256187439,2.363533496856689,-2.235593318939209,1.3630287647247314
8,-124.19939422607422,94.23499298095705,21.016313552856445,19.195661544799805,7.637417316436768,1.8612834215164185,0.2918595671653747,-1.087862849235535,13.285849571228027,1.834144592285156,-4.116665363311768,3.9585700035095215,-4.467619895935059,1.4155553579330444,-10.31157398223877,2.97739577293396,0.1801591962575912,-2.4087250232696533,-3.021230697631836,1.1929914951324463,-2.7968902587890625,1.3578726053237915,-2.5172817707061768,2.0854291915893555,-8.10579776763916,-0.4438446462154388,-7.1213908195495605,1.8395038843154907,-2.781991958618164,3.327425718307495,-0.0209167003631591,0.7551864385604858,-3.644334077835083,1.1774702072143557,-4.710983276367188,0.0466001033782959,-1.887258529663086,1.2500298023223877,-2.786113977432251,1.5294382572174072
9,-348.4439392089844,150.86685180664062,21.841463088989254,-23.421823501586918,-42.26168823242188,-28.63665580749512,-25.1107177734375,-17.645111083984375,-37.59004592895508,-19.803407669067383,-0.7843376994132996,4.465585231781006,4.316871166229248,7.92774486541748,4.604099750518799,-7.135791778564453,-2.4850122928619385,3.3336899280548096,-2.292011260986328,-3.292691946029663,-7.358391284942627,-9.68465805053711,-4.217291831970215,-1.91936993598938,0.2657973766326904,2.709052562713623,-1.1287366151809692,1.261030197143555,-4.9810791015625,-4.43153190612793,3.609706163406372,-3.0297951698303223,-3.0891332626342773,-2.5037083625793457,-1.867599844932556,4.624164581298828,5.855395793914795,1.827718734741211,-3.034487247467041,-4.356921672821045
9,-287.60089111328125,158.7476043701172,7.39675760269165,-26.79739761352539,-44.80488586425781,-26.79421615600586,-28.67259788513184,-19.29435539245605,-44.85044860839844,-17.248397827148438,1.118948221206665,2.5814998149871826,4.472128391265869,13.867238998413086,9.614043235778809,-5.05907678604126,-5.451755046844482,2.8476665019989014,-0.4999597072601318,-0.2739845514297485,-9.157135009765623,-10.9418363571167,-2.3217623233795166,2.246289014816284,-0.1252613812685012,2.390433549880981,0.4739741384983063,3.8255903720855713,-4.872551918029785,-5.707815170288086,7.361629962921143,-3.3727774620056152,-4.28199577331543,-2.038136482238769,-1.3714550733566284,5.255156993865967,6.217163562774658,1.413302302360535,-2.0209364891052246,-1.6130168437957764
9,-310.7213439941406,149.3832244873047,-6.905097007751465,-15.898550033569336,-30.712146759033203,-32.726806640625,-25.86470413208008,-17.692520141601562,-40.17629623413086,-13.881235122680664,-0.2524345517158508,4.25789737701416,-0.2753823399543762,5.962152004241943,10.57655143737793,-2.6273202896118164,-7.097104072570801,0.0087738232687115,-0.5365338921546936,-4.763088226318359,-10.576507568359377,-11.241728782653809,-4.570928573608398,-3.3268394470214844,0.600075900554657,7.104751110076904,-1.3159244060516355,0.3644572496414184,-2.682821989059448,-4.299971103668213,0.8882840275764465,-6.541960716247559,-5.4051032066345215,-3.424643278121948,-3.3363888263702397,2.485773801803589,3.5126123428344727,1.838247895240784,-1.0506625175476074,-2.906841278076172
9,-268.6913146972656,157.5961456298828,-12.924951553344728,-30.873048782348636,-41.32298278808594,-28.653356552124023,-29.269079208374023,-20.215768814086918,-39.80480194091797,-13.170694351196287,4.365982055664063,4.805527210235596,-2.2866530418396,3.763062953948975,6.285556316375732,-1.7613731622695925,-2.5039758682250977,7.886536598205566,-3.323092460632324,-8.179096221923828,-9.81040859222412,-7.41909646987915,-0.6615692973136902,-0.4515645503997803,-0.6805077791213989,7.682581424713135,-4.526709079742432,0.6862305402755737,-4.125125408172607,-5.092909812927246,2.8592004776000977,-4.673967361450195,-2.254676580429077,0.1823559999465942,-0.4973294138908386,4.734169483184815,3.1608731746673584,-4.6901631355285645,-3.647448301315308,-2.654490232467652
10,-187.82403564453125,87.53054809570312,-29.09325790405273,19.10468864440918,-4.182698726654053,10.4172945022583,0.5363413095474243,11.003458023071287,-3.2376394271850586,10.550997734069824,-3.656712293624878,5.014938831329346,-0.5683984756469727,0.6544141173362732,-10.589521408081056,1.2823340892791748,-6.792145729064941,-6.922561168670654,-2.3484978675842285,-2.4754233360290527,-4.8824663162231445,4.471608638763428,-4.9807868003845215,1.8982746601104736,-9.294717788696287,3.517646789550781,-6.056209564208984,-0.5028908848762512,-1.8246158361434937,0.3849835097789764,-0.0122347194701433,1.621468186378479,-3.752734899520874,2.838590621948242,-1.9343360662460327,-0.5826736092567444,-4.281890392303467,0.1789439618587494,-1.8576706647872925,1.7745155096054075
10,-197.42877197265625,82.7579116821289,-44.57252502441406,11.64254093170166,-12.330588340759276,5.856383323669434,-3.68961238861084,7.955289363861084,-5.508544921875,7.613217353820801,-4.778929233551025,2.8747828006744385,-0.9087485074996948,0.2412443161010742,-14.374577522277832,-2.096558094024658,-10.00662612915039,-9.067940711975098,-4.238128662109375,-4.073125839233398,-3.765528917312622,3.48532509803772,-4.327991962432861,3.388120174407959,-4.942748546600342,5.8366217613220215,-4.9770097732543945,0.2854958772659302,-0.8350639343261719,2.83770751953125,0.0388814695179462,2.124863624572754,-3.745854377746582,4.737132549285889,-1.157515287399292,-1.268064260482788,-3.857141971588135,0.3630973696708679,-2.574634552001953,1.8867313861846924
10,-180.8585357666016,80.35386657714844,-41.93668746948242,12.540884971618652,-12.217350959777832,4.550714015960693,-6.379709720611572,5.440430164337158,-6.5467848777771,9.391205787658691,-4.796258449554443,3.0462806224823,-2.7015082836151123,2.04303240776062,-13.834993362426758,-2.208213329315185,-8.562548637390137,-6.745349884033203,-3.616082429885864,-4.17222261428833,-3.2970941066741943,2.3382534980773926,-3.632855176925659,2.967820882797241,-7.869508743286133,4.862159252166748,-4.38712215423584,-1.3972588777542114,-1.2868211269378662,0.6629067659378052,-0.7267922759056091,0.9160305261611938,-4.580562114715576,2.4285478591918945,-1.6382869482040403,1.1817249059677124,-3.442909002304077,0.2179729789495468,-1.5970075130462646,1.9921633005142207
10,-186.65185546875,82.83634185791016,-36.911109924316406,9.480093955993652,-9.635422706604004,7.997868061065674,-4.290458679199219,8.484567642211914,-5.597479820251465,9.556015014648438,-7.197010517120361,1.6547603607177734,-3.518685340881348,1.2116310596466064,-12.272794723510742,-1.628357172012329,-8.450397491455078,-8.293661117553711,-3.708540678024292,-6.069690227508545,-4.480328559875488,2.166923761367798,-4.165798664093018,4.123589038848877,-7.775825977325439,5.914165019989014,-6.32523775100708,-0.5849438905715942,-1.3258719444274902,2.749004602432251,-0.7159377336502075,1.6203043460845947,-4.899134159088135,3.500842571258545,-2.068760395050049,-0.3660417795181274,-3.86349892616272,0.4048506617546081,-1.5071735382080078,2.67847228050232
10,-191.12579345703125,83.21742248535156,-30.14216423034668,17.025245666503906,-5.399853229522705,9.925545692443848,2.690873384475708,11.297260284423828,-2.678523063659668,11.629157066345217,-2.941194534301758,4.666956901550293,1.0050660371780396,1.6594616174697876,-11.569418907165527,-0.3046184778213501,-6.93356466293335,-6.801736354827881,-3.8843915462493896,-4.642305374145508,-4.46570348739624,3.44785737991333,-3.1448891162872314,4.3216729164123535,-5.217471599578857,5.527843952178955,-4.53330135345459,0.3072572946548462,-2.2096521854400635,3.108971357345581,-0.9954397082328796,1.7650136947631836,-3.544023275375366,2.607548236846924,-0.8283562660217285,1.0594520568847656,-3.690183639526367,2.124380350112915,-0.6688307523727417,2.424613237380981
10,-171.64183044433594,70.63581085205078,-26.128738403320312,16.855966567993164,-3.461822271347046,8.841999053955078,0.2977412045001983,7.687859058380127,-2.300016164779663,12.672956466674805,-1.4569817781448364,5.227919578552246,-0.8963135480880737,2.5514910221099854,-11.846264839172363,-3.565058946609497,-7.339485168457031,-9.13377285003662,-4.2671966552734375,-5.555622100830078,-7.039676189422607,-0.2660965025424957,-2.497478723526001,1.6446436643600464,-7.393956661224365,2.3076939582824707,-5.082671642303467,-0.4330992400646209,-1.688890814781189,1.9096412658691408,0.3167442381381988,0.9226741790771484,-5.54091215133667,2.930360078811645,-1.944635510444641,-0.4094879031181335,-4.610919952392578,1.0377378463745115,-2.8139331340789795,1.7950143814086914
10,-187.2238922119141,86.36273956298828,-16.18527603149414,23.030414581298828,2.800712823867798,15.658867835998535,2.784587860107422,7.965093612670898,-4.148451805114746,13.929320335388184,-1.2037527561187744,5.494330883026123,1.654871940612793,1.0934529304504397,-10.87652587890625,-0.5875633358955383,-7.058043479919434,-10.6217679977417,-3.0323259830474854,-7.209427356719971,-6.805342197418213,0.2562526762485504,-4.492970943450928,1.292630910873413,-10.604360580444336,1.7442177534103394,-9.299395561218262,-3.4669578075408936,-4.871558666229248,-0.9900979399681092,-2.941843748092652,-0.7487744688987732,-6.7372002601623535,2.9753308296203613,-1.429226279258728,-1.3194564580917358,-4.183135032653809,-0.9268611073493958,-3.743246555328369,0.4608642160892486
7,-439.57818603515625,80.2492904663086,-27.11993408203125,19.09674072265625,-14.14280891418457,-14.812139511108398,-7.164225101470947,-4.137329578399658,-36.11006546020508,6.218081951141357,-11.4951753616333,-2.925529956817627,-7.967288494110107,2.643446207046509,-15.319663047790527,9.585501670837402,-7.509097099304199,-3.137237787246704,3.810631513595581,1.0533076524734497,0.6669202446937561,10.8407564163208,4.490172863006592,3.934403657913208,-4.579976558685303,4.736464500427246,-3.013124704360962,2.4702744483947754,-6.745536804199219,-3.090664386749268,-3.251186847686768,-1.896227240562439,-2.1929678916931152,-2.00208044052124,-6.160054683685303,-1.014137864112854,-3.7209880352020255,4.777375221252441,-1.9350669384002688,2.971689224243164
7,-243.98431396484372,80.74037170410156,-28.345726013183597,15.081189155578612,-20.46130752563477,-13.169238090515137,-7.233967304229736,-4.879961013793945,-37.273193359375,3.890078067779541,-11.000160217285156,-3.3275957107543945,-9.299229621887209,1.4823238849639893,-11.994104385375977,8.784845352172852,-7.074388980865479,-3.3098907470703125,4.109664916992188,0.1902477890253067,1.1218016147613523,14.579957008361816,6.2175774574279785,3.5505428314208984,-4.925671577453613,3.066304922103882,-3.491544246673584,7.867446422576904,-0.8902815580368042,-1.659941554069519,-3.778074264526367,-5.0264081954956055,-4.309144973754883,-0.1017278134822845,-6.265578269958496,-0.1170405745506286,-3.839282751083374,2.3656015396118164,-0.3799407184123993,2.6010451316833496
7,-225.8668670654297,70.38246154785156,-26.12249755859375,21.260669708251957,-17.834993362426758,-11.307451248168944,-1.964183330535889,-3.149897336959839,-37.83759689331055,7.572012424468994,-11.67422866821289,-0.6927467584609985,-5.550057888031006,5.018707752227783,-13.009358406066896,11.20921230316162,-3.9953277111053462,-1.4872270822525024,4.188515663146973,2.5452048778533936,3.1559038162231445,12.142206192016602,6.202330112457275,3.663824796676636,-3.0221049785614014,4.640735149383545,-0.6149703860282898,4.924602508544922,-2.646417617797852,-1.6753675937652588,-4.176700592041016,-1.4114550352096558,-3.204437732696533,-0.5068743228912354,-6.712949275970459,-2.768540859222412,-3.938640117645264,3.1421422958374023,-4.809628486633301,0.6562389135360718
5,-188.0000915527344,137.61483764648438,-65.27113342285156,-44.74593353271485,-17.73823356628418,-4.691731452941895,-20.20189094543457,7.532258987426758,-3.56669282913208,-8.315154075622559,-6.140319347381592,-1.6266685724258425,-3.507342576980591,4.694784164428711,2.4061977863311768,10.162115097045898,-9.831777572631836,0.2427084147930145,-9.925830841064451,-4.579823970794678,-6.23850154876709,-5.112851142883301,-5.706824779510498,-2.9150967597961426,-8.070327758789062,-1.0790733098983765,-6.912795066833496,-3.0993666648864746,-5.9978508949279785,-0.8799504041671753,-4.10427188873291,2.2483906745910645,-4.036304473876953,-1.272925615310669,-5.239861488342285,-0.6522579193115234,-3.768466472625733,-1.855719804763794,-1.3329685926437378,0.7201893329620361
5,-196.095947265625,132.24777221679688,-72.31974792480469,-51.15910720825195,-22.007474899291992,-9.748422622680664,-29.379457473754883,0.9234468936920166,-12.152119636535645,-13.349990844726562,-6.952776908874512,-0.4001128673553467,-4.525576114654541,4.882971286773682,3.315218448638916,8.493997573852539,-9.651516914367676,1.325428485870361,-7.822441101074219,-2.8135406970977783,-5.578567981719971,-3.450894832611084,-6.054515361785889,-1.69380784034729,-6.128790378570557,0.7982551455497742,-5.862782955169678,-1.5408991575241089,-6.415092468261719,-1.54375159740448,-5.826328277587891,0.9515645503997804,-4.414574146270752,-0.2070512473583221,-4.7164812088012695,0.2993017435073852,-2.8162317276000977,-1.8128904104232788,-4.602184295654297,-0.7863207459449768
5,-176.15225219726562,129.70985412597656,-69.83760070800781,-53.09349060058594,-26.782943725585938,-12.194714546203612,-33.3443603515625,0.1217205077409744,-10.752330780029297,-10.053051948547363,-5.69338846206665,-5.662732601165772,-4.031574726104736,5.511024951934815,3.1975555419921875,8.327245712280273,-9.521075248718262,3.6187124252319336,-7.496101379394531,-4.544843673706055,-4.608833312988281,-3.855717897415161,-5.839315414428711,0.6614067554473877,-6.060989856719971,-0.1972320675849914,-5.609224319458008,-1.0026538372039795,-4.34247350692749,-0.9815269112586976,-6.311179161071777,1.969080924987793,-2.794327735900879,0.8519818186759949,-3.7093427181243896,0.6916989684104919,-2.615288019180298,0.6467952728271484,-1.7391350269317627,0.1378696858882904
5,-174.9098358154297,129.37005615234375,-70.47733306884766,-51.306888580322266,-25.600839614868164,-14.333024978637695,-33.01898956298828,1.4834976196289062,-9.73664379119873,-9.662738800048828,-5.6519389152526855,-4.347692966461182,-2.2351267337799072,5.670198440551758,1.2467676401138306,7.924337387084961,-8.879263877868652,3.0976362228393555,-6.662164211273193,-2.492185354232788,-5.187922477722168,-1.970365285873413,-3.212170124053955,1.2413665056228638,-5.976696014404297,0.0995281562209129,-5.402104377746582,-1.6614031791687012,-3.563589096069336,0.0318891480565071,-5.457038879394531,2.070749282836914,-3.0319855213165283,0.6900542974472046,-3.659527540206909,1.182810664176941,-2.1512906551361084,0.3488357961177826,-1.212555766105652,0.545024573802948
8,-181.15457153320312,124.01212310791016,0.6473819017410278,12.22614860534668,-18.36679458618164,3.684694766998291,-19.8310489654541,-3.04717230796814,-19.208038330078125,-5.185597896575928,-5.720518112182617,-10.232307434082031,-7.037290096282959,-0.6064918637275696,-7.232481002807617,-3.813242912292481,-5.563943862915039,3.275519132614136,-13.004488945007324,2.853994846343994,-5.404298782348633,-9.039715766906738,-3.4577972888946533,-0.5830673575401306,-3.790907621383667,3.614370107650757,-8.604927062988281,-3.218318462371826,-10.386860847473145,1.9495267868041992,-10.156744003295898,5.943288803100586,-6.135180473327637,4.176639080047607,-0.7535828948020935,-2.8043441772460938,-3.272972583770752,2.378387689590454,-7.663945198059082,3.851215362548828
8,-191.438720703125,136.22119140625,-5.487686634063721,11.171093940734863,-21.10088348388672,0.4603374600410461,-23.689571380615234,-4.578871726989746,-18.402915954589844,-3.795163869857788,-5.534412384033203,-9.180907249450684,-7.234623432159424,-2.816650152206421,-8.459546089172363,-2.8925163745880127,-6.638012886047363,4.624019145965576,-12.365604400634766,1.4829087257385254,-4.892431259155273,-9.6815767288208,-3.274851560592652,-1.3406720161437988,-2.9175915718078613,4.421291351318359,-7.718820571899414,-0.1241441816091537,-10.124940872192385,2.913801431655884,-6.946009635925293,6.38431978225708,-5.168789863586426,5.422173976898193,-2.8076400756835938,-1.0973970890045166,-2.6975202560424805,0.6678805947303772,-7.499533653259277,3.949401617050171
8,-158.10748291015625,114.8034896850586,-4.0962748527526855,11.167414665222168,-29.613445281982425,6.226659774780273,-19.824411392211918,1.830145478248596,-16.496492385864258,-2.989790439605713,-6.699429512023926,-10.85368537902832,-11.251444816589355,-5.284782409667969,-12.341548919677734,-4.845129489898682,-6.303632736206055,-0.5677906274795532,-15.53457736968994,1.9975143671035769,-5.682609558105469,-9.949960708618164,-0.8276674747467041,0.072886474430561,-3.766515493392944,3.629335165023804,-8.454066276550293,0.609652578830719,-8.035452842712402,5.483006954193115,-5.6964921951293945,7.666093349456787,-8.28420352935791,4.643347263336182,-4.175067901611328,-2.8362178802490234,-1.9992661476135252,3.1983776092529297,-5.970649719238281,7.058547019958496
8,-148.56629943847656,126.69232940673828,6.3350443840026855,13.93476390838623,-15.74362087249756,-2.034609317779541,-13.88815975189209,-2.2476115226745605,-13.075237274169922,0.2305512577295303,-6.924957752227783,-4.947245597839356,-4.932961463928223,-0.6365599036216736,-6.249827861785889,-2.4444169998168945,-6.024306774139404,-4.305154800415039,-13.50617504119873,0.8127086162567139,-8.459226608276367,-3.487648725509644,-4.890159130096436,-3.237545251846313,-2.272761821746826,4.282630920410156,-8.052075386047363,-0.924505889415741,-5.47789192199707,3.42297887802124,-8.578195571899414,7.634404182434082,-8.693998336791992,4.614919185638428,-2.2214181423187256,-1.0911320447921753,-3.1036722660064697,2.5172853469848637,-7.687605857849121,2.158884763717652
8,-130.48870849609375,112.15570831298828,7.369793891906738,10.755839347839355,-18.020732879638672,1.2076706886291504,-15.461917877197266,-1.3377281427383425,-17.175369262695312,-6.58087968826294,-8.088257789611816,-9.920140266418455,-8.125749588012695,-0.8724672198295593,-7.532124042510986,-3.109377145767212,-3.073194980621338,-0.9332218766212464,-11.29668140411377,5.234205722808838,-5.0769362449646,-2.331939458847046,-2.954496145248413,-1.0700712203979492,-3.324648380279541,2.9883501529693604,-7.634012222290039,-2.754811286926269,-6.843091011047363,5.409790515899658,-7.351078510284424,9.041177749633787,-8.026116371154785,3.1598012447357178,-0.9391661286354064,-2.9872121810913086,-2.336710929870605,2.41286849975586,-9.99789333343506,3.518714427947998
8,-130.2354736328125,87.77052307128906,6.400468349456787,18.04826164245605,-22.57933235168457,9.131522178649902,-16.04680633544922,-1.9503111839294436,-17.52573013305664,-5.98453426361084,-5.763810157775879,-10.015989303588867,-8.671640396118164,2.1128666400909424,-6.274044513702393,-4.364956378936768,-2.1235721111297607,3.0764145851135254,-15.192876815795898,3.8051772117614746,-5.115252494812012,-8.666271209716797,-2.765747308731079,2.343469858169556,-3.284564256668091,0.9840785264968872,-6.977602481842041,-2.7492330074310303,-12.23001480102539,2.2126827239990234,-10.59972858428955,7.062901973724365,-7.336350440979004,3.89631462097168,-0.7213784456253052,-2.744321346282959,-3.8648202419281006,3.632508993148804,-9.614274978637695,4.973369598388672
7,-356.38555908203125,153.67340087890625,-31.45096206665039,45.44378280639648,10.020966529846191,35.25537109375,18.72198486328125,10.681657791137695,13.083645820617676,7.210376262664795,-6.8420233726501465,-0.1389442384243011,-0.9355859756469728,9.130159378051758,0.0538208596408367,-0.8728719353675842,0.0412934757769107,-0.0015414021909236,-6.807506084442139,1.8806105852127075,-4.166322231292725,-1.6945866346359253,-2.0610511302948,0.5160230398178101,-4.0654144287109375,1.4964412450790403,0.7344151735305786,1.9675307273864744,-3.663427591323853,2.7755820751190186,-2.475740432739258,-2.070854425430298,-2.016852140426636,-0.7581766247749329,-7.054640769958496,-1.8568251132965088,-1.4820047616958618,-1.300291895866394,-3.7695045471191406,0.2720201909542084
7,-270.4251708984375,177.06631469726562,-60.05030822753906,21.83321189880371,-6.787563800811768,21.578950881958008,0.5522536635398865,7.800297260284424,16.319547653198242,1.267717719078064,-5.582594871520996,-3.383908748626709,3.849018812179565,5.167828559875488,1.2255229949951172,0.8774616718292236,-2.576091051101685,-2.780101537704468,-2.958308696746826,-1.91942298412323,-4.848313808441162,-5.231140613555908,-3.456942319869995,-4.740091800689697,-0.7640911936759949,-1.3806012868881226,-0.0957140624523162,2.9803452491760254,-1.000063180923462,-1.3792575597763062,-2.241579532623291,1.2010852098464966,-0.6269245743751526,-1.8334375619888303,-0.8480589985847473,0.3181261122226715,-0.8666433691978455,-1.482082486152649,-1.2870564460754397,-0.6615448594093323
7,-279.33465576171875,168.12026977539062,-44.72309112548828,10.170289993286133,1.983025312423706,32.60636901855469,-7.867352962493896,-0.0452453568577766,15.856773376464844,-0.6964701414108276,-8.253279685974121,-0.4046478867530823,9.504616737365724,9.334609031677246,0.2461273372173309,-4.062360763549805,-6.980270862579346,-4.8242716789245605,-2.064238309860229,-5.410939693450928,-8.619946479797363,-3.055838108062744,-1.8649874925613403,-6.294236183166504,-4.804352760314941,-4.018823146820068,0.7064962983131409,3.5005204677581787,-2.6817049980163574,-2.8372809886932373,-3.3437020778656006,-1.4365365505218506,0.3637165129184723,-1.4293034076690674,-3.5607621669769287,-0.9029772877693176,1.8218095302581787,-2.0512731075286865,-2.9610812664031982,0.5960099101066589
7,-306.2567749023437,146.50625610351562,-35.266414642333984,42.82761001586914,9.111993789672852,29.811601638793945,7.2272562980651855,13.426477432250977,12.731891632080078,2.653080463409424,-5.855000019073486,2.279024124145508,-3.783618688583374,-1.007414937019348,-9.299890518188477,-5.414917469024658,-4.316010475158691,-0.2246840298175811,-4.887899398803711,-4.425776481628418,-5.750323295593262,0.3069672286510467,-1.633068323135376,-2.1930923461914062,-4.966945171356201,-2.643228054046631,-4.312435150146484,-0.8922235369682312,-2.26649808883667,-0.1581429988145828,-3.427907943725586,-1.5418766736984253,-1.5722962617874146,-2.255629777908325,-3.626638174057007,-1.2146683931350708,-2.8239905834198,-1.2753344774246216,-1.4713406562805176,-1.0037778615951538
5,-272.2344055175781,114.50762939453124,-17.81524085998535,-5.843012809753418,-2.2418227195739746,3.4528653621673584,-19.0723876953125,-1.2864164113998413,8.404309272766113,-9.487664222717283,-14.877201080322266,-5.116256237030029,1.0127415657043457,10.313097953796388,6.622941017150879,6.155792713165283,-1.59430992603302,-5.874073505401611,0.040601696819067,0.1157599687576294,-3.067137718200684,-0.7456340193748474,-1.1100975275039673,-0.6471140384674072,-3.597031116485596,-3.4740653038024902,-2.58011794090271,-0.3234353363513946,-3.0846824645996094,-0.4787827730178833,-1.270941972732544,-1.05311119556427,-1.808578968048096,-0.0192746948450803,-1.0266950130462646,-1.554024577140808,-0.0960368812084198,1.811172604560852,-1.3924480676651,-0.3475953042507171
5,-335.379638671875,123.80622100830078,-15.825304985046388,-11.375019073486328,4.268805503845215,0.5239855647087097,-31.45005989074707,-3.752746820449829,9.563347816467283,-11.20087432861328,-13.834114074707031,-5.394744396209717,-2.028082609176636,3.6611440181732178,5.847914695739746,6.9913649559021,-0.3587599694728851,-6.4662628173828125,-2.8723742961883545,-1.5084526538848877,-3.0497066974639893,-2.284318447113037,-2.0564165115356445,0.143456146121025,-1.216185212135315,-5.997900009155273,-4.698754787445068,-1.2753671407699585,-3.845316171646118,-3.1918461322784424,-2.2339792251586914,0.9865992665290833,-1.1249746084213257,-1.4219850301742554,-1.2628743648529053,-2.395344018936157,1.0213470458984375,1.7129825353622437,-0.804176390171051,-1.161846160888672
5,-327.0911865234375,118.20126342773438,-8.517765045166016,-9.413374900817873,3.796990633010864,-2.3592729568481445,-33.668853759765625,-6.78611946105957,7.697971820831299,-9.61654281616211,-8.903346061706543,-3.1849071979522705,-1.235706090927124,0.240861490368843,2.2283949851989746,6.130445957183838,2.730980634689331,-1.5828180313110352,-3.76224946975708,-0.6861392855644226,-3.3896470069885254,-4.394731521606445,-1.4069256782531738,0.0142638674005866,-0.1232678219676017,-5.01118803024292,-5.672745227813721,-0.696701169013977,-2.4847536087036133,-3.1762421131134038,-1.942685842514038,2.515482187271118,1.13639235496521,-0.8112790584564209,-0.3330821990966797,0.5553699731826782,1.7521517276763916,0.8433041572570801,0.7646875381469727,-1.2375540733337402
7,-221.3354339599609,98.3296127319336,7.011379241943359,21.259382247924805,-2.698690891265869,17.126548767089844,7.131696701049805,6.111072540283203,1.039896845817566,16.296680450439453,1.4341769218444824,-6.474627494812012,5.447424411773682,12.849847793579102,-6.611572265625,5.550941467285156,-2.1574854850769043,-0.030703505501151,3.3285763263702397,0.5183271169662476,-5.796219348907471,6.329080581665039,1.720958948135376,6.401611328125,2.8875417709350586,6.759586334228516,-1.5104281902313232,1.6618276834487915,1.2145496606826782,2.389317750930786,-1.0045816898345947,7.291650772094727,-0.3078703880310058,2.338771104812622,-1.9093104600906368,2.3008873462677,-3.669808864593506,-0.5274832844734192,-4.268054962158203,-5.043392658233643
7,-240.3544464111328,105.11700439453124,-2.0128159523010254,19.881771087646484,-3.724366188049317,11.60666561126709,7.433567047119141,5.688007831573486,-0.570187509059906,17.728837966918945,0.9277225732803344,-5.370214462280273,6.19087553024292,11.643259048461914,-4.867583274841309,7.855406761169434,-1.85248064994812,-0.4803093671798706,2.5502676963806152,1.974444031715393,-5.092956066131592,6.818640232086182,-0.6029459238052368,6.0603861808776855,4.341922283172607,6.176146984100342,-0.7661789059638977,4.048778533935547,1.3168914318084717,4.379258155822754,-0.8998490571975708,7.2255167961120605,-1.364142894744873,3.9404819011688232,0.1858650594949722,4.390361309051514,-2.1285221576690674,0.4060347974300384,-4.304051876068115,-3.802176952362061
10,-493.4034423828125,163.07069396972656,11.89353084564209,-8.45742130279541,1.89777946472168,12.326530456542969,5.54386043548584,11.001402854919434,6.822444915771484,13.92564582824707,12.119608879089355,18.058460235595703,11.65993881225586,12.848435401916504,0.712939977645874,-0.5735806822776794,-4.536328315734863,4.377996921539307,0.7829870581626892,3.964395046234131,0.8578798770904541,5.632032871246338,1.131670594215393,6.550716400146484,2.570441007614136,5.313415050506592,-2.610494375228882,-1.202263116836548,-5.023636341094971,0.6600740551948547,-2.346220016479492,0.9801195859909058,-2.0644214153289795,3.4386911392211914,0.0117615051567554,0.0300410501658916,-4.162044525146484,-0.559459924697876,-3.2173497676849365,-0.7210351228713989
5,-26.08226203918457,151.30662536621094,-10.253074645996094,36.88614273071289,6.075066089630127,-0.9175277352333068,-2.3786418437957764,1.950763702392578,-9.727286338806152,5.233530044555664,-4.820498943328857,-6.104037761688232,-9.67214298248291,-1.8806129693984983,-12.677740097045898,0.6411808729171753,-8.014893531799316,-3.3948862552642822,-3.11314058303833,3.701805591583252,-2.022681951522827,5.130548000335693,-6.844554424285889,6.599034309387207,-2.5351195335388184,4.149960041046143,-2.930039882659912,5.4958815574646,3.0281050205230717,4.092387676239014,-1.9910385608673096,4.269476413726807,0.099338948726654,5.379735946655273,-1.8058470487594604,3.397799015045166,-2.15864896774292,3.96315598487854,-1.0307848453521729,2.769638538360596
5,-34.35684967041016,158.16629028320312,-5.21046781539917,34.842750549316406,4.1175055503845215,-1.2885533571243286,-1.7483315467834473,1.7458503246307373,-9.816903114318848,4.933914661407471,-4.774113655090332,-6.941084384918213,-9.3915376663208,-2.6632213592529297,-11.06548309326172,-0.4939942061901092,-8.699616432189941,-1.9981770515441892,-3.177765369415283,3.984411001205444,-0.1199773922562599,4.257508277893066,-6.115259170532227,7.29252290725708,-2.11288857460022,3.5763447284698486,-2.9603586196899414,5.09913969039917,2.257576704025269,4.059212684631348,-0.2536408603191376,3.7362794876098633,-0.0076911132782697,5.276853084564209,-0.6981215476989746,4.117616653442383,-1.018553614616394,4.162303924560547,-0.2969208061695099,3.3678464889526367
5,-55.68138122558594,147.81109619140625,-10.91547679901123,40.90488815307617,3.2808728218078613,-4.6171698570251465,-5.533992767333984,-6.398121356964111,-12.467432022094728,0.8504201173782349,-8.501070022583008,-13.534920692443848,-10.410354614257812,-4.724641799926758,-16.218650817871094,-5.193775653839111,-12.096177101135254,-8.324444770812988,-8.953197479248047,-4.674715995788574,-7.80331563949585,1.0444265604019165,-7.475044727325439,-0.1209581419825553,-4.386008262634277,4.075843811035156,-3.8182358741760254,1.7200968265533447,1.6476808786392212,4.765316486358643,0.2717202603816986,3.560661792755127,1.239641189575195,3.1760873794555664,-0.3355739712715149,3.945950984954834,-0.9680304527282716,2.1275746822357178,0.7689929604530334,2.414177179336548
5,-97.7870635986328,163.67996215820312,-15.907076835632324,43.61930465698242,3.3762686252593994,-4.959750175476074,3.951029300689697,2.497665882110596,-11.725574493408203,4.957629680633545,-7.346583843231201,-7.372815608978271,-3.622178316116333,-2.450901508331299,-16.325387954711914,0.7853702306747437,-4.69612455368042,-0.1016397848725318,-2.242783784866333,-3.750561237335205,-1.5409609079360962,4.884641170501709,-5.349251747131348,2.520437717437744,-1.103830337524414,6.39601993560791,2.9746463298797607,4.445202350616455,0.9240602850914,4.162237644195557,2.645284652709961,4.213997840881348,0.9445820450782776,3.735886335372925,-1.550074577331543,2.4013478755950928,1.357289433479309,1.6920974254608154,-0.9004373550415039,4.506407737731934
5,-73.47737121582031,148.3271942138672,-15.05344295501709,43.40446090698242,5.413321495056152,-2.5241589546203613,4.00515079498291,4.583276271820068,-8.955806732177734,6.558183193206787,-4.301084041595459,-6.197055339813232,-2.6434011459350586,-1.8808438777923584,-16.051851272583008,1.5964157581329346,-4.130209445953369,1.2407236099243164,-0.9086040258407592,-2.0491576194763184,2.009148120880127,6.328562259674072,-6.922240734100342,3.505054712295532,-0.1730341017246246,5.58076286315918,2.504611730575561,5.57966947555542,0.5212454199790955,4.670498847961426,0.9899216890335084,4.69535493850708,1.3735591173171997,4.868858337402344,-1.40992534160614,2.084860324859619,1.1380441188812256,2.720694065093994,-1.155661702156067,4.2215447425842285
5,-108.52894592285156,168.75767517089844,-21.98954963684082,46.71529006958008,11.32573413848877,2.418886184692383,1.7834843397140503,4.200277805328369,-7.892616271972656,8.559560775756836,-4.1722092628479,-8.436466217041016,-4.360466003417969,-2.117957592010498,-11.479445457458496,1.5972275733947754,-3.875430822372437,0.5403896570205688,1.1433753967285156,-2.183351755142212,-0.7037265300750732,7.071396350860596,-2.361518383026123,2.7185347080230717,0.8598342537879944,6.660950660705566,2.840629816055298,2.666198492050171,2.408200979232788,4.848529815673828,2.711893320083618,1.0302876234054563,1.2626254558563232,3.906071901321411,-0.2883258759975433,2.0493221282958984,1.3248984813690186,0.7236746549606323,-1.3812311887741089,3.616132497787476
7,-105.33155822753906,144.0511932373047,-29.54758071899414,24.796628952026367,-4.70321798324585,-5.7195143699646,-5.343673706054688,-0.5998739004135132,-9.360321044921877,13.583393096923828,1.1353919506072998,-0.813103973865509,-4.832826137542725,-4.639174461364746,-15.44786262512207,-0.8091261982917786,-13.571550369262695,-0.7510773539543152,1.542294144630432,-6.324769020080566,-6.043051242828369,-6.045405387878418,-10.024513244628906,4.509798526763916,-1.7652896642684937,2.444240093231201,-1.2533469200134275,4.209025859832764,-0.0349764078855514,-2.011173725128174,-5.008137226104736,-0.4118064045906067,3.2419064044952397,10.336421966552734,2.559976100921631,4.204456329345703,3.681528806686402,3.0408172607421875,-2.4803833961486816,0.7102882266044617
7,-75.9344711303711,142.10287475585938,-28.165433883666992,23.922908782958984,-10.3085298538208,-6.9924726486206055,-5.9689459800720215,-2.2357048988342285,-12.197280883789062,12.410900115966797,0.2204101234674453,-0.756689190864563,-7.327515125274658,-5.759377479553223,-18.899065017700195,-2.3576555252075195,-14.32878303527832,-1.1960850954055786,-1.332896113395691,-7.732876300811768,-8.847359657287598,-10.617412567138672,-14.446709632873535,3.307454824447632,-2.259068250656128,2.017836809158325,-2.408485651016236,4.263654708862305,-2.492192029953003,-4.306845188140869,-7.598179817199707,-0.3795259594917297,2.241663932800293,9.16767692565918,1.789858102798462,3.921412467956543,3.108175039291382,2.457205295562744,-3.8319787979125977,0.8782235980033875
7,-124.4930648803711,161.45106506347656,-16.53725814819336,35.82331466674805,3.300878524780273,2.7999987602233887,5.805652618408203,9.75763988494873,1.3306549787521362,19.423397064208984,10.690315246582031,8.937347412109375,4.610507011413574,1.7191424369812012,-10.04538917541504,4.1799492835998535,-5.891700267791748,6.6904706954956055,6.565797328948975,-2.7396843433380127,-2.0609705448150635,-5.0929131507873535,-10.637389183044434,5.40537166595459,0.3337750136852264,5.927413463592529,4.0441741943359375,4.676145553588867,0.1719799190759658,-0.5745871663093567,-2.06162691116333,2.4221158027648926,3.195141077041626,6.977019786834717,3.542191982269287,6.1382598876953125,3.651377677917481,1.1077390909194946,-2.677884340286255,0.1107041463255882
7,-54.12290954589844,140.89593505859375,-33.07952117919922,26.04468536376953,-10.453035354614258,-7.166608333587647,-8.772603034973145,-2.911069869995117,-13.499070167541504,10.500117301940918,-2.050067186355591,0.0460783466696739,-5.91649866104126,-5.982727527618408,-19.213104248046875,-2.8529915809631348,-16.03205108642578,-1.0050804615020752,-3.435295343399048,-7.838174819946289,-9.014101028442385,-11.992008209228516,-17.423940658569336,1.895205855369568,-4.895649433135986,1.0493030548095703,-1.4875866174697876,3.525270938873291,-3.784318685531616,-4.120057106018066,-7.83915376663208,1.5040591955184937,2.437126636505127,7.9183030128479,-0.4187309741973877,3.8498027324676514,3.353445053100586,2.0415914058685303,-4.627599239349365,0.8499290347099304
7,-101.69312286376952,160.09857177734375,-31.05071830749512,28.011831283569336,-10.445695877075195,-7.822383403778076,-3.204086303710937,1.5733002424240112,-10.2749605178833,12.487043380737305,3.9234700202941895,2.55776309967041,-1.7178683280944824,-2.42785382270813,-17.398971557617188,-2.820735454559326,-11.777586936950684,4.098658561706543,2.2164852619171143,-3.577622652053833,-5.538112640380859,-9.101139068603516,-11.89601993560791,1.2964924573898315,-2.5122299194335938,6.277630805969238,4.623456954956055,5.146561145782471,-2.237473249435425,-3.9307663440704346,-4.473783016204834,0.691432774066925,1.3990751504898071,5.127042293548584,3.276036500930786,6.449699401855469,3.4438586235046387,2.846489429473877,-0.2666113972663879,0.2869462370872497
7,-112.29522705078124,161.63131713867188,-21.96170425415039,37.09537124633789,-1.506283402442932,-1.450703501701355,1.8804811239242556,8.246664047241211,-5.043056488037109,17.09246826171875,8.619790077209473,8.351715087890625,4.6543965339660645,1.7287107706069946,-14.42662239074707,-0.9359601140022278,-10.021773338317873,6.269384384155273,6.418917655944824,-2.436488628387451,-2.055353879928589,-8.050415992736816,-10.631457328796388,2.988826036453247,-0.5933213829994202,5.094420433044434,4.119473457336426,5.161223888397217,-2.4500749111175537,-2.948864459991455,-2.5870730876922607,1.2285560369491575,3.878657579421997,7.440980911254883,1.7322604656219482,5.283542156219482,4.331799030303955,2.9823358058929443,-0.944092333316803,0.5146149396896362
8,-145.8134002685547,190.30088806152344,-71.20086669921875,77.35261535644531,5.417858600616455,8.239720344543457,33.778907775878906,-7.333427429199219,34.14247131347656,3.100581407546997,2.8206138610839844,15.098673820495604,-15.55852222442627,11.829219818115234,-0.0589223727583885,-1.5909144878387451,11.098528861999512,-10.600787162780762,5.970749378204346,-0.5127002000808716,-4.478992462158203,6.919647693634033,-6.423286437988281,5.866526126861572,1.956088304519653,-2.7790629863739014,5.150270462036133,-6.712194919586182,2.158547163009644,0.4770576357841491,-3.752761602401733,3.625551700592041,-5.318742275238037,2.1176586151123047,1.4711880683898926,-3.704367399215698,2.975978136062622,-3.951651096343994,0.7656281590461731,0.7960761189460754
8,-148.74905395507812,185.8337860107422,-60.21734237670898,72.96625518798828,9.021157264709473,10.297572135925291,33.25904083251953,-4.422523021697998,32.90045928955078,4.950585842132568,3.2182891368865967,13.934415817260742,-13.605207443237305,11.20172882080078,0.0294570159167051,-2.2534687519073486,10.05683135986328,-9.021037101745604,6.109372138977051,0.3770985305309295,-3.9429914951324463,6.718651294708252,-5.78635311126709,4.47257137298584,1.0365029573440552,-3.4320878982543945,4.764337062835693,-5.787469387054443,1.6789923906326294,0.6220425963401794,-3.3780338764190674,4.110641956329346,-4.205445766448975,0.6774501204490662,0.1479716300964355,-4.023364067077637,2.808946371078491,-3.2229883670806885,0.5237409472465515,0.8421422243118286
8,-149.7402801513672,178.10279846191406,-53.86197280883789,68.43685150146484,11.347389221191406,11.992271423339844,36.1347885131836,0.5174327492713928,29.89560317993164,3.379658937454224,3.7412190437316895,15.489182472229004,-10.80591106414795,11.14928150177002,0.6307410001754761,-3.998678207397461,8.271493911743164,-6.5719499588012695,7.252694129943848,0.9474800229072572,-4.292287349700928,5.78061580657959,-5.410453796386719,4.268709182739258,1.9757143259048464,-2.929903507232666,4.638436794281006,-4.774528503417969,1.691890835762024,0.6509221196174622,-3.980686902999878,3.496603012084961,-3.53676986694336,0.4438150823116302,0.2660621106624603,-4.185050010681152,2.6306324005126958,-2.148893117904663,0.3569074273109436,0.5857301950454712
8,-143.0933074951172,187.3129730224609,-70.20755004882812,75.54270935058594,8.06087589263916,8.947346687316895,30.535791397094727,-9.738073348999023,33.12533187866211,3.709442377090454,2.044781446456909,14.478105545043944,-13.559701919555664,13.444080352783203,0.3123761713504791,-1.441026210784912,13.621573448181152,-7.228207111358643,6.533630847930908,-0.7651568651199341,-5.083170413970947,6.158606052398682,-6.728585720062256,4.908931255340576,1.8761953115463257,-2.030919551849365,5.967919826507568,-5.724998950958252,2.1513381004333496,-0.0070702345110476,-4.153988361358643,4.13668155670166,-4.199154853820801,1.726864218711853,0.7154664397239685,-3.9469597339630127,3.2482893466949463,-2.7582597732543945,1.345702052116394,1.0744181871414185
8,-149.20118713378906,180.0794219970703,-65.33515167236328,76.51177215576172,12.59302043914795,12.851391792297363,33.56010437011719,-6.115600109100342,33.51436233520508,4.494706153869629,2.803073644638061,15.816682815551758,-13.164137840270996,10.985678672790527,0.8962329626083374,-1.0343017578125,10.765912055969238,-9.681989669799805,5.423950672149658,0.9426183700561525,-3.946914196014404,4.3619818687438965,-8.29297161102295,3.9173567295074463,1.2499200105667114,-3.1336655616760254,4.963118076324463,-5.628162384033203,1.4443131685256958,-0.5716646909713745,-3.387661933898926,5.234583377838135,-3.8822503089904794,1.1300952434539795,0.5192797780036926,-4.263444423675537,2.779861688613892,-3.450054407119751,-0.4139150977134704,-0.2642325162887573
8,-142.66343688964844,185.13275146484372,-79.24620819091797,77.91343688964844,5.790690898895264,4.300248622894287,28.708467483520508,-7.398670196533203,38.832313537597656,4.649242877960205,3.0786681175231934,15.794748306274414,-15.770132064819336,12.587109565734863,-0.638608455657959,-3.703812837600708,10.693530082702637,-8.547327995300293,8.99333381652832,0.3629731833934784,-5.137025356292725,6.959722518920898,-6.725388050079346,4.365916728973389,1.295934557914734,-0.5365839004516602,7.716795444488525,-6.034980773925781,2.6120755672454834,1.2187983989715576,-3.105930805206299,4.236778259277344,-4.6326422691345215,1.9248762130737305,-0.31714528799057,-4.838557720184326,3.0409860610961914,-4.116034030914307,0.3202016055583954,0.3503960371017456
8,-144.9241485595703,183.765869140625,-72.45846557617188,77.97222137451172,5.301285743713379,5.547572135925293,31.98000907897949,-6.587094306945801,35.00724792480469,3.461909532546997,2.909242391586304,15.50481128692627,-14.74863338470459,11.775280952453612,-1.584721565246582,-3.741711139678955,11.180376052856444,-7.836244106292725,8.093756675720215,-0.2636740207672119,-4.899935245513916,7.521796703338623,-4.743952751159668,6.23237419128418,1.3292324542999268,-2.0723185539245605,6.308839797973633,-6.985620021820068,1.4235237836837769,1.0402151346206665,-3.117893934249878,2.9117720127105717,-5.813718318939209,2.313525676727295,1.0761229991912842,-3.909760236740112,3.574667453765869,-4.439463138580322,-0.9351552128791808,0.0200397223234176
5,-407.0101013183594,82.2332534790039,21.894927978515625,-5.142477989196777,-18.82986068725586,5.610239505767822,3.711844921112061,9.156831741333008,-5.314590930938721,1.805957913398743,-5.867848873138428,4.968912124633789,2.710329294204712,5.5022711753845215,1.6736228466033936,3.309409618377685,8.225543975830078,3.3421072959899902,-4.066755294799805,1.07384991645813,3.874971628189087,3.564897060394287,3.977737426757813,5.095337867736816,0.3073337078094482,-0.3112843334674835,-2.218434810638428,2.261186122894287,3.778375387191773,3.743011951446533,3.612675428390503,3.843202590942383,1.5761936902999878,0.0139417359605431,-0.1413550525903701,1.9866101741790767,-2.1691014766693115,1.1098854541778564,-0.348369687795639,-0.6047082543373108
5,-390.3849487304688,98.29862213134766,10.306007385253906,-17.600187301635742,-16.82622528076172,8.022655487060547,-1.5030527114868164,5.026979446411133,-7.506740570068359,-1.914692521095276,-5.704522132873535,0.757774293422699,0.4390586912631988,9.502572059631348,2.295349597930908,4.907218933105469,6.66689395904541,4.138486385345459,-1.8792128562927248,2.752610206604004,2.531907558441162,4.837367057800293,5.259340763092041,4.986846446990967,-0.6774125099182129,-2.336993932723999,0.314578503370285,4.862910270690918,3.3322300910949707,1.2928240299224854,-1.2139352560043335,3.607135534286499,3.4763734340667725,6.721532821655273,2.836448431015014,2.974321126937866,-1.3185697793960571,-0.2795847654342651,-1.3277500867843628,-0.6403235197067261
5,-392.552978515625,101.88568115234376,3.666392087936402,-10.854373931884766,-12.312891960144045,2.07651424407959,-12.74176788330078,-0.6635594964027405,-9.855072021484377,-4.000651836395264,-5.286204814910889,-2.8162009716033936,-4.289621829986572,5.0367960929870605,-0.0982028618454933,9.08817195892334,8.47961711883545,6.459980010986328,0.3300640285015106,0.6552414298057556,2.242758512496948,1.6801671981811523,0.1655585169792175,2.440166473388672,2.5171706676483154,1.6755714416503906,-1.5029315948486328,2.985313415527344,3.3855345249176025,2.397878408432007,1.7212281227111816,3.748077392578125,0.3924545347690582,1.7587984800338743,-0.9832151532173156,3.968992948532105,-0.4279206097126007,-1.3435262441635132,-0.8824665546417236,0.9580028653144836
5,-381.2896728515625,95.6779556274414,10.48705005645752,-10.119545936584473,-15.175972938537598,1.6267462968826294,-15.031668663024902,5.898842811584473,-7.292935371398926,-9.380574226379396,-5.330757141113281,-2.312398195266724,-3.639701843261719,8.838680267333984,-2.3359386920928955,10.015109062194824,6.477386951446533,2.6120717525482178,-0.6034433841705322,0.9992787837982178,2.8546199798583984,1.0072191953659058,3.850270748138428,5.844459533691406,4.13031005859375,3.694265842437744,-0.4076925218105316,1.241435408592224,-1.378195881843567,1.7958306074142456,1.1415804624557495,3.563643455505371,2.476205348968506,1.902612566947937,-1.137303113937378,4.745046138763428,-0.4789783954620361,0.3617269098758697,-0.6584151387214661,0.2314008474349975
7,-524.6763305664062,84.61373901367188,0.6966609358787537,-23.75928497314453,-25.26580238342285,-12.272215843200684,-15.127967834472656,-7.103200912475586,-13.473170280456545,-13.922907829284668,-8.709528923034668,-6.816310882568359,-2.689091920852661,1.142622709274292,-2.0522806644439697,2.218397378921509,3.560149669647217,4.300535202026367,0.0356202758848667,-1.7547765970230105,-0.4934943616390228,0.5772122144699097,0.6549659967422485,0.6137414574623108,2.930005550384521,1.5531914234161377,-1.5918800830841064,1.3251835107803345,1.1214087009429932,1.4968376159667969,2.2651052474975586,3.776133537292481,3.0365636348724365,1.1340869665145874,-1.173243761062622,-0.2544144093990326,-0.9185375571250916,-0.6037096381187439,-0.8697543144226074,-2.0493736267089844
7,-489.6783752441406,81.17977905273438,-5.53031063079834,-24.991622924804688,-25.138019561767575,-9.456546783447266,-13.464253425598145,-6.989447593688965,-13.700571060180664,-15.022537231445312,-8.706976890563965,-6.313824653625488,-2.9560365676879883,2.357329130172729,-2.094636917114258,2.5935778617858887,2.160341262817383,1.6211448907852173,-3.8646061420440674,-3.386654853820801,-0.8142788410186768,0.738481879234314,2.605771541595459,2.9745373725891118,7.045058727264404,2.6045353412628174,-1.267711162567139,1.1378573179244995,0.1349482834339141,1.1281501054763794,1.1032991409301758,3.460043430328369,2.1473701000213623,-0.0339933969080448,-0.7691295742988586,0.8258220553398132,-2.262292861938477,-2.2731683254241943,-2.915130138397217,-2.81022572517395
7,-421.289306640625,88.15369415283203,-10.09038543701172,-34.5455322265625,-26.391002655029297,-8.596405982971191,-18.218542098999023,-13.125284194946287,-19.76849365234375,-19.87360382080078,-12.256535530090332,-8.307757377624512,-1.5012024641036987,7.027049541473389,1.5069069862365725,5.215113639831543,5.975265502929688,0.3717013895511627,-7.269101619720459,-4.38287353515625,-1.838423728942871,0.2355971485376358,2.5018343925476074,3.715471029281616,6.553862571716309,3.682918548583984,0.4584348797798157,4.269502639770508,1.8347351551055908,1.4858320951461792,2.0808584690093994,3.3655731678009038,0.8031068444252014,-2.545037269592285,-2.9610867500305176,-1.4373029470443726,-4.190782070159912,-1.2093472480773926,-1.2165987491607666,-2.359734535217285
9,-90.3717269897461,-41.36042785644531,-49.856590270996094,-17.57007598876953,-21.821502685546875,8.945945739746094,-2.1935131549835205,-12.158095359802246,-12.860175132751465,1.0092675685882568,1.9261878728866575,11.273721694946287,9.578533172607422,-2.2174909114837646,3.7135748863220215,14.550259590148926,5.218993663787842,5.206915855407715,-4.654721260070801,5.687444686889648,5.34960412979126,8.353181838989258,1.9917917251586916,7.104607582092285,2.601327657699585,0.8602287769317627,-0.9025876522064208,4.98118782043457,2.376750230789185,-3.205836534500122,-3.670480966567993,-4.407955646514893,-1.1556683778762815,5.089449882507324,2.826213121414185,3.5257785320281982,-1.0711382627487185,5.33406925201416,-2.0001611709594727,7.213856220245361
9,-113.21279907226562,-66.83888244628906,-65.16401672363281,-31.21920585632324,-33.87562561035156,-2.526369333267212,-9.61941909790039,-20.520605087280277,-7.157994747161865,11.777323722839355,13.327163696289062,19.633886337280277,8.46196460723877,-6.956415176391602,0.5364718437194824,9.23830795288086,5.516567707061768,4.586153984069824,-3.57080602645874,5.585425853729248,4.764987945556641,13.58669376373291,9.487369537353516,15.902324676513672,8.634057998657227,10.560943603515623,6.718533992767334,11.931925773620604,7.310084342956543,3.051885843276977,-2.443730115890503,-0.5478999614715576,1.6909949779510498,3.9952683448791504,3.799283266067505,5.822939872741699,-2.1366219520568848,8.905501365661621,0.6413917541503906,10.423802375793455
9,-230.03298950195312,-77.28431701660156,-64.03740692138672,-23.113964080810547,-28.05499839782715,12.309378623962402,0.4561130404472351,-18.2656307220459,6.218640327453613,24.63669204711914,22.98141098022461,32.242271423339844,9.823087692260742,-3.143320083618164,4.383540153503418,18.4901180267334,7.441910266876221,0.186375692486763,-7.451614856719971,4.696477890014648,-0.8890333771705627,13.292752265930176,14.140166282653809,17.645429611206055,11.614090919494627,6.473209381103516,2.839158296585083,17.210229873657227,11.446228981018066,7.046919345855713,-2.3806815147399902,1.9443767070770264,3.206923484802246,3.9641988277435294,2.6635313034057617,5.0967698097229,-0.9496517777442932,4.697176456451416,-3.752702236175537,6.0685858726501465
9,-157.86866760253906,-52.16497039794922,-44.08434295654297,-11.554356575012209,-22.15738296508789,14.585679054260254,-0.6222107410430908,-20.870853424072266,-6.768067359924316,8.112038612365723,6.588031768798828,14.708155632019045,1.2080944776535034,-13.405617713928224,-2.5422298908233643,11.2966947555542,3.8572962284088135,-0.4781053960323334,-9.759324073791504,0.335536777973175,-1.3822404146194458,8.576310157775879,1.8126224279403689,10.90363311767578,3.979168176651001,3.595177173614502,1.4923616647720337,13.759196281433104,3.703421831130981,6.502857208251953,0.1555312871932983,3.374830961227417,8.787206649780273,5.873464107513428,4.653310298919678,6.705689430236816,-1.8502405881881716,8.701408386230469,1.7259374856948853,9.115931510925291
5,-95.53335571289062,-52.00514602661133,-69.69915771484375,-15.764432907104492,-33.91758346557617,1.4316500425338743,-20.91175842285156,-15.250974655151367,-16.562969207763672,-0.3165969252586365,4.999088287353516,15.323540687561035,8.577232360839844,-2.941647291183472,7.730158805847168,18.40195083618164,17.278709411621094,13.85986042022705,1.5115973949432373,11.033540725708008,-0.862144947052002,6.883317470550537,3.534376382827759,8.00183391571045,3.019655704498291,8.163140296936035,2.684465169906616,11.84314250946045,5.838817119598389,6.45773458480835,2.1219704151153564,3.2013301849365234,0.9085389971733092,4.613066673278809,-3.0178821086883545,3.185637950897217,3.453178882598877,5.030195713043213,-3.543426990509033,4.078060626983643
5,-90.78466033935548,-66.72167205810547,-87.27487182617188,-22.988147735595703,-44.11051940917969,-8.111149787902832,-29.287960052490234,-23.757213592529297,-19.707630157470703,1.68860125541687,9.030174255371094,19.180286407470703,13.21147918701172,-2.589433193206787,12.759051322937012,23.58303451538086,22.692758560180664,21.157604217529297,9.299463272094728,18.488712310791016,5.304530620574951,9.365805625915527,9.150763511657717,15.055066108703612,6.568240642547607,13.733962059020996,5.698618412017822,12.55718231201172,4.364861965179443,2.944084405899048,-0.2432709783315658,2.1674046516418457,-0.1357326209545135,3.74979305267334,-7.179012775421143,3.411099672317505,1.3470845222473145,3.66533088684082,-2.6088063716888428,5.601346492767334
10,57.550872802734375,108.74795532226562,-12.922893524169922,40.526981353759766,-28.191104888916016,32.77262496948242,-35.414581298828125,5.636366844177246,-19.87423515319824,-8.14328384399414,3.979446649551392,-8.923396110534668,4.972996234893799,2.120030164718628,-3.011951208114624,-5.173874855041504,2.5435311794281006,-0.0166478902101516,-1.5221436023712158,-4.657691478729248,-3.6669552326202393,0.9009385108947754,-5.837991714477539,8.251480102539062,-6.434794902801514,4.023196697235107,-6.558598041534424,-3.2324459552764893,-5.391719818115234,2.139177799224853,-7.618285655975342,-3.760233402252197,-2.1265671253204346,4.47812557220459,1.1644760370254517,2.8275086879730225,2.570685148239136,3.094648599624634,1.9673504829406736,1.4517899751663208
10,60.2917594909668,106.4660873413086,-10.168524742126465,41.93279266357422,-29.031198501586918,31.35634422302246,-33.888206481933594,4.888806819915772,-19.336841583251957,-9.240890502929688,2.4794321060180664,-9.251338005065918,5.668947219848633,3.279165267944336,-2.8623311519622803,-5.207372665405273,1.7236791849136353,0.3546555042266845,0.7864378094673157,-4.028867721557617,-5.72220516204834,1.0185104608535769,-5.303476333618164,9.483368873596191,-7.049129962921143,1.483683705329895,-7.451168537139893,-2.527801275253296,-3.618003845214844,2.663105726242065,-8.634333610534668,-2.4385507106781006,-2.155695676803589,2.538595676422119,1.5139024257659912,2.919940948486328,1.9734060764312744,3.1487507820129395,1.8049525022506716,1.2946985960006714
10,57.07989883422852,111.32357788085938,-12.890406608581545,40.66054153442383,-27.924427032470703,36.13642501831055,-33.69207000732422,2.0625457763671875,-21.973478317260746,-6.948780536651611,8.346955299377441,-11.342246055603027,0.9414570331573486,2.3082523345947266,-2.0853140354156494,-3.5044023990631104,1.7753252983093262,-1.6531383991241455,-1.3058534860610962,-3.2156379222869877,-3.283599615097046,-0.748853325843811,-2.7393035888671875,7.1601338386535645,-7.2565598487854,2.897432804107666,-7.355236053466797,-0.2086256146430969,-3.703480005264282,2.1049184799194336,-8.259161949157715,-2.445169687271118,-0.6164644956588745,3.9845924377441406,0.196811631321907,2.7501332759857178,2.4242820739746094,2.076032876968384,1.8762067556381223,0.8480384349822998
10,53.70060729980469,114.82221221923828,-11.062156677246094,41.93143081665039,-27.362762451171875,35.81281661987305,-33.81359100341797,1.528974533081055,-22.09222412109375,-7.842773914337158,8.374314308166504,-12.356298446655272,0.5604109764099121,1.1077991724014282,-2.266764879226685,-3.495879888534546,0.5733022093772888,-2.354331016540528,-1.3533605337142944,-2.90242075920105,-2.717478036880493,-0.754646360874176,-3.1190052032470703,7.472091674804687,-6.819990158081055,3.408195734024048,-7.362480163574219,-0.3387500345706939,-3.541104793548584,1.623096942901611,-8.581299781799316,-2.2067513465881348,-0.3241947293281555,3.844871282577514,-0.2638627290725708,2.7482035160064697,2.686788320541382,1.273994207382202,1.762297749519348,0.3230175673961639
10,46.1929817199707,115.98681640625,-11.38116455078125,40.88936233520508,-27.583595275878903,34.630374908447266,-35.06003189086914,3.980878114700317,-22.994346618652344,-8.467636108398438,8.723184585571289,-12.055907249450684,0.8524177670478821,0.101422406733036,-4.32033634185791,-4.766903400421143,1.9159862995147705,-2.721399545669556,-1.855149507522583,-3.674706935882568,-1.7522543668746948,-1.359445333480835,-4.5127058029174805,7.844571113586426,-5.982213020324707,4.997890949249268,-6.22591495513916,-1.1728992462158203,-4.314647674560547,1.420090675354004,-7.269673824310303,-2.994018316268921,-1.5747621059417725,4.146467208862305,0.7932631373405457,2.6668450832366943,3.436190366744995,1.127237319946289,2.3391225337982178,0.9987052083015442
10,57.92609786987305,107.86531066894533,-7.912872791290283,43.15301513671875,-30.80297088623047,32.27984619140625,-35.00289535522461,5.031035423278809,-19.66790771484375,-10.423063278198242,2.332951784133911,-9.174688339233398,5.748265743255615,2.0551416873931885,-3.2158195972442627,-5.691694259643555,1.215329647064209,0.3456111550331116,0.2022552639245987,-4.0278191566467285,-5.952845096588135,0.8829775452613831,-5.257589340209961,9.32197380065918,-5.912317752838135,1.604650616645813,-7.775970458984375,-2.152569532394409,-3.0647618770599365,4.020538806915283,-9.347288131713867,-2.0176963806152344,-2.0424246788024902,1.721665620803833,1.4297860860824585,2.949000835418701,2.2692813873291016,2.4652020931243896,1.482518196105957,1.338853120803833
10,58.28589630126953,109.69662475585938,-8.887857437133789,44.54267883300781,-31.44356918334961,33.132545471191406,-36.062042236328125,5.879751205444336,-20.381778717041016,-10.013238906860352,2.1662893295288086,-8.801772117614746,5.377310276031494,2.028212070465088,-3.2625534534454346,-6.357649803161621,1.2551285028457642,0.3052206337451935,-0.5636618137359619,-3.627655267715454,-5.721546173095703,0.8593981862068176,-5.346249103546143,9.01251220703125,-5.537292003631592,1.5396214723587036,-7.836298942565918,-2.486816644668579,-3.328279495239258,4.627492427825928,-9.141101837158203,-1.1482713222503662,-1.6493618488311768,2.168349504470825,1.1993474960327148,2.595390796661377,2.037649631500244,2.532846450805664,1.3554377555847168,1.1540350914001465
10,60.27199935913086,108.5378646850586,-9.454116821289062,43.63338851928711,-30.97835731506348,32.74403762817383,-36.07620620727539,5.378048419952393,-20.04574966430664,-8.704477310180664,2.182990789413452,-8.611796379089355,6.350551128387451,2.357382297515869,-3.868235349655152,-6.413822650909424,1.612218737602234,0.6773772239685059,0.1176804155111312,-3.587533950805664,-6.032177925109863,0.5296293497085571,-5.5999908447265625,8.665061950683594,-5.905887603759766,1.941214680671692,-7.486213684082031,-2.1656975746154785,-3.3548567295074463,4.053484916687012,-9.054037094116213,-1.288748860359192,-1.612324833869934,2.397377252578736,1.4433938264846802,2.4710357189178467,1.6102869510650637,2.5680549144744877,2.0137956142425537,1.2545580863952637
10,55.656192779541016,111.59596252441406,-9.891165733337402,40.9730339050293,-31.700197219848636,34.66802978515625,-36.38542556762695,4.720475196838379,-19.30711555480957,-7.349152088165283,3.500597715377808,-8.695962905883789,6.2907304763793945,0.2392155230045318,-4.025814056396484,-6.122317314147949,1.8551307916641235,-0.266081690788269,-0.986964225769043,-5.232052326202393,-5.04325008392334,1.2934459447860718,-5.423003196716309,8.317167282104492,-5.589497089385986,3.6324498653411865,-7.37078332901001,-2.183128118515014,-3.0795037746429443,3.5616044998168945,-8.972427368164062,-2.1862072944641118,-2.294757127761841,3.8230597972869873,1.3954757452011108,2.1660091876983643,1.8669366836547847,1.9755072593688965,2.734628200531006,0.7807331681251526
10,53.859825134277344,117.08688354492188,-13.530266761779783,38.12937927246094,-31.734338760375977,37.67914962768555,-36.08830261230469,5.94810676574707,-18.012386322021484,-5.866672039031982,2.754605770111084,-7.46768856048584,6.214374542236328,-1.4010852575302124,-5.261086463928223,-8.10315990447998,1.544556736946106,0.3498740196228027,-1.4222193956375122,-6.715875148773193,-3.9639644622802734,3.5169565677642822,-4.453367710113525,8.25751781463623,-6.091885089874268,3.637332201004028,-7.175345420837402,-2.297800302505493,-4.41851282119751,3.047970533370972,-7.651323318481445,-1.981554627418518,-3.2932770252227783,4.355662822723389,1.0181968212127686,1.890586018562317,2.476253032684326,2.267541885375977,3.191748857498169,0.2137933820486068
10,54.38798904418945,119.05374908447266,-14.116372108459473,39.23208236694336,-30.588415145874023,38.8311767578125,-33.809043884277344,5.973495960235596,-21.84249496459961,-7.021047115325928,3.158745288848877,-7.796680450439453,3.387322425842285,-2.184746742248535,-4.616648197174072,-6.447681903839111,2.1690447330474854,-0.0094832936301827,-1.3187220096588137,-4.79964542388916,-3.579331874847412,3.137397289276123,-3.869683265686035,7.576717853546143,-6.57948112487793,3.336083173751831,-6.951336860656738,-1.309880018234253,-4.433902263641357,2.1069910526275635,-7.208486080169678,-1.6356414556503296,-2.510864496231079,3.245715618133545,0.4181309640407562,1.9476442337036133,2.672149419784546,2.22586989402771,3.138652801513672,0.2146288454532623
10,53.289817810058594,116.31868743896484,-13.216754913330078,39.27317810058594,-30.47915267944336,36.86433792114258,-32.18126678466797,4.604814052581787,-23.76534080505371,-8.508523941040039,6.259812355041504,-10.833946228027344,0.3538687527179718,0.3839026689529419,-1.9440635442733765,-2.5177106857299805,3.0383479595184326,-2.708139657974243,-1.683571696281433,-2.7582733631134038,-3.1506950855255127,0.2415784746408462,-4.11771297454834,7.882482051849365,-6.365016937255859,3.894821882247925,-6.629954814910889,-0.7354713678359985,-4.332406997680664,0.9018824696540833,-7.536237716674805,-2.092256546020508,-0.912069857120514,3.310936450958252,0.5306653380393982,2.329173803329468,3.268886089324951,1.9155027866363523,2.2945351600646973,0.708656370639801
10,54.92776870727539,111.42286682128906,-12.89784336090088,38.38125991821289,-29.413434982299805,35.9192008972168,-33.20901870727539,3.643007755279541,-21.64051628112793,-7.587996482849121,8.043392181396484,-11.881327629089355,0.5960233211517334,2.996478319168091,-1.876914620399475,-2.789839267730713,2.4694712162017822,-2.183222532272339,-1.310236573219299,-2.7836267948150635,-3.460703134536743,-1.5228930711746216,-3.5882434844970703,8.15041446685791,-6.529389381408691,3.187219619750977,-6.6285576820373535,-0.4881575107574463,-4.596991539001465,0.9864902496337892,-7.737269401550293,-2.666302442550659,-0.4533359408378601,3.9149999618530273,0.7489354014396667,2.999929428100586,3.2477989196777344,1.9535530805587769,2.040565013885498,1.367693543434143
10,26.013648986816406,131.6256561279297,-22.416824340820312,36.26387023925781,-33.071441650390625,34.8926887512207,-40.82186508178711,0.7018262147903442,-21.93517303466797,1.8839809894561768,10.58134651184082,-2.584012031555176,5.12991189956665,-3.8368079662323,-5.7712016105651855,-7.1684651374816895,0.2630829811096191,-5.910460472106934,-5.037501335144043,-3.7780160903930655,-2.373502254486084,2.081783533096313,-2.3661108016967773,8.111621856689453,-3.7627997398376474,4.561600685119629,-5.344232082366943,1.5410224199295044,-4.8492865562438965,-0.2192371785640716,-8.029500961303711,-0.3667014539241791,-3.6609947681427,1.7314146757125854,2.3164541721343994,3.3866078853607178,2.700491189956665,0.9857723116874696,3.558138847351074,1.3336340188980105
9,46.9407844543457,113.51447296142578,-13.905702590942385,52.2122688293457,-30.816495895385746,21.400285720825195,-38.34795379638672,7.715470314025879,-27.18189811706543,-8.584249496459961,7.866672515869141,-11.809529304504396,2.6829540729522705,2.5986807346343994,-4.010512351989746,-7.689784526824951,4.083869457244873,-0.8388085961341858,-4.093043804168701,1.3442994356155396,-0.9450204372406006,4.32874870300293,-4.749553203582764,6.444859027862549,-6.5066447257995605,3.8924293518066406,-2.96731948852539,1.8888015747070312,-3.2396938800811768,3.969428777694702,-5.841561794281006,0.3649492561817169,-4.486373424530029,2.3542799949646,-0.7127297520637512,-0.1531802266836166,1.4263168573379517,1.1364238262176514,0.5411279797554016,-0.4126132130622864
9,43.075340270996094,118.3155288696289,-11.640998840332031,51.29597854614258,-30.821252822875977,22.20120620727539,-38.92358016967773,7.367656230926514,-28.634565353393555,-8.766948699951172,6.662704944610596,-11.397945404052734,2.5314087867736816,1.7995550632476809,-4.575205326080322,-6.796863555908203,4.928401470184326,0.3005780279636383,-4.498490810394287,1.2507545948028564,-0.4600855708122253,4.576459884643555,-4.607194423675537,6.103819847106934,-6.809367656707764,3.278775453567505,-3.514124155044556,1.0538983345031738,-3.522618293762207,3.4094552993774414,-6.494264602661133,-0.5328063368797302,-4.943351745605469,2.600229501724243,-0.8778031468391418,-0.1263138502836227,1.2716208696365356,1.0148831605911257,1.3245949745178225,-0.5292118787765503
9,57.574806213378906,106.8098373413086,-18.70894241333008,50.50649642944336,-26.60843276977539,22.269235610961918,-41.35359573364258,6.267096996307373,-20.38333511352539,-6.003587245941162,4.487950325012207,-12.05514144897461,3.059439420700073,5.296752452850342,-2.3282718658447266,-8.437625885009766,5.754213333129883,2.077260255813598,-5.82028341293335,0.0798992961645126,-1.3904647827148438,2.796308755874634,-6.545036315917969,2.694725513458252,-7.052983283996582,3.287437438964844,-4.521955966949463,0.7056103348731995,-4.0368475914001465,4.273063659667969,-6.038025856018066,-1.2534316778182983,-4.346974849700928,4.184517860412598,-0.102549560368061,0.7946488857269287,3.0191516876220703,1.4868561029434204,1.4168065786361694,1.220118761062622
9,57.22673797607422,106.79497528076172,-19.658056259155277,50.81264114379883,-26.936670303344727,21.319019317626957,-40.51911163330078,6.512281894683838,-22.05915641784668,-5.793198585510254,5.594025135040283,-12.350193977355955,3.587575912475586,5.381807804107666,-3.294618844985962,-7.691154956817627,6.0121941566467285,2.630722045898437,-6.564754486083984,-0.5977148413658142,-1.09796941280365,3.166058301925659,-5.797547340393066,2.757251501083374,-8.236174583435059,3.0993130207061768,-4.474411964416504,1.167181134223938,-4.202016353607178,4.205965518951416,-6.142360687255859,-0.9018396139144896,-4.265650272369385,4.093117713928223,0.2263652980327606,1.1675620079040527,2.8735172748565674,1.3932141065597534,1.3789864778518677,1.21972918510437
9,58.08348846435547,106.44366455078124,-19.9047794342041,50.948020935058594,-26.964942932128903,22.05957794189453,-39.88419723510742,5.88526725769043,-22.93321228027344,-5.512104034423828,4.772337913513184,-12.727986335754396,3.4471893310546875,5.102420806884766,-3.423487424850464,-7.191809177398682,6.163300514221191,1.9194810390472408,-6.605880737304688,-0.1563408076763153,-1.293925166130066,2.6721465587615967,-6.473319053649902,3.274233818054199,-8.560977935791016,3.1565120220184326,-5.154751300811768,1.07322096824646,-4.168854713439941,3.843625068664551,-5.906254768371582,-1.408822774887085,-4.661593437194824,3.716906309127808,0.4745554029941559,1.5339672565460205,2.32576322555542,1.4363564252853394,0.9977441430091858,1.2803995609283447
9,58.41690826416016,106.46507263183594,-19.725679397583008,50.75774383544922,-26.98900985717773,20.63955307006836,-39.36063003540039,6.200193405151367,-22.763965606689453,-5.013326168060303,5.204530239105225,-12.584416389465332,3.7006256580352783,5.260883331298828,-2.6283085346221924,-8.456241607666016,5.938645839691162,1.0955702066421509,-7.193058967590332,0.2819937169551849,-2.0013318061828613,2.67546820640564,-6.515215873718262,4.0174560546875,-8.404314041137695,3.160339593887329,-5.258281230926514,1.4024555683135986,-3.841652154922485,4.120433807373047,-5.314757823944092,-1.9555093050003047,-4.317156791687012,3.668832778930664,-0.4152010083198547,1.6830923557281494,2.828691244125366,1.454146146774292,0.6646666526794434,1.3586081266403198
9,57.86600112915039,107.5501937866211,-18.199649810791016,49.62425994873047,-26.67322158813477,20.139577865600582,-40.10569381713867,7.0553975105285645,-23.367116928100582,-4.988749980926514,5.766117572784424,-11.816312789916992,5.271723747253418,4.396847248077393,-2.0494017601013184,-8.526482582092285,5.885720729827881,0.8543431162834167,-7.257469654083252,0.0973072350025177,-1.881764888763428,3.1902356147766118,-5.82844877243042,4.029466152191162,-8.220117568969727,3.2269365787506104,-5.563123226165772,1.5243663787841797,-3.956773996353149,4.220819473266602,-5.709940910339356,-2.146768093109131,-3.9288063049316406,3.806695699691773,-0.0672915428876876,1.7976843118667605,2.877025365829468,1.4426469802856443,0.8935622572898865,0.9092289209365844
9,58.53189468383789,105.91500854492188,-18.3890380859375,48.56707382202149,-26.806346893310547,22.08993148803711,-41.03472900390625,6.782020568847656,-23.479782104492188,-4.582026958465576,5.929207801818848,-12.477948188781738,5.672005653381348,4.274280071258545,-2.7322285175323486,-7.947775840759277,5.8968825340271,1.2192611694335938,-5.622828960418701,-0.2866939902305603,-2.178901433944702,2.915560245513916,-6.3211188316345215,3.7303268909454346,-8.206713676452637,3.515341281890869,-4.839716911315918,1.2467141151428225,-3.8579490184783936,4.043612480163574,-6.255937099456787,-1.4400906562805176,-4.497743606567383,4.071242809295654,0.049475509673357,1.7197295427322388,2.546320676803589,1.1621644496917725,0.8737161159515381,0.4957365691661834
9,57.2776985168457,105.71759796142578,-18.81789207458496,49.31478118896485,-26.504528045654297,21.73195075988769,-40.23224258422852,7.06217622756958,-23.80001449584961,-4.9285759925842285,6.412987232208252,-12.82745361328125,4.828107833862305,4.30900764465332,-3.221078395843506,-7.915792465209961,5.978064060211182,1.6563735008239746,-6.019702911376953,-0.0253263041377067,-2.12443470954895,2.807351589202881,-6.094653129577637,3.809217214584351,-8.291553497314453,3.871313810348511,-4.294646739959717,0.6981101632118225,-3.8418779373168954,4.384191989898682,-5.65487003326416,-1.2715628147125244,-4.961402416229248,4.990254878997803,-0.0501848012208938,1.3706996440887451,2.882379531860352,0.6111010313034058,1.3281826972961426,0.5207259058952332
9,59.35723114013672,104.85009765625,-16.944059371948242,48.733917236328125,-26.178258895874023,21.47774124145508,-39.73603057861328,7.623320579528809,-22.87765121459961,-5.739195823669434,6.64462947845459,-13.112384796142578,3.885064125061035,3.314511775970459,-2.86411714553833,-6.805458068847656,4.968509674072266,1.5301834344863892,-6.106759071350098,1.0176409482955933,-1.4489305019378662,2.347674369812012,-5.170692443847656,4.355173110961914,-7.836099624633789,2.992996454238892,-4.619941711425781,1.7997403144836426,-3.5093719959259038,3.905524730682373,-6.329039573669434,-0.9316645860671996,-4.924067497253418,4.650678634643555,0.1068537533283233,1.5259597301483154,2.9865503311157227,0.800015389919281,1.605479717254639,1.0544849634170532
9,58.247352600097656,104.85385131835938,-15.745797157287598,49.54464340209961,-27.162187576293945,21.469572067260746,-39.48744201660156,7.649779796600342,-22.918367385864254,-5.450900077819824,6.679550647735596,-14.24264144897461,3.931984901428223,3.9025611877441406,-3.1732699871063232,-6.657801151275635,4.004687309265137,1.66385817527771,-5.905665874481201,1.035744071006775,-2.4324045181274414,1.8990185260772705,-5.232852458953857,4.243231296539307,-7.904579162597656,2.5013267993927,-5.250702381134033,1.7437660694122314,-3.651874542236328,3.035421133041382,-6.8776021003723145,-0.7562934756278992,-4.172159194946289,3.9469847679138175,0.2200360596179962,1.4938634634017944,2.679527759552002,1.4861122369766235,1.3205714225769043,1.032323956489563
9,53.84718322753906,105.5772705078125,-13.882086753845217,50.833194732666016,-28.751483917236328,21.22526359558105,-38.403953552246094,7.770411014556885,-24.304676055908203,-6.012798309326172,8.209317207336426,-14.096421241760254,3.999078750610352,3.9680733680725098,-3.627342700958252,-6.849306583404541,3.9979190826416016,2.579020500183105,-6.157307147979736,0.3141631782054901,-2.538193941116333,1.723524808883667,-5.506398677825928,3.6638879776000977,-7.719561576843262,3.4303126335144043,-5.521298408508301,0.5985475182533264,-4.696386337280273,3.2594215869903564,-5.70430850982666,-0.8252039551734924,-4.414626121520996,4.401741981506348,0.7425171136856079,1.4126511812210083,2.184566020965576,1.704845666885376,1.2315967082977295,0.7259594798088074
9,47.05892562866211,114.6782455444336,-12.557127952575684,50.10738754272461,-30.148435592651367,22.890031814575195,-38.29692459106445,7.06146764755249,-26.44750213623047,-7.930309772491455,6.609100341796875,-11.84355640411377,3.0152876377105717,3.199481248855591,-4.45615816116333,-7.02414083480835,5.902851581573486,0.5184599757194519,-4.541878700256348,0.3503046333789825,-0.2398831099271774,4.088200569152832,-5.16124439239502,5.356736660003662,-6.642679691314697,2.8025848865509038,-4.323328495025635,0.5837669372558594,-3.4519498348236084,3.256253480911255,-6.659890174865723,-0.3332317173480987,-4.824220657348633,2.939243793487549,-0.259916216135025,0.3126167356967926,1.7732081413269043,1.107222557067871,1.554986834526062,0.2376878708600998
9,56.00577926635742,107.25370025634766,-15.149666786193848,49.79858016967773,-28.18483543395996,21.61511611938477,-39.157039642333984,6.247879505157471,-22.370540618896484,-6.583470821380615,7.338212490081787,-12.921371459960938,3.5218610763549805,4.000926017761231,-3.3437626361846924,-7.633649826049805,3.503790140151977,2.827296257019043,-4.806563854217529,-0.3996608555316925,-1.46392560005188,1.6763702630996704,-5.386291027069092,3.137946605682373,-7.049297332763672,3.591153383255005,-5.413661479949951,1.8702577352523804,-4.630444049835205,2.906931161880493,-5.507394790649414,-1.01936936378479,-4.31570291519165,4.413684844970703,0.3500507473945617,1.8666914701461792,2.0803205966949463,1.3110084533691406,1.6081267595291138,1.5372899770736694
9,58.94124984741211,105.86669158935548,-14.679604530334473,49.41387176513672,-27.705049514770508,21.82601547241211,-40.71329116821289,5.844634532928467,-21.70318603515625,-6.048929691314697,6.222031116485596,-12.934499740600586,3.767887115478516,5.079841136932373,-2.6704235076904297,-7.846409320831299,3.0457544326782227,2.707984447479248,-4.437005996704102,-0.57939612865448,-1.9081844091415403,2.095012664794922,-5.593695163726807,3.3819212913513184,-6.898749351501465,2.89038610458374,-5.446255683898926,2.0366547107696533,-3.995194911956787,2.1233088970184326,-6.024864196777344,-0.659415602684021,-3.999724864959717,4.098733901977539,-0.4176388382911682,2.257478713989258,2.3948123455047607,1.4632056951522827,1.7966103553771973,1.9787219762802124
9,56.74800109863281,101.91812896728516,-8.952539443969727,49.32090377807617,-29.277490615844727,20.58563804626465,-38.89479446411133,7.367561340332031,-23.481056213378903,-6.341120719909668,8.684432983398438,-14.1771879196167,4.617495059967041,3.0661325454711914,-2.480604648590088,-6.863309383392334,3.276153326034546,1.5838828086853027,-5.471096038818359,0.4781452715396881,-2.373219490051269,2.248674869537353,-5.574364185333252,3.840810537338257,-6.606122970581055,2.795332908630371,-5.211174011230469,0.9084015488624572,-3.916925191879273,2.4501163959503174,-6.7790632247924805,0.1798147708177566,-4.307369709014893,4.2492194175720215,-0.3839580416679382,2.561630964279175,2.713294267654419,1.1286638975143433,1.248526096343994,2.0734686851501465
9,51.0142936706543,104.72006225585938,-8.718037605285645,50.04560089111328,-30.735876083374023,20.458324432373047,-37.99077987670898,7.854034900665283,-24.16319274902344,-6.668287754058838,8.45184326171875,-13.822291374206545,5.470944404602051,2.33324933052063,-3.1303632259368896,-6.828500270843506,4.664308547973633,0.775515079498291,-5.620644569396973,0.6910651922225952,-2.7058136463165283,2.543095111846924,-5.374309062957764,3.935540199279785,-6.884077072143555,2.99440598487854,-5.154101848602295,0.1246658414602279,-3.419696092605591,2.9222450256347656,-6.909031391143799,-0.2013143599033355,-4.204928874969482,3.953866004943848,0.0281594879925251,2.3282594680786133,2.898088932037353,1.2810848951339722,1.2450683116912842,1.7655831575393677
9,51.291141510009766,107.28089904785156,-12.600361824035645,50.73943328857422,-30.77458953857422,20.991539001464844,-38.49238586425781,8.073386192321777,-24.583341598510746,-5.669711589813232,7.610220432281494,-14.089496612548828,5.236400127410889,3.895686388015747,-3.964896678924561,-6.3965373039245605,4.789878845214844,1.960944890975952,-5.682358264923096,-0.2518447637557983,-3.1212921142578125,2.136310815811157,-5.781129837036133,4.007903575897217,-7.733458995819092,3.610942840576172,-5.146200180053711,-0.634909987449646,-3.1735994815826416,2.518869638442993,-6.257384777069092,-0.2684765458106994,-4.10129451751709,4.172110557556152,0.3391357660293579,2.0191972255706787,2.176511526107788,1.162782907485962,1.469968557357788,1.0299330949783323
9,54.66764068603516,106.47606658935548,-12.715210914611816,50.85970687866211,-29.55628776550293,19.963098526000977,-37.56724548339844,7.61287784576416,-25.12901306152344,-4.913663864135742,8.111652374267578,-14.794057846069336,4.843735694885254,3.4620487689971924,-4.343967437744141,-6.627888202667236,4.21317195892334,2.0805296897888184,-6.3562846183776855,-0.1730136126279831,-2.538193464279175,2.077303647994995,-5.600090503692627,4.157060146331787,-7.48923397064209,3.606643676757813,-5.322415351867676,-0.4863642454147339,-3.1526031494140625,2.7959344387054443,-6.731802463531494,-0.0737110897898674,-3.886493682861328,4.493643760681152,0.2778512835502624,2.223098993301392,2.534177541732788,0.7300477027893066,1.5379854440689087,0.8089655041694641
9,47.70244216918945,109.3332290649414,-11.362829208374023,52.21109390258789,-30.811676025390625,20.84399032592773,-37.91073226928711,7.142943859100342,-25.228456497192383,-5.5817742347717285,8.737471580505371,-14.567721366882324,5.489068508148193,3.1497297286987305,-4.223526477813721,-6.9483747482299805,3.654075384140015,1.2743932008743286,-5.8796467781066895,0.3617691993713379,-1.6138890981674194,1.7027528285980225,-4.3192291259765625,4.567916870117188,-7.2459893226623535,2.96460485458374,-5.743097305297852,0.5334206223487854,-3.497638940811157,3.2157328128814697,-6.211166858673096,-0.1681409478187561,-4.1135077476501465,3.215749502182007,-0.6401883363723755,1.5108124017715454,2.674530506134033,0.9117075204849244,1.7008332014083862,0.857177197933197
9,48.41347503662109,108.84777069091795,-10.819547653198242,51.1784782409668,-30.632688522338867,21.08530044555664,-37.51380920410156,6.658721923828125,-25.32368850708008,-6.021600246429443,9.616156578063965,-14.333154678344728,5.632475852966309,3.517092704772949,-4.464038848876953,-6.587278366088867,2.790569543838501,1.1257519721984863,-6.178249359130859,0.6848407983779907,-1.499772071838379,1.425092697143555,-4.001308917999268,4.5706892013549805,-7.721266746520996,3.143390893936157,-5.953551769256592,0.665166974067688,-3.626410484313965,2.7339131832122803,-6.224192142486572,-0.13482765853405,-4.029416084289551,2.72892689704895,-0.7879101634025574,1.7351279258728027,2.25400710105896,0.9728850722312928,1.202732801437378,1.2268826961517334
9,51.92229461669922,108.67153930664062,-12.033035278320312,50.81857299804688,-29.524606704711918,19.56949615478516,-36.89853286743164,7.431047439575195,-25.73714637756348,-5.480470657348633,8.702421188354492,-14.141068458557127,5.608390331268311,3.355858325958252,-4.257823944091797,-6.693277359008789,3.4334909915924072,1.4742045402526855,-6.262579441070557,0.2121428549289703,-2.3544273376464844,1.767658233642578,-4.216165542602539,4.530209541320801,-7.862497329711914,3.610548496246338,-6.2528462409973145,0.2295066267251968,-4.015095233917236,2.3240444660186768,-6.798590183258057,-0.1408029496669769,-3.878018617630005,3.5024240016937256,-0.3441750109195709,2.206131935119629,2.654837131500244,0.8324666023254395,0.5996620059013367,1.007557034492493
9,56.76551055908203,107.26131439208984,-14.723567962646484,50.09486389160156,-28.780031204223636,20.993432998657227,-36.78660583496094,7.828982353210449,-25.49464607238769,-7.876114368438721,7.957197189331055,-13.271526336669922,3.198272466659546,4.41253137588501,-3.84273099899292,-6.774020195007324,6.706610202789307,0.6369943022727966,-5.532374382019043,0.2299499064683914,-0.6234754920005798,3.646535873413086,-6.435146808624268,4.951186656951904,-7.807790279388428,2.709519863128662,-4.056534290313721,0.1289749145507812,-3.794578313827514,3.1898186206817627,-6.372990608215332,-0.4760692715644836,-4.856250286102295,4.186739444732666,0.2660908997058868,1.3752998113632202,2.272834539413452,1.675369143486023,1.0233817100524902,1.208842635154724
9,56.82460403442383,104.66244506835938,-16.264577865600586,49.73653793334961,-27.75366973876953,20.45454978942871,-38.28693008422852,6.742558479309082,-25.09995651245117,-6.989084243774414,7.899415493011475,-14.748509407043455,3.7832510471344,4.127418518066406,-2.700593948364258,-5.834652900695801,6.763627529144287,1.147371530532837,-6.318908214569092,0.2836537957191467,-1.5848329067230225,3.014910221099853,-6.620594024658203,4.512119770050049,-7.83509635925293,2.6550099849700928,-3.589304208755493,-0.1240857169032096,-3.805675745010376,3.009843587875366,-6.38747501373291,-1.338676691055298,-4.858425617218018,3.7335689067840576,0.329755574464798,1.947680115699768,2.7157411575317383,1.724610447883606,0.7651466131210327,0.7827599048614502
9,52.65307235717773,109.08513641357422,-19.529111862182617,51.11830520629883,-27.470643997192383,20.981006622314453,-40.23992919921875,6.460422515869141,-23.538671493530277,-5.2175774574279785,6.183379173278809,-14.979621887207031,4.12899112701416,5.024215698242188,-2.291964054107666,-6.736229419708252,6.548264980316162,1.803210973739624,-5.534207344055176,0.0373143106698989,-1.980678677558899,2.0382094383239746,-5.833724498748779,4.160280227661133,-6.7452921867370605,2.960650682449341,-3.980540990829468,0.3714523017406463,-3.712735414505005,3.378269672393799,-6.510402679443359,-1.6635814905166626,-4.701210021972656,3.258060932159424,0.6352964043617249,1.887997269630432,3.1419355869293213,0.8413428068161011,0.5288301110267639,0.568122923374176
9,52.73331451416016,111.6132354736328,-19.478410720825195,52.42939376831055,-28.16939163208008,20.48064613342285,-39.87760925292969,6.770631790161133,-23.93047142028809,-5.593263626098633,5.710404396057129,-13.39034652709961,4.183341026306152,4.680498123168945,-3.2247040271759038,-7.341714382171631,6.455924987792969,1.5395911931991575,-5.511377811431885,-0.4048468172550201,-1.3457720279693604,2.361135721206665,-5.429366588592529,4.085422992706299,-7.052398681640625,3.2768924236297607,-4.364467144012451,0.2518023550510406,-4.03403902053833,3.324970245361328,-6.577591419219971,-1.7530940771102903,-4.564157962799072,4.337344646453857,0.3705064654350281,1.283961296081543,3.708845376968384,1.174672245979309,0.6753947734832764,0.391945868730545
9,54.53652191162109,108.70378875732422,-18.671579360961918,50.48671340942383,-27.860870361328125,21.43124389648437,-39.6660041809082,6.168445587158203,-22.73003196716309,-6.332621097564697,6.242799282073975,-13.07839012145996,4.948427677154541,4.497585296630859,-4.059833526611328,-7.236491680145264,5.550095558166504,1.4039602279663086,-5.397319793701172,-0.7583088874816895,-1.5532965660095217,3.70943021774292,-5.885691642761231,3.635472297668457,-7.815800666809082,3.052029848098755,-4.703972339630127,0.1038185730576515,-3.712356567382813,3.314312696456909,-6.541252613067627,-1.7331767082214355,-4.238975524902344,4.806293487548828,0.2111121118068695,0.9165024161338806,3.49934196472168,1.999602437019348,1.4282121658325195,-0.0695799514651298
9,60.04787826538086,104.98464965820312,-19.319297790527344,49.08320617675781,-26.00179481506348,21.351030349731445,-39.52624130249024,6.227919578552246,-21.65804481506348,-6.38106107711792,5.3466901779174805,-13.543695449829102,4.8944411277771,4.364890575408936,-4.076883316040039,-7.463576316833496,4.932132244110107,2.223499059677124,-5.642832279205322,-0.2425096482038498,-2.076296806335449,2.784473419189453,-5.8814377784729,3.622152090072632,-7.857720851898193,3.3901445865631104,-4.695484161376953,0.7054157853126526,-4.03374719619751,3.2379252910614014,-6.672119140625,-1.0873082876205444,-4.168278694152832,4.463481903076172,0.1258427798748016,1.5978931188583374,3.252756118774414,1.7138538360595703,1.7797601222991943,0.1562462896108627
9,61.0374641418457,104.930908203125,-18.310222625732425,50.25913238525391,-25.392961502075195,21.35073471069336,-40.54151153564453,6.069525718688965,-20.71892547607422,-6.63446855545044,3.643754482269287,-12.362149238586426,3.8136098384857178,4.280089855194092,-2.822239398956299,-7.734436511993408,5.245908737182617,2.04298996925354,-5.949426174163818,0.5541231632232666,-1.629975438117981,2.026933431625366,-6.547715187072754,3.2798638343811035,-6.678813934326172,3.7040436267852783,-4.93618631362915,0.5173027515411377,-4.53473424911499,3.658651113510132,-6.283712387084961,-0.9894765615463256,-4.173741817474365,4.394026756286621,0.0716108083724975,1.3904576301574707,3.102155923843384,1.4497418403625488,1.573688507080078,0.7723293304443359
7,38.252079010009766,113.95345306396484,-37.20583724975586,43.38298034667969,-32.42247772216797,29.58482551574707,-36.866966247558594,2.3164334297180176,-28.93017578125,0.6852465867996216,7.807068347930908,-11.595358848571776,10.981111526489258,-3.680147886276245,-1.0382932424545288,-1.3033840656280518,4.392060279846191,-4.305564403533936,-3.153092384338379,2.184581995010376,-4.31807279586792,-0.2223960757255554,-3.768308162689209,5.049583911895752,-6.710962772369385,3.270792245864868,-6.927364826202393,4.514174461364746,-0.9854910373687744,0.8465936183929443,-6.823890686035156,1.576924443244934,-2.1099517345428467,3.10378646850586,0.4291623532772064,2.3320319652557373,2.261334180831909,-0.2961137294769287,1.7415072917938232,-0.2958716750144958
7,40.52133941650391,114.36646270751952,-35.94247817993164,43.529052734375,-31.930299758911133,29.34406089782715,-36.87944030761719,1.68864905834198,-28.87767601013184,0.3742966949939728,8.103191375732422,-12.825101852416992,10.787421226501465,-3.223573446273804,-0.5026541948318481,-0.8118757009506226,3.848488092422485,-4.64216423034668,-3.883161783218384,1.471634864807129,-4.9080810546875,0.336038202047348,-2.185183048248291,4.618721008300781,-7.757114887237549,2.640479564666748,-6.272655487060547,4.581211566925049,-1.1030608415603638,0.767821729183197,-7.414680004119873,1.7312674522399902,-2.1725528240203857,3.092638731002808,1.0900660753250122,2.165324211120605,1.4614620208740234,-0.6970914006233215,1.5831828117370603,-0.5753811597824097
7,42.15116882324219,114.45063018798828,-38.524696350097656,43.20601272583008,-31.678464889526367,29.71752548217773,-36.57600784301758,2.709110736846924,-28.807493209838867,0.9351390600204468,7.545254707336426,-13.112472534179688,10.55935001373291,-3.040259838104248,-0.2947197556495666,-0.7356637120246887,4.166042804718018,-4.276650905609131,-3.8856184482574463,1.4681752920150757,-4.905483245849609,0.8055453300476074,-2.903383493423462,4.332388401031494,-7.716129302978516,2.0346570014953613,-6.173994541168213,4.351025104522705,-1.5958491563796997,0.9264392256736756,-7.241087436676025,1.4400211572647097,-2.2374303340911865,3.7785823345184326,0.8236282467842102,1.219883680343628,0.6319813132286072,-0.1381427496671676,1.825749158859253,-0.1382317245006561
7,34.45404052734375,125.90584564208984,-56.62714385986328,37.30971145629883,-20.905004501342773,33.390682220458984,-40.587852478027344,-1.40973961353302,-20.170732498168945,-1.8119841814041135,-0.976293683052063,-6.239695072174072,10.547001838684082,-1.2221441268920898,-2.797284841537476,-4.538393020629883,6.443760395050049,-1.416968584060669,-3.56563138961792,-0.7751950025558472,-4.378618240356445,1.817829966545105,-3.3911068439483643,4.84454870223999,-4.947314262390137,1.5972871780395508,-6.423747539520264,3.6940784454345694,-3.875157594680786,1.045150876045227,-7.191397666931152,1.3827860355377195,-1.1361606121063232,2.6954030990600586,2.254041910171509,1.5258502960205078,1.3011585474014282,0.3221973478794098,1.3068910837173462,-1.1260089874267578
7,41.24615097045898,124.39198303222656,-52.43928909301758,38.2678337097168,-23.26198387145996,33.28310012817383,-38.96175003051758,-0.4165590405464172,-20.669832229614254,-1.390430927276611,0.3778365552425384,-7.08329439163208,10.21517562866211,-1.842225193977356,-3.01432728767395,-4.820815086364746,4.2850728034973145,-2.511515855789185,-4.280902862548828,-0.1011428609490394,-4.324738025665283,1.410985827445984,-3.4538991451263428,4.074626445770264,-5.388679027557373,1.57273268699646,-5.9235005378723145,3.916497468948364,-3.5624096393585205,0.3749603927135467,-7.384021759033203,0.9745498299598694,-1.0831472873687744,2.773943901062012,1.0827529430389404,1.2893078327178955,1.4399089813232422,0.652250349521637,1.7528609037399292,-0.6604752540588379
7,49.81965255737305,118.29519653320312,-44.849754333496094,41.237430572509766,-29.53795623779297,30.76632499694824,-35.944313049316406,2.589829444885254,-23.67595672607422,0.2555027306079864,2.8030753135681152,-8.615279197692871,10.456634521484377,-2.39970326423645,-1.983635187149048,-4.323458194732666,2.632311582565308,-4.425345420837402,-4.777126312255859,1.2399276494979858,-3.905780076980591,1.8792519569396973,-4.808983325958252,4.094601631164551,-5.409836769104004,2.0701534748077397,-6.897314071655273,3.724224090576172,-3.3506734371185303,-0.4112303256988525,-7.307808876037598,1.7157294750213623,-1.3314999341964722,2.5032143592834477,-0.0613583475351333,0.9109550714492798,2.031665325164795,1.361297369003296,1.9415407180786133,-1.3190594911575315
7,53.18542098999024,109.23920440673828,-36.40990829467773,44.23176574707031,-34.31163787841797,27.99184226989746,-34.773433685302734,4.784605979919434,-24.72773742675781,-0.2176266759634018,3.532294988632202,-9.286884307861328,10.944062232971191,-3.0915138721466064,-0.2177727818489074,-2.4561121463775635,2.93801498413086,-3.736295700073242,-5.266062259674072,2.257969856262207,-3.868942260742188,1.4799257516860962,-5.372701168060303,4.569253921508789,-4.398767948150635,2.6784355640411377,-7.701010227203369,3.264399766921997,-2.0769331455230717,-0.2560856938362121,-7.183696746826172,1.9750889539718628,-0.9853835701942444,2.4601387977600098,-0.451006144285202,1.5724478960037231,2.213104724884033,1.3331621885299685,0.7898476719856262,-1.5567593574523926
7,57.49790954589844,115.94017791748048,-34.54267883300781,40.69868469238281,-35.4324951171875,27.04543876647949,-33.94659423828125,3.856847286224365,-25.64913749694824,-2.777967691421509,2.655409336090088,-9.13119888305664,8.292412757873535,-3.1457226276397705,-1.100640892982483,-2.803564071655273,4.289484977722168,-0.9529057145118712,-2.4103879928588867,0.5867815613746643,-4.10020923614502,0.7370805740356445,-4.350046634674072,3.9728286266326895,-5.203677177429199,3.2952609062194824,-6.642477989196777,3.8111143112182617,-3.410732746124268,-0.2183700799942016,-7.382597923278809,1.163291573524475,-2.649235725402832,1.542763590812683,-0.1186132431030273,1.923572897911072,1.91338849067688,1.7557353973388672,1.0981074571609497,-1.710391640663147
7,62.022857666015625,108.964599609375,-32.996482849121094,43.31488037109375,-31.38282585144043,24.304515838623047,-34.01578521728516,4.446734428405762,-24.360048294067383,-2.150757312774658,1.9645850658416748,-8.512848854064941,11.065835952758787,-2.1745026111602783,-2.2203142642974854,-2.658540964126587,2.858654499053955,-0.6739283204078674,-5.008908748626709,2.015810489654541,-5.111651420593262,1.2208750247955322,-3.283750057220459,5.124797821044922,-5.723177909851074,2.4551990032196045,-7.271727561950684,3.4720160961151123,-3.997040748596192,-0.1276803612709045,-6.57502031326294,2.222670316696167,-1.3567672967910769,3.0253396034240723,0.4437906146049499,2.905191659927368,1.380491018295288,1.8207722902297971,-0.1572569608688354,-0.6741334199905396
7,48.893924713134766,118.69032287597656,-34.289512634277344,43.00556564331055,-37.15413665771485,27.35621452331543,-34.36328887939453,4.198326110839844,-25.971954345703125,-4.157509803771973,2.3833820819854736,-6.942651748657227,8.530647277832031,-2.5818159580230717,0.0212129261344671,-4.41876745223999,3.3726534843444824,-1.8443233966827397,-3.417353868484497,0.6567742228507996,-3.970891952514648,1.1568080186843872,-2.38369369506836,4.757119655609131,-5.110771179199219,1.0156378746032717,-6.409898281097412,3.634321928024292,-4.0476975440979,-0.4410395324230194,-5.671719074249268,1.2213361263275146,-2.665267944335937,1.5856177806854248,0.2031300961971283,2.6358563899993896,2.037999391555786,0.786789059638977,1.2299559116363523,-0.0281991176307201
7,53.52675628662109,110.07288360595705,-32.2342529296875,43.63946914672852,-32.95842742919922,26.84694480895996,-34.465511322021484,4.2683424949646,-24.50880622863769,-4.596513748168945,2.932952404022217,-7.649366855621338,10.737146377563477,-3.506441593170166,0.7171105742454529,-4.004342079162598,2.724210023880005,-1.574656963348389,-4.842239856719971,0.9137123227119446,-4.328781127929688,1.2695095539093018,-3.0982608795166016,4.871394157409668,-5.573678016662598,2.515721559524536,-6.642146110534668,3.619645118713379,-4.265805244445801,0.0461968556046485,-6.02363920211792,2.3854126930236816,-2.0109076499938965,2.099193334579468,0.8189055323600769,2.565909147262573,1.192635416984558,0.6491928696632385,1.0325137376785278,-1.0869559049606323
7,53.63429260253906,110.60860443115234,-33.68766784667969,44.295536041259766,-31.348711013793945,26.281402587890625,-34.5710334777832,3.82352876663208,-24.87523651123047,-2.915613412857056,2.5680606365203857,-8.533409118652344,11.189668655395508,-4.434802532196045,-0.0690283328294754,-3.2134931087493896,2.8254711627960205,-2.10325288772583,-4.7330851554870605,1.0352808237075806,-4.755124092102051,0.8432981371879578,-3.5209410190582275,4.875434875488281,-5.19046688079834,1.945562601089477,-6.96896505355835,3.9799296855926514,-4.482421398162842,-0.7158299684524536,-5.57485294342041,3.012786388397217,-1.5832147598266602,1.7095001935958862,0.6212543845176697,2.881728172302246,2.1195201873779297,0.8714108467102051,0.7986944913864136,-1.3288613557815552
8,-544.344482421875,114.38484191894533,6.64914083480835,20.74757575988769,17.16922950744629,14.38365077972412,11.21975040435791,5.315520763397217,3.7692596912384033,3.296994209289551,3.1957521438598637,6.101560592651367,2.3034417629241943,2.146559953689575,2.8803417682647705,2.196869134902954,-2.313293695449829,2.323016881942749,-1.861098051071167,1.1015639305114746,-3.2492835521698,-0.3674956560134887,-3.1528561115264893,2.2310245037078857,-3.2548813819885254,1.8998781442642207,-3.103749990463257,1.617871642112732,-1.1896902322769165,4.59943151473999,0.0594774819910526,3.1515350341796875,-0.544341504573822,2.7382311820983887,-1.9344613552093504,2.843616008758545,-0.9534299969673156,3.010260581970215,-1.2400434017181396,2.397224903106689
8,-279.4446716308594,146.66152954101562,18.926422119140625,28.8599796295166,17.2748966217041,21.624046325683597,9.494219779968262,14.124496459960938,-0.7224447727203369,0.2252597659826278,-6.375782012939453,0.2881390750408172,-4.953735828399658,-0.9685770273208618,-6.360501766204834,-1.501227617263794,-3.653809309005737,-3.192573308944702,-5.667910099029541,-0.92274671792984,-2.888150453567505,-1.5561645030975342,-6.175634384155273,-4.336292266845703,-7.843629837036133,-4.566653728485107,-6.805884838104248,-3.057283401489258,-4.272855281829834,-2.3300700187683105,-5.080773830413818,-4.539744377136231,-5.38814640045166,-1.860584378242493,-4.320414543151856,-3.469909429550171,-3.6697378158569336,-2.239785671234131,-3.87228274345398,-2.303941011428833
8,-225.997314453125,121.01665496826172,9.649513244628906,27.26544952392578,11.81229305267334,21.973859786987305,5.597445487976074,6.72899341583252,-8.845029830932617,4.326868534088135,-3.272736072540283,2.6580255031585693,-7.365657806396484,-2.346471071243286,-10.82672119140625,-2.4766502380371094,-9.827157974243164,-3.075742244720459,-7.543176174163818,-2.2022502422332764,-7.370626449584961,-4.426815032958984,-9.5648193359375,-1.771007776260376,-5.264838218688965,-0.5148458480834961,-4.230425834655762,-1.3092632293701172,-6.082794666290283,-0.6801748275756836,-4.54033088684082,-1.1937745809555054,-5.0337815284729,-1.833414912223816,-6.439874172210693,-2.5227653980255127,-5.053130149841309,0.7432889342308044,-2.1600804328918457,0.7471172213554382
8,-321.2125244140625,127.0983428955078,31.02451515197754,34.25011444091797,14.920221328735352,21.181795120239254,3.1835310459136963,6.860729217529297,-8.558451652526855,-1.104220986366272,-6.724960803985596,0.5996934175491333,-8.85668659210205,-3.893836259841919,-9.763179779052734,-1.1957907676696775,-9.170860290527344,-6.824100017547607,-7.568763732910156,-0.2395168542861938,-4.33066463470459,-1.2559618949890137,-7.671333312988281,-1.1129525899887085,-4.876238822937012,-0.4407059252262115,-6.16201639175415,-2.424196720123291,-4.22537899017334,1.1361027956008911,-2.622051477432251,0.646546483039856,-3.998353719711304,-1.2252683639526367,-5.031791687011719,-1.3206307888031006,-3.8054332733154297,0.2015488743782043,-2.624250650405884,-1.1007224321365356
8,-303.3392639160156,135.18960571289062,11.674532890319824,23.732667922973636,6.9771270751953125,6.950446605682373,-4.878530979156494,0.91328227519989,-8.140287399291992,-3.2145917415618896,-8.181750297546387,-5.181546211242676,-14.71794319152832,-8.528900146484375,-13.92062759399414,-8.311524391174316,-11.901084899902344,-6.486493110656738,-7.433589458465576,-1.552272081375122,-5.856174468994141,-2.5329740047454834,-5.12857723236084,0.4610212445259094,-2.243839740753174,0.9013493061065674,-1.9821773767471316,3.724701166152954,-0.1853925287723541,2.195977210998535,-0.1708560138940811,1.6926438808441162,-1.1833606958389282,1.3295714855194092,-3.852522850036621,-1.5663360357284546,-0.8412453532218933,4.400826454162598,1.692495346069336,3.321171283721924
8,-249.5450439453125,127.11151885986328,20.70933532714844,30.973825454711918,18.501283645629883,16.633684158325195,2.680009365081787,13.579794883728027,-2.075371026992798,-3.4975931644439697,-8.158764839172363,2.317405939102173,-7.534169197082519,-4.194503307342529,-8.119060516357422,-1.5836457014083862,-7.63862943649292,-5.370097637176514,-6.429369449615479,-0.6078981757164001,-5.610518932342529,-0.4024193882942199,-7.266301155090332,-3.6590657234191895,-7.1923699378967285,-1.4693398475646973,-5.121153354644775,-1.19180166721344,-3.8559722900390634,-0.3935855627059936,-5.129307746887207,-2.4885618686676025,-5.486860275268555,-2.2586605548858643,-5.201306343078613,-1.2505651712417605,-3.607879877090454,-1.5736902952194214,-3.520801305770874,-0.5756860375404358
10,-338.02154541015625,119.40945434570312,-1.155637502670288,45.96487808227539,-25.085590362548828,39.76681137084961,8.629683494567871,14.439512252807615,9.10953140258789,20.54288482666016,7.236300468444824,13.706571578979492,5.634377479553223,11.152520179748535,2.48299241065979,1.1147258281707764,3.259708404541016,5.344813823699951,6.0497918128967285,1.594574809074402,1.24181866645813,1.9582656621932983,0.5163483619689941,0.548118531703949,-0.875914990901947,-1.473070740699768,-2.628896713256836,0.4624694287776947,-2.7630503177642822,-4.3125996589660645,-2.2157142162323,3.167163610458374,2.0242810249328613,2.257185935974121,0.5257177352905273,-0.3905390799045563,-4.865668296813965,-0.6138547658920288,0.6868958473205566,0.0140029601752758
10,-335.3195495605469,101.4901123046875,7.708190441131592,30.065898895263672,-11.941147804260254,33.89723205566406,4.27655029296875,19.859840393066406,5.224675178527832,12.571667671203612,7.619546890258789,17.926816940307617,12.788867950439451,11.809266090393066,0.7365930080413818,0.5720526576042175,-3.014458179473877,3.625694990158081,-1.2209093570709229,0.8769385814666748,1.1589299440383911,4.6732563972473145,0.1292731165885925,5.619438648223877,2.242833375930786,1.7375575304031372,-3.73935866355896,1.214336395263672,-2.071545124053955,-0.7554662823677063,-3.827425003051758,1.4492517709732056,0.6706035137176514,4.60817813873291,3.617830991744995,3.216662883758545,-2.2749111652374268,-0.1045417115092277,-1.701722264289856,1.754467248916626
10,-338.294189453125,148.25559997558594,-10.82357692718506,33.038272857666016,-14.207426071166992,32.96659469604492,9.75533962249756,18.64595031738281,9.553290367126465,17.126020431518555,6.223934650421143,10.61208152770996,7.862176418304443,8.072863578796387,2.161098003387451,1.7726627588272097,2.3246312141418457,3.726650714874268,3.240156412124634,3.288266658782959,5.013876438140869,5.231388568878174,3.1023972034454346,3.517300128936768,1.3011518716812134,0.5913448333740234,-0.6220260262489319,1.520625352859497,-0.4752303063869476,-0.992986798286438,-0.9500104188919068,1.2575984001159668,1.777401566505432,1.5421218872070312,0.2968842089176178,-1.9850770235061648,-4.504354476928711,-2.2195160388946533,-1.5499489307403564,-0.28790944814682
8,-240.0917205810547,127.44599151611328,-15.02313232421875,33.27022171020508,8.096426010131836,3.1562492847442627,1.838542103767395,-1.494125247001648,-3.2286009788513184,13.70108127593994,-3.141486167907715,4.840193271636963,-0.6029794216156006,1.2930551767349243,-1.7756623029708862,4.716602802276611,-4.039838790893555,2.6839263439178467,2.813706874847412,8.777108192443848,-7.602866649627685,-3.326365232467652,-2.816488742828369,-0.5781071186065674,-6.513963222503662,-0.4783394336700439,-4.473304748535156,5.579270839691162,0.5582194328308105,4.718418598175049,-5.761957168579102,-6.545473098754883,-4.807611465454102,5.687587261199951,0.1984177082777023,2.557352066040039,0.1597907394170761,-1.2737367153167725,-7.250576972961426,-3.939491271972656
8,-244.9840545654297,115.81819152832033,-10.157487869262695,22.048755645751957,6.279550075531006,6.673702716827393,-0.0371353067457675,1.937535643577576,-3.442518711090088,7.613585948944092,0.664985179901123,5.010372161865234,-0.0699226483702659,4.964372158050537,0.177715316414833,4.782743453979492,-3.826815843582153,2.012911319732666,-3.797767639160156,2.320833921432495,-7.160725116729736,-2.3620386123657227,-1.0393860340118408,2.3065638542175293,-6.9639668464660645,-1.938172459602356,-2.229130983352661,3.0776689052581787,-5.497893333435059,-3.822479724884033,-6.593315124511719,-2.4607865810394287,-3.0268442630767822,1.9626493453979488,-3.5617499351501465,-2.533649682998657,-1.0035741329193115,-0.4426140785217285,-8.174607276916504,-2.1557865142822266
8,-240.0309600830078,105.69806671142578,-13.388327598571776,21.39453125,1.9267569780349727,2.6717920303344727,-4.576791286468506,1.8563092947006223,0.4891870617866516,11.65796184539795,6.151225566864014,8.63011360168457,-2.968165397644043,2.4482221603393555,2.6271841526031494,11.728816032409668,0.4114332795143127,2.323837995529175,-1.0430707931518557,7.921760559082031,-10.637943267822266,-12.079042434692385,-7.083497524261475,6.528801441192627,-6.366318702697754,-0.6287086606025696,-0.0372217446565628,1.2768863439559937,-10.620792388916016,5.208978176116943,-2.600379705429077,-10.41921329498291,-5.827821731567383,2.74638295173645,-1.861491322517395,4.774146556854248,-3.117002248764038,-2.73614501953125,1.7105836868286133,-0.9025603532791138
8,-250.90521240234372,104.77008819580078,-3.952103614807129,19.92379379272461,6.059254169464111,6.911577224731445,-2.200815200805664,4.9763593673706055,-1.252126932144165,10.913575172424316,5.7555131912231445,9.14245319366455,-2.722250938415528,-0.8103073239326477,-1.4485702514648438,6.741641521453857,-2.7048912048339844,1.07905375957489,-0.6186724305152893,5.669004917144775,-9.246084213256836,-7.426239967346191,-4.54788064956665,6.816887378692627,-3.806527614593506,0.3115397691726684,-2.830637216567993,-0.8443801999092102,-7.958670616149902,10.27115249633789,-1.5882760286331177,-12.730515480041504,-8.425169944763184,2.2972068786621094,-2.137577772140503,3.47336220741272,-2.6336584091186523,-2.322309970855713,-0.6264030933380127,-1.818775177001953
8,-211.5499420166016,92.66436767578124,-3.559242248535156,13.02037239074707,7.647225856781006,7.758420944213867,-0.4746982753276825,7.078061580657959,-2.605917453765869,4.085272312164307,-1.5329136848449707,6.761834621429443,0.8454268574714661,0.7915241718292236,-3.5597431659698486,0.7487802505493164,-4.116081237792969,3.2208046913146973,-1.1626498699188232,0.0538622923195362,-10.193774223327637,-1.973842740058899,-3.6455252170562735,4.848065376281738,-0.945308804512024,1.110655426979065,-8.30229663848877,-2.3745737075805664,-3.4800775051116943,6.3099541664123535,-2.5931177139282227,-4.773785591125488,-6.092824459075928,2.1300036907196045,-1.8944449424743648,0.6763812899589539,-1.961328387260437,-1.0849214792251587,-6.500639915466309,-1.6034880876541138
8,-213.39048767089844,90.01675415039062,-14.918780326843262,-0.2321713864803314,3.0948212146759038,1.124905705451965,-10.128362655639648,0.6846964955329895,0.3508780598640442,3.2450709342956543,-3.658169984817505,5.280004024505615,-0.5010498762130737,3.173527240753174,1.155808687210083,4.912534236907959,-3.326209306716919,0.8704280853271484,-4.62547779083252,0.20475834608078,-5.946839332580566,0.7257285714149475,-6.680764198303223,0.9151265621185304,-2.547701358795166,4.268206596374512,-1.976894497871399,2.2030014991760254,-1.234905481338501,2.9154417514801025,-3.5636940002441406,-1.7163599729537964,-4.4657135009765625,0.4409878253936767,-3.788115978240967,0.0679764524102211,-4.656529426574707,-1.213974952697754,-3.0546200275421143,2.6422247886657715
9,-160.2117919921875,151.18955993652344,-14.082509994506836,20.019227981567383,7.051124572753906,12.61256980895996,3.033482313156128,11.242277145385742,1.99029803276062,8.381802558898926,-7.636628150939941,8.403553009033203,2.181574821472168,4.216418743133545,5.276618480682373,5.552711486816406,-3.7148499488830566,2.3139030933380127,-5.126064777374268,4.035953044891357,-0.048806857317686,-1.145043969154358,-3.1448118686676025,4.716994762420654,-6.49823522567749,4.57370138168335,-0.7506598234176636,4.319668769836426,6.097529411315918,-1.9451313018798828,-15.88003921508789,-5.701916694641113,3.795163631439209,7.110701560974121,0.6997583508491516,1.8468009233474727,-7.367986679077148,-9.187779426574709,-5.232133865356445,10.377918243408203
8,-195.8932037353516,-15.542272567749023,0.8011392951011658,-2.114320516586304,3.9544601440429688,-2.102824687957764,-4.757236957550049,18.85629272460937,0.3606705665588379,-10.657599449157717,-7.648298740386963,1.6380157470703125,0.1527655273675918,11.172463417053224,-12.93115520477295,-1.0399967432022097,5.386153697967529,-11.358784675598145,2.251258134841919,2.2759859561920166,-7.841459274291992,-0.6765327453613281,-6.37640380859375,7.670626640319824,-2.336885690689087,5.386690139770508,-0.9407854080200196,7.143041610717773,4.403814315795898,2.8701446056365967,0.4150679409503937,3.119363307952881,-4.108308792114258,5.256598949432373,-0.8149440288543701,3.2506263256073,-0.5215802788734436,0.9098230004310608,1.499903917312622,5.245873928070068
8,-259.1626281738281,-6.034416675567627,28.03948974609375,7.36504602432251,18.016950607299805,7.257753372192383,-13.961276054382324,9.451282501220703,-1.050373911857605,9.583439826965332,-0.0327773578464984,5.498547077178955,-1.5790764093399048,11.465012550354004,-2.679129123687744,2.423280000686645,-1.8731485605239868,5.18994665145874,-4.6549601554870605,-0.5376927852630615,0.2851413190364837,5.610987186431885,-1.6031570434570312,3.382308006286621,0.2334671020507812,6.632986545562744,-1.986504316329956,0.9573419094085692,-1.104440450668335,2.003844738006592,-2.58655858039856,2.6253957748413086,-3.17617130279541,3.0939724445343018,-2.503654718399048,2.502673387527466,-4.044980525970459,1.5072462558746338,-1.36239492893219,3.081308603286743
8,-241.3837127685547,4.463016986846924,19.38210105895996,3.737059116363525,11.107494354248049,11.00326442718506,-13.385292053222656,7.352664470672607,0.4639092087745666,7.983642101287842,-1.314475417137146,6.582307815551758,-7.272359371185303,10.725279808044434,-4.992771148681641,1.3279505968093872,-3.56229829788208,-0.3817203938961029,-3.280444860458374,-0.4864641726016998,-5.839380741119385,3.896281957626343,-1.0329347848892212,2.357159376144409,0.3228543996810913,5.420435428619385,-1.8556253910064695,3.909852743148804,-0.5287635922431946,2.749667167663574,-3.7343881130218506,2.676788568496704,-2.0302534103393555,2.756997585296631,-2.7680068016052246,-0.7344942688941956,-4.067776679992676,1.656812071800232,-4.257491111755371,2.174039840698242
8,-235.93966674804688,-0.9383710026741028,16.90366554260254,5.310333728790283,15.5219144821167,11.274436950683594,-16.429508209228516,6.461130619049072,-0.5762854814529419,7.917726516723633,-2.4534060955047607,6.040480613708496,-8.136186599731445,12.111519813537598,-3.017289876937866,0.5446872711181641,-3.29990029335022,-0.1407427787780761,-2.517542839050293,-0.9893903136253356,-4.444492340087891,3.970310688018799,-2.2423641681671143,2.9161059856414795,0.9908171892166138,6.630620956420898,-1.6182663440704346,4.236295700073242,0.1088331788778305,2.4630134105682373,-3.598872423171997,2.5212111473083496,-2.7699100971221924,2.3889060020446777,-2.5986690521240234,0.1642954796552658,-3.9585676193237305,0.9403570294380188,-3.879513740539551,2.501046895980835
8,-232.54537963867188,7.292287349700928,19.047794342041016,3.928766012191773,11.431720733642578,10.436568260192873,-14.391833305358888,5.721260070800781,-0.9087316989898682,7.969851970672607,-2.7617392539978027,6.900840759277344,-8.639272689819336,11.059287071228027,-2.4309935569763184,1.326300859451294,-3.104944467544556,0.2746594846248626,-3.382267475128174,-2.0161144733428955,-5.800183773040772,3.02189564704895,-2.462223768234253,3.4598071575164795,0.6640938520431519,6.34967565536499,-1.0823088884353638,4.732630252838135,-0.221211776137352,2.899407386779785,-3.0200767517089844,2.8274240493774414,-2.903395175933838,2.155439853668213,-2.571958065032959,-0.3376220464706421,-3.5672755241394043,0.4643900394439697,-4.31279993057251,1.9327378273010252
8,-226.6640167236328,10.682575225830078,20.368486404418945,3.0590922832489014,8.524825096130371,9.585176467895508,-12.56241512298584,5.691927909851074,0.0182895995676517,8.386369705200195,-2.322131633758545,5.7901930809021,-7.595184326171875,10.886589050292969,-3.1886448860168457,1.726681351661682,-3.0549089908599854,0.695330023765564,-4.367097854614258,-2.200120449066162,-6.225436210632324,2.5541672706604004,-1.3308697938919067,3.0172369480133057,0.4737137854099273,5.30805253982544,-0.7899847030639648,4.462544918060303,-1.501712679862976,3.319100856781006,-3.0520131587982178,2.522937059402466,-2.779579401016236,2.1076924800872803,-2.8663151264190674,-1.0559134483337402,-4.248555660247803,0.4966484606266022,-4.286500453948975,1.663834571838379
8,-223.753662109375,3.760014772415161,17.2043514251709,4.8069167137146,11.767457008361816,10.52188205718994,-14.384438514709473,5.175861835479736,0.5516640543937683,8.305047035217285,-1.9465808868408203,5.350270748138428,-6.680586338043213,12.116754531860352,-3.1220223903656006,0.9671347141265868,-3.4584333896636963,-0.4759746789932251,-4.214109897613525,-1.5421801805496216,-5.068674564361572,3.567496061325073,-0.7512556910514832,2.912156581878662,0.6637946963310242,5.665543079376221,-0.8260608315467834,4.355072021484375,-1.6786065101623535,3.1622321605682373,-3.402036190032959,1.7624412775039673,-2.6518592834472656,1.9354491233825684,-2.669636011123657,-0.3106368482112884,-3.999221801757813,0.2235456258058548,-4.144216060638428,2.020960569381714
9,-231.514404296875,52.59257507324219,-94.69354248046876,39.71759414672852,-77.23100280761719,2.2099335193634038,-19.23509788513184,22.91716957092285,7.032931327819824,-9.307491302490234,15.406778335571287,21.07497787475586,4.996408939361572,-4.946691513061523,19.37227249145508,7.381091594696045,4.60623025894165,14.73831272125244,16.06989860534668,9.852091789245604,-3.5170600414276123,15.1626615524292,7.023255825042725,5.768479347229004,-2.193126678466797,9.622151374816896,5.976223468780518,4.93871021270752,7.5057053565979,9.416162490844728,2.275163412094116,2.6308743953704834,6.462119102478027,7.91520357131958,1.7083594799041748,5.626092433929443,6.001980781555176,5.090342044830322,-0.3878832459449768,5.713499069213867
9,-325.6110534667969,52.354454040527344,-51.18694686889648,21.733051300048828,-19.308244705200195,-14.40682315826416,-13.051259994506836,-9.439558029174805,-8.798510551452637,-6.322988986968994,-24.145830154418945,2.756467580795288,2.851468563079834,6.147481918334961,-4.52678918838501,5.864634037017822,7.5973801612854,9.99967098236084,7.934140682220459,-2.126638174057007,-20.377439498901367,-4.023348808288574,4.537505149841309,22.16573905944824,7.757112503051758,2.130656242370605,-1.470942735671997,-2.9470789432525635,-13.997990608215332,-3.214304685592652,9.430694580078123,-2.5347707271575928,-7.955733776092529,3.98054838180542,6.454136848449707,8.059587478637695,5.567342758178711,0.0751614421606063,-10.592653274536133,-3.503139019012451
9,-315.8437805175781,35.32185745239258,-42.712398529052734,17.97064208984375,-19.730466842651367,-14.121517181396484,-17.384475708007812,-4.957527160644531,-0.5961682796478271,1.9284801483154297,0.0435861572623252,16.96696662902832,7.391698360443115,-6.179214000701904,-15.762650489807127,2.7827258110046387,5.535949230194092,-5.119410991668701,-2.871030330657959,9.993688583374023,0.4512106776237488,5.186978816986084,1.2138400077819824,14.708660125732422,2.62831449508667,-3.437171936035156,0.5296214818954468,1.9140501022338867,-14.595845222473145,-6.08848762512207,12.263921737670898,8.837492942810059,-9.001639366149902,-3.0997018814086914,-2.862697124481201,3.205394983291626,7.246462821960449,1.6105897426605225,-14.916732788085938,8.15390682220459
9,-321.2563781738281,73.25347137451172,-52.66442489624024,21.33259010314941,-19.54322052001953,-14.73434829711914,-15.434405326843262,-7.315710544586182,0.3224882483482361,-2.5022146701812744,-24.992359161376957,-8.979805946350098,-6.485536575317383,-9.097314834594728,-2.4840221405029297,3.752442121505737,6.884094715118408,2.9211883544921875,0.577849805355072,-11.66683864593506,-10.915875434875488,6.31134557723999,14.296124458312988,32.48009490966797,17.474233627319336,12.8555269241333,-1.1072337627410889,-11.441690444946287,-14.252523422241213,-6.18490743637085,17.751516342163086,17.321861267089844,-0.3110167980194092,-10.69377326965332,-2.296553611755371,5.080286979675293,-10.174264907836914,-15.894983291625977,-5.568420886993408,9.290634155273438
9,-368.7177734375,25.12179183959961,-43.4069709777832,-13.119035720825195,-22.34458351135254,-10.26865291595459,3.802299022674561,26.45396614074707,10.931448936462402,-20.973709106445312,-29.66007232666016,10.73255729675293,19.03144645690918,-0.5217432379722595,-9.3145112991333,0.131286010146141,-7.26662540435791,2.748161792755127,24.783321380615234,0.6768368482589722,-34.33133316040039,5.8861894607543945,13.990333557128906,3.938096284866333,22.92943572998047,8.585007667541504,-15.907034873962402,1.2278858423233032,-12.73586368560791,3.727558135986328,25.992839813232425,-16.07057762145996,-6.543771743774414,5.468408584594727,-2.2543115615844727,-1.186284065246582,-5.07474422454834,0.1994500160217285,-10.854341506958008,2.3293845653533936
9,-236.22105407714844,73.3311538696289,-62.10581970214844,18.67449760437012,-18.39449119567871,-26.10271644592285,-19.451839447021484,-3.407711982727051,-8.989551544189453,-7.937674522399902,-28.937957763671875,-6.976562023162842,-11.748143196105955,0.7327468991279602,-2.866915464401245,-2.1169376373291016,7.550477027893066,-1.8028559684753416,-8.04033374786377,-2.414106845855713,-11.4568452835083,1.1580747365951538,18.103904724121094,42.471336364746094,14.675910949707031,12.17149543762207,1.9974926710128784,-8.536419868469238,-11.70770263671875,-6.261135101318359,10.592409133911133,15.828757286071776,0.8625622391700745,-17.14076042175293,-7.7740159034729,3.850480794906616,-9.147785186767578,-12.073033332824709,-11.164794921875,3.6271684169769287
9,-314.5295715332031,70.78630828857422,-47.992820739746094,15.403203010559082,-14.664091110229492,-16.20667839050293,-8.918733596801758,2.909311532974243,-6.06380033493042,-8.397355079650879,-23.52803611755371,-2.684098720550537,-2.6575560569763184,0.309104710817337,-6.506720066070557,-9.759127616882324,-2.5662224292755127,1.711982011795044,-10.780917167663574,-9.695234298706056,-19.24020195007324,-3.209460973739624,22.758737564086918,49.49039077758789,30.1639347076416,26.54792022705078,5.192593574523926,-14.10942554473877,-15.013697624206545,-3.485464811325073,12.00430393218994,8.518318176269531,-16.922754287719727,-15.469114303588867,-9.214532852172852,5.094223499298096,0.5956897139549255,-11.508992195129396,-19.022972106933597,3.27040696144104
7,-266.2935485839844,155.25100708007812,-2.882608652114868,21.61885452270508,7.604571342468262,1.507763147354126,-0.7368955612182617,10.607593536376951,-8.320945739746094,-0.085533857345581,-12.987255096435549,2.757643461227417,2.1220366954803467,-1.1099272966384888,-4.462481021881104,7.814050197601318,0.1396576166152954,-3.993372678756714,2.063955783843994,12.974773406982422,-2.2304182052612305,-4.78874397277832,1.4844629764556885,5.081535816192627,-8.221309661865234,-0.5448261499404907,-0.5688533186912537,-0.0038222223520278,-3.597383975982666,6.733423709869385,0.5664927959442139,6.330825805664063,6.676949501037598,3.150797843933105,-3.3069663047790527,0.3134616017341614,-10.052650451660156,1.4420673847198486,2.1992077827453613,-2.9913249015808105
7,-286.5215148925781,156.060546875,4.742122650146484,5.507460117340088,6.920286178588867,15.493988037109377,4.139840602874756,-0.1312592923641204,-10.246308326721191,10.845707893371582,-6.39896821975708,-6.446804523468018,9.903904914855955,9.59399700164795,0.596261203289032,-3.712390661239624,-3.763712167739868,7.056716442108154,4.938257217407227,5.695452690124512,-0.1567721217870712,4.603358268737793,0.7556278705596924,6.475193977355957,-6.230672836303711,2.172856330871582,4.236810207366943,3.984135627746582,-1.94371235370636,5.249704360961914,-2.303588390350342,0.8708410263061523,-0.8132802844047546,0.7904421091079712,-4.420544624328613,2.3143765926361084,-1.615591526031494,-0.9148359894752502,-2.392830848693848,1.4608265161514282
5,-52.103553771972656,149.95350646972656,-40.55782699584961,-25.387584686279297,-33.55573654174805,-11.121390342712402,-3.096089124679565,4.42957067489624,-9.775800704956056,2.4342474937438965,8.174761772155762,11.252375602722168,0.7420982718467712,1.2045587301254272,1.4196665287017822,8.674710273742676,3.0734550952911377,1.503663182258606,-11.791780471801758,-5.918049812316895,-9.422812461853027,1.7421658039093018,-1.2909632921218872,-0.764384388923645,-0.2504183351993561,3.3626010417938232,2.1690561771392822,2.9988760948181152,-0.1880375146865844,1.2851930856704712,-1.7212178707122805,3.3040988445281982,0.7617314457893372,2.603746175765991,-3.300779342651367,-0.2575923800468445,-0.9071885347366332,-0.1777334958314895,-2.22471284866333,1.822066187858581
5,-35.756187438964844,156.7108917236328,-31.13575553894043,-21.448211669921875,-36.84484100341797,-17.43141746520996,-8.280940055847168,4.536682605743408,-4.749491691589356,3.942636013031006,7.740177154541016,8.936463356018066,-2.101479768753052,0.1762058138847351,4.445181846618652,8.292632102966309,-2.434779167175293,-2.817389965057373,-10.558188438415527,-4.902996063232422,-6.786388874053955,0.7776457071304321,-3.851317644119263,-1.1157078742980957,-2.972726345062256,2.335341691970825,2.8778812885284424,4.625582218170166,-1.733414888381958,0.5780910849571228,-0.4321067929267883,3.8131399154663086,-0.4591266214847564,1.668182373046875,-4.358187198638916,-3.5990993976593018,-3.285572052001953,0.0242570824921131,-1.6735475063323977,3.0583972930908203
5,-123.4959716796875,147.37159729003906,-18.30531883239746,-20.239486694335938,-24.30740737915039,-8.477472305297852,-4.134789943695068,7.027443885803223,-1.4997121095657349,5.684016227722168,3.42687463760376,7.533552646636963,2.2188973426818848,8.267491340637207,7.882377624511719,6.998788356781006,0.5924986004829407,-4.868642330169678,-7.632470607757568,-7.0062689781188965,-5.14488697052002,-3.2321057319641118,-3.732690334320069,-0.9689170718193054,-3.768995761871338,2.4843015670776367,3.972698926925659,6.100615501403809,2.3778297901153564,3.510098695755005,-0.6077551245689392,2.540478467941284,1.4791499376296997,1.9942392110824585,-2.3917722702026367,-1.1868398189544678,-2.8559441566467285,-0.7991920709609985,-2.446021318435669,2.377919435501098
5,-308.1219787597656,139.31301879882812,-4.566766738891602,-13.730320930480955,-5.833970546722412,6.066205978393555,4.478989601135254,14.054823875427246,-1.94089949131012,10.700309753417969,-0.9878871440887452,6.59068489074707,6.501883029937744,8.597373962402344,4.566712856292725,-3.012280225753784,4.034332275390625,7.817419052124023,-2.2277846336364746,2.9480080604553223,-5.282085418701172,0.882827639579773,5.04176664352417,5.154862880706787,-3.095757484436035,4.245558261871338,0.7542913556098938,0.1320103406906128,2.426692247390747,3.190893650054932,-1.596323013305664,4.594483852386475,1.1162505149841309,9.201631546020508,5.016576290130615,5.39024829864502,-4.648767948150635,-1.096413016319275,1.0470104217529297,1.7092409133911133
5,-80.09017181396484,53.58853912353516,13.265517234802246,0.349012166261673,6.036683082580566,33.52830505371094,-8.30836296081543,0.1312198638916015,1.6166102886199951,9.587324142456056,1.070343852043152,14.179071426391602,18.701847076416016,2.781090021133423,-21.61390495300293,-25.91831588745117,-17.20884132385254,10.203471183776855,-4.344316959381104,-3.8705689907073975,-23.87031555175781,4.475008010864258,10.849105834960938,28.733570098876957,13.98488426208496,12.80498504638672,21.19746780395508,8.955419540405273,6.698674201965332,-1.5530047416687012,-6.592408180236816,-4.453874588012695,0.2767903506755829,8.462377548217773,-3.8229589462280273,-2.2607500553131104,-4.114817142486572,-2.89078426361084,-7.676602840423584,-14.209969520568848
7,-254.91261291503903,116.53134155273438,-16.455577850341797,22.212520599365234,-10.496170997619627,44.83518981933594,4.334456920623779,2.2705752849578857,2.958048820495605,8.08897876739502,18.372100830078125,3.8132553100585938,2.876851797103882,11.646559715270996,1.6318495273590088,7.71315860748291,-1.8147395849227903,0.2021695226430893,1.5914666652679443,-3.151564836502075,-3.5218212604522705,-3.7040390968322754,-0.0287975240498781,5.068926811218262,-2.8973095417022705,-1.2685816287994385,-3.986654043197632,3.3274483680725098,1.7248976230621338,-1.476001501083374,-0.7846676111221313,-0.7533594965934753,-2.705840826034546,0.5780393481254578,-8.09100341796875,-2.30763840675354,-3.1240177154541016,-2.287893295288086,-7.90786075592041,-2.261375188827514
7,-192.28158569335935,114.57080841064452,-59.43391799926758,29.80107879638672,-4.481211185455322,19.840585708618164,-15.903440475463867,-16.8812313079834,-10.344294548034668,9.413496017456056,25.456880569458008,24.58484649658203,17.273448944091797,19.67304039001465,8.786197662353516,4.7402753829956055,-2.4158952236175537,-9.237926483154297,-10.211347579956056,-14.39324951171875,-10.355570793151855,-2.433276653289795,1.640924334526062,6.158111095428467,1.725224852561951,7.055594444274902,5.249404430389404,-5.958519458770752,1.2441627979278564,10.235820770263672,4.997174739837647,-10.609889030456545,-4.962064266204834,2.5462000370025635,-8.954123497009277,-1.4900782108306885,0.3516846299171448,0.0566301345825195,-2.3231985569000244,-7.790773868560791
7,-188.7184295654297,122.65045166015624,-59.7402458190918,26.466590881347656,-5.868173122406006,13.84758758544922,-16.225303649902344,-14.512953758239746,-5.430883884429932,10.706604957580566,28.74110221862793,27.216344833374023,8.034760475158691,11.547801971435549,15.91071319580078,16.067005157470703,6.288294315338135,-6.384918689727783,-10.862751960754396,-12.699172973632812,-8.72243595123291,-1.8695958852767944,1.3354548215866089,6.943359375,1.909407138824463,1.7742706537246704,9.34488582611084,3.0285348892211914,-0.8028636574745178,7.673929214477539,4.183664798736572,-4.596349716186523,-3.2969210147857666,3.1778564453125,-6.315737247467041,-4.854971408843994,1.2610825300216677,2.585394382476806,-4.791579723358154,-3.837027311325073
7,-253.1671295166016,157.88876342773438,-14.844550132751465,21.663524627685547,3.5349316596984863,16.796720504760742,1.7588425874710083,-11.18837833404541,-10.09860897064209,11.533125877380373,21.98204040527344,19.4009952545166,9.780858993530272,13.052417755126951,9.134766578674316,12.07500457763672,3.369548320770264,1.4252480268478394,-6.926168441772461,-13.873767852783203,-12.170578002929688,-3.1724510192871094,0.0579555034637451,7.489248275756836,1.5508493185043335,0.6140241622924805,3.700963497161865,3.7872140407562256,-5.6081156730651855,0.1869174838066101,0.279856264591217,-0.8331767320632935,-0.0832681655883789,3.721823215484619,-3.4983816146850586,3.9823226928710938,0.8854624032974243,-2.1882712841033936,-4.106870651245117,1.5762425661087036
7,-289.7442321777344,161.1905517578125,-16.04615020751953,22.29680061340332,7.7511162757873535,19.712602615356445,-2.965169906616211,-12.95877742767334,-8.54016399383545,11.77085781097412,25.296348571777344,17.74433135986328,10.770362854003906,16.590925216674805,6.872028350830078,8.369111061096191,0.8467256426811218,0.9443910717964172,-10.376248359680176,-13.401256561279297,-10.669089317321776,-6.04055643081665,4.571681976318359,8.585600852966309,-1.5174697637557983,0.9694640636444092,5.102690696716309,1.9199917316436768,-5.916731357574463,-1.0115684270858765,1.1142784357070925,-1.6099040508270264,1.031863808631897,2.413006544113159,-3.0747780799865723,0.9902584552764891,-5.084232330322266,-5.535984039306641,-3.801591873168945,0.346401959657669
8,-337.5936889648437,173.10743713378906,-1.6778168678283691,-17.326618194580078,-2.3205935955047607,12.650818824768066,-2.0321595668792725,5.454992294311523,3.0056393146514893,-0.5706391334533691,-5.411105632781982,-1.944730281829834,-2.0553369522094727,7.461479187011719,7.24662446975708,12.665806770324709,6.247350215911865,6.1319684982299805,-0.3272400796413421,-0.979383945465088,-3.1898272037506104,0.0841621533036232,-4.513687133789063,-0.6389867067337036,-1.8555554151535036,1.851307988166809,-0.6678621768951416,1.5344882011413574,-2.6162898540496826,2.1008315086364746,1.9906567335128784,4.697058200836182,0.8984960913658142,2.167581081390381,-2.157826662063598,-0.7038682699203491,-2.180091142654419,0.7015584111213684,-1.435096025466919,-0.5703140497207642
8,-327.6683349609375,168.42306518554688,-16.550939559936523,-16.905269622802734,0.6067843437194824,17.239831924438477,-4.104293346405029,6.551260471343994,-0.7765939831733704,-11.09980010986328,-6.023979187011719,5.749519348144531,-9.853739738464355,4.206465244293213,8.203618049621582,12.70968532562256,2.4205799102783203,4.4300689697265625,2.358916997909546,2.436840295791626,-0.9744758605957032,6.678853988647461,-4.505715847015381,-4.090353012084961,-5.565196514129639,1.1954549551010132,0.0566294193267822,3.4896914958953857,-1.1544976234436035,4.950313091278076,0.4516526758670807,5.761163234710693,-0.7136128544807434,3.397505521774292,-2.818571090698242,-2.4922194480896,-0.7860615253448486,0.6996213793754578,-6.455276012420654,-1.5099188089370728
8,-333.89599609375,164.8997039794922,-11.936542510986328,-12.702275276184082,-0.605804443359375,9.679584503173828,-2.8165948390960693,8.69035530090332,2.126284599304199,-4.6971869468688965,-6.732571601867676,-1.7878416776657104,-1.1707513332366943,8.568775177001953,3.638120889663696,6.609248638153076,-0.1247819513082504,3.292319059371948,1.9282761812210083,2.1992149353027344,-2.459406852722168,2.207747220993042,-1.4793939590454102,1.2795186042785645,-0.8366130590438843,2.900678396224976,-1.0262824296951294,2.875669002532959,-1.2367874383926392,3.1410484313964844,2.1137008666992188,3.4469449520111084,1.1544939279556274,2.96545934677124,-1.3839584589004517,0.7498355507850647,-1.028782606124878,2.385414361953736,-0.6091281771659851,0.4881547689437866
8,-320.00250244140625,179.21987915039062,-6.74765682220459,-17.83880615234375,-7.483250617980957,6.775492191314697,-12.990471839904783,-0.5056904554367065,-3.6566333770751953,-7.3259501457214355,-2.858933925628662,-2.7102980613708496,-10.404449462890623,4.017497539520264,7.729554176330566,13.07222843170166,6.937667846679688,10.247040748596191,2.778375625610352,-2.4842429161071777,-6.611756324768066,-2.2343873977661133,-6.245941638946533,-2.380110025405884,-2.6405904293060303,2.8285839557647705,-2.618420124053955,3.6390810012817374,-0.7076789140701294,1.2159854173660278,2.892605781555176,8.07667064666748,3.680498123168945,3.8960330486297607,-0.8871500492095947,1.676194429397583,-0.8031811714172363,-0.0052088215015828,-1.9029035568237305,2.41694712638855
7,-75.6505355834961,146.3338165283203,-5.138370037078857,39.489933013916016,8.259282112121582,7.906478404998779,-8.658912658691406,11.682469367980955,3.393120765686035,1.6957260370254517,-3.073774814605713,11.91015911102295,-0.4725200235843658,5.087497711181641,-0.5552268624305725,4.777139663696289,-2.318186044692993,6.54112720489502,1.2505578994750977,2.9967570304870605,-4.269997596740723,4.639613628387451,-2.866241216659546,4.63538122177124,-1.7618074417114258,7.696716785430908,-1.9672685861587524,0.6147778630256653,-2.6535818576812744,1.366559386253357,-1.8414111137390137,-0.5079076886177063,-5.186315059661865,3.8348867893218994,-0.405657023191452,2.4612607955932617,-1.4505311250686646,-0.0016851590480655,-2.7348244190216064,0.4455561935901642
7,-72.13580322265625,146.02084350585938,-4.01973295211792,39.49444961547852,7.697976112365723,7.414673328399658,-10.027738571166992,11.43537139892578,3.602088928222656,0.4098486602306366,-2.775686025619507,12.12809944152832,0.5434190630912781,4.960143566131592,-2.535984754562378,3.870909214019776,-3.196727514266968,6.569209098815918,2.339364051818848,2.459721088409424,-4.789394378662109,4.456413269042969,-1.0857524871826172,5.931739330291748,-1.5541526079177856,7.461925983428955,-1.6232119798660278,2.093644142150879,-1.6764891147613523,0.6038911938667297,-1.8874317407608032,-0.3028807640075683,-4.928557872772217,4.18955135345459,-0.0965335518121719,3.302762508392334,-0.9004483222961426,-0.4248151779174804,-3.9415361881256095,-0.2037610560655594
7,-72.47709655761719,146.54403686523438,-3.785651683807373,39.42892456054688,7.72019100189209,7.790888786315918,-10.745519638061523,11.84885597229004,3.667212963104248,0.429571121931076,-2.351618528366089,11.834986686706545,1.550406575202942,4.487887382507324,-2.8323538303375244,3.866957426071167,-3.933751821517944,6.846401691436768,2.9772307872772217,2.2092390060424805,-4.278410911560059,4.651510238647461,-1.4731162786483765,5.544955730438232,-1.6932697296142578,7.288008213043213,-1.402079463005066,1.760573148727417,-1.9322830438613887,0.7033520340919495,-1.7495272159576416,-0.4994880855083465,-4.668755531311035,4.475037097930908,-0.036624290049076,3.493173122406006,-0.7637731432914734,-0.7351745963096619,-4.128924369812012,0.3525815010070801
7,-73.67476654052734,147.33636474609375,-4.255547523498535,39.38725662231445,7.86234188079834,8.238336563110352,-10.499638557434082,11.737747192382812,3.3865535259246826,0.4796173572540283,-2.21903657913208,11.6687593460083,0.5047191381454468,4.3149943351745605,-2.3345537185668945,4.037124633789063,-3.796614646911621,7.205619812011719,2.866322755813598,2.8291499614715576,-4.008933544158936,4.944396495819092,-1.329675793647766,5.600221157073975,-1.4082902669906616,7.201361179351807,-1.816551923751831,0.8477634191513062,-3.109914541244507,0.7025359272956848,-1.0708633661270142,-0.4155587553977966,-4.582045555114746,4.035268306732178,-0.9513426423072816,3.0577025413513184,-0.6452629566192627,-0.7500641942024231,-3.784058332443237,0.6277377009391785
5,-74.34013366699219,140.9065399169922,-64.87228393554688,20.838865280151367,-14.70026397705078,6.205112457275391,-8.821337699890137,1.869165539741516,-8.379792213439941,-0.3878921270370483,-9.502683639526367,-3.261075735092163,-3.9008052349090576,11.126579284667969,10.392539978027344,14.316615104675291,4.77980375289917,5.299935817718506,-5.786863327026367,-1.6173175573349,-10.265853881835938,-9.54953670501709,-6.115480422973633,5.271236896514893,2.0608484745025635,-2.169355630874634,-5.841343402862549,9.587912559509276,4.941510677337647,-5.373117923736572,-11.560376167297363,3.5848305225372314,10.462688446044922,9.882704734802246,-0.1661877185106277,6.401896953582764,-8.002333641052246,-15.9818754196167,-4.200950622558594,15.23507595062256
5,-111.1680145263672,127.57398223876952,-21.367992401123047,22.44137954711914,0.8630514740943909,16.672452926635742,-4.932661533355713,5.813743114471436,-9.46989631652832,10.047019958496094,-0.249668538570404,6.863373756408691,4.963582992553711,13.171846389770508,8.477289199829102,11.424121856689451,1.6276164054870603,9.95188045501709,6.081538677215576,8.357033729553223,-2.162869930267334,-0.3987286388874054,-1.7583316564559937,5.3132147789001465,-0.5782620310783386,-0.9983376860618592,-3.6613149642944336,10.759384155273438,2.3177969455718994,-6.282104969024658,-7.846372604370117,12.000170707702637,10.69797706604004,4.155769348144531,-1.7700382471084597,2.823295831680298,-7.629390239715576,-3.142324209213257,6.200931072235107,7.542013168334961
5,-64.02732849121094,94.96874237060548,-9.607044219970703,27.68684196472168,-10.44796657562256,2.859744071960449,0.7915141582489014,13.170576095581056,-19.762453079223636,15.06232738494873,0.0353294946253299,2.8449583053588867,-4.247629165649414,9.9570894241333,-6.830939292907715,5.5248122215271,4.031350135803223,4.698714733123779,2.160861015319824,6.333683013916016,-0.61501544713974,2.6230692863464355,-2.034810781478882,3.272643804550171,-3.708810329437256,-0.4691192507743835,-3.494226217269897,2.5523006916046143,-1.3278700113296509,2.355504035949707,-3.0064167976379395,1.5399699211120603,-0.6382976174354553,0.7753654718399048,-2.063905477523804,1.9225939512252808,-1.0349541902542114,4.127089500427246,-3.84055495262146,2.927817106246948
8,-398.1231689453125,142.16360473632812,36.34264373779297,-2.8015806674957275,-13.036795616149902,12.414756774902344,4.156777858734131,20.60202407836914,-9.377720832824709,-3.127213478088379,1.9773879051208496,10.49040985107422,-1.8362913131713867,12.208802223205566,-0.064449667930603,6.676876544952393,-6.177997589111328,2.789473056793213,-10.245115280151367,-4.950808525085449,-5.872372627258301,4.143546581268311,-3.969903707504273,3.3008036613464355,4.023232936859131,0.9262516498565674,4.565850734710693,3.8167004585266113,-3.736639022827149,-2.4347877502441406,-4.399978160858154,-6.993549346923828,-0.929444134235382,4.779318332672119,-2.135121583938598,2.893960475921631,0.9755577445030212,-2.6211657524108887,-2.6521763801574707,-3.1359143257141118
8,-352.449462890625,154.79202270507812,-6.49959659576416,-13.062060356140137,-6.794351100921631,0.3280254900455475,5.391359806060791,4.998740196228027,-7.230541229248047,4.593832969665527,0.9936542510986328,12.551467895507812,-0.9496499300003052,10.310213088989258,8.371684074401855,3.3840973377227783,-1.756325364112854,3.615981578826904,-1.9353625774383545,-4.3638691902160645,-3.173300504684448,3.3437905311584477,2.0678303241729736,5.5459089279174805,-2.001512050628662,-0.9135771989822388,2.613464832305908,-1.292258620262146,-2.382018566131592,0.6449562907218933,-0.0004023075161967,3.562729597091675,0.8991305232048035,-0.7246329188346863,-0.8916120529174805,-0.6993547081947327,-1.3517577648162842,-1.1068912744522097,-3.984144687652588,-2.7429165840148926
8,-318.68780517578125,136.34634399414062,-17.94408416748047,-17.508148193359375,8.33554744720459,-9.888068199157717,-10.274357795715332,8.29212474822998,-9.218534469604492,-0.6811309456825256,-4.24827766418457,14.247377395629885,10.869881629943848,28.06567001342773,14.457622528076172,9.198198318481444,1.4272043704986572,3.451788663864136,-5.6038899421691895,-2.6632089614868164,1.2303919792175293,-1.1081111431121826,-9.022242546081545,0.3021103739738464,3.5902225971221924,4.748022556304932,7.047417163848877,0.0057175424881279,6.195505142211914,1.5158679485321045,-0.0586805343627929,-5.038248538970947,1.070333480834961,-1.8494614362716677,-1.7033019065856934,-3.2187283039093018,-3.1847801208496094,-7.219654560089111,-6.038586616516113,-5.372471332550049
8,-341.8085021972656,141.7745361328125,-6.303337097167969,-12.687518119812012,-3.0132412910461426,-0.8435484170913696,1.456188082695007,9.894309997558594,-6.442185878753662,-2.9371554851531982,-3.413637638092041,9.798696517944336,5.12856388092041,14.777583122253418,8.675692558288574,4.48753833770752,-1.223198175430298,7.4356369972229,-6.9739484786987305,-4.517593860626221,-0.975256323814392,2.0588619709014893,-1.7526460886001587,3.111646175384521,1.0933306217193604,1.1638050079345703,5.978974342346191,-1.6674137115478516,-0.1220288276672363,-1.5056241750717163,-2.534018993377685,-2.793220043182373,0.6876489520072937,0.0428396835923194,1.892658233642578,-1.2576920986175537,-0.8602563738822937,-0.965523898601532,-3.517026901245117,-3.512236833572388
5,-240.65501403808597,116.4502944946289,-34.70367813110352,27.024961471557617,-12.770925521850586,10.30404567718506,-19.30342674255371,-10.00531768798828,-4.204134941101074,-6.306642055511475,-6.091857433319092,2.17635178565979,1.9646397829055784,2.2309391498565674,-0.5258843898773193,1.3748456239700315,-5.578980922698975,-0.4127671718597412,-5.661276340484619,3.721099376678467,-4.731404781341553,0.0680139809846878,-6.059727191925049,3.0650112628936768,-0.4110435843467712,1.400821089744568,-3.6405632495880127,1.230488419532776,-4.469477653503418,-3.665844440460205,-5.520541667938232,0.4325888752937317,-3.2525744438171387,0.2067443281412124,-3.1250946521759038,0.5379026532173157,-3.5415706634521484,1.8213096857070925,-1.633836030960083,-0.0350743569433689
5,-206.4901123046875,112.92996215820312,-55.015625,14.225557327270508,-15.368175506591797,13.886930465698242,-18.57537269592285,-7.908836841583252,-2.644983291625977,-7.740335464477539,-8.036416053771973,3.0948293209075928,4.488051414489746,-2.470290422439575,-3.2554807662963867,1.554303526878357,-6.735962390899658,0.0711746886372566,-6.574390411376953,2.078124523162842,-6.557536602020264,0.0682350471615791,-4.799365997314453,3.896210670471192,-3.101713180541992,-2.28822922706604,-6.02547550201416,-3.366802215576172,-4.108389377593994,-0.0653312131762504,-3.439542055130005,-1.81701135635376,-5.302404880523682,1.423304319381714,-2.509175062179565,1.6237207651138306,-2.3852779865264893,1.030371904373169,-3.778442621231079,1.502640962600708
5,-228.31570434570312,129.820556640625,-47.155670166015625,20.048480987548828,-16.45460319519043,10.136479377746582,-12.238651275634766,-3.6762709617614746,3.940060615539551,-2.623318910598755,-8.384665489196777,4.3048095703125,4.89525842666626,2.067732334136963,1.1094276905059814,4.567570686340332,-2.58962082862854,1.7171955108642578,-3.3553950786590576,3.459490299224853,-5.161044597625732,1.7531782388687134,-4.4181318283081055,0.787409782409668,-5.2671732902526855,0.3959642648696899,-3.012582302093506,0.4030982553958893,-2.523569107055664,0.3259548544883728,-3.3983211517333984,-0.4996999502182007,-1.8718794584274288,1.698951005935669,-2.2904484272003174,0.668613612651825,-4.516054630279541,-0.6643694639205933,-3.5333619117736816,1.2253249883651731
5,-215.36456298828125,133.494384765625,-51.26167297363281,17.675615310668945,-18.062633514404297,14.753347396850586,-9.454712867736816,-2.86111831665039,3.075932025909424,-5.824751377105713,-6.548457622528076,4.909735202789307,2.0118050575256348,-0.478513240814209,0.5463995337486267,5.7728376388549805,-2.5206165313720703,1.8424490690231323,-5.994118690490723,0.0846369341015815,-3.919023036956787,1.0469287633895874,-5.833220958709717,-0.1124057248234748,-4.208396434783936,1.1296738386154177,-2.23391342163086,1.9569028615951536,-2.342318058013916,0.2497975826263427,-2.2754170894622803,1.2336286306381226,-2.7652013301849365,0.8149182796478271,-2.061302900314331,0.4194728434085846,-4.539586067199707,-0.2334555089473724,-3.069380283355713,1.2179304361343384
5,-215.30615234375,116.4656982421875,-50.60926055908203,22.234468460083008,-12.949963569641112,12.469038009643556,-19.250423431396484,-9.25082302093506,-1.4132226705551147,-4.265235424041748,-5.609057426452637,3.8610823154449454,0.6791857481002808,-2.9046473503112797,-0.0825607478618621,1.115584373474121,-8.041715621948242,-2.678910732269287,-7.823845386505127,3.0857441425323486,-1.1487765312194824,2.9971182346343994,-4.647309303283691,1.9576455354690552,-3.384631872177124,-1.1970714330673218,-3.904871940612793,1.162898302078247,-4.990644454956055,-4.151270389556885,-4.375030994415283,2.750948190689087,-2.9450182914733887,-1.974324345588684,-3.081935405731201,0.2543193399906158,-4.116305351257324,2.021603584289551,-2.3950424194335938,-0.2561837434768677
5,-242.1555328369141,118.71373748779295,-46.43996810913086,16.462459564208984,-18.983482360839844,10.328584671020508,-14.478236198425291,-6.438235282897949,4.750898361206055,-5.370372295379639,-5.15908670425415,2.3974225521087646,2.180106401443481,-4.168817520141602,-1.3314919471740725,1.8230043649673464,-1.3201767206192017,0.7385116219520569,-8.249025344848633,-1.9849797487258911,-3.782256841659546,1.8261324167251587,-3.827913284301758,0.204696923494339,-2.9410412311553955,-0.306764006614685,-5.050418376922607,-0.231072261929512,-3.3390016555786133,-3.626729726791382,-6.330092906951904,0.6381319761276245,-1.507709503173828,0.2307009547948837,-3.541802406311035,0.629830002784729,-2.6282458305358887,2.2197093963623047,-2.013960123062134,-1.614230990409851
5,-235.1821746826172,114.84716033935548,-46.841793060302734,10.307988166809082,-17.875158309936523,11.451722145080566,-12.693235397338867,-7.163509368896484,5.160589694976807,-4.697200775146484,-2.1849939823150635,3.41455602645874,5.812126159667969,-1.9883683919906616,1.2379529476165771,2.987247467041016,-2.1711864471435547,0.7053492665290833,-2.556553363800049,3.7187514305114746,-6.21117115020752,-2.626910924911499,-6.086488723754883,1.5433074235916138,-4.190465927124023,-2.663435935974121,-5.1128129959106445,-1.1784045696258545,-6.029682159423828,-1.7258729934692385,-2.6397392749786377,-1.7877060174942017,-5.331595420837402,-0.5227930545806885,-2.3422954082489014,0.1325758099555969,-3.0883569717407227,1.50762939453125,-2.439340829849243,-1.099212884902954
7,-237.5778045654297,123.66385650634766,-40.43459701538086,18.27889060974121,-13.077004432678224,18.71164894104004,-16.254167556762695,-2.496500968933105,2.5315868854522705,-5.862740516662598,-7.11939811706543,2.870468139648437,-2.2735042572021484,-8.001870155334473,-4.714108467102051,0.1085908934473991,-3.2736337184906006,-0.1144396811723709,-6.315062999725342,0.7214304208755493,-6.0365166664123535,2.0784387588500977,-5.626010417938232,0.2244607508182525,-4.523922920227051,-0.9660967588424684,-4.507139205932617,-0.7183577418327332,-5.641967296600342,-3.4512953758239746,-6.278623104095459,-1.5989104509353638,-4.16897439956665,-1.152360200881958,-3.886101961135864,-0.0008544921875,-3.6584980487823486,1.0953859090805054,-5.155849456787109,-1.4251890182495115
7,-239.07704162597656,116.5078125,-43.22930908203125,22.076385498046875,-11.468761444091797,17.621015548706055,-17.89282989501953,-2.505338430404663,-1.241325616836548,-10.874652862548828,-7.257988929748535,3.4443910121917725,5.419156074523926,-3.629762172698975,-2.206895112991333,-4.208521366119385,-8.91033935546875,1.331392765045166,-2.1666243076324463,4.222778797149658,-5.030215263366699,2.6429009437561035,-3.377349376678467,2.200216054916382,-5.446202278137207,-0.5212801694869995,-4.89414644241333,-0.7909671068191528,-4.4381842613220215,-1.7376093864440918,-5.4501824378967285,-0.898621141910553,-4.221626281738281,-1.2262171506881714,-3.665238857269287,-3.1796817779541016,-7.639435291290283,-0.1489606201648712,-4.578877925872803,-1.5242328643798828
7,-225.92774963378903,117.19420623779295,-48.22647857666016,24.59619140625,-7.339502811431885,16.52434539794922,-16.198335647583008,3.249999046325684,1.1201238632202148,-10.362720489501951,-4.303799152374268,4.647465705871582,4.528633117675781,-4.522354602813721,4.074098110198975,3.197139978408813,-6.480535984039307,-1.4120835065841677,-6.369093418121338,1.4333326816558838,-7.056611061096191,0.7203953266143799,-6.734056949615479,0.4012839198112488,-6.276229381561279,-0.1975482851266861,-4.1753926277160645,-1.1096551418304443,-4.8330817222595215,-1.8104140758514404,-5.727700710296631,-3.995134115219116,-6.58436393737793,-2.027766704559326,-5.831596374511719,-2.2529876232147217,-5.365719795227051,-2.911465167999268,-5.890816688537598,-0.2570110559463501
7,-228.49252319335935,122.53538513183594,-51.967281341552734,26.63663673400879,-2.624558925628662,22.25182342529297,-13.687164306640623,-2.629745960235596,12.8162202835083,0.5968039035797119,3.643191576004028,10.62887477874756,10.61663818359375,-1.3355932235717771,0.6189643144607544,1.183660864830017,-3.5087735652923584,1.885884523391724,-3.038986921310425,3.288461208343506,-1.6447603702545166,4.535125255584717,-2.482093095779419,0.0890481323003768,-3.664319038391113,0.1790558099746704,-4.764469146728516,-1.893321514129639,-5.465477466583252,-2.9891605377197266,-5.028155326843262,-1.5999027490615845,-8.244281768798828,-3.995914459228516,-7.383916854858398,-5.693962097167969,-6.169510364532471,-1.4835660457611084,-8.388018608093262,-4.186721324920654
7,-217.05538940429688,116.92465209960938,-41.20723342895508,26.98267364501953,-7.133424758911133,15.405609130859377,-13.964959144592283,-4.532465934753418,1.3557747602462769,-8.41273307800293,-5.8402838706970215,3.548957586288452,0.7938414216041565,-5.724044322967529,0.5347996354103088,-1.1497278213500977,-6.419557571411133,-1.896337628364563,-7.669236660003662,1.9719603061676023,-4.50837516784668,-1.1316837072372437,-5.416548728942871,-0.6159515976905823,-6.201679706573486,-1.7291560173034668,-5.81004810333252,-1.5593618154525757,-4.0941481590271,-3.2097761631011963,-7.406014442443848,-4.227780342102051,-5.651754856109619,-1.3418893814086914,-3.7064950466156006,0.4251526296138763,-3.503635883331299,-1.1785733699798584,-3.8724849224090576,1.1621747016906738
7,-246.47299194335935,122.35760498046876,-47.94854736328125,22.79402732849121,-4.670202732086182,20.160400390625,-16.313987731933594,-2.9826388359069824,-3.460288047790528,-9.378061294555664,-7.629266262054443,4.024301052093506,4.549911022186279,-5.001935005187988,0.3019910156726837,1.834400296211243,-6.078204154968262,-1.4386191368103027,-6.980983734130859,-0.0300045125186443,-7.041234493255615,0.333452433347702,-5.304677486419678,2.37082839012146,-4.530416011810303,-0.6338378190994263,-5.275981426239014,-2.266135931015014,-4.853903293609619,-3.1025664806365967,-6.334143161773682,-1.9000508785247805,-4.577333927154541,-1.6119389533996582,-5.176347255706787,-0.9977552890777588,-6.74474048614502,-1.7356579303741455,-4.154953956604004,1.2549526691436768
7,-253.31114196777344,125.57415008544922,-42.60567855834961,20.796350479125977,-11.225604057312012,17.446325302124023,-17.37468719482422,0.6787163019180298,2.141393184661865,-6.71906328201294,-4.780126571655273,6.280004024505615,7.022796630859375,-3.448338508605957,-1.7511873245239258,-1.0088690519332886,-5.755711078643799,2.6060025691986084,-2.645078182220459,1.8330713510513303,-6.708004951477051,1.9764820337295528,-3.364471673965454,1.9021345376968384,-7.248822212219238,-1.8072216510772705,-5.289278030395508,-2.0126287937164307,-5.477355480194092,-2.3814055919647217,-6.054317951202393,-1.0631729364395142,-4.97899341583252,-3.073355436325073,-6.453127861022949,-4.777836322784424,-8.263673782348633,-1.6217254400253296,-5.514779090881348,-1.1500998735427856
8,-74.751953125,60.7995719909668,-0.0194988343864679,46.08987045288086,-4.058157920837402,-21.60299301147461,16.337753295898438,3.881337404251098,-33.39682388305664,10.271347045898438,-6.109920501708984,-11.598379135131836,-8.84271240234375,-2.2063148021698,-6.945816993713379,-6.512518405914307,-7.467654705047607,0.0171907283365726,-4.823344707489014,-1.5408058166503906,-1.6822025775909424,-0.8987895250320435,-3.484995126724243,1.1744600534439087,-7.207489013671875,0.2486922442913055,-3.311157703399658,-0.5340914726257324,-8.800036430358887,-1.7172006368637085,-9.3486328125,0.2715600430965423,-7.342140197753906,-3.045874834060669,-10.110636711120604,-3.07470965385437,-6.114810943603516,0.5966867208480835,-2.9519600868225098,0.013433669693768
9,-208.55990600585935,186.27024841308597,-80.29131317138672,-36.7072868347168,3.538370370864868,-26.036039352416992,-3.881321907043457,1.6997286081314087,-19.106103897094727,-12.719624519348145,-4.405706882476807,-12.547560691833496,-8.477742195129395,1.0247734785079956,-5.436724662780762,-4.689280033111572,-1.3461612462997437,-7.958240509033203,-1.6632531881332395,3.110797166824341,-3.1191728115081787,-0.4633652865886688,1.851617932319641,-0.2617772221565246,-0.0112713063135743,0.9974369406700134,1.7802339792251587,-0.2289981245994568,-0.6815552711486816,-0.3579919934272766,-2.5782711505889893,-1.3042279481887815,-1.887519121170044,-4.077520847320557,-2.014471530914306,-1.3255623579025269,-1.3599919080734253,-1.0962190628051758,-2.175107479095459,-1.435822367668152
9,-166.29336547851562,211.43524169921875,-110.95269775390624,-27.974367141723636,4.142193794250488,-29.485769271850582,-0.484738826751709,-5.15648078918457,-9.731430053710938,-1.0793873071670532,-5.70697832107544,-13.887751579284668,-12.640881538391112,0.8315510749816895,-4.4784746170043945,-7.56511926651001,0.4435075223445892,-6.260663986206055,-0.2800984978675842,2.2084052562713623,-6.99404239654541,0.9417860507965088,2.234476327896118,-1.9928022623062132,-0.0672368928790092,-0.7544363141059875,2.151242733001709,-0.1836078912019729,-1.5846247673034668,-0.1706288456916809,-5.102633476257324,-1.1624168157577517,0.421221524477005,-4.1012115478515625,-0.5057936906814575,-1.534931182861328,-2.7018978595733643,-0.8014810085296631,-2.5250163078308105,-1.083867073059082
9,-184.1587829589844,192.0946044921875,-97.00696563720705,-32.03750991821289,9.09343719482422,-26.01233673095703,-6.686992645263672,-7.448915481567383,-19.760486602783203,-5.535393238067627,1.5385562181472778,-9.313615798950195,-11.899738311767578,-3.576322078704834,-6.2858757972717285,-3.735013484954834,1.2601693868637085,-5.611667156219482,-0.4665986001491546,3.383113145828247,-2.765944242477417,0.4266032874584198,-0.4020632803440094,-2.7091610431671143,0.7713702321052551,0.4307679533958435,-0.3570767343044281,-1.0947983264923096,-0.250432550907135,-0.3254341185092926,-4.343050956726074,-2.061530590057373,-1.2409027814865112,-3.931476831436157,-0.8356654644012451,0.27316415309906,-0.8526517152786255,-1.333137273788452,-2.4260079860687256,-1.8951966762542725
9,-271.56707763671875,201.10824584960935,-99.06095123291016,-19.00216484069824,5.838068962097168,-30.008718490600582,-2.106894969940185,-8.307835578918457,-14.233909606933594,-4.643380165100098,-6.291862487792969,-9.552584648132324,-6.944030284881592,-2.025045156478882,-12.728174209594728,-9.314749717712402,1.9553534984588623,-8.803658485412598,-1.9717193841934204,4.638718605041504,-3.8835582733154297,2.9152066707611084,1.764911651611328,-2.59214186668396,1.9228004217147827,-1.0608820915222168,-1.0835200548171997,-1.55157470703125,-1.5760254859924316,0.5535658597946167,-3.9509801864624015,-0.9443752765655518,0.1005746945738792,-4.867532730102539,-0.5884538292884827,-0.6742098331451416,-1.916315197944641,0.285174161195755,-2.4587490558624268,-0.9108219742774964
5,-21.679283142089844,-37.433406829833984,-44.21756362915039,-22.39508819580078,-18.375471115112305,-7.899198055267334,-14.341134071350098,-4.400894165039063,-4.0411376953125,1.456546664237976,-6.86248254776001,0.9668315649032592,-3.0132572650909424,1.61591899394989,-9.29771614074707,3.0590128898620605,0.8543157577514648,6.215911865234375,-2.256371259689331,5.025403022766113,0.9849790930747986,3.764416933059693,-9.723430633544922,0.6344118714332581,-6.250265121459961,3.7379379272460938,1.0761176347732544,9.509126663208008,-0.3104960322380066,6.2036967277526855,-3.305702209472656,4.333811283111572,-5.018041133880615,1.9611356258392332,-3.93589186668396,0.8838607668876648,-3.468384027481079,0.9471553564071656,0.4964028894901275,5.380398750305176
5,-1.146559715270996,-40.4353141784668,-47.443485260009766,-23.923828125,-17.39997100830078,-7.181164264678955,-12.255989074707031,-6.035111904144287,-3.303269863128662,2.132505178451538,-5.408013343811035,1.735954523086548,-3.0103089809417725,0.5334925055503845,-10.457586288452148,1.81725013256073,-1.152328610420227,6.745182991027832,-3.405348539352417,5.66327714920044,0.4876538813114166,3.129024028778076,-11.866446495056152,2.5390663146972656,-5.345142364501953,7.28218412399292,0.3002542853355407,12.35506534576416,-1.364715814590454,6.405323028564453,-5.709776878356934,4.973918437957764,-7.794106006622314,3.1934940814971924,-5.531723976135254,0.164976418018341,-4.5573272705078125,2.821798801422119,0.9105017185211182,7.292277336120605
5,-36.09508895874024,-37.32588577270508,-40.88043594360352,-18.89986228942871,-20.299671173095703,-5.587530136108398,-13.138081550598145,-4.318096160888672,-6.051438808441162,2.521099805831909,-5.405757427215576,0.4020581543445587,-3.286562919616699,-2.1069161891937256,-11.06312656402588,1.4221080541610718,1.5100913047790527,5.771950721740723,-1.357905030250549,6.660679817199707,2.8640944957733154,5.029475212097168,-7.95278787612915,3.0918776988983154,-4.248969078063965,4.234853267669678,1.2078254222869873,9.176981925964355,-0.6739487648010254,5.544622898101807,-2.7732880115509038,5.2676777839660645,-5.326674938201904,4.316253662109375,-3.240314722061157,2.143116235733032,-3.0008678436279297,2.344076633453369,-0.1049440428614616,4.897125720977783
5,-149.16412353515625,-39.40448760986328,-32.61902618408203,-3.745276689529419,-26.281497955322266,-6.940457820892334,-5.904279708862305,9.166595458984377,-1.192204236984253,5.764362812042236,-3.9708893299102783,-0.7294903993606567,-1.3333321809768677,-2.068417549133301,-9.030023574829102,1.1435372829437256,3.988664388656616,1.6354317665100098,3.842594146728516,7.324903011322021,5.335793495178223,6.17733097076416,-3.593550205230713,3.8000524044036874,-3.1986141204833984,0.1491966396570205,4.089946269989014,6.16995096206665,0.6857545375823975,2.971703052520752,-0.2175461649894714,4.429372787475586,-2.558149099349976,4.943052291870117,-0.1008124351501464,5.403073310852051,-0.6209548115730286,2.1372504234313965,-0.4431767463684082,4.41912841796875
9,-57.20478057861328,-20.930370330810547,5.868266582489014,32.1031494140625,24.682781219482425,13.82622241973877,-14.348037719726562,15.905231475830078,10.375815391540527,15.664758682250977,19.17855262756348,7.179124355316162,-9.025979042053224,-1.1843128204345703,-15.139456748962402,1.7349703311920166,1.2856720685958862,-11.319272994995115,1.610057711601257,11.019372940063477,10.707868576049805,1.3683305978775024,3.5721852779388428,7.809488296508789,-2.2561068534851074,5.111200332641602,1.1629854440689087,-2.44839096069336,-5.707429885864258,11.56105136871338,7.407615184783935,2.196562528610229,-7.726929187774658,10.90597152709961,1.80640721321106,-2.2242753505706787,1.3954203128814695,-9.35334300994873,-4.677739143371582,0.9882917404174804
9,-36.793582916259766,-28.44483757019043,5.872174263000488,30.38950729370117,25.06728744506836,14.225221633911133,-13.01779079437256,15.769649505615234,8.99165153503418,21.69418334960937,22.03608703613281,8.003905296325684,-9.977149963378906,0.4770032465457916,-16.361574172973633,2.8956291675567627,2.590139150619507,-12.088723182678224,0.9488534927368164,13.07248306274414,11.11973762512207,-0.4190739393234253,4.460809230804443,7.558302879333496,-1.324006199836731,4.71083927154541,-1.678256869316101,-4.125235557556152,-4.112281799316406,14.626094818115234,4.577473163604736,-0.8024530410766602,-4.616137981414795,12.485466003417969,2.4671871662139893,-3.4233648777008057,0.7703155279159546,-10.795366287231444,-4.185651779174805,0.4658777415752411
7,-83.40611267089844,19.29646873474121,-0.119661808013916,29.25777816772461,1.57380211353302,-8.62114143371582,-19.267860412597656,28.383777618408203,7.170987129211426,20.834806442260746,15.203283309936523,19.485944747924805,8.899986267089844,5.369300365447998,-19.4077091217041,-4.9087653160095215,-1.246147394180298,-4.679993629455566,5.332083702087402,4.838560104370117,4.070431232452393,12.828410148620604,12.709579467773438,10.606819152832031,-0.5291406512260437,2.904240369796753,2.3167574405670166,-7.238070964813232,0.2525857985019684,3.904309272766113,-3.6539924144744873,7.608941555023193,-3.8319811820983887,13.546527862548828,-3.418694019317627,-3.6680383682250977,-12.567841529846191,-14.1897554397583,-1.2913446426391602,-6.0698347091674805
7,-60.09098434448242,15.362710952758787,-3.841199159622192,35.93402862548828,-5.322464466094971,-10.752415657043455,-19.178464889526367,25.91429328918457,5.740512371063232,24.0044002532959,19.194896697998047,19.247642517089844,9.781155586242676,4.532577991485596,-16.780498504638672,-5.540892124176025,1.3065288066864014,-4.799767971038818,3.68648099899292,4.6501054763793945,5.583272933959961,14.54590129852295,10.205647468566896,11.419398307800291,-0.449830025434494,2.268886089324951,2.5078020095825195,-8.677436828613281,2.9737541675567627,1.5079180002212524,-5.5951032638549805,8.238174438476562,-2.133713960647583,13.228772163391112,-4.359729290008545,-3.624577283859253,-15.49853801727295,-14.303560256958008,-0.9865111708641052,-6.790909290313721
7,-232.77740478515625,107.94998931884766,-9.003050804138184,20.08540916442871,-1.2495516538619995,1.4826258420944214,14.638635635375977,2.2802557945251465,8.291507720947266,5.868244647979736,3.2283921241760254,-1.64582359790802,-5.826428413391113,6.918552875518799,-5.501157283782959,6.697254180908203,-1.1950345039367676,4.126214504241943,-1.515046238899231,6.537452220916748,-1.548377275466919,4.8210859298706055,-3.763341903686523,3.164382219314575,-3.602987766265869,2.4071943759918213,-0.9371357560157776,4.015268802642822,-1.2613540887832642,1.8145556449890137,-3.5069572925567627,3.050757884979248,-0.5167562961578369,2.3235623836517334,-1.0236295461654663,2.3661251068115234,-1.364208102226257,1.8261852264404297,-3.6718029975891113,-1.4556477069854736
7,-371.8736572265625,90.99560546875,-1.925522327423096,-8.378135681152344,2.8182623386383057,10.523014068603516,-2.097188711166382,11.586868286132812,-4.693791389465332,7.750964164733887,3.8099310398101807,-1.0095902681350708,-8.477139472961426,-2.7851979732513428,-4.541721343994141,-5.437013626098633,-2.0294792652130127,-1.9348833560943604,-4.142271041870117,2.5407087802886963,3.5225090980529785,4.294588565826416,5.173485279083252,4.01907205581665,-1.5480666160583496,-1.3943248987197876,-2.968945980072021,0.7655829787254333,-3.551100015640259,2.338890314102173,-0.5241742730140686,2.9404280185699463,5.250339031219482,3.351070642471313,1.8242610692977903,0.8881233930587769,-1.245075225830078,0.9529519081115724,2.9301533699035645,3.244692087173462
8,-378.1598815917969,94.32275390625,-28.224328994750977,-23.178674697875977,-8.306396484375,1.4473053216934204,-9.678746223449709,-0.519179105758667,3.661515474319458,11.014171600341797,3.205874443054199,13.276554107666016,3.815134048461914,-3.503146171569824,-5.186125755310059,-5.793433666229248,-9.317986488342283,-3.677239656448364,-6.001798152923584,0.0757505893707275,1.2924152612686155,0.7185637354850769,-2.1384236812591557,2.197626829147339,-0.1283042430877685,-3.9298908710479736,-3.8414230346679688,4.607812881469727,3.389719247817993,4.290347576141357,3.065514326095581,4.967581748962402,1.4011826515197754,-1.9684823751449585,-1.156833291053772,2.167351007461548,1.8736629486083984,3.463438034057617,5.497150421142578,5.463472366333008
7,-474.2147216796875,59.302490234375,-15.7568941116333,-18.59913825988769,-8.733587265014648,6.012378215789795,0.4597322344779968,6.351018905639648,7.072765827178955,7.9577555656433105,2.308966636657715,8.58677864074707,6.370927810668945,-0.4953999817371368,-4.752752304077148,-2.26302433013916,-3.387789726257324,-0.9854477047920228,-3.2116472721099854,1.748175024986267,4.312687397003174,3.9030587673187256,3.158369302749634,1.4810084104537964,-1.9104591608047483,-0.7419704794883728,-2.196799993515014,0.4923795759677887,0.9130422472953796,2.5277464389801025,2.7734129428863525,2.8831899166107178,-0.1545381247997284,0.7400468587875366,-0.4744384884834289,-0.3118578195571899,1.0851433277130127,2.3690435886383057,1.2322654724121094,0.7004897594451904
7,-208.566162109375,106.0300521850586,32.4494514465332,35.41019821166992,-20.71298217773437,-2.571962356567383,13.909467697143556,-5.450565338134766,-10.350600242614746,20.986963272094727,-34.03287506103516,11.684866905212402,-8.930581092834473,-5.738828182220459,-1.8225071430206297,-11.21086597442627,0.2956758737564087,-10.92241382598877,-0.166893795132637,-10.235464096069336,1.3294957876205444,-9.28555679321289,3.3573849201202397,-7.172620296478272,-5.620931625366211,-1.5081626176834106,-6.225235939025879,-2.1862072944641118,-5.093356609344482,-0.4619081020355224,-3.5939652919769287,0.9611454010009766,-2.082072257995605,1.74853253364563,-3.4615933895111084,4.737405776977539,-2.279606580734253,0.6745585203170776,-0.8031644225120544,-0.5211707353591919
7,-229.52716064453125,104.41571044921876,31.32458877563477,30.502769470214844,-16.622907638549805,-1.9128185510635376,12.451327323913574,-4.79386568069458,-7.985201835632324,18.250394821166992,-29.094213485717773,13.172956466674805,-5.394565105438232,-2.9023208618164062,-1.909891963005066,-8.486384391784668,-0.3715120851993561,-7.519434452056885,0.6793498396873474,-8.265971183776855,1.6424694061279297,-7.659124851226807,4.433218955993652,-4.232387065887451,-4.625918388366699,-0.7869172692298889,-4.123473167419434,-0.3535745739936828,-2.400810956954956,3.1953957080841064,-0.7971836924552917,3.0527048110961914,-0.3815662264823913,2.6750378608703613,-2.0627167224884038,4.912993431091309,-0.9127745032310486,2.423832416534424,-0.4278024733066559,-1.60883629322052
7,-258.6590576171875,117.17829132080078,57.82801055908203,33.234012603759766,-24.097557067871094,-5.836289405822754,24.622900009155277,-5.289926052093506,-13.893428802490234,22.50009155273437,-23.708982467651367,11.870853424072266,-9.552961349487305,0.3610837459564209,0.5057711005210876,-7.002987384796143,4.550319194793701,-7.609309196472168,2.9952688217163086,-5.470191478729248,1.8348979949951167,-7.654332160949707,3.514660358428955,-3.0919857025146484,-6.455490112304688,-3.551248073577881,-3.094027280807495,-1.7123162746429443,-2.594830274581909,5.6869707107543945,-4.237841606140137,2.835357427597046,0.4980314970016479,0.5501201152801514,-1.7731958627700806,5.92027473449707,-1.9929474592208865,4.786560535430908,5.172182559967041,-0.8184196352958679
7,-225.88882446289065,113.14078521728516,56.84294891357422,34.040035247802734,-28.71561050415039,-5.2859206199646,28.578353881835938,-6.927082538604736,-14.095099449157717,25.00805282592773,-24.925716400146484,14.576807022094728,-11.797472953796388,1.2668795585632324,1.6771254539489746,-7.694484233856201,5.978953838348389,-9.052749633789062,3.224457263946533,-6.751142978668213,1.9974751472473145,-9.48203182220459,4.606749534606934,-2.678285837173462,-6.627050399780273,-3.305951833724976,-3.957945108413696,-1.9793517589569087,-1.326256275177002,6.908108711242676,-4.217036724090576,2.903522253036499,-0.3036542534828186,0.762914776802063,-1.7649998664855957,6.720808982849121,-0.7726811170578003,6.025214195251465,5.522520065307617,-1.268769145011902
7,-145.54930114746094,114.40216064453124,52.3345832824707,37.37369155883789,-25.534645080566406,-9.482542991638184,23.10059928894043,-2.4585256576538086,-13.623523712158203,20.757293701171875,-25.14613151550293,9.961740493774414,-9.708443641662598,1.6788138151168823,-2.072107315063477,-6.847290515899658,3.819270610809326,-5.768935203552246,1.6382989883422852,-7.892125129699707,3.315282106399536,-9.238998413085938,5.668434143066406,-5.270310401916504,-7.47971248626709,-5.406601428985596,-2.590086936950684,-2.674354076385498,-3.746139526367188,8.75881290435791,-2.8186557292938232,0.5509790182113647,0.4906336963176727,1.7192367315292358,-4.69786262512207,7.592970848083496,-1.4207016229629517,4.308046340942383,4.072796821594238,-1.2661283016204834
7,-155.26182556152344,112.16444396972656,53.73185348510742,40.10092926025391,-22.93268585205078,-8.301896095275879,23.6763973236084,-3.1835358142852783,-16.050474166870117,24.33014869689941,-25.71001243591309,11.042228698730469,-9.824206352233888,0.237123042345047,-0.0341566354036331,-6.625604152679443,3.495373010635376,-4.907103061676025,1.7364068031311035,-8.757183074951172,5.261372089385986,-9.323468208312988,5.121903419494629,-4.556382179260254,-7.092278957366943,-4.456714630126953,-1.3696699142456057,-3.1005005836486816,-2.9026589393615723,7.430344581604004,-2.2421505451202397,1.594358205795288,1.3946090936660769,1.9087333679199217,-4.011307716369629,7.226095199584961,-1.373173475265503,4.979457378387451,4.2025909423828125,-1.7509397268295288
7,-222.3975524902344,114.2842788696289,55.6015625,32.93376541137695,-29.331661224365234,-3.6279356479644775,29.25538444519043,-6.077821731567383,-14.367670059204102,24.216251373291016,-24.748289108276367,14.6784086227417,-12.179261207580566,1.651483416557312,1.2787199020385742,-7.518361568450928,6.310242652893066,-9.085920333862305,3.087387800216675,-7.001407146453857,2.4599316120147705,-10.144387245178224,4.917653560638428,-2.21297550201416,-6.521166801452637,-3.217002868652344,-3.8479177951812735,-1.5793203115463257,-1.4087728261947632,6.86043643951416,-3.839374542236328,3.0123651027679443,-0.6600980162620544,0.6138768792152405,-2.145131349563598,6.557666778564453,-0.8500802516937256,6.042184829711914,5.343685626983643,-1.607068419456482
7,-230.7873687744141,114.88292694091795,56.73488235473633,35.43727111816406,-25.17156410217285,-6.41652774810791,26.867328643798828,-5.27799129486084,-14.30104637145996,23.723142623901367,-25.670469284057617,13.205684661865234,-12.197689056396484,1.3333487510681152,-0.5550368428230286,-7.137027263641357,5.315718173980713,-7.70693826675415,2.007786750793457,-6.05615234375,2.685022354125977,-10.29018783569336,6.147678375244141,-3.942548513412476,-6.387036323547363,-3.744029045104981,-3.539062261581421,-0.9944087266921996,-1.9290834665298464,5.721151351928711,-3.354203701019287,2.803071975708008,-0.5629689693450928,0.4903236329555511,-3.4672415256500244,6.598230838775635,-0.5614325404167175,5.349283695220947,4.58011531829834,-0.6082445383071899
7,-234.19639587402344,112.65740203857422,57.34722900390625,39.153316497802734,-20.27660751342773,-9.162707328796388,23.036556243896484,-5.542862415313721,-13.694498062133787,24.040298461914062,-26.939847946166992,11.793119430541992,-10.698224067687988,-0.1285150349140167,-1.4254673719406128,-7.182230472564697,4.741559982299805,-6.517882823944092,1.3521405458450315,-6.210728645324707,2.6596078872680664,-10.12044906616211,6.441546440124512,-5.714931011199951,-7.059712886810303,-3.650306940078736,-3.0934770107269287,-0.909480094909668,-1.9909565448760984,5.685355186462402,-3.3170320987701416,2.7829277515411377,0.2191376835107803,0.9506455063819884,-4.541079998016357,7.266425132751465,0.9068577885627748,5.14835262298584,4.2688164710998535,0.190816581249237
7,-163.3278045654297,109.85010528564452,53.16923904418945,41.43477249145508,-19.506990432739254,-8.263493537902832,21.654191970825195,-3.742514133453369,-12.504433631896973,21.97476959228516,-25.70014190673828,10.15048122406006,-7.668245315551758,0.1060749143362045,-0.483336865901947,-7.048414707183838,3.516831636428833,-3.6587188243865967,1.1422107219696045,-8.633651733398438,4.921770095825195,-9.754642486572266,5.169867515563965,-4.511264324188232,-7.726823806762695,-3.938983201980591,-1.1962541341781616,-4.618168830871582,-2.760661363601685,8.609284400939941,-4.057225227355957,1.5354095697402954,1.948925256729126,1.0491832494735718,-3.897607088088989,6.932085037231445,-0.3817203044891357,3.5165483951568604,4.776728630065918,-1.4693228006362915
7,-149.78248596191406,111.67467498779295,51.25768280029297,36.59185791015625,-23.21055603027344,-7.57386589050293,22.829973220825195,-3.582035541534424,-12.604723930358888,20.952253341674805,-24.942569732666016,9.918334007263184,-9.87281894683838,2.347876787185669,-1.4094406366348269,-7.086912631988525,3.380457162857056,-5.311342239379883,0.4091048836708069,-7.769369125366211,4.124890804290772,-9.508963584899902,6.04227876663208,-4.286860466003418,-6.6193718910217285,-4.594339370727539,-1.7117242813110352,-3.4739444255828857,-3.778534889221192,8.581110954284668,-3.1358063220977783,1.1912561655044556,0.6686357855796814,1.8689888715744016,-4.249759674072266,7.613953590393066,-0.8322997093200684,4.333281517028809,3.961045503616333,-1.2180670499801636
7,-245.5024261474609,144.03526306152344,32.48079299926758,13.977066040039062,-9.149452209472656,0.5806695818901062,5.211217880249023,-1.8292219638824463,-4.8950276374816895,15.383965492248535,-11.651458740234377,5.881252765655518,-3.887699842453003,5.060088157653809,2.001774787902832,-3.9867897033691406,1.6983582973480225,3.321368455886841,1.6284587383270264,-5.394833087921143,0.4678294360637665,-5.95902681350708,-0.7726030945777893,-1.483895182609558,-4.57186222076416,0.3028932809829712,-3.8460617065429688,-1.0705914497375488,-2.881267547607422,0.8835479021072388,-3.592670440673828,3.107599258422852,0.397899329662323,2.4929332733154297,-0.633486270904541,4.6107563972473145,-1.3854161500930786,3.3416268825531006,3.3780314922332764,0.3557255268096924
7,-231.2489776611328,136.48583984375,46.29518508911133,15.223483085632324,-12.867386817932127,-5.927676677703857,11.835853576660156,0.460747480392456,-11.8345308303833,17.69116973876953,-14.4451265335083,7.566770553588867,-3.528125286102295,2.984013319015503,3.7110016345977774,-2.047901391983032,0.347182035446167,5.881363868713379,2.2118427753448486,-5.149465084075928,6.497324466705322,-5.944491863250732,-0.6491480469703674,-1.788518309593201,-6.351617336273193,-0.9619865417480468,-1.0338729619979858,-3.692151069641113,-4.732968807220459,-3.3215973377227783,-5.883477687835693,4.210941791534424,-1.917716145515442,-1.4248536825180054,-3.1276421546936035,5.736917972564697,-0.2533634305000305,4.408591270446777,1.360708713531494,-0.1385070532560348
7,-72.88898468017578,86.53349304199219,58.64412307739258,29.475387573242188,-17.391273498535156,-7.801069259643555,18.94451713562012,-1.9376996755599976,-16.169158935546875,26.454666137695312,-22.4565372467041,23.98265838623047,-2.038529872894287,3.3722660541534424,10.757588386535645,-7.448732376098633,3.2711915969848637,-7.4735636711120605,4.36337947845459,-2.6373167037963867,10.071863174438477,-8.337223052978516,5.15883731842041,-10.173864364624023,-4.053353309631348,-0.5090375542640686,-2.98533296585083,-2.94287109375,-5.699017524719238,1.896337628364563,-1.7182310819625854,5.8008317947387695,-1.4997209310531616,-1.574476957321167,-2.7691519260406494,7.862383842468262,4.486103534698486,7.216145038604736,5.167356014251709,-0.0596386231482028
7,-86.65262603759766,79.23284912109375,57.91987609863281,35.15179443359375,-10.067243576049805,-10.611918449401855,18.160097122192383,-2.010085344314575,-17.117759704589844,22.279489517211918,-19.96322631835937,16.573640823364258,-2.610553026199341,1.2581788301467896,3.05036735534668,-6.913400650024414,2.687920093536377,-10.610342025756836,5.923009395599365,-6.013083934783936,11.853021621704102,-10.698330879211426,7.667167186737059,-7.181784629821777,-3.079624652862549,-0.2279703617095947,-4.437626838684082,-4.940683841705322,-2.72566819190979,-2.410351276397705,-2.8700368404388428,3.704055786132813,-8.152399063110352,-0.2536700665950775,-2.6981472969055176,6.473938941955566,7.151732921600342,7.502071857452393,6.44198751449585,3.1950013637542725
7,-89.82600402832031,78.22576904296875,53.13777923583984,29.31056404113769,-12.105186462402344,-7.079551696777344,15.928910255432127,-7.304810047149658,-8.729433059692383,19.54987335205078,-30.00673484802246,22.77902603149414,-4.157793045043945,-0.010740335099399,3.6012632846832275,-7.717777729034424,0.0560760535299778,-6.882368087768555,6.7817254066467285,-4.998325347900391,7.731208324432373,-9.00198745727539,5.767075061798096,-8.298227310180664,0.9785401225090028,-4.151835918426514,-0.8294463157653809,-5.465201377868652,-5.70689582824707,-0.3551490306854248,-2.91408109664917,0.9459188580513,-5.958525657653809,-0.9857133626937866,-2.631763696670532,4.859957218170166,4.765549659729004,5.166758060455322,5.172177314758301,0.3101961016654968
7,-102.24148559570312,77.34736633300781,53.46860504150391,29.483375549316406,-11.69659423828125,-9.014630317687988,14.45494270324707,-9.092829704284668,-10.06142520904541,18.55338287353516,-31.860509872436523,21.17363166809082,-5.238344192504883,-0.1192278116941452,4.52143144607544,-6.987009048461914,-0.0150813367217779,-6.554169654846191,7.046873569488525,-4.989636421203613,6.884638786315918,-9.587688446044922,5.528086185455322,-8.851898193359375,1.2722268104553225,-5.764133930206299,-0.0010711582144722,-6.561447143554688,-4.964808940887451,-1.3888622522354126,-3.22367787361145,0.6564260721206665,-5.141576766967773,-1.0603408813476562,-2.777500629425049,5.345170497894287,4.223465442657471,4.536139488220215,4.362003326416016,-0.1041580364108085
8,-165.65574645996094,68.15986633300781,-6.04514217376709,38.60799407958984,7.499016284942627,9.446322441101074,10.58466339111328,10.105979919433594,-0.2618069052696228,11.699691772460938,0.9045711159706116,4.454830646514893,-7.484506130218506,2.0142736434936523,-2.698916435241699,3.327819585800171,-2.509628295898437,2.509136915206909,-4.289931297302246,4.165525913238525,-2.3395678997039795,9.167384147644045,-9.697694778442385,3.314852476119995,-4.977652549743652,0.1088549867272377,-5.650289535522461,2.448178291320801,-1.4667415618896484,4.5905537605285645,-1.212228536605835,1.8032240867614744,1.2605043649673462,1.4097411632537842,-2.4017412662506104,1.8483872413635252,0.6401969790458679,2.758375644683838,-4.3715410232543945,-2.311694860458374
8,-159.55667114257812,66.2974853515625,-2.229682445526123,35.68748474121094,9.56971549987793,10.515155792236328,9.64080047607422,11.769438743591309,-0.100590631365776,10.22791576385498,0.7875399589538574,4.664215087890625,-7.090734004974365,1.646448016166687,-2.6710901260375977,3.29353666305542,-1.5813651084899902,1.8531800508499143,-4.788597583770752,4.21451473236084,-3.4503283500671387,10.623831748962402,-10.16132354736328,3.144771099090576,-4.9913740158081055,0.4505908191204071,-5.432448387145996,2.3042166233062744,-1.4663619995117188,4.000219821929932,-1.1892722845077517,1.4262726306915283,1.632787823677063,1.8207372426986692,-2.9925270080566406,2.0049924850463867,0.5207840204238892,3.0713419914245605,-3.912569522857666,-2.554126501083374
8,-178.2064971923828,71.38848876953125,-2.269718647003174,35.877689361572266,8.46391773223877,11.557116508483888,11.1691312789917,13.17396354675293,1.7479074001312256,10.889033317565918,2.215026617050171,4.686082363128662,-7.41072940826416,2.053570508956909,-2.9924471378326416,4.755946636199951,-2.999708652496338,2.6498944759368896,-4.982879161834717,4.745283603668213,-4.092050552368164,13.218064308166504,-11.235328674316406,3.906064510345459,-5.138975143432617,-0.1859005987644195,-5.416286468505859,1.1034066677093506,-1.2356946468353271,3.585202693939209,-1.5460559129714966,1.0051442384719849,2.1677494049072266,0.7404672503471375,-2.8616156578063965,2.221496820449829,2.3892276287078857,2.950237274169922,-1.8581715822219849,-2.946262836456299
8,-140.5526123046875,57.8022346496582,-4.668653964996338,33.8790283203125,2.1258833408355717,15.810392379760742,5.247122287750244,14.26667022705078,0.3422527909278869,5.508187294006348,2.34167742729187,8.47349739074707,-5.497634410858154,4.676140308380127,-1.0328096151351929,3.131487846374512,-3.139474630355835,1.6047747135162354,-1.0743499994277954,0.6011541485786438,-0.7804761528968811,8.183880805969238,-8.87941837310791,0.6878519058227539,-5.137818813323975,0.0941938534379005,-5.82568883895874,-0.2467252761125564,-1.3565187454223633,4.661533832550049,-3.598464250564575,2.364899158477783,1.4170795679092407,3.87615704536438,-2.088001251220703,1.590518832206726,1.8601397275924685,3.5195472240448,-3.884485483169556,1.3870664834976196
8,-171.41348266601562,69.13420104980469,-6.156600475311279,37.91454315185547,5.311471939086914,16.628780364990234,11.44735622406006,12.99963665008545,2.447235107421875,8.050925254821777,1.4913920164108276,4.816068649291992,-5.349096775054932,3.254976272583008,-2.673487424850464,3.956550121307373,-3.5925018787384038,4.363101482391357,-3.5865485668182373,4.7354817390441895,-4.832653045654297,12.858969688415527,-11.252182006835938,1.2887574434280396,-5.485518932342529,-1.9819046258926392,-6.509694576263428,1.6484085321426392,-0.7505892515182495,3.2250096797943115,-2.3020458221435547,1.0695675611495972,2.350558280944824,0.935424506664276,-0.8992148637771606,1.460855484008789,2.5084002017974854,1.15898859500885,-3.4335198402404785,0.0976096168160438
8,-172.0834503173828,64.76432800292969,6.373733997344971,28.398157119750977,11.059109687805176,16.978351593017578,8.627612113952637,10.573654174804688,4.312471389770508,7.563556671142578,2.53786301612854,3.5164616107940674,-7.442113876342773,1.8571141958236692,-4.2842326164245605,6.26185941696167,0.8935758471488953,1.2704451084136963,-3.775336265563965,2.818481922149658,-3.883896350860596,9.559080123901367,-6.859938621520996,2.939781904220581,-3.8377628326416016,-1.9452459812164309,-5.968583583831787,1.784629464149475,-1.738853096961975,4.008493423461914,-1.506352186203003,1.842451214790344,0.8257771134376526,-0.4727811515331268,-3.808893203735352,2.2568185329437256,1.7770583629608154,3.04610538482666,-3.2103936672210693,-2.154559850692749
8,-167.278076171875,66.07814025878906,1.447643756866455,33.27245330810547,9.929105758666992,14.96766471862793,9.800288200378418,12.45323657989502,3.9604413509368896,8.369024276733398,0.9577162861824036,4.082483768463135,-9.530536651611328,2.7689154148101807,-3.497206687927246,5.652175426483154,-1.6837373971939087,1.3014785051345823,-5.323002815246582,3.2427287101745605,-4.695873737335205,11.477249145507812,-10.602523803710938,4.303953647613525,-3.030844688415528,-1.500205159187317,-6.011166095733643,1.94097900390625,-2.6324257850646973,3.197868824005127,-2.1510472297668457,0.3211548328399658,2.0739221572875977,-0.6492645144462585,-2.433894395828247,0.8503885269165039,2.941694736480713,3.2331907749176025,-1.7891738414764404,-1.3108872175216677
8,-185.35687255859372,78.90216064453125,-2.7386045455932617,34.442710876464844,10.5996732711792,14.175457954406738,11.852792739868164,10.336780548095703,3.6829018592834473,8.245126724243164,2.830634117126465,6.458202362060547,-11.315673828125,4.472605228424072,-5.60488748550415,5.594429969787598,-2.3462798595428467,3.527349710464477,-6.721634387969971,4.910568237304688,-5.260224342346191,11.408249855041504,-9.077831268310549,3.733229875564575,-4.375077724456787,-1.4677115678787231,-7.146478652954102,1.6515686511993408,-1.6864157915115356,3.597164869308472,-2.408384084701538,0.2487799078226089,1.9088475704193115,-0.4644976854324341,-1.7424606084823608,2.1038386821746826,2.9759116172790527,2.396331310272217,-1.7726963758468628,-2.408039331436157
8,-187.72789001464844,76.2480239868164,-1.5954633951187134,34.19063949584961,11.2037353515625,16.32461166381836,9.093185424804688,11.435209274291992,5.589846134185791,7.593289852142334,2.2640702724456787,5.720483779907227,-9.653414726257324,2.4756994247436523,-4.275186538696289,5.810605525970459,-2.709763288497925,3.645752668380737,-7.486256122589111,4.967380523681641,-4.386928558349609,11.65380573272705,-8.325041770935059,4.682735443115234,-5.246917724609375,-2.425902366638184,-6.960325241088867,2.117699146270752,-2.395507574081421,2.3998053073883057,-1.863020896911621,0.7727905511856079,0.7390574216842651,-0.8966223001480103,-2.589024066925049,2.9967355728149414,3.0031259059906006,2.046472311019897,-1.762532114982605,-2.522376298904419
8,-175.13296508789062,71.68739318847656,-1.7894001007080078,36.20659637451172,11.442218780517578,14.952531814575195,8.526529312133789,10.205636024475098,4.210972309112549,7.119281768798828,0.7176092267036438,4.154217720031738,-8.180526733398438,1.5424470901489258,-4.687948703765869,4.832437038421631,-2.8037352561950684,3.886808395385742,-6.057210922241211,4.4230546951293945,-2.49666166305542,9.927578926086426,-7.152017593383789,4.914254665374756,-5.231689929962158,-0.8935359716415405,-6.484389781951904,1.675269365310669,-2.89065170288086,2.094599485397339,-3.076957941055298,1.8639225959777832,-0.5582302212715149,-0.9135814309120178,-3.04133939743042,3.0626766681671143,2.6547882556915283,2.758139610290528,-2.005060195922852,-1.879799246788025
8,-188.9850006103516,86.49331665039062,1.133651852607727,26.90446281433105,12.788589477539062,16.252058029174805,9.094264030456545,10.19257354736328,3.903639793395996,4.505504608154297,0.48209348320961,5.441877841949463,-11.29848861694336,3.2942442893981934,-4.119236469268799,6.702322959899902,-0.1151454076170921,3.306203365325928,-6.224342346191406,3.540318012237549,-3.094750165939331,10.810746192932127,-6.985968112945557,3.417581081390381,-2.520197868347168,-2.6809303760528564,-6.427321434020996,2.12476658821106,-2.2970571517944336,4.182004451751709,-2.5787243843078613,1.212827444076538,-0.6332941055297852,-0.8917982578277588,-3.84841251373291,2.4932971000671387,2.8502795696258545,2.4324827194213867,-2.2954344749450684,-1.2477412223815918
8,-216.56288146972656,87.73941802978516,-3.281585454940796,32.94313049316406,7.818154811859131,15.921103477478027,10.392287254333496,10.105488777160645,3.64621376991272,8.897682189941406,1.8756812810897827,7.025267124176025,-8.846335411071777,3.7879016399383545,-4.479087829589844,5.968883514404297,-1.6368179321289062,3.983957529067993,-7.738698482513428,6.542457580566406,-4.444262027740479,13.316812515258787,-9.56110954284668,2.509315252304077,-5.01157808303833,-2.425710201263428,-5.844276905059815,1.7116600275039673,-1.590744137763977,3.527914762496948,-1.9182584285736084,-0.0100717488676309,1.7259730100631714,-1.0064961910247805,-1.682504653930664,2.3459665775299072,3.1947028636932373,1.7475978136062622,-1.3421993255615234,-2.132067918777466
5,-309.4083557128906,150.57884216308594,-4.960207939147949,-19.60952377319336,-33.81460189819336,-25.996686935424805,-26.913633346557617,-13.342602729797363,-13.859265327453612,-6.929084300994873,-9.622980117797852,-3.789803504943848,-9.552692413330078,-1.116411805152893,-4.0900702476501465,-4.483622550964356,-7.007293224334717,-2.172511100769043,-5.445847988128662,-5.248507022857666,-11.707474708557127,-7.798658847808838,-9.913874626159668,-6.371028900146484,-7.114206314086914,-4.815299987792969,-5.540701866149902,-1.6135032176971436,-5.20684289932251,-6.699049472808838,-9.495858192443848,-6.376786708831787,-7.975664138793945,-5.984023571014404,-4.941112518310547,-2.2343175411224365,-4.215442180633545,-1.6938494443893433,-4.3546671867370605,-2.9956040382385254
5,-302.2470092773437,147.39181518554688,-6.197927474975586,-14.419066429138184,-29.61089324951172,-25.66382598876953,-27.42068672180176,-13.293283462524414,-12.905696868896484,-7.196716785430908,-11.283692359924316,-4.026430130004883,-9.634265899658203,-2.704240322113037,-5.742690563201904,-6.012020587921143,-6.487235069274902,-0.2316397130489349,-5.612802028656006,-4.090793132781982,-10.5570650100708,-5.758336067199707,-9.768377304077148,-6.663464069366455,-7.635534763336182,-5.213412761688232,-7.467982292175293,-3.713554859161377,-7.917405605316162,-7.663434028625488,-10.781826972961426,-5.945017337799072,-6.651413917541504,-3.4365904331207275,-4.242344379425049,-2.168690919876098,-4.3222336769104,-2.1791272163391118,-4.959323883056641,-3.1188724040985107
5,-300.9034423828125,140.3875732421875,-8.395066261291504,-14.152008056640623,-30.68741798400879,-24.773515701293945,-30.585079193115234,-13.505071640014648,-13.005377769470217,-5.967767715454102,-13.518610954284668,-5.585128784179688,-9.205224990844728,-3.1438357830047607,-7.606792449951172,-5.000204563140869,-7.176876544952393,0.6856461763381958,-7.466180324554443,-3.697663545608521,-12.077739715576172,-6.437955856323242,-12.556745529174805,-9.169797897338867,-9.891812324523926,-5.102103233337402,-9.157401084899902,-3.1598472595214844,-9.411447525024414,-6.552088260650635,-9.753422737121582,-3.904407024383545,-7.343356132507324,-2.836491107940674,-6.266279220581055,-3.368370056152344,-6.485707759857178,-2.950385093688965,-6.439272403717041,-3.5684595108032227
5,-310.2039489746094,139.85488891601562,-8.808592796325684,-14.749629974365234,-31.30148124694824,-26.37077140808105,-32.367366790771484,-12.938814163208008,-13.072115898132324,-2.6388649940490723,-10.273348808288574,-4.420398712158203,-9.462652206420898,-6.614238739013672,-11.950966835021973,-5.874148845672607,-5.624421119689941,1.4535545110702517,-7.481822967529297,-2.9951765537261963,-11.582362174987791,-7.154847145080566,-12.480239868164062,-8.93061637878418,-10.12149429321289,-5.753750801086426,-9.626296997070312,-3.31510853767395,-7.880458354949951,-4.505789279937744,-8.417815208435059,-3.4704809188842773,-7.310963153839111,-3.162277936935425,-5.603474140167236,-2.749842405319214,-6.780040740966797,-4.561677932739258,-8.181962013244629,-4.952295303344727
10,-277.34979248046875,97.15453338623048,0.17823126912117,22.561214447021484,-38.38664627075195,-14.560545921325684,-7.321437358856201,5.41762638092041,6.23974609375,7.733860492706299,-6.2495222091674805,0.2265708297491073,-9.529208183288574,-3.960785150527954,3.031938314437866,10.08431911468506,-2.6474006175994877,0.5513535141944885,-7.119476318359375,-0.4134756624698639,-6.330344200134277,0.3980412185192108,3.324131488800049,6.930708408355713,-4.413903713226318,2.544848918914795,-4.999216556549072,0.2800995111465454,-6.136214733123779,1.9184989929199217,-1.602283596992493,4.115944862365723,0.106993481516838,3.996760129928589,0.9409038424491882,2.7534444332122803,-2.4249963760375977,1.7396997213363647,-4.78685474395752,-0.8980495929718018
10,-274.5479736328125,75.50311279296875,-4.421903610229492,38.32123947143555,-36.53715896606445,-15.60942840576172,-3.3368797302246094,7.100122928619385,7.861713409423828,3.1179699897766118,-4.042899131774902,1.143135666847229,-6.136261463165283,-4.017867565155029,3.4003782272338867,12.337157249450684,-4.545543670654297,0.3432472348213196,-11.307588577270508,3.2667956352233887,-8.264474868774414,-0.4703354239463806,4.651974678039551,9.987689971923828,-5.226922988891602,2.1724538803100586,-5.807513236999512,-1.1084051132202148,-7.37217903137207,2.133723735809326,1.484577178955078,1.871922254562378,-3.250895500183105,1.4876338243484497,-2.426254272460937,2.5742554664611816,-2.849240303039551,1.766271471977234,-2.380531549453736,-5.064445972442627
10,-283.65826416015625,105.64647674560548,-0.7905749678611755,23.11053276062012,-30.153173446655277,-6.742474555969238,-3.830747365951538,1.0078082084655762,2.162555932998657,9.599342346191406,-3.687247753143311,4.642973899841309,-2.7160627841949463,0.8747655749320984,0.9677238464355468,6.369133472442627,-3.6183619499206543,0.0652069076895713,-7.490606784820557,-1.8494809865951536,-6.889196872711182,1.2717461585998535,2.147061347961426,8.108016967773438,-2.6433496475219727,0.6460163593292236,-6.271654605865479,-1.7713489532470703,-5.0393805503845215,1.7995905876159668,-1.221010446548462,3.1464169025421143,-0.2910961210727691,1.4416725635528564,-3.149502277374268,-0.085043579339981,-3.164640426635742,1.566551923751831,-2.2581586837768555,2.1230716705322266
10,-283.2939758300781,84.96895599365234,1.2260891199111938,26.076772689819336,-32.01692199707031,-10.984524726867676,-8.379883766174316,6.415363788604736,9.66365909576416,2.3157436847686768,-8.447651863098145,4.228174686431885,-7.927472591400146,-8.287182807922363,1.4995088577270508,12.889269828796388,-6.279021739959717,-0.7881256341934204,-9.002884864807129,0.979888916015625,-7.840295314788818,-1.9872676134109497,4.196909427642822,9.839555740356444,-6.002164840698242,3.3763201236724854,-3.1101949214935303,-0.3420664668083191,-7.574862480163574,2.4272263050079346,0.200078934431076,2.790377616882324,-4.842104434967041,0.9414957761764526,-2.253898859024048,1.2694687843322754,-4.472203731536865,2.975477933883667,-2.6374857425689697,-3.2740163803100586
7,-100.5636978149414,46.190040588378906,-21.404130935668945,2.89935302734375,-20.41542053222656,-7.853246688842773,-12.701286315917969,-3.580794334411621,-19.407440185546875,-9.957218170166016,-4.9783616065979,3.161595582962036,-6.227259635925293,0.4623640775680542,-0.5857557058334351,0.0816482827067375,-3.149387836456299,2.165754795074463,-0.6658830642700195,2.5296432971954346,-0.6462703347206116,1.1980631351470947,-6.518685817718506,-3.1433839797973637,-6.647708415985107,2.5311288833618164,-3.0258147716522217,3.073444366455078,-1.7206789255142212,1.4902284145355225,-5.305312633514404,2.6914079189300537,-2.1888139247894287,3.925040245056152,-4.441511154174805,1.6231664419174194,-3.0626022815704346,0.0235664062201976,-3.5344350337982178,-1.543712496757507
7,-74.42161560058594,62.005638122558594,-18.40802383422852,-5.442338466644287,-27.595890045166016,-9.04762840270996,-12.189532279968262,-6.408596038818359,-21.755905151367188,-13.626829147338867,-6.33770227432251,3.235466480255127,-6.965399742126465,1.7874939441680908,-0.6501497626304626,-0.3668551445007324,-4.174861907958984,3.530041217803955,0.2688475251197815,1.0127538442611694,-1.96376633644104,2.0195083618164062,-7.922017574310303,-3.219199180603028,-7.804484844207764,1.4877301454544067,-4.441229343414307,4.423227787017822,-1.3604429960250854,0.5539817214012146,-7.68703556060791,1.194663643836975,-3.4093053340911865,2.4644243717193604,-4.437742710113525,1.2801244258880615,-3.915384769439697,-0.4122511148452759,-3.536004066467285,0.0003297177318017
7,-59.653358459472656,75.25101470947266,-21.17932891845703,-4.4847917556762695,-32.888511657714844,-9.36952304840088,-10.534873008728027,-7.114875793457031,-21.793821334838867,-15.465885162353516,-7.015307426452637,4.43449068069458,-5.155881881713867,2.4721109867095947,-0.1762948930263519,0.2763510942459106,-4.051636695861816,3.901275873184204,-0.540924608707428,0.2223697453737259,-2.880268096923828,3.2272603511810303,-8.109123229980469,-3.2987022399902344,-7.422271728515625,0.5614345669746399,-4.342867851257324,4.713457107543945,-1.3698521852493286,0.3871239423751831,-8.127935409545898,1.3002121448516846,-2.3415238857269287,2.212261915206909,-3.287794589996338,1.5288265943527222,-3.948684692382813,-0.3879149258136749,-3.68293023109436,-0.0719952434301376
7,-111.60675811767578,72.00386047363281,-23.758689880371094,0.3146833181381225,-29.30336570739746,-7.14202356338501,-11.203414916992188,-5.807448387145996,-20.32266998291016,-11.97553253173828,-6.254772663116455,4.511358737945557,-3.786156177520752,2.989255666732788,0.5708181262016296,1.196704387664795,-2.7993173599243164,3.104091167449951,-1.81966233253479,0.888304591178894,-3.462616205215454,2.6591949462890625,-6.979902744293213,-2.9623236656188965,-7.4648213386535645,1.8453145027160645,-2.5385191440582275,3.959733486175537,-1.358986258506775,2.8938207626342773,-4.877705097198486,3.5753793716430664,-1.856236219406128,1.4205747842788696,-4.1856207847595215,0.1307391971349716,-4.16974401473999,1.0972152948379517,-2.9922163486480717,0.7099577784538269
5,-217.13401794433597,150.4381103515625,-54.42935180664063,16.352191925048828,-4.3000359535217285,7.912645816802978,8.48563289642334,10.767298698425291,-8.696698188781738,4.912670135498047,2.969686985015869,-1.8944637775421145,-3.2169528007507324,13.28517246246338,4.12680721282959,11.774520874023438,11.983609199523926,9.557551383972168,0.2051573544740677,0.4652706980705261,-16.78122901916504,0.7168615460395813,3.6170132160186768,6.685731410980225,-7.244568824768066,-3.740717887878418,1.5209472179412842,14.33945655822754,0.400349348783493,-12.371121406555176,-11.91806983947754,16.526906967163086,15.12013816833496,1.6155195236206057,-5.122434139251709,-2.9246044158935547,-10.908523559570312,3.137314558029175,12.48905086517334,9.148487091064451
9,-390.5808715820313,150.59027099609375,-24.58867073059082,43.50617980957031,12.636600494384766,14.44460678100586,3.412142038345337,34.13892364501953,-8.207854270935059,4.816746711730957,21.985240936279297,-6.7555742263793945,-4.683286190032959,10.012165069580078,1.9979759454727173,-3.3337061405181885,-4.36196756362915,16.27377700805664,-16.96996307373047,1.3231441974639893,4.819638729095459,-7.443868637084961,-8.835272789001465,6.801720142364502,7.503560066223144,-2.748164176940918,3.1724746227264404,8.059494972229004,-7.586503982543945,-1.870750904083252,0.3132745623588562,-3.1505556106567383,-8.284509658813477,4.156366348266602,0.1058155074715614,-0.4408527612686157,-0.5359799265861511,3.8535585403442383,-4.404764175415039,1.093532681465149
9,-405.4547119140625,161.4370880126953,-4.764034271240234,28.34010124206543,4.024625778198242,29.09154319763184,0.3811490535736084,20.16814994812012,3.376411199569702,7.7864508628845215,11.133485794067385,-0.491789698600769,7.76234245300293,-0.2606398165225982,3.2285401821136475,7.644586563110352,-6.686574459075928,5.081904888153076,-10.892688751220703,4.705606937408447,-3.5067460536956787,-1.2571165561676023,-1.873584270477295,-1.156283974647522,4.625636577606201,2.434857130050659,0.7199728488922119,2.41066837310791,-3.758596181869507,0.8186240792274475,-6.157313346862793,0.994579553604126,-2.11814022064209,1.1552891731262207,-1.9176177978515625,2.857254981994629,1.2056456804275513,1.5370078086853027,-0.3888578414916992,0.1930940747261047
9,-401.3384704589844,165.85707092285156,-21.077905654907227,31.085512161254883,8.786054611206055,27.847150802612305,-2.94197416305542,26.381465911865234,-5.728463649749756,6.9269185066223145,15.314817428588867,-7.469744682312012,5.061110496520996,3.891141891479492,2.944910049438477,-0.7232336401939392,-5.091585636138916,14.587672233581545,-13.772424697875977,3.872340202331543,0.7774209976196289,-3.8413431644439697,-5.417891025543213,0.1396972835063934,3.9556009769439697,-3.093048334121704,1.9020419120788572,6.019689083099365,-3.5318920612335205,1.2273069620132446,0.7452541589736938,1.4838805198669434,-4.813803672790527,2.876805305480957,-2.5610530376434326,-1.4814780950546265,-1.8684099912643437,2.1393065452575684,-2.30586576461792,-0.2984461188316345
9,-386.3332824707031,164.1030731201172,-32.65641784667969,34.404144287109375,5.463837146759033,26.058406829833984,-1.6663076877593994,24.262582778930664,-3.57339096069336,7.388976573944092,12.186753273010254,-5.590871334075928,4.720911502838135,3.9141204357147217,0.509340226650238,-2.6843416690826416,-4.517814159393311,11.41103172302246,-12.103866577148438,5.695469856262207,0.7925884127616882,-1.436893105506897,-5.282917499542236,-0.3835542201995849,4.820279598236084,-2.356653928756714,2.0887582302093506,5.851075172424316,-3.733954429626465,2.5694339275360107,0.7174120545387268,2.46854567527771,-4.689992904663086,3.501573085784912,-0.653435230255127,-0.8430132269859314,0.8023891448974609,2.563516139984131,-3.138951301574707,-1.1315786838531494
8,-29.62480926513672,59.74852752685547,-16.443058013916016,8.154485702514648,-19.89889335632324,1.3362665176391602,-20.44987297058105,3.004204750061035,-14.090560913085938,3.592323541641236,-6.054553031921387,2.794448137283325,-7.403165340423584,-1.251825928688049,-6.323019981384277,1.4644908905029297,-4.767520904541016,0.3172498643398285,-5.132208347320557,1.885127305984497,-4.155116558074951,4.737651824951172,-0.9746429324150084,3.981986522674561,-1.715037822723389,3.598705530166626,-1.4516373872756958,4.893450736999512,-1.141341209411621,2.9734532833099365,-2.598336696624756,1.8961774110794067,-1.9276506900787356,2.7770228385925293,-1.979857444763184,2.098640918731689,-2.286792039871216,0.9009589552879332,-3.35933256149292,2.385934829711914
9,-309.2001953125,136.4453125,-26.31304168701172,33.469722747802734,8.80891227722168,3.222827672958374,8.755348205566406,5.540408611297607,-3.923431158065796,3.290890455245972,1.56298828125,10.014433860778809,-7.686498641967773,3.2915170192718506,-2.8477091789245605,-0.3140885233879089,-5.39774227142334,-3.857074737548828,-5.745902061462402,3.0120224952697754,-5.063391208648682,-0.6245055198669434,-1.9829944372177124,1.2090048789978027,-4.260848522186279,0.4279951751232147,-1.5316922664642334,1.812511682510376,-4.4389519691467285,-0.1834468394517898,-4.661776542663574,0.1264620274305343,-5.258928298950195,-1.9992855787277224,-4.906158447265625,-0.7477688789367676,-4.8208327293396,-3.984001636505127,-7.212893486022949,-0.3176532387733459
9,-334.0518493652344,146.81690979003906,-11.84546184539795,27.960277557373047,1.6246426105499268,7.079223155975342,-0.5169854760169983,3.4372332096099854,-3.7920773029327393,5.201595783233643,-2.174531936645508,2.6946964263916016,-5.696236610412598,2.853388547897339,-3.161574602127075,-1.9859744310379028,-5.508800506591797,1.070205807685852,-4.148647785186768,0.5553005337715149,-4.0849223136901855,-1.754571795463562,-6.205447673797607,-1.9325966835021973,-4.628070831298828,-0.4112984836101532,-2.535328149795532,0.1390458643436432,-5.1667304039001465,-0.8797208666801453,-4.740233898162842,-1.3259289264678955,-6.50410795211792,-0.495933324098587,-4.780957221984863,-2.613567352294922,-0.8439051508903503,-0.6950051188468933,-1.7892780303955078,1.8443347215652464
9,-340.4457092285156,145.25076293945312,-21.762052536010746,31.63957023620605,6.199207305908203,8.8914155960083,6.329742908477783,2.194404125213623,-3.979423999786377,11.699386596679688,-0.7649975419044495,11.59715747833252,-2.7836248874664307,-0.0403757914900779,-1.3234705924987793,0.2755036950111389,-4.617927074432373,0.7098199725151062,-5.389976501464844,1.6294143199920654,-5.644299983978272,0.6646796464920044,-1.8160226345062256,0.3813115060329437,-3.928935050964356,0.2366825193166732,-1.4458839893341064,3.250189781188965,-2.133676290512085,2.877671718597412,-3.7735984325408936,3.1930084228515625,-3.722424745559693,0.2619874477386474,-3.512131452560425,-1.039095163345337,-5.402291297912598,-0.7989345192909241,-4.272854804992676,-1.903669595718384
9,-355.9872131347656,135.69540405273438,-6.711553573608398,24.979515075683597,8.037589073181152,5.491667747497559,2.905308961868286,-2.3003828525543213,-3.618062734603882,6.50887393951416,-6.823976039886475,3.9767699241638175,-7.163983345031738,1.7876182794570925,-2.900810718536377,-2.3590807914733887,-5.437368869781494,0.0541610270738601,-6.444553375244141,-1.2077869176864624,-6.328892707824707,-0.1672902703285217,-2.2013092041015625,5.218722343444824,0.936715006828308,3.151958465576172,-5.25269889831543,-1.6470308303833008,-4.146007537841797,2.870648145675659,-1.9899057149887085,1.736843228340149,-4.872025966644287,-0.2479981482028961,-3.867066860198975,1.0128121376037598,-3.457157611846924,0.5833473205566406,-3.192556381225586,0.354759156703949
9,-348.13494873046875,138.05093383789062,-3.272995710372925,23.128145217895508,8.059744834899902,3.735094308853149,-0.6184836030006409,-0.7475699782371521,-6.019542694091797,4.6041693687438965,-6.595341682434082,0.6149661540985107,-7.924845695495605,-0.5714722275733948,-2.934864282608032,-2.723160743713379,-7.218567848205566,0.06024906411767,-5.19966983795166,1.0051183700561523,-3.3882689476013184,2.066725730895996,-2.710978984832764,1.626344919204712,-5.410186290740967,-1.7265760898590088,-5.60782527923584,-0.1133429929614067,-4.864060401916504,-0.5440945625305176,-3.1057350635528564,3.1420199871063232,-2.090043544769287,-0.8043312430381775,-3.96435022354126,1.3578027486801147,-3.16837477684021,0.9449117183685304,-1.5008347034454346,2.735250234603882
9,-294.67535400390625,140.5552978515625,-15.422383308410645,38.2978744506836,8.859025955200195,5.59091329574585,8.026436805725098,3.42421293258667,-6.962382793426514,9.12214183807373,-5.805970668792725,4.387745380401611,-5.991265773773193,-2.2096872329711914,-2.541732788085937,-4.471057415008545,-7.25563907623291,0.6033967137336731,-3.6170132160186768,2.151230573654175,-1.9813096523284912,3.552436351776123,-3.7814016342163086,0.6175852417945862,-1.1593732833862305,0.3264453411102295,-4.8888444900512695,-1.842557668685913,-6.592308521270752,-1.5452473163604736,-5.028876304626465,-3.098628520965576,-7.319794654846191,-2.2768988609313965,-5.6028313636779785,-1.4798789024353027,-4.12302303314209,0.3997658193111419,-1.935347557067871,1.6367934942245483
8,-362.34619140625,123.0534439086914,-56.03434371948242,-25.68131828308105,2.0602078437805176,0.1208275407552719,-15.719170570373535,15.424118995666504,1.5914883613586426,11.237218856811523,18.228057861328125,22.893579483032227,4.024584293365479,-10.832615852355955,-4.728883743286133,10.065043449401855,2.706565618515014,0.6738812923431396,-3.583259105682373,5.879757404327393,15.878739356994627,3.119030237197876,-0.5374999642372131,4.032146453857422,-0.4305814206600189,-3.4847333431243896,1.0813748836517334,3.9311139583587646,1.3345003128051758,6.870710372924805,7.740594387054443,4.207860469818115,-5.9756622314453125,0.6200373768806458,2.2454545497894287,4.5626726150512695,-0.0049070678651332,2.859780550003052,8.134888648986816,8.011735916137695
8,-341.3494873046875,95.4792938232422,-45.30196380615234,-23.39305686950684,-1.4645241498947144,-2.286486387252808,-16.979726791381836,7.800995826721191,2.332272529602051,10.828633308410645,16.9097900390625,22.15037727355957,2.726884365081787,-10.60425853729248,-5.482912063598633,10.104047775268556,0.6876617670059204,-2.639430284500122,-2.900763988494873,6.156765937805176,11.744908332824709,-1.9644426107406616,-2.570591449737549,2.645677089691162,-0.7096856236457825,-3.2102174758911133,1.6726917028427124,3.5488901138305664,1.3108803033828735,7.225891590118408,6.3381171226501465,1.0149742364883425,-5.69594669342041,2.635801076889038,2.4319214820861816,3.352118492126465,-0.2643801569938659,3.3579044342041016,7.647634029388428,4.778934478759766
8,-408.9161987304688,79.60540771484375,-35.31527328491211,-9.417573928833008,4.202837944030762,2.7518064975738525,-9.427966117858888,4.505066871643066,2.9903035163879395,10.582719802856444,13.91214084625244,16.746150970458984,3.7782740592956543,-4.616652488708496,-0.3545639812946319,9.713149070739746,1.079915165901184,-1.9723676443099976,-1.7455377578735352,7.251509189605713,11.221802711486816,-1.3905422687530518,-2.3821754455566406,2.296597003936768,-0.1780622005462646,0.2156702876091003,1.7323167324066162,1.6877912282943726,-0.1847291439771652,3.4289262294769287,3.156249761581421,-0.1060569733381271,-4.158275604248047,0.6358471512794495,0.7886165380477905,1.4237903356552124,1.1530001163482666,2.231647729873657,4.426353454589844,2.4675021171569824
8,-408.9304504394531,65.85079193115234,-14.84184455871582,1.1723430156707764,6.875732421875,5.551724910736084,-3.039067029953003,5.8262038230896,3.4506425857543945,7.597264766693115,10.983546257019045,13.844841957092283,4.386235237121582,-2.794092893600464,0.0865711793303489,6.8777265548706055,1.529927372932434,0.2209848463535308,0.9488779306411744,6.295102596282959,7.274551868438721,-0.0390207581222057,-1.2951375246047974,2.3569812774658203,0.6630470156669617,0.9589250087738036,1.5069292783737185,2.0350162982940674,0.826682448387146,3.7561211585998535,2.9216525554656982,0.5051738619804382,-2.7252864837646484,1.9299556016922,1.326548457145691,2.087702512741089,1.940752863883972,2.9932706356048584,3.4652621746063232,1.9430232048034668
9,-306.89508056640625,107.00721740722656,-1.7446444034576416,58.65010833740234,-18.84695625305176,6.945641994476318,3.444894790649414,-4.649688720703125,-14.913585662841797,11.391789436340332,-11.58041000366211,-2.409626245498657,-5.08808183670044,-0.617480456829071,-4.761968612670898,1.967007279396057,-3.94925856590271,0.7137801647186279,-2.8070030212402344,4.490474224090576,-4.470736980438232,1.324589729309082,-3.606520891189575,7.928432941436768,1.0587637424468994,3.1245155334472656,-3.718491792678833,2.342018842697144,-2.7068092823028564,5.215174674987793,0.7106832265853882,5.245686054229736,1.7923386096954346,4.2383575439453125,-2.446063995361328,5.061738014221191,0.5097597241401672,4.967151165008545,3.2080423831939697,5.369907379150391
9,-314.6331787109375,118.20989990234376,-10.021827697753906,53.97062301635742,-19.5975284576416,4.307930946350098,1.6500483751296997,-4.720196723937988,-10.280820846557615,9.288856506347656,-10.027117729187012,-2.216758966445923,-2.828591108322144,1.3951231241226196,-2.630707025527954,4.274423122406006,-4.838074207305908,0.0051390808075666,-5.089007377624512,2.3144452571868896,-6.148387908935547,0.373778223991394,-3.3451316356658936,5.622326374053955,2.024893045425415,2.968684434890747,-3.3272438049316406,3.860645055770874,-0.3592450022697449,6.194558143615723,2.349360704421997,5.480126857757568,2.633997201919556,4.987720012664795,-0.8593395352363586,4.955069541931152,2.0363893508911133,6.154439926147461,3.087430238723755,5.521276473999023
9,-328.4992980957031,120.34422302246094,-7.687573432922363,47.31172180175781,-17.28005599975586,3.725530862808228,0.3752197027206421,-5.934109687805176,-7.211153984069824,9.293188095092772,-10.731500625610352,0.3301708102226257,-0.4551258385181427,2.4329371452331543,-1.7605693340301514,6.471198558807373,-4.357438087463379,-0.5411297678947449,-6.203036308288574,0.0853777974843978,-8.687285423278809,-1.2843565940856934,-3.724181890487671,3.895310878753662,2.842618465423584,4.143479347229004,-1.834477424621582,7.334225654602051,2.608818531036377,7.81931209564209,3.8769643306732178,7.173099994659424,3.31452751159668,4.931416988372803,1.1813342571258545,7.639922142028809,3.0233073234558105,6.348570823669434,3.765843629837036,4.644431591033936
9,-333.2260131835937,110.54725646972656,-5.721605777740479,56.48655319213867,-19.881196975708008,4.02617883682251,4.651494026184082,-7.793097972869873,-6.689223289489746,9.07486057281494,-9.797677040100098,-0.0968168154358863,1.589240789413452,3.1410484313964844,-3.387114286422729,5.59719181060791,-3.588435411453247,-0.0077864588238298,-5.747081756591797,-0.0433054976165294,-7.400198936462402,-2.381871461868286,-4.310308933258057,4.224215030670166,1.429877519607544,3.911521196365357,0.8522002100944519,6.822906494140625,4.248813152313232,8.228759765625,3.789267063140869,8.028075218200684,3.9756734371185294,6.01825761795044,2.850209951400757,9.25048542022705,4.448770523071289,6.175032615661621,5.050520896911621,3.937828063964844
10,-278.2118225097656,-53.37210464477539,-22.057775497436523,46.38242721557617,-8.50979232788086,-37.336219787597656,15.034595489501951,30.763673782348636,-29.19342613220215,5.867874622344971,13.835636138916016,0.5703843832015991,-7.388972759246826,8.162558555603027,-1.6248737573623655,-6.6917266845703125,-7.301204681396484,1.2302963733673096,11.452746391296388,30.88565826416016,45.05428314208984,45.98997497558594,25.70004653930664,12.855565071105955,-12.238125801086426,4.328734397888184,5.109240531921387,14.687200546264648,-3.0500099658966064,-4.50879430770874,-6.408310413360596,9.353647232055664,4.920833587646484,6.217387199401856,-17.81055450439453,-7.495017528533935,-1.6210328340530396,2.722201347351074,-4.674709320068359,10.882894515991213
10,-287.1296691894531,-50.45581817626953,-19.826141357421875,45.243900299072266,-8.068735122680664,-36.40828704833984,15.107247352600098,30.36604881286621,-26.045372009277344,4.180051326751709,12.923417091369627,3.294363498687744,-10.063983917236328,9.1953706741333,-2.400526285171509,-6.539522647857666,-7.210503578186035,2.645392179489136,8.144646644592285,30.618003845214844,44.55961608886719,42.543983459472656,27.106874465942383,11.44231128692627,-10.48991584777832,2.6191940307617188,6.061373233795166,12.08342170715332,-2.6948659420013428,-3.653441905975342,-7.578667640686035,6.735982418060303,4.499035835266113,6.531891345977783,-15.792423248291016,-8.219781875610352,-3.275068998336792,1.5899182558059692,-3.165884494781494,8.387653350830078
10,-298.55670166015625,-49.88665008544922,-16.48758316040039,44.825660705566406,-7.369322299957275,-34.1150016784668,15.637917518615724,29.158985137939453,-26.283445358276367,6.686407566070557,10.020462036132812,2.51749587059021,-7.4294281005859375,10.088496208190918,-1.496916651725769,-5.15194034576416,-3.466871500015259,3.23440170288086,6.295181274414063,30.18916893005371,45.17024993896485,42.58454132080078,23.55206680297852,13.619351387023926,-8.397114753723145,4.277569770812988,5.044209957122803,10.744932174682615,1.2262669801712036,-2.854083299636841,-9.032010078430176,6.327728271484375,4.964435577392578,5.946765422821045,-14.11915397644043,-8.009437561035156,-0.5689759850502014,1.3819310665130615,-4.156674861907959,9.173540115356444
9,-156.00320434570312,-17.726573944091797,-15.898649215698242,19.08563232421875,-19.072452545166016,-25.450048446655277,1.050676345825195,1.8825128078460691,-46.6312141418457,-7.636995315551758,-21.146221160888672,-19.483306884765625,-5.808521270751953,0.7647821307182312,-2.857896089553833,18.236730575561523,27.41587448120117,42.47087097167969,31.25801086425781,30.003246307373047,-0.7598774433135986,-0.4891897141933441,-1.3625866174697876,-5.401752948760986,-21.40548515319824,-13.23401927947998,-13.324136734008787,2.043710947036743,-2.4756951332092285,-14.6618070602417,0.1430082321166992,16.95480728149414,6.580455780029297,8.91279411315918,-3.371145725250244,16.604745864868164,0.3641151785850525,-4.834775447845459,0.4233304858207702,31.54576873779297
9,-153.29110717773438,-14.836058616638184,-18.8377628326416,21.87484741210937,-17.716697692871094,-22.856752395629883,1.3629719018936155,1.7520357370376587,-45.26168441772461,-6.194206714630127,-20.45438575744629,-18.13665008544922,-8.129859924316406,3.749841928482056,-2.413141250610352,23.757326126098636,24.99516487121582,44.51401901245117,33.2123908996582,25.511249542236328,0.2374233901500702,0.9826422929763794,-1.4122360944747925,-4.627520561218262,-24.02020835876465,-12.837193489074709,-12.227694511413574,2.602101802825928,-4.18809700012207,-15.412606239318848,-0.2537379860877991,15.342143058776855,4.997629642486572,10.9799165725708,-3.786841869354248,17.037330627441406,0.3336346447467804,-6.753961086273193,1.0837663412094116,29.774301528930664
9,-152.1545867919922,-13.525426864624023,-22.524845123291016,24.73918914794922,-18.04471015930176,-21.849632263183597,1.851040720939636,0.3537887930870056,-47.64213943481445,-5.527049541473389,-19.1130428314209,-19.560436248779297,-9.094277381896973,3.189781904220581,-4.273421764373779,25.778886795043945,23.838668823242188,41.77996826171875,35.734893798828125,21.73265647888184,-0.7386199831962585,3.688690423965454,-3.475156545639038,-3.664693593978882,-24.794170379638672,-13.954561233520508,-11.3956937789917,1.2775393724441528,-5.028000354766846,-13.912577629089355,-0.4491402804851532,13.995628356933594,7.090489864349365,9.601387977600098,-4.44489049911499,17.850669860839844,-0.1333004981279373,-8.074503898620605,2.4626121520996094,27.676610946655277
9,-151.11878967285156,-14.44629192352295,-24.07466697692871,24.75180053710937,-17.915475845336914,-21.87398338317871,2.0287106037139893,-0.0034166015684604,-50.03914642333984,-5.751386642456055,-17.24198341369629,-21.454233169555664,-9.216102600097656,2.636291265487671,-4.499241352081299,25.93431854248047,25.092374801635746,38.59567642211914,38.039039611816406,19.94852638244629,-2.505051374435425,6.3455424308776855,-5.315375328063965,-2.640277624130249,-24.66505241394043,-15.234796524047852,-9.695449829101562,-0.8155069351196289,-5.53144121170044,-13.027873992919922,-1.1603981256484983,12.560096740722656,9.863377571105955,6.864287376403809,-4.364931106567383,19.5433406829834,-2.2851686477661133,-7.429295063018799,3.3862111568450928,26.543928146362305
9,-150.008056640625,-12.78483772277832,-23.624731063842773,24.569623947143555,-17.037038803100586,-22.376340866088867,2.4357776641845703,0.2734717130661011,-50.30683135986328,-5.265554428100586,-16.32373809814453,-19.501331329345703,-8.879064559936523,2.189471483230591,-1.885704755783081,24.296192169189453,25.857675552368164,37.902488708496094,37.55192184448242,20.20176124572754,-2.741459608078003,8.094377517700195,-5.952237129211426,-2.857280731201172,-23.938405990600582,-15.44815731048584,-8.938399314880371,-1.3736369609832764,-6.818939208984375,-12.46121597290039,-1.9984822273254397,10.65910530090332,12.04580783843994,4.689910411834717,-3.577174663543701,20.11139297485352,-3.929743528366089,-6.55931282043457,2.3865835666656494,27.05535316467285
8,-95.85847473144533,124.5024185180664,-16.06702423095703,-23.002347946166992,-25.684144973754883,-8.459973335266113,-11.035033226013184,0.0170872863382101,-10.06023120880127,-1.2136900424957275,-9.339788436889648,5.360760688781738,-11.100186347961426,3.6099042892456055,-1.6852967739105225,4.370865345001221,5.276415824890137,3.1446964740753174,-3.3073081970214844,3.055058002471924,-4.147796630859375,0.2851665616035461,-4.6784987449646,-0.5891488194465637,-2.856356143951416,-0.2458643317222595,-5.224968433380127,-0.1723335087299347,-1.1014686822891235,4.46902322769165,-1.0128439664840698,3.0950937271118164,-0.612538754940033,4.978837966918945,-0.9323673248291016,2.362546443939209,-2.7940187454223637,1.405651569366455,-2.903327465057373,1.0891807079315186
8,-86.79376220703125,125.3368148803711,-14.818037986755373,-24.30216217041016,-28.252016067504883,-8.214255332946777,-11.384686470031738,-2.030052661895752,-10.924166679382324,-1.290512204170227,-8.137666702270508,6.152111053466797,-12.988786697387695,4.891726970672607,-0.6748396754264832,3.4722490310668945,4.560984134674072,1.5630769729614258,-4.487886905670166,4.078403472900391,-4.449347019195557,-1.2387703657150269,-4.192066669464111,-0.8647050857543945,-2.6313867568969727,-1.0382338762283323,-6.245708465576172,-0.8031134605407715,-1.4941859245300293,4.700711727142334,0.1579115688800811,3.347806453704834,-0.4523505866527557,5.594913959503174,-1.788755178451538,2.995727300643921,-1.873929738998413,1.4338128566741943,-3.2318835258483887,1.953163504600525
8,-98.38229370117188,125.39816284179688,-13.92046070098877,-24.310287475585938,-24.28893280029297,-10.13770580291748,-11.603020668029783,-0.8732340335845947,-9.619134902954102,1.3113044500350952,-14.479781150817873,4.722625732421875,-10.697278022766112,3.174081325531006,-1.5150296688079834,3.148780345916748,4.552717208862305,2.5131094455718994,-2.797896385192871,3.080634117126465,-6.320102214813232,0.7839552760124207,-4.54055643081665,0.8066420555114746,-2.946448802947998,0.287903755903244,-4.802630424499512,-0.2656992971897125,0.0362000204622745,2.43997573852539,-0.1414238363504409,5.148175239562988,-0.2853175699710846,4.781176567077637,-0.3114206194877624,3.796095609664917,-2.5177876949310303,0.5788519382476807,-2.4163215160369877,1.8340318202972408
8,-98.24161529541016,125.38260650634766,-13.472001075744627,-25.090238571166992,-24.83445930480957,-10.392419815063477,-11.248573303222656,-0.9639633297920228,-9.62630844116211,1.543412208557129,-14.306920051574709,4.664730548858643,-10.999922752380373,3.3761146068573,-0.691978931427002,3.2553985118865967,4.742993354797363,2.7935454845428467,-2.7578065395355225,3.872313737869263,-6.6776862144470215,1.1303809881210327,-4.5705108642578125,1.1040416955947876,-3.025698184967041,0.6599860787391663,-4.486689567565918,-0.5873115658760071,0.5756081938743591,3.0416147708892822,-0.7720737457275391,4.772729873657227,-0.2438216656446457,4.235507488250732,-0.405722439289093,3.573761224746704,-3.108825445175171,0.0836445391178131,-3.04238510131836,1.5587279796600342
8,-92.30936431884766,125.68324279785156,-14.81765365600586,-24.337438583374023,-27.257789611816406,-8.233548164367676,-11.033929824829102,-1.5473750829696655,-12.113031387329102,-0.0062972051091492,-7.794796466827393,7.514391422271728,-13.400579452514648,3.81781816482544,-0.502576470375061,2.805048942565918,4.103964328765869,1.8036785125732424,-3.998178720474243,3.887221813201904,-4.480655193328857,-0.2085687667131424,-3.9023091793060303,-0.0798555091023445,-2.635727405548096,-0.1124274656176567,-6.164580345153809,-1.4588592052459717,-1.6860895156860352,4.046545028686523,-0.2529715001583099,2.7095301151275635,-0.2348976731300354,5.97681999206543,-2.1000030040740967,3.038311004638672,-1.3481132984161377,1.59051513671875,-3.6702182292938232,1.9018921852111816
8,-98.39408111572266,125.34819793701172,-13.976588249206545,-23.067523956298828,-25.30384063720703,-8.289522171020508,-11.049690246582031,0.2884376347064972,-11.474491119384766,1.3031424283981323,-10.509926795959473,7.471943378448486,-11.742633819580078,2.49716591835022,-0.6862099170684814,3.778719663619995,5.1911301612854,3.255522489547729,-2.451967477798462,3.498286008834839,-4.131051540374756,1.6003812551498413,-4.54244327545166,0.9208462834358216,-2.791221618652344,0.8473594784736633,-5.502055644989014,-1.5568300485610962,-0.6038587689399719,3.7070796489715576,-0.9203112721443176,2.5742130279541016,-1.033759355545044,5.672934055328369,-1.101957082748413,3.224825620651245,-1.857053518295288,1.4254882335662842,-3.052203416824341,1.679119110107422
8,-100.5202407836914,126.15448760986328,-13.697657585144045,-22.333370208740234,-24.434406280517575,-8.548483848571777,-11.878926277160645,1.972434878349304,-9.435235023498535,1.1390196084976196,-13.980783462524414,5.19179630279541,-10.855632781982422,3.428044080734253,-0.7204186320304871,3.6347036361694336,5.209259986877441,3.0446691513061523,-2.259446382522583,4.005433082580566,-4.920056343078613,1.0179173946380615,-5.562363624572754,1.191143274307251,-2.7531158924102783,-0.0244925394654274,-5.547860145568848,-0.744354248046875,-0.1973063349723816,3.354283571243286,-0.2465342879295349,4.03705358505249,-1.4199484586715698,4.274715900421143,-0.7708734273910522,2.6699564456939697,-3.1631100177764893,0.7229815125465393,-2.968334674835205,1.4457638263702393
8,-99.55885314941406,125.40865325927734,-14.766483306884766,-22.59355735778809,-25.1346378326416,-9.131094932556152,-12.654703140258787,1.0820610523223877,-9.33344268798828,1.4908690452575684,-15.446145057678224,4.50443172454834,-11.009713172912598,3.732831478118897,-1.3259177207946775,2.7242591381073,4.3536763191223145,2.1142635345458984,-2.6864399909973145,3.273221492767334,-6.221051692962647,0.8656919002532959,-5.102231979370117,0.7731429934501648,-2.795309543609619,-0.8738635182380676,-5.920359134674072,-0.5996211171150208,-0.2023917138576507,2.982196807861328,-0.0374702513217926,4.084268569946289,-1.0626481771469116,4.043144226074219,-1.4702612161636353,3.060555934906006,-3.3331072330474854,0.277435153722763,-3.5540971755981445,1.767892837524414
8,-99.62667846679688,125.33650207519533,-15.259058952331545,-23.36172866821289,-25.359527587890625,-8.856122016906738,-12.752887725830078,0.4787465035915375,-10.083175659179688,1.1836575269699097,-15.325672149658203,4.247101306915283,-10.943818092346191,3.198777675628662,-1.5556375980377195,2.5018763542175293,4.816442966461182,2.4309194087982178,-2.3609778881073,2.973915100097656,-5.335961818695068,1.5811926126480105,-4.353118896484375,0.7912176847457886,-2.8537580966949463,-0.3419989049434662,-5.465833187103272,-0.1210592538118362,0.4247713983058929,2.931427240371704,-0.0438616536557674,3.826535224914551,-1.4553427696228027,4.404486656188965,-1.688368558883667,3.722918748855591,-2.737776279449463,0.6217604875564575,-3.4481306076049805,2.3423168659210205
8,-100.5118637084961,125.47625732421876,-14.56694221496582,-23.86880111694336,-24.519880294799805,-7.48844051361084,-12.130127906799316,0.9781562685966492,-10.029510498046877,0.2685906589031219,-15.316620826721191,5.166025161743164,-11.223745346069336,1.854175686836243,-1.8482158184051516,1.8907837867736816,5.01613712310791,2.5516340732574463,-2.9839651584625244,3.280416250228882,-4.954588413238525,1.266117811203003,-4.145131587982178,1.1053613424301147,-2.986531972885132,-0.0547181814908981,-5.694925308227539,-0.3924717009067535,0.6555804014205933,3.1142289638519287,0.5959779620170593,4.400524616241455,-1.2938036918640137,4.770777702331543,-1.479629635810852,3.2866034507751465,-3.1603710651397705,0.4552446603775024,-3.263848304748535,2.1303672790527344
8,-97.26527404785156,123.32227325439452,-15.415106773376465,-22.79554557800293,-24.2406063079834,-8.806001663208008,-12.505444526672363,0.9294683933258056,-9.100520133972168,-0.7103446125984192,-15.646718978881836,4.548764705657959,-10.306602478027344,2.1287944316864014,-2.8007194995880127,2.0675208568573,4.933437824249268,3.096876859664917,-3.840599775314331,2.5608630180358887,-3.960360288619995,1.2021565437316897,-4.710342884063721,0.437290608882904,-3.269226312637329,-0.2625284492969513,-5.926085948944092,-0.0193266067653894,0.0483806133270263,3.068069696426392,0.4845096468925476,4.140479564666748,-0.7729523777961731,5.102344512939453,-0.8555038571357727,3.1410586833953857,-3.2567873001098637,-0.0608356781303882,-3.253389835357666,1.834368705749512
8,-95.86016845703124,123.62418365478516,-15.607322692871094,-22.59708595275879,-23.97319793701172,-10.319958686828612,-12.631197929382324,-0.0894480124115943,-8.75300407409668,-0.3078793287277221,-15.512394905090332,3.4887561798095703,-10.34767246246338,2.873600482940674,-3.4335005283355717,2.429525852203369,4.837672710418701,3.301920890808105,-3.4980227947235107,2.1130590438842773,-4.215375900268555,1.0779865980148315,-4.943216800689697,0.0902531221508979,-3.239349126815796,-0.3839806914329529,-5.344647407531738,0.0691159963607788,-0.7075716853141785,2.525691032409668,0.3531010150909424,4.147281169891357,-0.7435467839241028,4.626026630401611,-0.6263583302497864,3.508488416671753,-2.8039469718933105,0.2210981547832489,-2.7359118461608887,1.813606023788452
9,-349.521728515625,137.18019104003906,-51.84491729736328,-31.64261817932129,-8.953662872314453,-5.363098621368408,-3.225409746170044,-8.77283763885498,5.838082313537598,26.482681274414062,22.077407836914062,16.74420738220215,10.084744453430176,-3.1095995903015137,-10.805302619934082,5.51693868637085,4.794099807739258,-5.245644569396973,-3.7471671104431152,2.938973903656006,4.705638885498047,5.902743339538574,-4.191187381744385,1.8434982299804688,-0.4667989611625671,-0.4883221089839935,-3.9380428791046143,-2.53198766708374,-2.6120364665985107,1.723682165145874,2.685678243637085,2.866964340209961,0.1592059582471847,-0.8851781487464905,-0.5548011064529419,1.4737616777420044,-0.6881867051124573,-0.4194533228874206,0.779150128364563,2.4483137130737305
9,-336.555419921875,160.0674591064453,-52.58704376220703,-46.74178695678711,-15.961380958557127,-6.322267055511475,-5.881894111633301,-12.400410652160645,4.518671989440918,21.81343650817871,16.070587158203125,17.205787658691406,18.48929214477539,1.4481563568115234,-9.626313209533691,4.425293922424316,5.919473648071289,-2.17393159866333,-4.336865425109863,-3.2713425159454346,0.3495597243309021,8.364730834960938,-0.3174856603145599,0.6302370429039001,-0.7077256441116333,3.707216024398804,-4.115861415863037,-1.133577585220337,1.8051161766052248,0.2877864837646484,-6.148956775665283,0.823384702205658,2.22080659866333,0.7693536877632141,1.250065803527832,-0.8496647477149963,-1.7866923809051514,1.4581111669540403,1.7493723630905151,1.62940776348114
9,-437.8308410644531,140.406494140625,-28.593772888183597,-31.94425773620605,-3.251133918762207,0.6791006326675415,0.4448076486587524,-3.83592700958252,6.318472862243652,22.11837577819824,19.449426651000977,14.594249725341797,11.597386360168455,-0.916688084602356,-8.374271392822266,4.435402870178223,6.294031620025635,-5.315263748168945,-5.693036079406738,-2.316157817840576,-1.7699644565582275,4.365358352661133,3.9197709560394287,3.603216409683228,0.0542240478098392,-0.764155924320221,-4.952585220336914,-3.319376230239868,1.8194587230682373,0.815459132194519,-2.326545476913452,2.711120367050171,3.35105562210083,-0.954219400882721,-2.122753381729126,-2.065315008163452,-1.324474215507507,0.1643742024898529,2.1689975261688232,0.5293826460838318
8,-203.22764587402344,145.6123504638672,0.7434948086738586,20.85548591613769,11.2437105178833,33.82331085205078,16.224761962890625,19.183385848999023,20.025524139404297,17.874439239501953,3.2168984413146973,15.297828674316406,-2.930826425552368,4.806322574615479,2.3245608806610107,-0.0320935323834419,-3.157604455947876,3.14414381980896,-5.238205909729004,3.2236578464508057,-3.848447561264038,0.3410765826702118,-1.037395715713501,-1.265580415725708,-2.188138008117676,4.610837459564209,-3.4823505878448486,2.4718611240386963,2.185997724533081,-0.1449666917324066,-1.7644360065460205,5.205509185791016,-2.954190731048584,2.9416370391845703,-0.0321039296686649,-0.2191622257232666,-2.338325262069702,1.17586350440979,-3.2330822944641118,0.4784170985221863
8,-200.0586853027344,146.7713623046875,4.829764366149902,18.129928588867188,7.85531759262085,31.504961013793945,11.06806468963623,23.33516502380371,20.37030601501465,20.567602157592773,10.108978271484377,16.512624740600586,-3.190687656402588,-1.6239370107650757,-3.115978717803955,1.1439614295959473,-4.715995788574219,1.69890296459198,-1.6927196979522705,3.928173303604126,-3.229306697845459,0.7437878847122192,-4.734899044036865,-2.9280896186828613,-4.638251304626465,2.8012707233428955,-1.4955307245254517,3.2894809246063232,0.2790810763835907,4.745041847229004,2.1842925548553467,0.2347617149353027,-6.815239906311035,-2.021512269973755,-3.5824458599090576,2.1142027378082275,0.6476993560791016,1.415500521659851,-0.7539509534835815,4.67872953414917
8,-201.21763610839844,156.05441284179688,4.747093677520752,16.998226165771484,13.631792068481444,28.39266014099121,11.789982795715332,22.556581497192383,21.117530822753903,18.92728614807129,8.368302345275879,16.1126766204834,-3.4605112075805664,-1.7129905223846436,-4.2588419914245605,2.5066440105438232,-5.4012627601623535,-1.1830388307571411,-0.8898502588272095,4.38783073425293,-3.5246469974517822,0.9465407133102416,-3.999528646469116,-2.7167954444885254,-3.546384334564209,1.949494242668152,-1.829632878303528,3.4288787841796875,-0.7907478213310242,5.5169219970703125,2.2415573596954346,-1.067299723625183,-5.428812026977539,-0.8201690912246704,-3.9159281253814697,1.6987415552139282,0.1288858503103256,0.3407037258148193,-0.5317505598068237,4.884481430053711
8,-193.6004943847656,156.98513793945312,12.119693756103516,22.15608787536621,12.272771835327148,32.90614318847656,9.726009368896484,22.04413414001465,18.05600357055664,11.3388671875,1.0655076503753662,10.828166007995604,1.498069405555725,5.097357749938965,0.915642023086548,2.9228875637054443,1.386909246444702,1.3226039409637451,-8.727327346801758,5.578872680664063,2.186584234237671,0.1849396973848343,0.4921587109565735,1.8847390413284304,-3.1719539165496826,2.785069465637207,-3.944000005722046,0.5060105919837952,0.8526272773742676,0.9132159352302552,-0.8048846125602722,2.7593767642974854,-2.2085883617401123,0.7340683341026306,-0.3777320384979248,0.4810480177402496,-2.780785083770752,-0.8968197107315063,-3.863278150558472,1.8399312496185305
8,-206.6925201416016,151.03433227539062,4.91559362411499,15.75360870361328,16.630754470825195,36.0407600402832,12.76412582397461,23.935321807861328,20.169891357421875,12.526872634887695,5.327930450439453,15.147541046142578,-2.6994171142578125,3.2754478454589844,0.2232570350170135,1.1561291217803955,-4.81806230545044,1.9557150602340696,-3.867758274078369,3.517096519470215,-6.002468109130859,-0.1115532591938972,0.976524829864502,0.152754858136177,-3.895830392837525,3.744004487991333,-1.0367971658706665,2.12647032737732,-0.9777597188949584,-0.0701197832822799,-0.8884603977203369,3.1703176498413086,-2.808306932449341,-0.0258840434253215,-2.7866899967193604,1.3952176570892334,-0.3813951015472412,0.2477615475654602,-3.5681519508361816,1.260745882987976
8,-211.4474639892578,153.91336059570312,10.32562255859375,14.787064552307127,15.162256240844728,36.73042297363281,15.799843788146973,24.17984771728516,18.597570419311523,15.261171340942385,7.734646797180176,11.781438827514648,-1.34859299659729,4.033123970031738,-1.358330488204956,2.671320676803589,-3.5086112022399902,1.1312090158462524,-3.583601474761963,2.6263742446899414,-4.500662326812744,-0.1178531572222709,-0.0563015341758728,0.322437584400177,-3.82546067237854,3.521740436553955,-0.3228988945484161,2.2309393882751465,-1.51568603515625,0.8564342260360718,-0.932316243648529,1.3784074783325195,-2.609909772872925,0.6559973955154419,-2.269345760345459,1.0751076936721802,-1.9952319860458372,-1.0009442567825315,-3.272820472717285,1.4877065420150757
8,-198.36329650878903,161.54116821289062,5.881775856018066,16.899215698242188,9.596531867980955,27.956348419189453,15.428296089172363,20.6041316986084,16.78899383544922,14.762578010559082,3.423125982284546,11.57414722442627,-1.595424771308899,6.901463985443115,-0.382803738117218,2.7267520427703857,-0.8331736326217651,0.3938639163970947,-8.652017593383789,3.799594163894653,-1.6265803575515747,-1.194994568824768,-0.1990800946950912,0.2123858332633972,-4.247410297393799,3.324213743209839,-1.5582727193832395,3.6661109924316406,1.5029240846633911,0.8736844658851624,-1.6232006549835205,3.7221157550811768,-3.647938251495361,1.412572741508484,-1.6255168914794922,-0.5618762373924255,-2.1964645385742188,-0.1121713742613792,-3.794541835784912,1.041617751121521
9,-172.2594757080078,155.3629608154297,-63.13813018798828,37.35980987548828,-13.733508110046388,-8.377856254577637,8.066725730895996,6.914977073669434,5.172057628631592,16.05025291442871,-5.440619945526123,11.889671325683594,-10.8109712600708,-3.4370453357696533,0.9081038236618042,8.851078033447266,3.021566867828369,-0.5085612535476685,-10.697668075561523,-0.9829875826835632,-5.604833126068115,5.800277233123779,-5.969451427459717,2.134089946746826,-7.04215145111084,-2.008502960205078,-5.620717525482178,-4.660580158233643,-5.454747676849365,2.431484699249268,3.80509877204895,2.185866117477417,-3.738830327987671,0.7928694486618042,-7.320261478424072,-6.541172504425049,-7.822415351867676,-2.4336209297180176,-6.655773639678955,-2.9326345920562744
9,-149.6764373779297,152.46099853515625,-68.95155334472656,36.98170852661133,-16.926517486572266,-10.68974494934082,5.354849338531494,6.367484092712402,6.674188137054443,16.76143455505371,-6.786508083343506,11.024055480957031,-10.156964302062988,-5.032519340515137,0.803031861782074,8.400047302246094,4.078116416931152,0.7343727946281433,-10.454506874084473,-1.0831936597824097,-5.124534130096436,5.785874366760254,-7.161402225494385,3.383721351623535,-7.859112739562988,-4.950244903564453,-4.5743088722229,-4.404101371765137,-5.726177215576172,1.73296058177948,3.0711491107940674,1.594015121459961,-2.7859737873077397,0.8777388334274292,-8.040207862854004,-6.137495040893555,-6.354239463806152,-1.8146843910217283,-7.402292728424072,-2.244258165359497
9,-136.95106506347656,148.7694091796875,-72.01543426513672,35.720706939697266,-13.561749458312988,-10.460766792297363,-1.0013630390167236,8.03382682800293,8.570758819580078,14.975171089172363,-5.194887638092041,8.069360733032227,-8.547016143798828,-4.398700714111328,0.5403224229812622,7.186964511871338,6.9243998527526855,2.795058012008667,-9.396254539489746,-0.7119626402854919,-4.938391208648682,5.337086200714111,-9.173492431640623,4.543457508087158,-6.724334239959717,-5.640591144561768,-3.691047191619873,-2.7169718742370605,-4.457941055297852,1.241026759147644,1.5657272338867188,1.2608582973480225,-3.280186891555786,-1.830856442451477,-8.203883171081543,-5.426482677459717,-3.951068162918091,0.0601556152105331,-6.050449848175049,-2.1224491596221924
9,-127.52903747558594,150.04107666015625,-74.47692108154297,38.11405944824219,-14.41690731048584,-11.680198669433594,-2.372697353363037,9.29412841796875,6.792622089385986,13.554276466369627,-5.089420318603516,5.775182247161865,-8.523332595825195,-4.983564853668213,-0.0864489451050758,5.317068099975586,5.422495365142822,3.011305332183838,-5.92844295501709,2.1289937496185303,-3.630103349685669,3.615412950515747,-12.447477340698242,3.6117193698883057,-5.142281532287598,-5.2805705070495605,-3.818215370178223,-2.763394832611084,-5.168787479400635,2.018082618713379,0.8782923817634583,1.9481102228164675,-4.068873882293701,-2.991374969482422,-8.731685638427734,-5.267669200897217,-4.777002334594727,0.4698770344257355,-5.312480449676514,-1.2341235876083374
9,-142.61898803710938,159.45748901367188,-67.83612060546875,38.78170776367188,-19.4894962310791,-16.545190811157227,4.10914421081543,11.150943756103516,3.671982526779175,14.674575805664062,-3.921471357345581,7.317583084106445,-8.755852699279785,-4.741904258728027,-2.118806838989258,1.3515137434005735,2.729574203491211,0.3915574550628662,-4.783668041229248,5.095114707946777,-2.304972648620605,3.986093521118164,-9.833641052246094,-0.2420342117547989,-8.766225814819336,-4.347862243652344,-3.753845453262329,-3.218958854675293,-6.719766139984131,2.0487542152404785,1.2526147365570068,5.213484287261963,-3.1359846591949463,-3.242548704147339,-7.805359363555908,-6.24420976638794,-6.443333148956299,-1.1891686916351318,-5.815173625946045,-1.4810484647750854
9,-158.58058166503906,165.5163116455078,-63.20228576660156,38.65347290039063,-23.742040634155277,-19.756372451782227,12.426523208618164,12.835119247436523,1.3863933086395264,16.969160079956055,-4.336056709289551,8.277398109436035,-8.007770538330078,-4.849088668823242,-4.589954376220703,-1.2874921560287476,1.3838335275650024,-1.2657188177108765,-5.752945423126221,5.7377448081970215,-2.639803409576416,5.567501544952393,-2.9450361728668213,-0.6801937818527222,-11.988396644592283,-4.421942234039307,-4.241751194000244,-2.161144495010376,-5.690285682678223,1.0773310661315918,-0.9435413479804992,4.486985206604004,-1.3153146505355835,-3.9000532627105713,-7.918393611907959,-6.255502223968506,-7.232052326202393,-3.1042239665985107,-4.111104488372803,0.0001118389845942
9,-158.58995056152344,165.5919189453125,-63.06057357788086,40.609519958496094,-22.923805236816406,-19.795459747314453,13.422484397888184,14.874597549438477,1.683226466178894,15.016836166381836,-5.959631443023682,6.135560989379883,-8.089920997619629,-4.784894943237305,-2.985865592956543,-1.2111679315567017,0.744260311126709,-1.7210571765899658,-7.789163589477539,5.761619091033936,-4.27980899810791,4.562053203582764,-1.3187415599822998,2.804818153381348,-9.60039234161377,-2.435840845108032,-4.32498025894165,-3.596205949783325,-5.065456390380859,1.411824345588684,-2.7498395442962646,1.9810025691986084,-2.403902530670166,-4.625589370727539,-7.173941135406494,-3.814933300018311,-7.306132793426514,-3.2171003818511963,-2.387692928314209,1.4534361362457275
9,-149.6272735595703,164.2561798095703,-65.26004028320312,35.5108757019043,-22.721912384033203,-18.33318519592285,10.755783081054688,14.773887634277344,2.8396341800689697,12.427563667297363,-6.7934346199035645,5.517372131347656,-8.889176368713379,-5.671646595001221,-0.9712321758270264,0.2531675696372986,0.8284711241722107,-0.9333633780479432,-8.409802436828613,4.392926692962647,-5.056915760040283,4.79501485824585,-2.715301275253296,4.020658016204834,-6.215076446533203,-0.1026219725608825,-3.050676107406616,-3.689829111099243,-5.717592716217041,1.7249616384506226,-1.1328266859054563,3.1345150470733643,-1.5055207014083862,-3.235700845718384,-6.913016319274902,-1.957402586936951,-4.885498046875,-0.2879920899868011,-1.833152651786804,1.338703989982605
9,-151.6243438720703,165.76962280273438,-69.09953308105469,28.457056045532227,-21.96272087097168,-19.17030906677246,7.255276679992676,15.534623146057127,4.746549606323242,6.798694610595703,-5.700118541717529,5.800136566162109,-9.903901100158691,-6.973421096801758,0.3122599720954895,-1.6699097156524658,0.3622800707817077,0.6755616068840027,-8.531311988830566,2.6973001956939697,-3.9567348957061768,2.974273443222046,-4.385334014892578,4.749763011932373,-3.838982105255127,-0.3507773876190185,-1.5235934257507324,-1.9155954122543333,-5.638393402099609,0.0233339965343475,-0.4915448725223541,1.3828158378601074,-0.9569652676582336,-0.9447613954544068,-6.29400110244751,-3.566290855407715,-2.115052938461304,2.454531669616699,-1.2090060710906982,1.3430505990982056
9,-186.00921630859372,170.70523071289062,-62.232398986816406,27.537199020385746,-18.497995376586918,-18.75932884216309,1.7389618158340454,15.666467666625977,6.051756381988525,2.422392606735229,-5.768450736999512,7.924616813659668,-11.094982147216797,-7.073063850402832,0.298172265291214,-5.138108253479004,-2.015643835067749,0.1082403808832168,-7.713574886322021,0.5480883121490479,-5.731372833251953,-0.2010230422019958,-5.930033206939697,2.8135523796081543,-2.565791368484497,1.058234453201294,-2.2618041038513184,-1.9247443675994875,-5.379700183868408,-1.54658305644989,-1.2843483686447144,0.8179373145103455,-2.003190279006958,-2.121049165725708,-5.084085464477539,-5.057706832885742,-2.8673102855682373,2.126554250717163,-0.5238068103790283,1.0962222814559937
9,-148.37216186523438,153.88682556152344,-65.70033264160156,34.720706939697266,-3.779067516326904,-6.067375183105469,4.265886306762695,10.08518409729004,6.106912612915039,8.412227630615234,-6.932373046875,9.059891700744627,-8.57137680053711,-3.014555692672729,-0.7609168291091919,-1.5570242404937744,1.2095192670822144,2.4904990196228027,-7.292836666107178,0.8095872402191162,-4.890811920166016,4.606058120727539,-1.3582667112350464,7.109521865844727,-3.371656894683838,-0.5876110196113586,-2.7336413860321045,-1.9619442224502563,-4.925288677215576,-0.8563121557235718,-0.9241482019424438,1.557473063468933,-4.191389083862305,-3.928953647613525,-7.433121204376221,-5.698394298553467,-5.890761375427246,-2.7146780490875244,-3.8580055236816406,-0.2106481194496154
9,-92.91537475585938,151.48704528808594,-74.57520294189453,33.45827102661133,-3.1053056716918945,-8.714096069335938,-1.3638074398040771,7.157978057861328,4.844947338104248,9.11933708190918,-6.790912628173828,7.582180023193359,-7.224748611450195,-7.818218231201172,-2.4834773540496826,-2.9361684322357178,0.617784321308136,5.25961446762085,-8.409717559814453,1.643350601196289,-2.843671560287476,7.673360347747803,-2.076291561126709,7.36672306060791,-4.980861186981201,-3.083052635192871,-2.8349053859710693,-0.3801904916763305,-1.7495638132095337,1.386680245399475,-1.5798181295394895,2.4288570880889893,-0.8864996433258057,-2.6943933963775635,-7.749532699584961,-6.096453666687012,-4.129258155822754,0.2985414862632751,-4.051852226257324,0.8127774596214294
9,-65.22801971435547,144.3734893798828,-79.87776947021484,31.084203720092773,1.38503098487854,-7.189942836761475,-10.727835655212402,2.263364791870117,6.0068840980529785,4.221110820770264,-5.020634651184082,8.917180061340332,-4.493635177612305,-9.41083526611328,-1.1519156694412231,-3.0658905506134038,-1.296275973320007,6.753436088562012,-7.878235816955566,0.0551076456904411,-0.1749944984912872,6.412876605987549,-6.739027976989746,6.454770565032959,-5.721231460571289,-4.209096431732178,-0.4086173176765442,0.5365258455276489,-1.3647496700286863,0.442870020866394,-2.904125690460205,1.461406707763672,0.5798143744468689,-2.1295406818389893,-6.629377365112305,-4.677030086517334,-2.3235409259796143,2.5461902618408203,-3.761506319046021,0.0827809572219848
9,-126.22573852539062,154.41510009765625,-74.3083267211914,30.373735427856445,-0.6597486138343811,-10.24895477294922,-11.695651054382324,3.7152276039123535,3.6468095779418954,1.0137027502059937,-4.392473220825195,11.52715301513672,-3.838524341583252,-8.071022033691406,-0.9841701984405518,-6.112324237823486,-3.716762065887451,1.9589370489120483,-6.4466872215271,-0.5594950318336487,0.0375024005770683,5.0987420082092285,-8.122856140136719,1.0146484375,-5.806334495544434,-1.9282442331314087,-0.1048973202705383,-0.0745701268315315,-3.727938413619995,-1.1319471597671509,-2.158661127090454,1.9774398803710935,-1.2298080921173096,-2.466255187988281,-5.562164306640625,-4.455728054046631,-2.921246290206909,1.3858667612075806,-1.041532278060913,0.1961814314126968
8,-452.7033996582031,155.99789428710938,-26.613962173461918,-40.31022644042969,-16.698705673217773,1.4303624629974363,-17.0853328704834,4.155972480773926,0.1094566732645034,9.77566909790039,2.5745861530303955,7.636000633239746,4.808357238769531,2.680464267730713,-6.699539661407471,-3.3119680881500244,-0.2569819390773773,-2.149658441543579,-2.43814468383789,-2.205776691436768,0.9893593192100524,-0.7797703146934509,-5.150884628295898,-3.5885560512542725,-1.7957913875579834,-1.7290138006210327,-1.0854324102401731,-1.507633924484253,-0.8924121260643005,-3.268561363220215,-0.0697214752435684,0.3937579989433288,-2.3434462547302246,-2.690274715423584,-3.178099632263184,-2.6324257850646973,-2.1212120056152344,-3.3658292293548584,-3.740193128585816,-3.387435913085937
8,-479.1031799316406,147.61859130859375,-15.56853199005127,-24.204917907714844,-16.33469009399414,13.41472053527832,-16.026567459106445,8.304814338684082,-0.370046854019165,11.66500473022461,-6.447734355926514,6.542530059814453,-3.448679685592652,2.784341335296631,-9.687902450561523,-3.1011457443237305,-1.933954834938049,0.4145708084106445,-1.5748683214187622,-1.0411878824234009,0.3422717750072479,-1.0253252983093262,-5.76508378982544,-3.5443460941314697,-3.1076223850250244,-2.077094793319702,-3.3968491554260254,-3.927950382232666,-1.228967547416687,-1.1050426959991455,-4.140254497528076,0.3010013997554779,-1.837407231330872,-0.9900150895118712,-3.049865961074829,-1.3329012393951416,-3.1317806243896484,-2.1058096885681152,-2.0724871158599854,-1.1150232553482056
8,-461.4214172363281,152.07888793945312,-21.87325859069824,-36.70801162719727,-14.195918083190918,8.23491096496582,-13.06019115447998,3.811500787734986,-0.7872037291526794,7.3878350257873535,-1.247175216674805,6.399713039398193,3.5129261016845703,2.649275064468384,-8.91814136505127,-4.1824259757995605,-0.0246278177946805,-1.2179934978485107,-0.416839063167572,-1.4316271543502808,0.2263928651809692,-3.214716672897339,-2.6949777603149414,-3.90309739112854,-2.7916042804718018,-2.279768228530884,-2.655527114868164,-3.76414966583252,-0.5483143329620361,-2.2822444438934326,-3.4376883506774902,-0.7679551243782043,-0.2941786050796509,-1.102006912231445,-2.979285478591919,-1.2011984586715698,-1.8074157238006592,-1.9012994766235352,-3.516168594360352,-3.047118186950684
8,-419.1332702636719,162.8567352294922,-40.08740615844727,-38.54313278198242,-21.053110122680664,4.960386276245117,-22.642194747924805,8.149288177490234,0.4410474598407745,11.55299949645996,-0.1098676025867462,12.03915309906006,3.025110960006714,-0.4800228178501129,-11.767041206359863,1.6566482782363892,0.2175676673650741,-3.796067714691162,-2.7922489643096924,-2.535616397857666,1.032831788063049,-2.4048635959625244,-4.722721099853516,-2.171724319458008,-0.8324512839317322,-3.573798179626465,-2.006758451461792,-2.486855983734131,-1.8915718793869016,-3.658977270126343,-2.2977237701416016,-0.3666395843029022,-4.244786262512207,-3.559375524520874,-3.787030696868897,-2.9800703525543213,-2.042964220046997,-2.2066872119903564,-2.156078100204468,-1.0350853204727173
9,-227.8786163330078,41.0517807006836,93.08197784423828,-10.043871879577637,52.1195182800293,-5.272500991821289,26.44649887084961,5.326031684875488,8.195704460144043,12.37030029296875,4.516722679138184,15.032411575317385,4.108283996582031,9.470307350158691,-1.1045832633972168,6.155198574066162,-2.922536849975586,7.392071723937988,-5.192152976989746,3.8802311420440674,-5.36167049407959,3.997248888015747,-2.907630443572998,4.159256458282471,-3.3799638748168945,2.387608528137207,-4.173379421234131,3.117158889770508,-3.1016056537628174,4.562511920928955,-3.401700973510742,2.2102439403533936,-2.384113073348999,1.5451617240905762,-1.8466631174087524,0.5773229598999023,-1.7191169261932373,0.2355942875146865,-1.6386358737945557,0.6766634583473206
9,-224.74435424804688,46.573673248291016,95.7956771850586,-11.45267391204834,46.93122863769531,-6.600296497344971,25.536020278930664,6.755170822143555,10.792786598205566,12.479700088500977,3.7623093128204346,13.316046714782717,3.377021551132202,10.210322380065918,-1.1881183385849,4.570015907287598,-4.986298561096191,5.470083236694336,-3.4710495471954346,7.664941787719727,-2.972806215286255,5.813753604888916,-4.270008087158203,4.476908206939697,-2.0043296813964844,4.766282558441162,-3.203169107437134,2.4745802879333496,-5.075552463531494,2.513024091720581,-4.078449726104736,2.291752576828003,-2.7048356533050537,1.0007532835006714,-2.375349521636963,0.6056824326515198,-1.8545167446136477,-0.2029110938310623,-2.2357194423675537,0.2128021568059921
9,-216.00076293945312,36.14830017089844,83.61943054199219,-4.006527423858643,52.098594665527344,-3.2600040435791016,30.820240020751957,7.498265743255615,10.875529289245604,13.510703086853027,4.618988990783691,13.0003023147583,2.700232744216919,9.858067512512209,-0.6332772970199585,7.691219806671143,-4.1865010261535645,6.184831619262695,-5.453631401062012,4.293453693389893,-6.412569999694824,3.3538613319396973,-4.319925308227539,4.2494635581970215,-3.4377589225769043,3.561335325241089,-3.777352809906006,3.126310348510742,-3.8589718341827393,2.4104549884796143,-3.69901967048645,1.074384331703186,-2.940612554550171,1.152537822723389,-1.7794300317764282,-0.1676652878522873,-2.121785879135132,-0.3131592571735382,-2.108827352523804,0.8022817969322205
9,-244.8445587158203,39.34411239624024,90.7067413330078,-6.432981491088867,54.93938446044922,-2.904411792755127,29.65677833557129,9.5972261428833,12.144342422485352,13.847345352172852,4.855989933013916,11.95095157623291,1.80405592918396,8.979862213134766,-0.998697817325592,7.101553916931152,-3.559377670288086,6.121352672576904,-5.849488258361816,5.308454513549805,-5.138937950134277,3.883159637451172,-4.9077653884887695,3.6509037017822266,-3.691927671432495,3.591522455215454,-3.8007192611694336,3.3344931602478027,-4.424355030059815,3.3859920501708984,-2.962254047393799,3.3742918968200684,-2.0383493900299072,1.5256125926971436,-2.445639371871948,-0.4625072181224823,-1.7018457651138306,0.796129584312439,-1.182137370109558,0.5672794580459595
7,-127.14196014404295,134.5872039794922,-6.317835807800293,12.602169036865234,-21.248868942260746,9.248658180236816,-5.066970348358154,12.194101333618164,-0.0271320454776287,2.394426107406616,-5.331768989562988,6.613937377929688,3.193394899368286,13.441073417663574,-0.3541843593120575,1.7454075813293457,-10.380911827087402,-4.455606460571289,-5.65760612487793,-0.6794059872627258,-4.893017768859863,-4.31105899810791,-1.9016495943069456,4.233364582061768,-0.853179931640625,5.95487117767334,-2.4919192790985107,0.2484602928161621,-4.111122608184815,-1.0478696823120115,-4.608421802520752,-0.5536368489265442,-5.083480358123779,-1.037873387336731,-3.138417959213257,2.966363906860352,-2.2658841609954834,1.5101141929626465,-2.307995319366455,2.281796932220459
7,-110.61759185791016,131.85009765625,-11.450093269348145,8.646806716918945,-26.99982452392578,9.936487197875977,1.3264009952545166,21.435523986816406,4.269915580749512,-1.2253351211547852,-12.768702507019045,1.2657262086868286,-0.6403395533561707,11.84499454498291,-1.1466789245605469,0.4345442950725555,-11.538454055786133,-4.526116371154785,-5.642457962036133,0.966650366783142,-4.465546131134033,-4.575967311859131,-1.2961746454238892,4.457310676574707,-1.3961181640625,5.972910404205322,-3.730512142181397,-0.8409700989723206,-3.93257212638855,-0.4474610686302185,-3.701566696166992,-0.8238013982772827,-5.047920227050781,-1.7192472219467163,-4.103667736053467,2.317455291748047,-2.948640823364258,0.6220443248748779,-2.9179799556732178,2.4333384037017822
7,-139.89894104003906,124.70032501220705,-5.627087116241455,11.467713356018066,-17.773677825927734,8.072601318359375,2.0785505771636963,18.98769187927246,9.15677261352539,7.401875019073486,-8.266440391540527,2.784533977508545,-9.091516494750977,5.489926815032959,-6.608204364776611,2.064880132675171,-4.430335998535156,1.6255593299865725,-6.144613265991211,3.629350423812866,-3.942908763885498,-0.8903960585594177,-2.5276215076446533,1.9879416227340696,-5.104079723358154,1.4841753244400024,-2.194586515426636,0.3025661408901214,-1.3147236108779907,3.362509727478028,-1.9758127927780151,2.92573356628418,-2.2525007724761963,-1.3269970417022705,-3.9260995388031006,-0.0139784617349505,-3.001603841781616,0.4771754145622253,-1.9360535144805908,2.12894058227539
7,-158.2936248779297,132.7589874267578,-8.766051292419434,8.665448188781738,-16.78150749206543,13.481144905090332,8.751958847045898,18.61094093322754,8.376853942871094,3.0371055603027344,-11.39364528656006,0.035330094397068,-3.672579288482666,5.554393291473389,-5.911489963531494,-0.3350795805454254,-6.617047786712647,0.7363022565841675,-3.65385365486145,3.4820122718811035,-2.0395328998565674,-1.7104132175445557,-1.6166142225265503,2.144296169281006,-3.943772077560425,1.1702909469604492,-3.496083498001098,-1.564993143081665,-2.138740301132202,3.6290268898010254,-1.3056988716125488,3.4633002281188965,-2.7333383560180664,0.9337031841278076,-3.0310728549957275,1.1661678552627563,-2.9868059158325195,1.315651297569275,-4.71327018737793,0.6637024879455566
7,-102.1981201171875,121.94036865234376,-6.362704753875732,10.623146057128906,-29.98411750793457,10.30050563812256,-10.231011390686035,23.519454956054688,8.77940559387207,9.395058631896973,-3.9627444744110103,-1.0757802724838257,-7.002520561218262,1.292667269706726,-4.664116859436035,0.6873626708984375,-7.253844261169434,1.0480185747146606,-6.622503757476807,3.192171096801758,-3.941558361053467,0.0758846923708915,0.2149295210838318,3.3768882751464844,-3.466144800186157,3.3448803424835205,-4.608497142791748,-1.1160447597503662,-2.26133131980896,0.4664903879165649,-2.437288761138916,0.8916405439376831,-3.3950002193450928,-1.057246446609497,-4.129110813140869,0.7423461079597473,-2.917932748794556,-0.5452439785003662,-3.2135426998138428,1.7709786891937256
7,-106.54096221923828,120.44632720947266,-12.548516273498535,12.712273597717283,-19.792739868164062,16.55592918395996,-3.0276334285736084,25.02736091613769,3.21738076210022,4.746043682098389,-8.696236610412598,-1.8931920528411863,-4.855678081512451,3.334317445755005,-4.385262966156006,-0.5356020927429199,-9.028956413269045,1.3318923711776731,-4.234618663787842,4.639597415924072,-2.98774790763855,0.617879331111908,-0.445757120847702,2.491429090499878,-3.2765953540802,2.4640769958496094,-3.628631353378296,-1.975433349609375,-2.395748376846313,2.374336242675781,-1.9186687469482424,1.4015694856643677,-2.8807685375213623,-0.8593814373016357,-4.134257793426514,0.7592065930366516,-2.858445882797241,0.0033140899613499,-3.544063091278076,0.620765745639801
7,-120.10890197753906,134.13258361816406,-17.855712890625,15.091703414916992,-10.171733856201172,14.434666633605955,3.5502872467041016,20.765724182128903,3.535928249359131,2.485431671142578,-10.6841459274292,0.4889594614505768,-4.759278297424316,4.647102355957031,-7.36609935760498,-0.6711359024047852,-9.82634162902832,0.2724615037441253,-1.41014564037323,3.02232027053833,-2.861395835876465,-1.8300535678863523,-1.2407689094543457,2.336811780929565,-3.4224252700805664,2.0977745056152344,-3.513272762298584,-0.6835338473320007,-3.133659839630127,2.074666976928711,-2.7617764472961426,1.3203574419021606,-3.946721315383911,-0.4303362667560577,-4.068187236785889,2.146174192428589,-2.6458752155303955,0.5370579957962036,-3.984266996383667,1.1985799074172974
7,-131.63548278808594,133.26573181152344,-12.753576278686523,15.782811164855955,-12.668968200683594,11.950733184814451,1.3236268758773804,19.144222259521484,8.173192024230957,8.380155563354492,-5.26285982131958,1.1366007328033447,-8.480757713317871,3.2143733501434326,-8.229324340820312,1.0011323690414429,-5.625718116760254,-0.095455028116703,-1.6071795225143433,2.168899774551392,-2.3229122161865234,-2.006031990051269,-2.1800971031188965,1.2454934120178225,-5.447329521179199,0.4839368164539337,-3.474668264389038,0.7165810465812683,-3.2144696712493896,0.4603483080863952,-2.9358930587768555,1.825306296348572,-3.493168354034424,0.6221107840538025,-4.424880027770996,1.785419225692749,-2.287816286087036,0.3578323125839233,-4.0120368003845215,1.7930099964141846
7,-128.1210479736328,120.73241424560548,-11.3959379196167,12.200397491455078,-14.946925163269045,17.422046661376953,4.798343658447266,23.9947509765625,2.275341272354126,6.052603244781494,-11.5234375,1.6947425603866575,-6.039722442626953,6.716135025024414,-3.7417500019073486,1.4824306964874268,-5.131495952606201,0.9948148131370544,-2.90079116821289,2.616537570953369,-3.3241474628448486,-3.08796763420105,-1.6588205099105835,0.909114956855774,-4.132289409637451,0.744062066078186,-3.9552114009857178,-0.5072702169418335,-3.7028303146362314,-0.1045645996928215,-2.2854080200195312,1.5583845376968384,-3.74033784866333,-0.39424729347229,-4.799883842468262,1.73216712474823,-1.6023086309432983,0.519447386264801,-3.520397663116455,2.849569797515869
7,-130.1854705810547,125.97383880615234,-7.7498955726623535,9.262140274047852,-16.958709716796875,13.818133354187012,-1.5654776096343994,19.194913864135746,2.766836643218994,10.43418312072754,-8.951566696166992,4.340995788574219,-4.971793174743652,2.989633798599243,-5.668147087097168,0.3740662038326263,-5.675894737243652,2.0451462268829346,-3.644317865371704,1.6653159856796265,-4.050519943237305,-3.254750967025757,-0.4860813021659851,1.2647055387496948,-4.202797889709473,0.3843887448310852,-4.621608734130859,-1.303557515144348,-3.904723882675171,0.6174837946891785,-3.043620347976685,1.022297739982605,-5.288638591766357,-0.9602133631706238,-5.05474853515625,1.30359947681427,-2.082059383392334,1.1549938917160034,-2.6243815422058105,2.16072678565979
7,-131.85450744628906,127.45276641845705,-11.21825885772705,12.665335655212402,-19.279539108276367,12.698415756225586,0.0077260630205273,12.62111473083496,4.868619918823242,7.588733673095703,-7.922903060913086,3.50827431678772,-1.4761502742767334,2.9879820346832275,-4.696976184844971,1.3831915855407717,-7.610409259796143,1.7749125957489014,-4.244311809539795,0.4087606370449066,-4.254692077636719,-2.608495712280273,-2.01765513420105,2.219510078430176,-6.038865566253662,0.932094156742096,-3.341252565383911,-0.4016528725624084,-3.1126651763916016,2.66579818725586,-3.942986726760864,1.2470120191574097,-5.32867956161499,-1.988379716873169,-5.994142055511475,-0.3096876144409179,-3.698381185531616,1.5959153175354004,-2.4071991443634038,0.732920229434967
7,-127.6679458618164,118.79610443115234,-11.40872287750244,13.60837173461914,-18.650718688964844,14.44192886352539,6.661231517791748,17.09335708618164,3.5571305751800537,0.5203865170478821,-12.828487396240234,2.940469026565552,-2.0267252922058105,7.983313083648682,-2.366586685180664,2.886242628097534,-7.737886905670166,2.12805724143982,-5.501059055328369,2.390960216522217,-6.057636260986328,-2.7927558422088623,-4.301460266113281,3.005483627319336,-5.674887180328369,2.717288017272949,-2.120042085647583,0.638059139251709,-1.6856447458267212,3.230888843536377,-3.0304176807403564,1.4623621702194214,-4.307493686676025,-3.4267027378082275,-4.654924392700195,-0.8349189758300781,-2.904585599899292,0.2245234698057174,-1.7784210443496704,1.90703284740448
7,-128.6947784423828,125.4368133544922,-7.191925048828125,9.171978950500488,-30.360923767089844,18.478965759277344,8.482748031616211,18.898357391357425,11.951648712158203,5.139641284942627,-5.802342891693115,5.540259838104248,-2.8858885765075684,2.951045036315918,-8.016827583312988,-0.8828282356262207,-6.883401393890381,3.2861487865448,-0.4264730811119079,3.811479330062866,-1.4111835956573486,-0.2613718509674072,-1.500765323638916,2.4395551681518555,-2.66138219833374,-0.4253767728805542,-5.362677097320557,-0.3676190972328186,-3.2094194889068604,5.4220075607299805,-2.4230880737304688,2.336799383163452,-2.823655843734741,0.3149239122867584,-1.9462755918502808,1.579403519630432,-4.070688247680664,-0.0163799040019512,-4.950528621673584,-0.1015354692935943
7,-99.16692352294922,133.6764373779297,-117.57392120361328,2.684119701385498,-39.19927978515625,20.26134490966797,-38.9726676940918,9.952677726745604,-6.543993949890137,-11.05737018585205,-3.0719985961914062,-6.563686370849609,5.60368537902832,-1.1718980073928833,14.00499153137207,4.746059894561768,5.852554798126221,-1.3672399520874023,-3.8157780170440674,-5.74473237991333,-4.903602123260498,-9.349382400512695,-2.366868495941162,2.2154996395111084,1.5124309062957764,1.5921837091445925,4.390077590942383,2.214616060256958,-1.1168946027755735,-1.180835247039795,-3.095411777496338,2.8779003620147705,-3.209746599197388,-0.7284412980079651,-3.180300235748291,-0.2922742664813995,-1.1333417892456057,-1.1076301336288452,0.8573960661888123,-0.6584336161613464
7,-102.21080017089844,120.34861755371094,-121.4433364868164,15.55596160888672,-43.144039154052734,26.42872810363769,-40.8117790222168,15.856304168701172,-11.362275123596191,-8.736527442932129,0.2424642741680145,-2.730289936065674,11.655684471130373,0.2741090655326843,18.54041862487793,1.41627299785614,2.6180262565612797,-6.3036885261535645,-1.8621461391448972,-6.690347671508789,-1.9845309257507324,-3.4625885486602783,-4.974178314208984,-1.2806358337402344,-2.814309597015381,3.044399738311768,1.4402594566345217,0.1770461648702621,0.3376157581806183,2.42041540145874,1.4940048456192017,-0.9972756505012512,-6.419468402862549,-3.121915102005005,-3.958273887634277,-1.4154309034347534,-3.0037944316864014,0.9117209315299988,-0.5544624328613281,-1.116498589515686
7,-205.7483673095703,94.78594970703124,1.2045456171035769,28.021202087402344,-12.673544883728027,16.141971588134766,-17.904462814331055,7.031793117523193,-11.096480369567873,-6.83722734451294,-2.2757201194763184,-4.0438551902771,-8.567826271057129,-3.6548261642456055,-4.713196754455566,-6.550235271453857,-9.57907485961914,-1.6103605031967163,-4.536101341247559,1.5222193002700806,-4.11196231842041,-1.0683307647705078,3.37375807762146,-0.3887629806995392,-4.204267978668213,1.986740231513977,-4.384330749511719,4.241671562194824,-3.475332736968994,4.231189727783203,-0.8375689387321472,3.546482563018799,-0.8246780037879944,-0.59315425157547,-0.6806877255439758,4.802709102630615,-2.472086191177368,6.307032108306885,-4.959038734436035,-0.097964622080326
7,-166.89637756347656,86.87273406982422,-2.7977795600891118,36.47658920288086,-15.417071342468262,19.082239151000977,-21.867233276367188,9.143919944763184,-9.035978317260742,-7.696475505828857,-1.5759296417236328,-4.870808124542236,-9.620805740356444,-3.637101173400879,-3.444687604904175,-8.737726211547852,-10.057700157165527,-2.249380588531494,-5.106839179992676,1.246412754058838,-4.738367557525635,-1.4174456596374512,3.412009954452514,-3.0981967449188232,-4.831212043762207,0.0768264159560203,-6.023105144500732,3.42727279663086,-4.629715919494629,3.2094528675079346,-2.317888736724853,2.066735982894897,-2.780548334121704,-2.363889694213867,-0.5873045921325684,4.123714923858643,-3.555230140686035,6.283867835998535,-5.700203895568848,-0.5355905294418335
7,-143.70179748535156,66.96207427978516,-3.236982822418213,45.02684783935547,-17.023080825805664,20.119163513183597,-25.3476505279541,8.105162620544434,-3.454836368560791,-11.9357271194458,-1.5769178867340088,-2.983376264572144,-13.4256010055542,-2.7406370639801025,-2.488234758377075,-9.844191551208496,-9.965519905090332,-2.763531446456909,-4.6709747314453125,1.8281373977661133,-5.396581172943115,-1.449130654335022,3.3226523399353027,-3.6261816024780273,-4.114916801452637,-0.0209451131522655,-6.313226222991943,3.4683096408843994,-3.201311588287353,2.972947597503662,-2.525855302810669,2.10596227645874,-2.673746347427368,-2.360741376876831,0.3099848628044128,3.800032615661621,-3.596156597137451,7.418351173400879,-5.145595073699951,-0.0592386536300182
7,-125.58636474609376,40.31410217285156,1.3213748931884766,44.73259735107422,-19.9633903503418,22.044523239135746,-25.815717697143555,7.37879467010498,-0.1614738702774047,-16.889238357543945,-1.4373245239257812,-0.7028834819793701,-13.949873924255373,-1.7123119831085205,-0.8708357810974121,-9.726404190063477,-9.463961601257324,-1.1007802486419678,-4.715701580047607,3.2671053409576416,-5.483144760131836,-1.06037437915802,3.8073456287384033,-2.340893030166626,-3.075221538543701,1.4835984706878662,-5.250943183898926,4.1574015617370605,-2.5216996669769287,3.295027256011963,-2.801633358001709,3.2346832752227783,-1.3846368789672852,-2.2471141815185547,0.8867979645729065,2.722527503967285,-3.386404514312744,7.054829120635986,-5.026116847991943,0.2000916600227356
7,-104.32781219482422,32.92500305175781,2.9439897537231445,43.894622802734375,-19.567651748657227,24.002540588378903,-27.670204162597656,6.924378395080566,-4.119618892669678,-18.08581924438477,-2.6564748287200928,-2.737743377685547,-11.36166000366211,-2.064873695373535,0.2714918851852417,-9.909549713134766,-8.372117042541504,-0.3753383457660675,-6.3695831298828125,3.604274272918701,-5.411944389343262,-0.2188121378421783,4.695755481719971,-1.8113527297973635,-1.7372980117797852,2.2486772537231445,-4.994866371154785,4.683995723724365,-2.933382749557495,3.676565170288086,-3.363851308822632,3.3764867782592773,-1.7222999334335327,-3.7369751930236816,-0.073665864765644,1.553479552268982,-3.588538408279419,5.331305027008057,-5.775497913360596,-0.2198075950145721
7,-98.28724670410156,35.54060745239258,8.008328437805176,39.10538482666016,-22.357994079589844,24.20608901977539,-27.671539306640625,7.865478515625,-7.165159225463867,-17.097393035888672,-1.952170968055725,-5.575722217559815,-9.16208839416504,-3.288332223892212,-0.1772134751081466,-9.595040321350098,-8.90815258026123,-1.3215208053588867,-5.7706475257873535,2.649369239807129,-4.49709415435791,-0.9102022647857666,4.541536331176758,-1.901872396469116,-0.7436221837997437,2.084336519241333,-4.30000638961792,4.94581413269043,-2.160152673721313,3.350471019744873,-3.3629813194274902,2.4433586597442627,-2.2909536361694336,-4.443406105041504,-0.3043012320995331,1.3767527341842651,-3.7187461853027344,4.8204121589660645,-5.465348243713379,0.0382371135056018
5,-312.52508544921875,103.49041748046876,-18.979469299316406,-10.288395881652832,-4.092783451080322,15.21135425567627,4.942555904388428,13.41691780090332,5.924017429351807,1.1452070474624634,-2.287796974182129,0.6314998269081116,2.9304139614105225,3.973349094390869,1.4996020793914795,4.22492265701294,7.289224147796631,1.2626744508743286,2.698086261749268,5.053957462310791,2.445183515548706,-1.5072801113128662,-1.856908679008484,3.873029947280884,3.407998561859131,2.4078330993652344,1.2190040349960327,1.6294245719909668,0.700771152973175,0.5440812110900879,-3.2184345722198486,-0.7059497237205505,-1.556760549545288,1.9861351251602173,2.722374439239502,1.1269769668579102,0.7940629720687866,-0.3391542732715606,0.503874659538269,3.036087274551392
9,-111.55066680908205,82.00381469726562,6.388158798217773,14.503804206848145,-16.44224739074707,1.1889640092849731,-29.434734344482425,2.0401108264923096,-14.083871841430664,1.4501525163650513,-13.962282180786133,-1.41735577583313,-10.303831100463867,4.673065185546875,-18.027761459350582,1.884381651878357,-16.864118576049805,3.369575262069702,-11.309959411621094,-2.514115810394287,-5.5445661544799805,-3.7594964504241934,-4.110974788665772,-6.986832141876221,-1.6755952835083008,-5.277289867401123,-6.654570579528809,-5.9353508949279785,-5.961653709411621,-2.366983652114868,-4.630966663360596,-3.674055337905884,-3.1598196029663086,-3.894357681274414,-4.073224067687988,0.3143424689769745,-5.373645782470703,1.316937804222107,-2.115394353866577,-0.751854419708252
9,-85.69081115722656,80.17662048339844,4.615297317504883,20.49142074584961,-16.723705291748047,2.873334646224976,-28.893449783325195,4.866604804992676,-13.826009750366213,-1.993515133857727,-15.727392196655272,-3.337909698486328,-9.58331298828125,6.942148685455322,-16.299129486083984,-0.7814748287200928,-15.577315330505373,-0.1049537882208824,-12.065590858459473,-1.7832980155944824,-7.200076580047607,-5.088730812072754,-5.484428405761719,-7.548291683197021,-3.8049957752227774,-4.49502420425415,-8.244182586669922,-4.8970465660095215,-8.668598175048828,-1.2358428239822388,-5.9709343910217285,-1.7043033838272097,-3.5551538467407227,-3.72480058670044,-5.083073139190674,-1.2298890352249146,-4.153172016143799,1.7507489919662476,-2.848405599594116,-0.3646099865436554
9,-91.02711486816406,78.76362609863281,3.195506811141968,21.600584030151367,-18.49227523803711,1.5252995491027832,-30.258575439453125,4.767642498016357,-12.590862274169922,-1.9456658363342283,-15.5418062210083,-2.1988887786865234,-9.62168788909912,4.729236602783203,-16.514232635498047,-0.454543262720108,-14.627517700195312,0.4616459310054779,-12.001696586608888,-2.024577379226685,-6.935657501220703,-3.268921136856079,-4.530223369598389,-6.365550518035889,-3.4551522731781006,-3.502128839492798,-7.396712779998779,-5.449155807495117,-8.126569747924805,-1.4051119089126587,-6.00503396987915,-2.278120279312134,-3.478682041168213,-4.162007808685303,-3.5852527618408203,-0.2727948129177093,-4.260935306549072,1.6343052387237549,-2.815380573272705,-0.6107858419418335
9,-76.34202575683594,88.34769439697266,9.134774208068848,12.771302223205566,-24.755319595336918,-3.9503307342529297,-28.49682235717773,3.963989496231079,-14.01955509185791,0.5037968754768372,-15.3289213180542,-2.582122564315796,-10.830184936523438,1.4240561723709106,-17.176136016845703,-1.028523564338684,-16.35812759399414,2.9877824783325195,-12.76931381225586,-1.7696346044540403,-5.126340866088867,-4.091931819915772,-4.536300182342529,-5.319101810455322,-3.712212562561035,-5.387154579162598,-7.39699649810791,-5.940780162811279,-9.591053009033203,-1.9035887718200684,-5.004807472229004,-5.3369903564453125,-4.7061944007873535,-2.142883777618408,-4.399918079376221,0.0676301047205925,-5.19998025894165,-1.0563933849334717,-3.9746828079223633,-0.4746209383010864
9,-89.28739166259766,83.17393493652344,5.009738922119141,19.76393318176269,-17.905040740966797,2.468672037124634,-30.121856689453125,2.1661267280578613,-15.757259368896484,-0.3187727630138397,-15.550415992736816,-4.381570816040039,-11.09072208404541,3.1723625659942627,-17.21600341796875,0.4348742663860321,-14.41983127593994,0.8285750150680542,-11.357571601867676,-2.7635161876678467,-7.723220825195312,-3.907212495803833,-4.179260730743408,-8.001565933227539,-4.008316993713379,-5.558823585510254,-9.068528175354004,-6.530641078948975,-6.883019924163818,-0.3925489783287048,-5.08217716217041,-2.37078070640564,-2.6358039379119877,-5.117496490478516,-6.859479427337647,-2.2279274463653564,-4.9173688888549805,2.7797210216522217,-1.2464604377746582,2.3244872093200684
9,-94.28240966796876,83.46930694580078,1.2043873071670532,16.372739791870117,-17.44734001159668,3.1814584732055664,-28.51649475097656,5.478743553161621,-14.262319564819336,-1.7589167356491089,-16.64484977722168,-5.557629108428955,-10.605019569396973,6.741449356079102,-14.075446128845217,2.375274419784546,-14.543333053588867,0.6893635392189026,-15.168375015258787,-0.7243300676345825,-6.693973064422607,-5.887019634246826,-4.161935806274414,-5.836645126342773,-2.456183433532715,-8.356091499328613,-6.129177093505859,-5.628395080566406,-6.30294132232666,-1.3339977264404297,-3.836781024932861,-4.510396957397461,-4.130308151245117,-3.299572229385376,-6.152013301849365,-1.2334755659103394,-5.073552131652832,0.4412000775337219,-3.8172879219055176,1.480799674987793
9,-156.5052032470703,96.86534881591795,8.943483352661133,16.28923797607422,-16.872129440307617,0.0447871908545494,-24.247697830200195,5.086974143981934,-10.861143112182615,0.5606492757797241,-11.242042541503906,-1.0529546737670898,-9.272194862365724,3.488899707794189,-16.322175979614258,1.42613422870636,-15.52037239074707,1.9895744323730469,-10.798246383666992,-4.588054180145264,-6.382808208465576,-4.346405029296875,-4.639753341674805,-6.472393989562988,-2.840613603591919,-4.417294979095459,-6.481088161468506,-5.155585289001465,-6.340871334075928,-3.9287962913513184,-5.871645450592041,-3.871373176574707,-2.713461875915528,-2.0252301692962646,-3.04182767868042,-1.3003621101379397,-5.437834739685059,0.7584320902824402,-3.797898769378662,-0.3334051668643951
9,-155.50367736816406,82.07917022705078,3.3863518238067627,19.761125564575195,-15.793292999267578,0.570928692817688,-24.28003692626953,5.708438873291016,-11.378451347351074,1.3541464805603027,-11.38326930999756,1.7273144721984863,-8.775029182434082,2.8557980060577397,-16.669370651245117,1.4249202013015747,-12.99245548248291,2.017176389694214,-10.53532886505127,-3.169921875,-6.670401573181152,-5.563311576843262,-5.1514410972595215,-6.452759265899658,-3.4230425357818604,-4.64293384552002,-5.883347511291504,-4.547023296356201,-6.787500858306885,-3.462937116622925,-4.978535175323486,-4.070138931274414,-2.292907953262329,-1.879482746124268,-4.568685531616211,-1.4916131496429443,-6.317284107208252,0.6454821825027466,-4.501602649688721,0.3278589844703674
9,-114.93213653564452,87.30445861816406,5.667159080505371,26.56723403930664,-18.106311798095703,3.695171356201172,-22.377347946166992,8.242745399475098,-6.584670066833496,0.5879655480384827,-14.518669128417969,-1.2047983407974243,-11.129921913146973,5.586883544921875,-13.99959659576416,-1.9434683322906492,-12.37229347229004,0.2834778130054474,-10.94563102722168,-4.265347480773926,-7.287981033325195,-4.934722900390625,-3.352725982666016,-2.864593029022217,-2.0801687240600586,-1.865436315536499,-4.35590124130249,-5.300168991088867,-5.343289375305176,-1.8790868520736692,-3.458099842071533,-1.3719134330749512,-3.1669921875,0.590214729309082,-4.151144981384277,0.3109219372272491,-6.182363986968994,-0.2595506906509399,-5.356133937835693,-0.9945744276046752
9,-90.68515014648438,74.7492904663086,-13.58932876586914,20.08001518249512,-13.56041431427002,7.459486961364746,-24.12348937988281,4.506671905517578,-11.658245086669922,1.0503028631210327,-13.899234771728516,1.7431442737579346,-11.138208389282228,9.461379051208496,-9.916783332824709,-5.371752262115479,-7.109267711639404,-1.475266933441162,-8.773114204406738,-4.939111709594727,-7.562514781951904,-1.5806174278259275,-4.05045747756958,-4.026198387145996,-4.000603199005127,-1.5670859813690186,-2.9644486904144287,-6.553438663482666,-5.334071636199951,-1.0785553455352783,-7.116878509521484,-3.476480007171631,-4.17720890045166,-1.5358020067214966,-7.255162239074707,1.89721155166626,-4.077303886413574,0.3770833611488342,-3.886457681655884,-0.938717782497406
9,-116.1640853881836,79.71327209472656,3.028332233428955,25.970821380615234,-21.06700134277344,2.2776498794555664,-20.22819709777832,7.309048175811768,-3.1318109035491943,0.6105613112449646,-17.33833122253418,-4.178680419921875,-12.84880542755127,1.95838725566864,-15.598265647888184,2.8863003253936768,-8.89946460723877,1.048003315925598,-10.128632545471191,-3.855578184127808,-8.13731861114502,-2.9279990196228027,-4.136415958404541,-1.069378137588501,-3.087294340133667,-1.7525289058685305,-6.275254249572754,-4.963157176971436,-5.69933557510376,-0.7327642440795898,-3.324465036392212,-0.164514273405075,-3.551931858062744,-0.2289284020662307,-2.667541265487671,-0.336141437292099,-6.612306118011475,0.0598750598728656,-2.970261812210083,-0.4522499144077301
9,-108.51779174804688,74.28572082519531,1.458642840385437,25.478137969970703,-24.37229347229004,-0.6247285008430481,-27.631011962890625,-0.6815581321716309,-11.910305976867676,-5.428940296173096,-17.86782455444336,-5.703704833984375,-12.011027336120604,7.101017951965332,-14.302669525146484,-1.8711313009262085,-9.0785551071167,-2.3911163806915283,-10.379321098327637,0.7106267809867859,-11.766056060791016,-4.375348567962647,-5.5401930809021,-3.1742897033691406,-4.795374393463135,-1.4926148653030396,-2.4638357162475586,-4.582889080047607,-7.039962768554688,-3.1265783309936523,-5.352310180664063,-3.172185182571411,-2.8809025287628174,-1.3998689651489258,-1.800243616104126,1.9581630229949951,-4.780367851257324,1.3870220184326172,-1.592702031135559,0.0474626123905181
9,-89.529296875,66.11042022705078,-5.896293640136719,14.44053554534912,-24.559953689575195,-0.5479685664176941,-28.255661010742188,-0.2774707674980163,-14.610469818115234,-3.798852443695069,-13.850382804870604,-4.643900394439697,-9.885640144348145,9.068989753723145,-14.405296325683594,1.3452543020248413,-9.046486854553224,0.0322954356670379,-7.695387363433838,-4.004173755645752,-8.209431648254395,-2.546893358230591,-4.091994285583496,-5.365299224853516,-4.493680477142334,-3.6277015209198,-4.159423351287842,-3.7933335304260254,-3.990158796310425,-0.1416341066360473,-3.1453194618225098,-1.1210627555847168,-3.443772077560425,-0.1544790714979171,-1.981034278869629,1.7211918830871582,-4.98258113861084,1.225410223007202,-3.92259693145752,-0.829923689365387
9,-221.32229614257807,82.6561508178711,3.390326976776123,35.99858856201172,-11.522455215454102,10.35682773590088,-15.966111183166504,8.84244441986084,-4.481770038604736,2.252251148223877,-12.816112518310549,1.8982901573181152,-8.579499244689941,7.676993370056152,-13.109352111816406,1.5530340671539309,-13.059102058410645,1.8638302087783811,-7.708187103271484,-3.1114721298217773,-2.830344915390014,-3.748964786529541,-2.411019802093506,-5.489386081695557,-2.0799429416656494,-2.370591402053833,-1.975592851638794,-3.744718551635742,-3.726947069168091,-3.249276161193848,-3.9543397426605225,-4.128832340240479,-3.2154650688171387,-1.8979573249816892,-4.733893871307373,-2.040501117706299,-6.974771499633789,-1.4841252565383911,-6.178682804107666,-0.8771498203277588
9,-195.13412475585935,69.90342712402344,-7.637570381164551,30.880525588989254,-15.589293479919434,7.085183143615723,-21.38637924194336,5.0342278480529785,-5.25094747543335,0.6962623596191406,-12.552082061767578,-2.120509147644043,-7.322730541229248,8.951560974121094,-11.70256519317627,1.5117697715759275,-11.831966400146484,-0.932472825050354,-10.126429557800291,-1.04243004322052,-3.2997546195983887,-2.158258438110352,-2.37681245803833,-2.9944658279418945,-2.439813137054444,-0.4072189033031463,-1.4895509481430054,-2.140822172164917,-5.165915966033936,-1.842442512512207,-4.722414970397949,-3.1110951900482178,-3.9820785522460938,-0.959014892578125,-3.7160894870758057,-0.018696691840887,-7.57852840423584,-1.676916003227234,-5.340353012084961,-1.6747242212295532
9,-129.6571044921875,80.8520278930664,3.163696527481079,21.023237228393555,-17.108455657958984,7.402508735656738,-21.126277923583984,3.7225048542022714,-13.444923400878906,-5.578052520751953,-16.25379753112793,-6.713069915771484,-12.067771911621094,5.322404861450195,-12.71652603149414,2.428244113922119,-11.85403537750244,0.1122934892773628,-7.372057437896728,-1.931636095046997,-5.930593013763428,-3.4615867137908936,-4.140652656555176,-4.728190898895264,-2.825906991958618,-2.236088514328003,-0.8734765648841858,-3.1402390003204346,-5.226138591766357,-1.2300351858139038,-4.331507205963135,-3.00736665725708,-4.510415554046631,0.0060174311511218,-3.342965602874756,1.010849952697754,-7.0706892013549805,-1.669703722000122,-5.308658599853516,-0.0815212503075599
9,-378.8023071289063,137.41844177246094,-21.52458000183105,12.07272243499756,-3.720048427581787,11.331172943115234,6.7540693283081055,9.49776840209961,-0.3177124559879303,9.602351188659668,-3.807431697845459,4.318018913269043,2.056795358657837,5.3781609535217285,0.0081964395940303,4.293848037719727,-0.8045878410339355,5.20550012588501,2.01539945602417,5.397217273712158,-2.2060434818267822,2.173044919967652,-1.1001734733581543,2.2966115474700928,-3.541813373565674,5.116657733917236,-0.1122181192040443,1.1752727031707764,-3.3664331436157227,0.2815582752227783,-2.9803361892700195,1.905603289604187,-5.028741359710693,0.5391589999198914,-2.0521769523620605,1.6100404262542725,-2.1487951278686523,1.0271499156951904,-1.4408307075500488,2.1107006072998047
9,-441.4729919433594,151.6201629638672,14.171277046203612,19.513465881347656,13.119072914123535,15.753579139709473,9.442445755004885,10.034055709838867,3.0660343170166016,8.854094505310059,1.2997348308563232,3.604300975799561,2.5037546157836914,3.2215993404388428,-0.0400447510182857,3.4438631534576416,-0.2811464369297027,1.311675190925598,-2.959411859512329,1.4514539241790771,-2.614617347717285,0.9356433749198914,-2.3849527835845947,0.8949803709983826,-1.5685778856277466,1.917330384254456,-1.7547162771224976,0.0498168095946311,-2.509244918823242,0.1391727179288864,-2.5214669704437256,-0.205158919095993,-2.7887654304504395,-0.6288808584213257,-2.163761615753174,-0.6536945700645447,-2.047619342803955,1.3638057708740234,-1.2283564805984497,1.182600021362305
9,-449.6885070800781,151.13296508789062,18.756511688232425,18.559646606445312,13.808695793151855,17.93360137939453,9.66287899017334,11.175875663757324,3.300584316253662,9.5398530960083,1.6986424922943115,2.6139345169067383,2.340195894241333,3.5966274738311768,-0.6771149635314941,2.018317937850952,-0.6138832569122314,0.8208705186843872,-3.8764662742614746,1.501246452331543,-1.6092846393585205,1.3590397834777832,-1.4178743362426758,1.173341989517212,-2.567371368408203,0.9921029210090636,-1.376888632774353,0.5682302117347717,-1.6706382036209106,1.1510450839996338,-2.044246196746826,0.3139144778251648,-1.8786171674728396,0.0684345662593841,-1.6185897588729858,-0.220349833369255,-1.9786888360977173,1.389562964439392,-0.7444197535514832,2.258529663085937
9,-423.8185119628906,141.2503662109375,-2.611545324325561,13.044991493225098,17.80897331237793,24.290151596069336,8.003478050231934,8.505758285522461,3.309351682662964,9.18035125732422,1.8310950994491575,0.3447628915309906,2.913637399673462,0.6831585764884949,-2.8122830390930176,-0.4313985705375671,-0.0521294176578521,0.9779811501502992,-2.704030990600586,1.7367092370986938,-3.0011801719665527,-1.053694248199463,0.0328988544642925,-2.778152704238892,-3.6909470558166495,3.314594268798828,-2.787290096282959,-0.755099892616272,0.6249051094055176,-1.0189977884292605,-3.2822108268737797,1.3118619918823242,-0.5079099535942078,-1.921716809272766,-1.1566340923309326,0.828081488609314,-1.7812201976776123,0.3837471306324005,-0.4581415057182312,-0.3313808739185333
9,-456.9035949707031,144.66171264648438,2.881072521209717,4.916164875030518,4.999921798706055,17.060392379760742,13.497939109802246,14.40018081665039,2.5317633152008057,7.625695705413818,0.9687756299972534,3.679291486740112,-0.5926699638366699,3.331350564956665,-2.6974596977233887,5.046481609344482,0.0265626423060894,2.3937883377075195,-4.651777744293213,2.464662790298462,-1.934780955314636,2.7687385082244877,-1.437889575958252,1.659829020500183,-3.757741451263428,3.9431331157684326,-2.3376946449279785,1.1649106740951538,-1.5734024047851562,0.5947230458259583,-4.069211959838867,2.568208932876587,-2.8654847145080566,-0.7696547508239746,-2.5414693355560303,0.5933770537376404,-4.971073627471924,1.640118956565857,-2.357879161834717,-0.1855433583259582
9,-413.8493041992188,139.21029663085938,2.064640998840332,15.439865112304688,7.072588920593262,12.9010648727417,4.771246433258057,13.090032577514648,5.5592474937438965,10.642675399780272,2.73734712600708,4.82572603225708,0.189344048500061,4.585509300231934,-2.561635971069336,2.1306586265563965,-1.4322367906570437,3.289353132247925,-2.835503101348877,3.635719537734986,-2.07816743850708,3.0218043327331543,-1.5281373262405396,3.4505703449249268,-1.5534367561340332,3.705214262008667,-1.998629331588745,0.5691779851913452,-2.7569196224212646,1.1621975898742676,-3.1115379333496094,1.901212811470032,-2.867141962051392,0.94081848859787,-2.703251361846924,1.6374893188476562,-2.8930060863494877,3.3900887966156006,-2.546865463256836,1.5896543264389038
9,-424.4295654296875,130.08712768554688,-14.768868446350098,15.694082260131836,15.95218276977539,25.240827560424805,8.51016616821289,8.311278343200684,5.4221930503845215,13.972408294677734,-0.6803843975067139,3.918276309967041,4.298849582672119,3.447377443313598,-3.193972587585449,2.9821665287017822,-2.2211196422576904,4.905303955078125,-4.589874267578125,2.501823902130127,2.429304599761963,2.895705223083496,-0.1781773269176483,2.5193350315093994,-2.2119202613830566,3.0419914722442627,-4.645216941833496,0.8755664229393005,-2.342660903930664,1.5179616212844849,-2.808262825012207,1.4813807010650637,-5.2676191329956055,-2.0069515705108643,-2.450812339782715,-0.0730595216155052,-4.710566520690918,0.7194953560829163,-2.3026089668273926,1.6347393989562988
9,-468.671875,128.9442138671875,3.37308120727539,14.984620094299316,16.16758155822754,15.987265586853027,9.877302169799805,12.598873138427734,3.3348917961120605,6.547841548919678,0.0574972219765186,6.436141014099121,1.602183222770691,4.5277934074401855,-0.9372875094413756,5.333981037139893,-0.160424917936325,4.882227420806885,-0.2532875537872314,5.82673978805542,0.1791746616363525,5.332360744476318,0.3907053470611572,3.2872889041900635,-1.832164406776428,3.835023641586304,-1.4762662649154663,2.8831403255462646,-0.8955593109130859,0.2643276751041412,-3.916628837585449,2.631269216537476,-2.508608818054199,0.0719408690929412,-3.0859994888305664,0.4813384711742401,-3.833606481552124,0.8927180767059326,-3.115762233734131,-0.1838482916355133
10,-414.6420593261719,161.24839782714844,21.86476707458496,-2.7544517517089844,-8.510700225830078,-13.02206039428711,-7.023953914642334,-7.5359206199646,-11.881361961364746,-13.19976806640625,-4.036214351654053,1.6155208349227903,-4.743929862976074,-1.4500479698181152,-2.391540050506592,-4.251687526702881,1.2839512825012207,2.857056140899658,1.9727121591567995,-4.325521469116211,-4.727335453033447,-2.695410966873169,-8.055412292480469,-7.282959461212158,-2.5091209411621094,-5.80471134185791,-1.5156081914901731,-0.0396594889461994,-3.356977701187134,1.704125165939331,0.856934130191803,1.3859726190567017,1.3954615592956543,1.4400030374526978,2.9321887493133545,-0.8627332448959351,-1.7931995391845703,0.6126241683959961,-1.6211477518081665,-2.1589300632476807
10,-409.24359130859375,156.2627410888672,10.93358039855957,-8.181447982788086,-9.265872955322266,-11.703780174255373,-5.303959369659424,-4.308627128601074,-9.124744415283203,-11.292112350463867,-1.8430588245391848,1.4954873323440552,-5.910295009613037,-1.7797815799713137,-1.1747493743896484,-2.014907121658325,4.828886985778809,4.493040084838867,-0.4479066729545593,-7.376846790313721,-7.7953410148620605,-3.3186161518096924,-6.39828634262085,-5.6106276512146,-0.9051253199577332,-3.9534623622894287,0.2737791836261749,0.5590156316757202,-3.7083451747894287,0.6927868127822876,0.8847450017929077,1.572608232498169,0.045955404639244,0.5253162980079651,2.420531272888184,-2.553424835205078,-2.726379156112671,0.4549549520015716,-2.1590416431427,-2.4173614978790283
10,-429.9964294433594,145.8347930908203,5.6754961013793945,6.842710018157959,6.863966941833496,-3.039017677307129,-2.3759212493896484,-3.376819133758545,-5.91396951675415,-9.783591270446776,-7.724537372589111,-1.7567976713180542,-6.857555389404297,-0.7063884139060974,-0.3139406740665436,-3.934515237808228,-0.8413435220718384,-5.5177435874938965,-5.997430801391602,-6.123373031616211,-5.2973246574401855,-1.866299510002136,-3.4392683506011963,-5.7226080894470215,-2.2044267654418945,-5.301010608673096,-0.4750884473323822,0.3854964673519134,-6.412741661071777,-0.8481535315513611,0.1628459393978119,0.2936741709709167,-3.037081241607666,-3.3246469497680664,-0.9101092219352722,-3.0540919303894043,-2.894927501678467,1.3088887929916382,-0.042269580066204,-2.4334938526153564
10,-428.8244323730469,145.62213134765625,6.936539173126221,2.112708330154419,3.6771066188812256,-1.908838152885437,-1.2826765775680542,-2.7771711349487305,-5.724216938018799,-8.846894264221191,-6.365546226501465,-2.327610969543457,-6.21698808670044,-0.8255012035369873,1.3941224813461304,-1.1457946300506592,-1.2289940118789673,-7.348244667053223,-7.413647651672363,-6.064576625823975,-4.781994819641113,-1.8672789335250852,-4.216451168060303,-5.1850361824035645,-0.6142448782920837,-3.230923891067505,-0.7372850179672241,-1.5040960311889648,-4.935187339782715,0.5320262312889099,-0.6099078059196472,-0.3310288488864898,-1.4145900011062622,-2.4266200065612797,-0.9193676114082336,-2.034205198287964,-2.018860101699829,-0.1090530902147293,-1.5195707082748413,-1.3150843381881714
8,-117.2115478515625,41.96956634521485,14.269171714782717,24.385087966918945,8.048280715942383,21.405200958251957,1.4000788927078247,-0.0650358721613884,-6.376412391662598,7.4615068435668945,-1.49937641620636,7.767757892608643,-4.765886306762695,1.0891293287277222,-7.566775798797607,5.19808292388916,-0.8551604747772217,0.7690578699111938,-4.411637306213379,5.477351665496826,-1.623603582382202,-0.8777008056640625,-4.550271987915039,1.436126470565796,-4.120462417602539,3.256192684173584,-3.387616872787476,1.1126539707183838,-4.047007083892822,3.165175199508667,-1.7737815380096436,-0.7960373759269714,-4.337328433990479,1.039452314376831,-2.9761736392974854,0.5036373734474182,-3.0458967685699463,4.190570831298828,-3.4020230770111084,1.719308614730835
8,-107.36641693115234,41.74810791015625,11.269143104553224,23.09579086303711,6.070206642150879,20.62601661682129,-0.7590508460998535,1.8933697938919067,-4.255960464477539,9.640188217163086,-2.770588159561157,7.15767240524292,-4.6620707511901855,2.3596529960632324,-7.549221992492676,6.099887371063232,-0.2426188886165619,0.8844998478889465,-5.019158840179443,7.34730339050293,-1.5825495719909668,-1.2871623039245603,-3.2437427043914795,3.2622811794281006,-2.8196420669555664,3.5732147693634038,-4.2295355796813965,0.8435938954353333,-3.109224796295166,3.899744272232056,-1.5274181365966797,-0.9119259119033812,-4.25970458984375,0.9140271544456482,-2.3756303787231445,0.6312395334243774,-3.697508335113525,2.9538137912750244,-4.035325527191162,0.7871419191360474
9,-411.4900207519531,124.35565185546876,27.737388610839844,-5.330557346343994,-12.125019073486328,5.983461380004883,-11.661434173583984,-5.945494174957275,-15.251297950744627,-8.707402229309082,-8.012290954589844,1.3562780618667605,-2.2484519481658936,-0.4149077534675598,-3.427891731262207,-3.973698616027832,-2.1038742065429688,-1.203499674797058,0.998549222946167,2.950261354446411,-1.026796817779541,-1.1749587059020996,3.60116982460022,0.2172789275646209,0.2052129954099655,-3.508427381515503,-3.315746068954468,-2.987619161605835,-4.856303691864014,-1.8226181268692017,-2.5351269245147705,-1.501459002494812,-1.407540798187256,-0.6550359129905701,-1.6105917692184448,-0.610143780708313,-2.2789196968078613,-1.120356202125549,-1.1667031049728394,-1.585968255996704
9,-375.0721130371094,138.46885681152344,4.177332878112793,-17.1095027923584,-3.808868646621704,14.182693481445312,-9.60171604156494,-0.3565662503242492,-6.580636978149414,-2.6772263050079346,-7.522899627685547,-0.9367300271987916,-4.040731906890869,-0.3698530793190002,-2.554914951324463,-3.294058322906494,-0.397336483001709,-1.460475206375122,0.2393138259649276,1.1271858215332031,-2.344565153121948,-1.1984272003173828,1.6094824075698853,-0.1517736166715622,-0.0026665837503969,-3.8988986015319824,-3.5459096431732178,-1.922709345817566,-5.703831195831299,-2.881175756454468,-3.067543029785156,-2.5038647651672363,-2.900753736495972,-2.955171585083008,-2.9300031661987305,-1.4028011560440063,-2.6824841499328613,-1.436115264892578,-2.6588151454925537,-1.2499570846557615
9,-450.21136474609375,111.1922836303711,16.094219207763672,-6.919200897216797,-2.3698573112487797,10.448209762573242,-5.359014511108398,2.8045525550842285,-0.5749603509902954,5.193789482116699,-3.8030812740325928,3.7349483966827393,-4.24633264541626,1.2871073484420776,0.5000279545783997,4.9257354736328125,2.749854803085327,3.4572901725769043,-3.360694408416748,-2.634727478027344,-6.527896881103516,-1.7992116212844849,-2.865993022918701,-4.178897380828857,-3.528873443603516,-4.042843341827393,-1.03666353225708,0.1709584146738052,-3.2467703819274902,-1.442989468574524,-2.243448257446289,-0.3296765685081482,-2.348722219467163,-0.3335766792297363,-3.2661595344543457,-1.4333287477493286,-2.850121259689331,-0.968472421169281,-2.486732244491577,-1.53648042678833
9,-444.07427978515625,102.60393524169922,15.947227478027344,-4.846179485321045,-7.139521598815918,8.162837982177734,-7.292104244232178,-0.311665266752243,-2.676599502563477,4.80623722076416,0.2979475557804107,6.61098575592041,-6.161923885345459,-0.2655575275421142,-0.5704139471054077,5.252975463867188,3.4800820350646973,4.90178918838501,0.630225419998169,2.6983842849731445,-2.306002378463745,-0.9582170844078064,-1.472832441329956,-4.389334678649902,-2.8700368404388428,-1.0018353462219238,-1.6135530471801758,0.3733480870723724,-2.411818027496338,-0.0610119365155696,-1.1001107692718506,0.9435015320777892,-1.829081416130066,-0.3998064696788788,-2.137998342514038,-1.493851900100708,-2.1957969665527344,-1.8783636093139648,-3.111061811447144,-1.87385368347168
5,-283.3604736328125,132.55177307128906,19.599702835083008,31.04442596435547,2.432326555252075,38.388301849365234,0.8248818516731262,15.991254806518556,13.455399513244627,0.8575019836425781,11.262568473815918,6.27232837677002,6.150128364562988,19.574052810668945,2.8302717208862305,10.713489532470703,8.284330368041992,-2.2890141010284424,6.872242450714111,4.04458475112915,1.5390501022338867,6.007443428039551,-6.843161582946777,7.040059566497803,-4.195939064025879,0.4819537401199341,-3.013659238815308,-1.2894059419631958,-1.3934156894683838,-1.069309949874878,-1.8251882791519165,2.546739101409912,-3.476625680923462,-1.1095268726348877,-2.5420937538146973,0.9014979004859924,-0.1863581091165542,1.294211745262146,-3.1560778617858887,0.0341327302157878
5,-283.9998779296875,133.15550231933594,20.441972732543945,31.3955135345459,2.938392400741577,38.08745193481445,0.581331729888916,15.347684860229492,13.02523708343506,0.3709560632705688,11.43351936340332,6.256285667419434,5.517195701599121,19.69407081604004,3.111959218978882,10.553424835205078,8.347909927368164,-2.1427559852600098,6.7504658699035645,4.245471000671387,1.5018585920333862,5.605743885040283,-7.027891159057617,6.602062225341797,-4.914271354675293,0.0335226766765117,-2.770996332168579,-1.092969536781311,-1.6475255489349363,-1.5012725591659546,-2.6564884185791016,2.096160888671875,-3.580871343612671,-0.7975666522979736,-2.5548501014709477,0.8426392078399658,-0.5207523107528687,0.8126406073570251,-3.0130960941314697,0.5695769190788269
5,-283.56317138671875,133.57363891601562,21.020490646362305,32.066261291503906,2.83064341545105,38.68285369873047,0.077712669968605,15.632339477539062,13.710107803344728,1.5397261381149292,11.785274505615234,5.991964340209961,5.44951868057251,19.730937957763672,2.941415309906006,10.62713623046875,8.018104553222656,-1.90772008895874,6.533184051513672,4.081782817840576,1.4998421669006348,5.706592082977295,-7.163495063781738,6.524242401123047,-5.335656642913818,-0.3317644596099853,-2.873455762863159,-1.80260169506073,-1.730906367301941,-1.2570329904556274,-2.872690200805664,2.2472074031829834,-3.681633949279785,-0.763974666595459,-2.1480369567871094,0.547160267829895,-0.7999355792999268,0.8479017019271851,-2.6617960929870605,0.6917234063148499
5,-283.5785827636719,132.78878784179688,19.896154403686523,31.879613876342773,1.9445797204971316,38.81333160400391,-0.5588045120239258,15.78703784942627,13.567103385925291,1.383950114250183,10.761239051818848,5.070493221282959,4.82719087600708,19.57654571533203,2.149796962738037,10.538803100585938,7.193034648895264,-2.642357110977173,6.110684394836426,3.938483715057373,0.3368626832962036,5.4853057861328125,-7.335086345672607,6.332016944885254,-5.551616668701172,-0.4393848180770874,-2.9698634147644043,-1.6406683921813965,-1.533882975578308,-0.7085109949111938,-2.957254409790039,2.0451467037200928,-3.966344594955444,-0.9132752418518066,-2.357499599456787,0.4017614126205444,-0.6593359112739563,1.7455726861953735,-2.666048765182495,0.2663059830665588
9,-474.6504821777344,72.50993347167969,-3.9899885654449454,42.69470977783203,8.713895797729492,14.14714241027832,-2.6481950283050537,13.541074752807615,20.869009017944336,-24.80121612548828,12.749444007873535,18.87809944152832,-11.894545555114746,19.76828384399414,-5.029697418212891,5.542561054229736,-1.9232169389724727,-9.266815185546877,4.680471897125244,1.7878230810165403,1.698089599609375,0.7582961916923523,-14.85853099822998,4.311688423156738,-7.452619075775146,-0.8506187200546265,-6.8743085861206055,-0.2891157567501068,2.145390272140503,1.31166672706604,-6.441234111785889,-4.336961269378662,-1.5022207498550415,1.655380129814148,-3.55293083190918,5.186532974243164,-3.8232245445251465,0.7347171306610107,0.2714270353317261,-1.0636882781982422
9,-466.1961669921875,88.7286605834961,24.24751281738281,55.00883483886719,16.465755462646484,13.584769248962402,-10.45028591156006,13.464516639709473,14.165205955505373,-26.661455154418945,8.143946647644043,16.70548439025879,-18.54212188720703,10.416078567504885,-4.316418647766113,5.621525287628174,-0.1227503418922424,-5.936842441558838,2.1722412109375,-2.588454008102417,-0.8238130211830139,4.009251117706299,-9.620932579040527,3.740654945373535,-7.069790363311768,-0.7680857181549072,-0.9924002289772034,-1.808069109916687,-0.5646989345550537,-1.7436611652374268,-0.6985628008842468,2.662858486175537,-3.723846673965454,0.9388678073883056,-3.92647385597229,3.43337082862854,-4.131555557250977,-1.0385364294052124,-0.281013548374176,-0.048678670078516
9,-501.5941162109375,75.64634704589844,27.451372146606445,62.36566162109375,14.473567962646484,6.09869909286499,-14.404728889465332,16.488182067871094,17.724029541015625,-29.307830810546875,9.928146362304688,21.92397117614746,-16.21916389465332,12.537983894348145,-1.177498698234558,8.746711730957031,-1.7080063819885254,-3.5593466758728027,2.732757806777954,-1.6422364711761477,1.10215961933136,1.5479505062103271,-8.311229705810547,6.1999101638793945,-6.57647180557251,-1.9275652170181277,-2.1660730838775635,-1.024923324584961,1.3751187324523926,-3.4509429931640625,-1.8538165092468264,1.666654348373413,-5.532530784606934,0.828956663608551,-4.791621685028076,4.84478759765625,-2.8402836322784424,-0.9640514254570008,0.9470547437667848,0.9714822173118592
9,-471.4998168945313,81.14165496826172,15.303654670715332,53.329833984375,12.720276832580566,11.539156913757324,-5.118496417999268,11.374637603759766,18.49895477294922,-25.459014892578125,7.73091459274292,22.546388626098636,-12.295510292053224,10.730469703674316,-4.745325565338135,10.035345077514648,1.1943488121032717,-4.202727794647217,4.3687357902526855,-3.748921155929565,2.008025646209717,3.1760730743408203,-10.21055507659912,4.627854347229004,-4.666302680969238,-2.9331817626953125,-4.246240615844727,-2.0225813388824463,0.0440701618790626,-4.465168476104736,-0.8776462078094482,0.23333340883255,-3.4426448345184326,-0.2437826544046402,-3.833942413330078,3.977031707763672,-3.155993938446045,-1.1185879707336426,0.2168944180011749,-0.1770872175693512
9,-460.5950622558594,70.9278793334961,-6.205612182617188,36.75264739990234,14.337220191955566,21.339399337768555,-4.0535664558410645,6.116275310516357,20.498289108276367,-22.23271751403809,8.997099876403809,22.70018577575684,-12.920083045959473,10.386358261108398,-10.35287094116211,9.011693000793455,3.745992183685303,-2.990983009338379,4.03943395614624,-3.860614061355591,5.387667655944824,7.376101493835449,-11.117243766784668,4.899359226226807,-3.632900714874268,-0.9809399247169496,-4.547592639923096,-0.7572940587997437,-2.0700583457946777,-2.51911997795105,-1.96710205078125,1.076941728591919,-1.3127819299697876,-1.389400601387024,-5.057063579559326,3.5059709548950195,-4.409415721893311,-1.0835851430892944,-1.909601330757141,-0.8750274181365967
9,-494.08489990234375,57.94670867919922,-1.524373173713684,42.58250045776367,14.514286994934082,18.56464195251465,-13.171561241149902,9.949376106262209,21.97458839416504,-25.625289916992188,17.563554763793945,23.768001556396484,-16.031204223632812,11.697587013244627,-6.905418872833252,9.767047882080078,5.558263301849365,-3.1442010402679443,4.518803596496582,-0.6368697285652161,4.924739360809326,7.9261651039123535,-10.058915138244627,5.666587829589844,-5.30294942855835,0.217384323477745,-3.556337833404541,1.399493932723999,-1.7254068851470947,-2.4598276615142822,-2.581274509429932,0.9015218019485474,-1.524237871170044,-1.5613653659820557,-5.95396900177002,3.3177475929260254,-4.368673324584961,-1.3026889562606812,-0.7830843925476074,-1.389000654220581
9,-397.486328125,74.51350402832031,-39.45232391357422,35.226409912109375,5.336151123046875,26.72344017028809,3.2322793006896973,-9.673331260681152,7.615573883056641,0.5279139876365662,7.050765037536621,13.158209800720217,-11.344403266906738,18.36579704284668,-8.106130599975586,8.768959999084473,4.717404365539551,-6.629426956176758,3.50495982170105,-1.6698795557022097,-2.8035378456115723,5.756189823150635,-11.385428428649902,-0.4294818043708801,-6.952642440795898,1.9775869846343996,-4.906262874603272,-0.5398048758506775,-1.9043307304382324,2.7706098556518555,-3.4033188819885254,-1.9177443981170652,-3.83735466003418,1.555257797241211,-3.352383136749268,5.413698196411133,-2.53666353225708,3.012009382247925,-1.2684264183044434,-2.548382520675659
9,-337.7927551269531,67.6199951171875,-32.52525329589844,-0.6569773554801941,0.1423749029636383,25.35121726989746,8.38692855834961,-9.253856658935549,4.054968357086182,-0.9425349831581116,-6.621789455413818,10.131880760192873,-13.660539627075195,7.80809211730957,-3.4327025413513184,21.55783462524414,14.003905296325684,2.2250514030456543,6.960057735443115,-0.6075614094734192,-10.788311958312988,-2.223538398742676,-11.498178482055664,-2.1597282886505127,-2.431228876113892,-0.4363583326339721,-9.355016708374023,1.7945961952209473,-0.289404809474945,1.5940357446670532,-5.168293476104736,-2.885182380676269,-4.219479560852051,5.749589443206787,0.9431914687156676,4.507915496826172,-2.996973752975464,-0.2532866299152374,-7.95706844329834,-2.5174102783203125
8,-257.1462097167969,168.7243194580078,-12.560962677001951,6.065500259399414,7.368839263916016,0.3111926615238189,0.0832282751798629,20.529481887817383,8.672822952270508,7.554300308227539,9.481558799743652,6.332726001739502,5.00722599029541,-2.41046404838562,1.636449694633484,-1.2029799222946167,-4.120456218719482,7.1756591796875,-1.1295732259750366,1.723658323287964,0.2673538327217102,-1.240477204322815,-0.1081001982092857,1.0371209383010864,-0.3571622967720032,3.0181257724761963,-2.3923728466033936,-1.4989293813705444,-3.609738826751709,-0.048978216946125,-1.4145262241363523,-2.1909074783325195,-1.279630184173584,-1.8040015697479248,0.5463724136352539,-0.7939506769180298,-1.8717910051345823,-0.7180558443069458,-1.7428289651870728,-3.4446380138397217
8,-261.9911193847656,173.66156005859375,-1.2052212953567505,-0.212354838848114,3.6427910327911377,-5.25645637512207,2.888197898864746,22.93014907836914,7.154759407043457,8.204669952392578,5.181734085083008,6.344536304473877,9.590270042419434,-1.417243719100952,1.9096087217330933,-1.1354522705078125,-1.971277356147766,5.7873735427856445,0.7506374716758728,1.2465046644210815,1.5694164037704468,-0.6240949630737305,-1.991010785102844,-1.5894814729690552,-1.1558551788330078,1.3741986751556396,-2.1786863803863525,-1.3994531631469729,-2.1526296138763428,-0.6374156475067139,-1.434786677360535,-1.9932423830032349,-1.5210940837860107,-2.418038845062256,-2.2488481998443604,-2.532576560974121,-0.4868862330913543,0.1382885873317718,-0.8671737909317017,-3.675152063369751
8,-291.291015625,165.58731079101562,4.423118114471436,15.003480911254885,10.09540557861328,2.507199764251709,7.991620063781738,12.448460578918455,10.05702018737793,8.726550102233887,6.829843044281006,7.418473243713379,5.831064701080322,0.1212190613150596,2.7209813594818115,-0.1434257626533508,0.1363404542207718,4.353596210479736,-0.8792851567268372,0.805051863193512,0.2467004060745239,0.0413529016077518,-0.5150165557861328,-0.5200422406196594,-1.0147013664245603,0.3547108471393585,-2.7914302349090576,-0.1469445526599884,-2.4024665355682373,-0.1106947138905525,-0.714025616645813,-1.004000902175903,-1.1601717472076416,-1.3019988536834717,-2.3064682483673096,-2.5158653259277344,-1.335492730140686,-1.1614042520523071,-2.2865519523620605,-3.328705072402954
8,-282.1605529785156,172.45947265625,0.6227314472198486,14.597193717956545,-1.1131603717803955,10.271369934082031,-0.0943192467093467,19.4234619140625,5.735941410064697,14.36487865447998,5.142734050750732,11.995840072631836,12.366358757019045,-5.095713138580322,1.1016969680786133,0.2268213331699371,1.867554783821106,2.1153268814086914,1.428773283958435,1.0193278789520264,0.3317083418369293,0.0813816040754318,0.7335444688796997,-1.851528286933899,-0.8196488618850708,-1.3410098552703855,-1.4425718784332275,-1.6213858127593994,-1.454456090927124,0.6356564164161682,-1.7849481105804443,-1.2791818380355835,-2.52197003364563,-3.0577423572540283,-3.382675170898437,-1.6471848487854004,-1.210316777229309,-1.452372670173645,-2.4329946041107178,-2.542563915252685
9,-563.830078125,135.56178283691406,13.885207176208496,9.464916229248049,-6.930821895599365,4.518203258514404,-5.640977382659912,-1.6554903984069824,-3.4350991249084477,4.035202503204346,1.8457903861999512,4.299606800079346,-1.772176742553711,4.46028470993042,-0.1092850789427757,3.104413747787476,-1.022908091545105,3.7566654682159424,-0.2582854926586151,3.378988742828369,-1.371347427368164,2.6627416610717773,-3.039037704467773,0.663248598575592,-0.8243546485900879,2.822176694869995,-3.020206928253174,-0.3235830962657928,-3.590613842010498,1.811464548110962,-0.9905294179916382,2.1411497592926025,-0.869085967540741,2.5971927642822266,-0.797540545463562,2.7766551971435547,-0.1002247110009193,2.02900767326355,-1.3519761562347412,1.0755923986434937
9,-564.8929443359375,134.43594360351562,16.700563430786133,11.193867683410645,-5.667088031768799,5.767016410827637,-3.459608793258667,-0.8757811784744263,-1.1993815898895264,3.6506826877594,2.8397459983825684,5.802149295806885,2.3225905895233154,7.107057094573975,0.6495649218559265,1.7257683277130127,0.1600827276706695,4.567866802215576,0.4408436119556427,2.659311532974243,0.245533138513565,3.403646945953369,-0.7711765766143799,1.723285675048828,-0.0296274963766336,1.6328390836715698,-1.856281280517578,0.9782695174217224,-1.2068151235580444,2.468585252761841,-0.8764457702636719,1.4719470739364624,0.0266532227396965,1.9082006216049197,0.5348053574562073,2.644042730331421,-0.0519362427294254,2.336913108825684,-0.4009450674057007,0.8701023459434509
9,-541.8712158203125,143.9750213623047,3.171846389770508,-1.7239923477172852,-13.052971839904783,3.38816237449646,-7.6975789070129395,-8.166708946228027,-4.303020477294922,0.5432935357093811,3.699756145477295,5.775134086608887,-1.4521899223327637,5.101027488708496,-0.1360374540090561,0.5200835466384888,2.942748069763184,6.995153903961182,2.35310435295105,2.133326292037964,-0.2720709443092346,4.226480484008789,-2.568423271179199,-1.3471695184707642,-0.2290455847978592,0.6342524886131287,-2.031439781188965,-0.9891188740730286,-1.7826474905014038,1.853016972541809,-1.8689104318618772,2.2402498722076416,1.2756026983261108,0.306811660528183,0.6295496821403503,1.232754468917847,1.3701249361038208,4.12957239151001,0.129811629652977,1.3549630641937256
9,-525.8035888671875,152.80186462402344,0.1330940425395965,-2.862473726272583,-14.106881141662598,4.544961452484131,-10.123943328857422,-10.525291442871094,-4.1082916259765625,2.2691526412963867,4.862303733825684,7.776139259338379,-5.763270854949951,3.3502938747406006,4.5558671951293945,4.045664310455322,0.7949407696723938,5.446274757385254,2.479027271270752,4.586262702941895,-0.4543875157833099,4.2002434730529785,-3.023722648620605,-4.402807235717773,-1.396386981010437,2.0525290966033936,-4.890260696411133,-0.986088216304779,-3.381399631500244,-0.1323974281549453,-1.572583556175232,2.3839385509490967,0.3624582588672638,2.9517970085144043,0.1634164452552795,1.8772672414779663,1.779942274093628,3.626182556152344,-0.8867859840393066,1.122517704963684
7,-273.3065185546875,122.46784973144533,-100.89385223388672,25.39817237854004,-2.4630088806152344,5.44296407699585,25.442140579223636,-19.236482620239254,16.652420043945312,3.1856372356414795,-7.538778305053711,16.281654357910156,-7.38633918762207,-2.928686618804932,0.5352704524993896,-1.4197540283203125,5.891126155853272,-5.7784199714660645,5.501107692718506,7.028213024139404,-4.615549087524414,-0.4762963652610779,-2.308437824249268,3.330319881439209,1.6794801950454712,-1.018423080444336,5.543112754821777,-0.7778862118721008,0.5346377491950989,0.1775643229484558,-1.6663479804992676,3.717276334762573,-2.989225387573242,-0.2763662338256836,3.120068073272705,-1.807930827140808,1.2799617052078247,-1.855071187019348,-1.3119182586669922,0.5680942535400391
7,-265.2049255371094,121.56116485595705,-128.00808715820312,51.43665313720703,-15.384963035583496,4.92835807800293,38.715911865234375,-29.5003719329834,19.94289970397949,1.2906372547149658,-10.496553421020508,17.879201889038086,-8.515531539916992,5.43772029876709,-3.204960584640503,-7.239172458648682,9.296135902404783,-6.4183735847473145,6.570749759674072,2.363974094390869,-4.413121700286865,7.761964321136475,-4.80075740814209,1.8051871061325075,4.201192855834961,-0.2036833763122558,4.522287845611572,-4.4298858642578125,1.6276806592941284,3.464961528778076,0.9003447890281677,3.4537546634674072,-4.977696895599365,2.0903565883636475,2.6058406829833984,-2.271988868713379,4.300384521484375,-0.7725775241851807,-0.1027573198080062,-0.0744507163763046
7,-282.0977783203125,117.43518829345705,-110.55193328857422,40.67758941650391,-9.393661499023438,6.967617988586426,36.98182678222656,-24.68242454528809,11.930920600891112,1.3142287731170654,-8.406742095947266,13.487252235412598,-6.204440116882324,4.256471633911133,-2.8994948863983154,-3.7294118404388423,7.26894474029541,-7.142136573791504,7.318031311035156,2.161576986312866,-5.954910755157471,6.732362747192383,-3.1072731018066406,1.527072787284851,2.076738119125366,-2.532099962234497,3.285764455795288,-2.905952215194702,4.098635673522949,4.470510959625244,-2.0959701538085938,2.078183650970459,-2.9285850524902344,1.5738345384597778,2.9516074657440186,-1.3996939659118652,2.39442777633667,-2.235485553741455,0.3657422363758087,1.2607884407043457
7,-355.7007751464844,168.2235107421875,-134.0998077392578,63.92144775390625,-18.950220108032227,3.9999887943267822,39.93550491333008,-35.240108489990234,21.42860984802246,2.186760425567627,-7.4508185386657715,13.514471054077148,-12.530191421508787,10.542842864990234,-4.577641487121582,-3.6995012760162354,10.867511749267578,-9.055947303771973,8.620862007141113,-4.466128826141357,-5.993612766265869,10.652413368225098,-7.245830535888672,3.3713812828063965,1.0617190599441528,-2.0871968269348145,4.08980655670166,-8.395008087158203,4.856951713562012,2.4512581825256348,-3.4334752559661865,4.302634716033936,-4.90150260925293,3.1985878944396973,1.816381931304932,-3.402735471725464,3.032095670700073,-3.2703745365142822,2.1613636016845703,-0.9042509198188782
7,-330.266357421875,128.71942138671875,-102.430419921875,40.404293060302734,-10.294153213500977,3.616675615310669,33.19452667236328,-25.679197311401367,13.22132682800293,6.575996398925781,-7.181055068969727,10.06999683380127,-6.247686386108398,5.298043251037598,-2.564051628112793,-3.874733924865722,8.467741012573242,-5.034496307373047,2.664275646209717,-3.364100456237793,-4.275209426879883,8.007781982421875,-4.087040901184082,0.7371919751167297,-0.0827704221010208,-3.5512263774871826,3.3534083366394043,-4.273782730102539,1.68609356880188,1.5407028198242188,-3.1891353130340576,3.216407299041748,-2.272386074066162,1.6830687522888184,2.0262646675109863,-3.777658700942993,1.567765474319458,-0.6890451908111572,0.5182991027832031,-0.9593827724456788
7,-333.496337890625,128.9250030517578,-100.60374450683594,38.88002014160156,-8.895101547241211,5.415153980255127,32.14112854003906,-25.75475311279297,14.47408676147461,6.519770622253418,-8.358319282531738,10.172600746154783,-6.44290018081665,4.251237869262695,-1.2185055017471311,-2.472318172454834,7.357392311096191,-6.500873565673828,1.7502140998840332,-3.770106077194214,-4.763465881347656,6.558534622192383,-5.384032726287842,0.557524561882019,-0.8159547448158264,-4.93220853805542,3.446507692337036,-4.035460948944092,1.6061233282089231,2.0537126064300537,-4.042125225067139,2.670222520828247,-1.4523595571517944,1.0270955562591553,1.177759051322937,-3.838639259338379,1.4252941608428955,-1.1871668100357056,-1.1893991231918335,-1.4767396450042725
7,-375.9924926757813,164.181884765625,-120.90916442871094,63.81492614746094,-14.317927360534668,3.4134228229522705,37.76245880126953,-33.78990936279297,19.29222297668457,4.165096282958984,-4.762844562530518,15.561187744140623,-12.87462329864502,7.356803894042969,-3.4891958236694336,-4.651019096374512,10.398067474365234,-8.102004051208496,6.582611083984375,-2.631804943084717,-6.627166271209717,6.533381462097168,-7.699672222137451,2.4762449264526367,-0.5727798342704773,-3.6701948642730713,4.623686790466309,-7.392292976379394,2.5208210945129395,1.5184190273284912,-3.97207236289978,4.534922122955322,-3.2423152923583984,1.8754565715789795,0.696843683719635,-4.040990352630615,3.525818109512329,-2.1878061294555664,-1.1856578588485718,-1.4807584285736084
7,-339.07476806640625,145.4298858642578,-113.99181365966795,46.89992904663086,-8.304022789001465,7.291760921478271,36.586063385009766,-25.3378849029541,17.535940170288086,4.339214324951172,-3.7833099365234375,15.870396614074709,-8.735177040100098,7.24386739730835,-2.014357805252075,-4.914352416992188,9.908082008361816,-6.195785045623779,4.301632404327393,-2.444586753845215,-5.458124160766602,8.676786422729492,-5.239950656890869,0.5457462668418884,1.6962361335754397,-1.632094383239746,3.817110538482666,-6.499133586883545,1.6340140104293823,1.862282156944275,-5.102200984954834,3.3462069034576416,-0.5690020322799683,1.968491554260254,1.3775814771652222,-2.741255521774292,2.535506248474121,-2.3131344318389893,-0.3188155591487884,0.3034182786941528
7,-257.4997863769531,138.23399353027344,-19.959373474121094,11.550466537475586,-11.296117782592772,11.638399124145508,-0.4843123853206634,-6.4897050857543945,6.410254955291748,1.367557168006897,-1.5987111330032349,8.492082595825195,-1.2571836709976196,-2.83978009223938,-3.553960084915161,-1.013519048690796,-6.361886024475098,1.6394822597503662,1.6764713525772097,4.738225936889648,-1.0466315746307373,7.356797218322754,-4.448413848876953,0.563193678855896,-2.5189692974090576,1.8229032754898071,-4.187889575958252,-4.127950668334961,-7.842395305633545,0.0417241118848323,-4.970147132873535,3.156660318374634,-1.866284132003784,-5.028364181518555,-7.653790473937988,-2.6082043647766118,-4.176538467407227,3.7852225303649902,-2.7126753330230717,4.234933853149414
7,-285.4778747558594,144.82777404785156,-16.79287338256836,13.371231079101562,-9.645919799804688,6.5879387855529785,-6.43914270401001,-4.5541863441467285,4.976089000701904,2.1608054637908936,-2.5043318271636963,8.315718650817871,-4.328628540039063,-3.91522741317749,-4.334688663482666,1.4282512664794922,-3.744607448577881,-0.586722731590271,-1.6323845386505127,4.353562831878662,0.3086607158184051,5.172152996063232,-6.537259101867676,-2.323381900787353,-4.766354084014893,2.9000346660614014,-4.353573322296143,-2.8343465328216557,-5.592880725860596,3.957634449005127,-1.6070189476013184,0.4999251067638397,-4.636986255645752,-4.77145528793335,-6.082772254943848,0.5677199959754944,-4.553175449371338,3.592491149902344,-1.2802814245224,3.306432008743286
7,-298.4720764160156,148.4898681640625,-10.332680702209473,12.847211837768556,-10.342026710510254,4.764490127563477,1.5175509452819824,6.306718349456787,6.675403594970703,6.668729305267334,-1.3516173362731934,4.197221755981445,-5.273671627044678,0.919972002506256,0.2907268106937408,4.4097161293029785,-0.8508585691452026,-2.84940505027771,-4.198059558868408,3.4396510124206543,-1.0856925249099731,3.752238512039185,-3.4268157482147217,3.564990758895874,-3.730617046356201,0.3133853673934936,-7.275415897369385,-4.694820880889893,-6.495059490203857,5.789438724517822,1.915314555168152,-0.4181846976280212,-8.038227081298828,-6.665693759918213,-6.969905853271484,1.1118416786193848,-2.741388320922852,6.155701160430908,-0.4713063836097717,5.448892116546631
7,-288.543701171875,143.70989990234375,-6.531458377838135,13.269201278686523,-14.07341480255127,2.62623929977417,-4.033381462097168,4.682004928588867,6.383490085601807,6.391973495483398,-1.3219122886657717,8.364436149597168,-3.815255641937256,1.1962015628814695,-1.2595361471176147,1.704924702644348,-2.974144458770752,-1.2939826250076294,-0.3094212710857391,1.2193500995635986,-5.794743537902832,-0.6389452815055847,-5.537716865539551,1.948469400405884,-3.2816309928894043,2.7270236015319824,-1.713329553604126,-1.6272788047790527,-6.326910018920898,1.691092610359192,-4.765549659729004,-3.2475903034210205,-7.846246242523193,-5.062925815582275,-4.711832046508789,2.562050104141236,-0.4175693690776825,5.455833911895752,-4.347121238708496,1.0023807287216189
7,-338.7384948730469,129.3077392578125,-5.941820621490479,24.30502700805664,-5.179262638092041,12.201278686523438,8.945577621459961,2.9414663314819336,4.183676242828369,-3.274718999862671,-5.717092514038086,8.030284881591797,-0.6821268796920776,2.1405344009399414,0.57135009765625,2.346959352493286,-1.204530954360962,0.8801199197769165,0.9170096516609192,6.027374744415283,-4.522968769073486,3.3137810230255127,-3.6447598934173584,1.6712664365768433,-2.910642385482788,1.5074594020843506,-4.819448947906494,0.1326182186603546,-5.674178600311279,0.6048226952552795,-5.15799617767334,-0.0847283825278282,-0.8860054016113281,-0.2951464354991913,-4.151201248168945,1.411607027053833,-5.250915050506592,2.160888195037842,-4.2185587882995605,1.4588658809661863
7,-306.6278076171875,143.61636352539062,6.50496768951416,22.073322296142575,-15.9005765914917,6.109479427337647,8.095477104187012,11.202168464660645,8.033602714538574,-0.1878725588321685,-4.490743160247803,6.348862648010254,-8.090335845947266,-3.639527797698975,0.95414400100708,4.248919486999512,0.5540657043457031,1.4582210779190063,-1.166499376296997,2.413574457168579,-1.7696887254714966,4.783647537231445,-3.324403524398804,1.5338984727859497,-3.018324613571167,0.5959962010383606,-3.8012850284576416,1.8108352422714236,-2.9647700786590576,4.091273784637451,-3.278975486755371,-2.804410457611084,-6.268187999725342,-3.253217935562134,-3.763802766799927,3.463566541671753,-0.2489786297082901,6.341639995574951,-1.0182652473449707,1.7839771509170532
7,-308.77496337890625,142.7979736328125,-1.632256269454956,14.789979934692385,-19.972461700439453,3.469402313232422,2.9132344722747803,3.610783338546753,3.2743794918060303,0.5404525995254517,1.1777350902557373,15.165257453918455,-6.051764965057373,-8.5248384475708,-6.005500316619873,-0.6519756317138672,-0.87665855884552,3.4446563720703125,0.3168908655643463,2.257100820541382,-1.7733566761016846,6.825265884399414,-0.1379292160272598,2.06548810005188,-2.7154877185821533,0.6546745300292969,-3.140732288360596,2.1829402446746826,-4.232126712799072,0.0555086098611354,-6.319065570831299,-0.7635259032249451,-3.0592129230499268,-2.690673589706421,-5.717524528503418,1.6191998720169067,-3.131746768951416,4.433192729949951,-0.2499981522560119,3.4573755264282227
8,-421.708984375,120.99820709228516,-3.984168529510498,-26.213945388793945,-21.160511016845703,4.1713175773620605,-6.922677040100098,-3.6597819328308105,-11.525172233581545,-4.090992450714111,6.258474349975586,5.5107011795043945,1.2710193395614624,7.822755813598633,4.403509616851807,-0.1706921160221099,-3.149202346801758,-3.338614225387573,-3.190683603286743,-5.3168110847473145,-3.777738571166992,1.9456416368484497,2.360144853591919,0.5802915692329407,-0.312456339597702,-1.719467043876648,-1.0672599077224731,-2.610595464706421,-3.651389837265015,0.0497035831212997,-1.1898707151412964,0.1890589743852615,-1.4314979314804075,0.9580342769622804,-2.5402348041534424,-0.5690374374389648,-0.0620001628994941,-1.2139588594436646,-2.043208122253418,-0.1131553649902343
8,-434.71197509765625,113.00774383544922,-4.200124263763428,-28.037521362304688,-21.292856216430664,4.355935096740723,-5.033270835876465,-4.544373035430908,-7.238403797149658,-0.1135317832231521,6.084384441375732,6.222835540771484,4.262247562408447,12.035621643066406,4.115691661834717,-2.654127597808838,-4.571178436279297,-3.8280630111694336,-3.567312240600586,-4.585597038269043,-2.2766435146331787,1.3119467496871948,2.8664355278015137,2.0931763648986816,2.913003444671631,2.762712955474853,-0.5403882265090942,-2.21697735786438,-4.132224559783936,0.1556612104177475,-0.3032608032226562,-2.445631265640259,-1.3563616275787354,1.300348877906799,-0.5153332948684692,0.7458998560905457,-0.0607532672584056,-0.2668409943580627,-2.151965618133545,-0.4514713287353515
8,-456.2594299316406,130.52890014648438,-8.926419258117676,-31.687105178833008,-15.241181373596191,8.974217414855957,-10.286300659179688,-8.532462120056152,-7.265174865722656,1.1205627918243408,4.915979862213135,5.524980545043945,5.745166778564453,13.889278411865234,2.751539945602417,-2.343101024627685,-3.036999225616455,-7.075309753417969,-6.13325834274292,-3.4375038146972656,-0.2799260914325714,2.7383761405944824,2.280237913131714,0.5976696610450745,2.065535068511963,3.385753870010376,-1.0493052005767822,-2.059406518936157,-4.44254207611084,0.0041930577717721,0.4854314625263214,-3.101471185684204,-1.3132972717285156,0.875455379486084,-0.3566087186336517,0.275469571352005,0.2729899287223816,0.2877875864505768,-3.0509252548217773,-0.9388079047203064
8,-464.6864013671875,138.26812744140625,-4.812169551849365,-29.20813751220703,-9.748147010803224,9.04483699798584,-13.911299705505373,-8.20808219909668,-6.625939846038818,-2.45682144165039,2.6204936504364014,5.572834968566895,6.010064601898193,8.728272438049316,2.510756731033325,1.0386120080947876,-1.3057700395584106,-6.763681888580322,-5.221310138702393,-4.062215805053711,-1.1263030767440796,2.5382111072540283,-0.0385696329176425,-1.1750073432922363,0.1637313067913055,0.513677716255188,-0.8962774276733398,-4.0447916984558105,-5.039310455322266,0.5681396126747131,1.8963546752929688,-1.1356793642044067,-0.7514023780822754,1.6723729372024536,-0.966327667236328,-0.9194968938827516,0.0882048830389976,-0.8948013186454773,-3.6137406826019287,-1.6067397594451904
5,-266.2506408691406,178.71588134765625,41.13368606567383,42.51570892333984,22.707612991333008,37.440460205078125,7.148975372314453,20.80825424194336,4.729021072387695,10.507883071899414,2.1655819416046143,5.234426498413086,-0.5700131058692932,-3.4142346382141118,-1.1955043077468872,-4.990170955657959,-5.413980484008789,-7.026763916015625,-5.251133918762207,-4.992852687835693,-2.029072523117065,-7.413835525512695,-4.641887187957764,-3.4368176460266118,-1.1188901662826538,-2.0464909076690674,-4.695469379425049,-1.7219834327697754,-4.866762638092041,-1.210330367088318,-2.414644718170166,-3.0099031925201416,-3.1386499404907227,-1.9245827198028564,-0.6708054542541504,-4.193684577941895,-1.9651360511779783,-0.4559592604637146,-2.6515796184539795,-3.3884284496307373
5,-263.3927001953125,179.80892944335938,40.62379455566406,41.843746185302734,20.48760986328125,36.60216522216797,7.04401159286499,21.733367919921875,4.673807621002197,11.65847873687744,2.457500457763672,5.579286575317383,0.0959308594465255,-2.9250948429107666,-1.8645461797714236,-5.387105464935303,-5.942446231842041,-7.018088817596436,-4.844779014587402,-4.4213457107543945,-1.5955164432525637,-7.410166263580322,-5.08660888671875,-3.890331506729126,-1.1972222328186035,-2.337751865386963,-3.93418288230896,-1.4378337860107422,-5.514434814453125,-0.8891139626502991,-2.240772485733032,-3.118457555770874,-2.897683620452881,-1.9457935094833372,-0.8039319515228271,-4.644104480743408,-1.1379916667938232,-0.1856408566236496,-2.7455193996429443,-3.879984378814697
5,-263.8653869628906,180.1788787841797,42.26279067993164,41.17995834350586,21.14261817932129,35.769805908203125,6.81826639175415,20.37441062927246,4.340990543365479,11.810179710388184,3.4285874366760254,5.464196681976318,0.0691138133406639,-2.745432138442993,-1.631377339363098,-6.410026550292969,-5.608939170837402,-7.292680740356445,-4.851420402526856,-4.366463661193848,-0.8046703934669495,-7.0697340965271,-5.1731486320495605,-4.447015285491943,-1.5695494413375854,-2.4118027687072754,-3.937252998352051,-1.898887276649475,-5.343007564544678,-1.2234976291656494,-2.7044081687927246,-3.1866800785064697,-2.7847201824188232,-2.331228017807007,-0.3094353675842285,-4.976927280426025,-2.294795274734497,-0.5040147304534912,-2.4263224601745605,-4.176411151885986
5,-266.6723022460937,179.48394775390625,42.90739059448242,42.82672882080078,22.758522033691406,36.72933578491211,6.619823455810547,19.80006217956543,3.450334072113037,11.24013900756836,3.7928760051727295,5.331650733947754,-0.5986221432685852,-2.730903148651123,-1.1819685697555542,-6.169937610626221,-5.4145026206970215,-7.448652744293213,-5.185014247894287,-4.4789204597473145,-1.2819746732711792,-6.843935012817383,-4.636784076690674,-4.441065311431885,-1.653887391090393,-2.513263702392578,-4.365859031677246,-2.282066583633423,-4.448731422424316,-1.5554282665252686,-3.671395301818848,-2.81418776512146,-3.1073358058929443,-2.5379912853240967,0.1807251125574112,-5.182896614074707,-3.3051936626434326,-0.4301832020282745,-2.27056097984314,-4.601806163787842
5,-268.5157775878906,179.8421173095703,42.46990203857422,44.089969635009766,22.73651695251465,36.79703140258789,6.527142524719238,20.48116111755371,3.013012170791626,10.540215492248535,3.677434206008911,5.899039268493652,-0.6520318984985352,-2.749159336090088,-1.5858139991760254,-5.66483211517334,-5.918437480926514,-7.735682964324951,-5.2625651359558105,-4.690791130065918,-1.294186234474182,-6.850831508636475,-4.949889183044434,-4.471319675445557,-1.1583627462387085,-2.739635705947876,-4.171384811401367,-2.057072162628174,-4.532071113586426,-1.3665080070495603,-3.248131513595581,-2.2525415420532227,-3.3092710971832275,-2.1694557666778564,-0.2671119272708893,-5.640903472900391,-3.27284836769104,-0.1161729767918586,-2.096743106842041,-4.7422709465026855
5,-265.9475402832031,179.8794403076172,41.69480895996094,43.49996948242188,21.86042022705078,35.041839599609375,7.037378787994385,21.43240737915039,3.269235610961914,9.733635902404783,3.2143208980560303,5.934414386749268,-0.0158359594643116,-1.9574168920516968,-1.9999089241027832,-5.734828472137451,-5.916627407073975,-7.726366519927978,-4.695261478424072,-4.574892997741699,-1.268387794494629,-6.466372013092041,-5.205229759216309,-4.413376808166504,-1.677196741104126,-3.145605087280273,-3.853797912597656,-1.674407124519348,-4.537247180938721,-1.3950220346450806,-2.8064067363739014,-2.301732301712036,-3.3897430896759038,-1.7430150508880615,-0.5672779679298401,-5.1686177253723145,-3.1625101566314697,-0.3561283648014068,-1.8808226585388184,-4.275659561157227
5,-259.29962158203125,174.3386688232422,41.24108505249024,43.25372695922852,22.26663398742676,33.061866760253906,8.569914817810059,21.22230529785156,3.6464922428131104,10.188833236694336,3.078496217727661,5.656308174133301,-1.9998548030853271,-1.2466391324996948,-2.728555917739868,-4.64901876449585,-6.17097806930542,-7.181018829345703,-4.564491748809815,-3.737534284591675,-2.5759098529815674,-5.160194873809815,-5.547092914581299,-3.3018054962158203,-1.8368128538131716,-3.529409170150757,-4.617076873779297,-2.7442142963409424,-3.10024094581604,-1.6676254272460938,-2.569669723510742,-2.929853200912476,-3.891031503677368,-0.9082717299461364,-1.3057143688201904,-3.71893835067749,-3.6587119102478023,-1.5054713487625122,-1.7582926750183103,-3.678022861480713
5,-266.1908569335937,175.83445739746094,42.36173629760742,43.74497985839844,20.772724151611328,34.5261116027832,9.03545093536377,20.871240615844727,4.057723045349121,9.740193367004396,3.4119224548339844,6.80483341217041,-4.156077861785889,-0.8826112151145935,-2.420145273208618,-4.645979881286621,-6.274531364440918,-7.854274749755859,-3.731119394302368,-3.5519216060638428,-2.433692455291748,-4.943298816680908,-6.297239780426025,-2.952089548110962,-0.6504223942756653,-3.8602139949798575,-4.417984485626221,-3.3320791721343994,-1.6491496562957764,-2.2749900817871094,-2.198802709579468,-2.4742650985717773,-4.527545928955078,-0.3467211723327636,-1.5641673803329468,-3.2370965480804443,-3.1593339443206787,-2.931479215621948,-2.012001276016236,-3.220285415649414
5,-287.1485290527344,180.935302734375,38.16313171386719,38.148624420166016,13.195223808288574,31.637006759643555,11.093390464782717,23.0677490234375,8.237646102905273,5.595303535461426,4.977985858917236,4.279078483581543,-8.022448539733887,-2.0414438247680664,-3.1366002559661865,-8.020651817321777,-4.7709503173828125,-11.057957649230955,-6.111613750457764,-4.772647857666016,-3.778985023498535,-2.850839138031006,-7.535126686096191,-2.7253963947296143,-0.1854940056800842,-3.912490367889404,-3.396960735321045,-3.0812692642211914,0.8429405093193054,-2.644613027572632,-3.2102742195129395,-2.47505521774292,-5.22960901260376,-1.646828532218933,-0.9946040511131288,-2.8321733474731445,-2.2801616191864014,-3.2031538486480717,-0.9956862330436708,-5.726201057434082
5,-300.1536865234375,180.07765197753906,37.49247360229492,41.63529586791992,14.96364974975586,37.391361236572266,9.220867156982422,26.39725685119629,6.614331245422363,4.873587608337402,3.2774033546447754,6.001273155212402,-9.418530464172363,-1.8234988451004028,-4.019275188446045,-5.755511283874512,-6.131570816040039,-12.15555191040039,-6.213361740112305,-4.786884307861328,-3.712055206298828,-3.6858320236206055,-8.107956886291504,-2.6811742782592773,0.8945549726486206,-3.0667457580566406,-3.145128965377808,-3.842292308807373,0.4561976194381714,-2.520505428314209,-2.814781188964844,-2.287367343902588,-6.283998489379883,-2.1000962257385254,0.1808019429445266,-3.320276975631714,-0.9241978526115416,-3.909628391265869,-0.4301598072052002,-6.303369522094727
5,-294.97613525390625,184.39556884765625,37.8089485168457,32.28681945800781,22.19271469116211,34.87101364135742,12.16576099395752,17.13687515258789,9.261117935180664,7.867736339569092,1.6790001392364502,2.054738044738769,-3.805844783782959,-2.986068725585937,-2.854111433029175,-5.881621360778809,-3.795790910720825,-11.739829063415527,-5.0833516120910645,-4.904531002044678,-2.468390464782715,-1.421854019165039,-5.680643558502197,-2.899338483810425,-1.5745457410812378,-2.3124043941497803,-4.481662273406982,-3.919894218444824,-0.251187801361084,-1.9300744533538816,-3.179421901702881,-1.0568045377731323,-4.163755893707275,-1.6006265878677368,-1.6466916799545288,-3.079944133758545,-2.584697961807251,-4.873574733734131,-0.2646305561065674,-3.865553617477417
9,-307.86834716796875,171.7419891357422,38.129356384277344,34.2935676574707,20.009672164916992,30.156877517700195,7.168581008911133,15.325956344604492,10.084253311157228,8.021124839782715,-3.732893943786621,5.735275268554688,0.0116687016561627,2.1550605297088623,-4.6392364501953125,-0.887874960899353,-6.426659107208252,-8.274494171142578,-8.167795181274414,-2.6321475505828857,-2.0452077388763428,-1.3871225118637085,-5.226510047912598,-3.170751571655273,-1.0069353580474854,-0.7100144624710083,-6.851424217224121,-2.981510877609253,-6.514901161193848,-0.519260823726654,-4.897724628448486,-2.942178249359131,-5.098884105682373,-2.625213146209717,-3.535349130630493,0.4285008013248443,-1.6456276178359983,-0.8020980954170227,-3.4804799556732178,-3.361920118331909
9,-294.1628112792969,175.7184295654297,38.214012145996094,31.00040054321289,19.74053192138672,30.80769920349121,7.211024761199951,14.222173690795898,11.2650146484375,8.759307861328125,-4.655035018920898,5.891749382019043,0.1159258931875228,1.7840187549591064,-4.609083652496338,-0.2112388163805008,-6.500034809112549,-8.791797637939453,-7.394754886627197,-3.93339467048645,-3.1948843002319336,-1.0794310569763184,-5.172438621520996,-3.6391639709472656,-1.8638103008270264,0.0505261719226837,-6.842715740203857,-3.194257974624634,-6.4323554039001465,0.0676740631461143,-4.664178371429443,-3.153852701187134,-4.850267887115479,-2.15160608291626,-3.806062698364258,1.2199872732162476,-1.537502408027649,-0.1638088375329971,-3.52341103553772,-2.846884727478028
9,-255.1457672119141,164.5836181640625,40.63545608520508,29.6572380065918,16.88134002685547,25.08401870727539,11.93998908996582,12.595646858215332,10.663702964782717,7.53677225112915,-2.269520998001098,6.670037746429443,3.6707749366760254,1.5206501483917236,-1.3120743036270142,-3.536536455154419,-3.816869735717773,-5.803553104400635,-3.666417121887207,-3.915719985961914,-0.2029878050088882,-1.8907999992370603,-3.2035701274871826,-3.832109689712525,-1.3745877742767334,-1.0347900390625,-4.247366905212402,-3.261924743652344,-4.061028003692627,-0.2927947342395782,-3.023609399795532,-2.749983072280884,-2.241222858428955,-2.819077968597412,-3.601861000061035,-1.8038017749786377,-2.0847439765930176,-1.7783982753753662,-2.450934171676636,-3.9369571208953857
9,-297.59088134765625,174.96929931640625,38.6211051940918,33.03379440307617,21.79735374450684,32.594505310058594,6.626176357269287,12.803410530090332,10.075972557067873,8.287759780883789,-5.230571269989014,5.917141914367676,0.3188058137893677,1.7244082689285278,-4.207051753997803,-0.3773613274097442,-6.695535659790039,-9.325976371765137,-6.921180725097656,-4.6308465003967285,-2.9901139736175537,-1.9406698942184448,-5.168399810791016,-4.398630142211914,-1.969997525215149,0.3422689735889435,-6.901127338409424,-4.146151542663574,-6.146100997924805,-0.5347554683685303,-4.87427282333374,-3.5071845054626465,-4.680862903594971,-2.3724286556243896,-4.274496555328369,1.0969901084899902,-1.6552565097808838,-0.4246640205383301,-3.6068294048309326,-2.821323871612549
9,-299.21319580078125,173.4353485107422,39.32782745361328,34.29978942871094,23.01553726196289,34.71607971191406,6.261139392852783,11.931750297546388,8.52001953125,8.305976867675781,-4.740714073181152,7.380629539489746,0.995974063873291,1.5532737970352173,-4.356273174285889,-0.6358447074890137,-6.988796234130859,-8.977265357971191,-7.023318767547607,-4.168914318084717,-1.6312384605407717,-2.307486057281494,-4.858089447021484,-4.063333511352539,-1.7077093124389648,0.573670506477356,-6.9403076171875,-4.445552825927734,-6.531265735626221,-0.72919100522995,-5.6347270011901855,-3.895246744155884,-4.897005081176758,-3.057247877120972,-4.321450710296631,0.311144083738327,-1.5647307634353638,-0.7053532600402832,-3.723830461502075,-2.570114850997925
9,-299.33526611328125,173.5587921142578,39.28057098388672,34.82340621948242,22.52891731262207,34.452903747558594,6.477104187011719,11.708608627319336,8.697257041931152,8.463692665100098,-4.047220706939697,7.27987003326416,1.10785710811615,1.301666259765625,-5.051140308380127,-0.6485356092453003,-6.900071620941162,-8.931410789489746,-7.852956295013428,-3.500531911849976,-0.8347950577735901,-2.1142868995666504,-4.2362871170043945,-3.335409641265869,-1.8171852827072144,0.4653931558132171,-7.60816764831543,-4.599899291992188,-7.116090774536133,-0.7313106656074524,-5.301838874816895,-3.613848209381104,-4.35775089263916,-3.362656116485596,-3.9186065196990967,0.2710898220539093,-1.478228211402893,-0.8338475823402405,-3.817179918289185,-2.6391355991363525
9,-300.9656677246094,175.5764923095703,38.47480773925781,35.25737380981445,22.28605842590332,33.40882110595703,6.4423136711120605,12.378183364868164,8.899187088012695,7.730515480041504,-4.808165550231934,7.658883094787598,1.1425457000732422,1.4746017456054688,-5.581535339355469,-0.9986003637313844,-6.79583215713501,-9.19910717010498,-7.880738735198975,-2.920344591140747,-1.801823377609253,-2.036250591278076,-4.389956951141357,-3.324395179748535,-1.611757516860962,0.1578990519046783,-7.3790106773376465,-3.967572927474976,-6.647887706756592,-0.6942311525344849,-4.751517295837402,-2.900420665740967,-3.416719913482666,-3.367984771728516,-3.8653953075408936,0.3524194657802582,-1.236689209938049,-0.4503621757030487,-3.46220326423645,-2.6295289993286133
9,-296.80047607421875,176.988525390625,37.307125091552734,32.992950439453125,19.88799285888672,31.62324523925781,7.151490688323975,14.682860374450684,9.896808624267578,8.388031959533691,-5.01218318939209,7.649590492248535,0.2130987346172332,1.098546862602234,-5.263387680053711,-0.9820418953895568,-5.5911478996276855,-8.323476791381836,-7.094691753387451,-2.773597240447998,-2.45265793800354,-2.578094005584717,-5.613031387329102,-3.3623478412628174,-0.9077188968658448,-0.2534777820110321,-6.5117669105529785,-3.3872127532958984,-6.551700115203857,-0.9786823391914368,-5.10033130645752,-3.3250322341918945,-3.066133975982666,-2.6178019046783447,-3.6669321060180655,0.5522887706756592,-1.353013038635254,-0.5780866146087646,-3.3393166065216064,-2.031895399093628
9,-296.40875244140625,177.09561157226562,37.39197540283203,32.07342529296875,20.10849952697754,31.76831817626953,7.400479316711426,13.955724716186523,10.212484359741213,8.775190353393555,-4.438657760620117,6.87014102935791,-0.0145806111395359,0.6905655860900879,-4.950786590576172,-1.495128154754639,-4.9970383644104,-7.797032356262207,-7.106161594390869,-3.3165054321289062,-2.186340093612671,-2.107696294784546,-6.589808464050293,-3.6224124431610103,-1.0738823413848877,-0.0056683314032852,-6.328446865081787,-3.77798080444336,-6.612512111663818,-0.9151936769485474,-5.699319839477539,-3.638777017593384,-3.3176279067993164,-1.8871499300003047,-3.810381412506104,0.678156852722168,-1.7393527030944824,-0.5918776988983154,-2.985640048980713,-1.71900737285614
9,-300.7128601074219,176.87286376953125,37.4908561706543,33.35691833496094,22.72711944580078,33.93773651123047,7.456454753875732,12.187626838684082,8.55460262298584,7.577831268310547,-4.38934850692749,6.994924068450928,0.993461847305298,1.0648078918457031,-4.7242279052734375,-2.287243127822876,-5.320258140563965,-9.087178230285645,-7.541452407836914,-3.0629866123199463,-2.52738356590271,-1.3244959115982056,-6.532045841217041,-3.616167783737183,-1.500012755393982,0.4908168911933899,-6.571279048919678,-4.288986682891846,-6.789947986602783,-0.2316529750823974,-5.684651374816895,-3.628121852874756,-3.918332099914551,-1.7754167318344116,-3.7369465827941895,0.4618139564990997,-1.25702702999115,-0.4107416868209839,-2.5949859619140625,-2.2354087829589844
9,-267.23553466796875,165.2856903076172,41.6796989440918,30.083166122436523,22.951982498168945,26.67896270751953,11.375507354736328,10.00883674621582,10.166665077209473,5.444370269775391,-1.8805181980133057,6.024405479431152,3.6867196559906006,-0.0702058672904968,-2.50471830368042,-3.674685716629028,-4.033176422119141,-7.941282749176025,-5.561140060424805,-3.1512818336486816,-1.167543649673462,-2.16326117515564,-4.266694068908691,-3.7980690002441406,-0.6703224778175354,-0.7977041006088257,-5.031299591064453,-4.568770885467529,-5.105389595031738,-0.6985935568809509,-3.167316675186157,-4.22687292098999,-2.785207509994507,-2.4873807430267334,-2.7527475357055664,-1.005169153213501,-1.2631874084472656,-1.3476165533065796,-2.228956699371338,-3.716484308242798
9,-286.6556701660156,169.6216583251953,35.25697708129883,33.781978607177734,22.005216598510746,32.99002456665039,5.579261779785156,13.97545051574707,8.170598030090332,7.014761447906494,-3.565149307250977,7.165556907653809,0.6895118951797485,3.5734333992004395,-6.277394771575928,-4.649805545806885,-7.0325608253479,-7.512538433074951,-7.283913135528564,-4.479971885681152,-3.392486333847046,-0.439864844083786,-5.551222801208496,-1.2889922857284546,-0.949674129486084,1.819775938987732,-8.109033584594727,-4.670138835906982,-5.765094757080078,0.5008195638656616,-4.930712699890137,-2.8729231357574463,-4.602518558502197,-1.2607707977294922,-2.978378772735596,-0.5058891773223877,-2.50590181350708,-1.5015851259231567,-3.4662365913391118,-3.484981775283813
9,-318.0361022949219,166.58985900878906,36.67228317260742,34.806640625,24.058612823486328,33.3545036315918,6.680702209472656,13.04581356048584,9.072606086730955,7.272792339324951,-2.931349992752075,7.180184364318848,0.5411834120750427,2.745321035385132,-5.053290367126465,-5.343803882598877,-6.122520446777344,-9.070164680480955,-6.800605773925781,-4.895594120025635,-3.6472463607788086,-0.9814177751541138,-4.654355525970459,-2.2767934799194336,-1.0576608180999756,1.3044742345809937,-7.640427589416504,-5.512065410614014,-5.559142589569092,0.4020368158817291,-4.51859188079834,-3.441293954849243,-4.392310619354248,-1.2011107206344604,-2.939751148223877,-0.8311179876327515,-2.3488943576812744,-2.01582407951355,-3.090360164642334,-3.4015471935272217
7,-318.7270202636719,44.094364166259766,-50.71944046020508,-3.536226987838745,-17.499601364135742,-2.344547986984253,7.247051239013672,3.182793617248535,-1.044518232345581,13.660599708557127,15.096961975097656,13.848373413085938,0.9391555190086364,-4.6454854011535645,-0.2430927902460098,1.0884205102920532,-0.2521663904190063,8.962971687316895,-2.9656152725219727,-1.292103886604309,10.202762603759766,4.05019998550415,0.2145145833492279,3.708098888397217,1.7574803829193115,5.463655471801758,1.2058483362197876,3.007633924484253,-2.7595715522766118,-2.2445554733276367,5.128324031829834,-0.8662846088409424,-2.117328405380249,1.2784970998764038,0.0821164101362228,1.4163382053375244,1.5477192401885986,0.9424164295196532,-1.6487423181533811,2.644602060317993
7,-320.2403259277344,45.2648811340332,-50.35042953491211,-9.181769371032717,-16.863723754882812,4.363077163696289,17.82999610900879,8.815613746643066,-3.499037265777588,5.880367755889893,9.325664520263672,13.814620018005373,2.605036497116089,-4.869211673736572,-0.1072333008050918,3.657888412475586,1.0003944635391235,7.731133937835693,0.0777898356318473,1.0074779987335205,5.773550510406494,1.8548146486282349,-0.2023814618587494,2.9804627895355225,2.4412755966186523,6.26541805267334,0.6490070819854736,3.085975170135498,-2.436171770095825,-1.1003575325012207,4.498031139373779,-1.6072428226470947,-1.6598716974258425,0.9864463210105896,-0.4291151165962219,0.4790420532226562,0.3345625698566437,0.5410348176956177,-1.5145525932312012,1.9033961296081543
7,-308.10858154296875,51.72667694091797,-47.14018630981445,-5.468746662139893,-26.72574615478516,-11.03592014312744,6.163256168365479,16.113801956176758,10.851301193237305,10.947726249694824,-0.7311590909957886,6.827699661254883,11.111523628234863,3.0266318321228027,-3.8734631538391113,-0.3709819912910461,-2.5136492252349854,6.298279285430908,7.461775779724121,1.920617938041687,-1.5650558471679688,4.331854343414307,3.496832609176636,2.9787607192993164,4.972396373748779,3.054407358169556,-0.3938733637332916,2.8655033111572266,-2.538753032684326,2.154692888259888,1.2587192058563232,-2.3511226177215576,0.264360636472702,1.4975987672805786,0.8861449360847473,1.691584587097168,1.0464004278182983,0.6802595257759094,-2.8744537830352783,1.3771885633468628
5,-212.3145294189453,193.7847442626953,-38.79959487915039,44.62957763671875,2.352330207824707,-3.897810220718384,-0.3398610353469848,-4.255345821380615,-4.787244319915772,1.930620789527893,-0.943367600440979,1.8965554237365725,2.572093725204468,-2.72156286239624,0.9632213711738586,0.749643862247467,-2.766543388366699,4.84610652923584,1.581140637397766,-0.4614937007427215,2.345170021057129,3.984917163848877,1.49858295917511,3.541572093963623,0.948246419429779,2.7511489391326904,2.142047882080078,-1.2047690153121948,2.0242090225219727,1.4419209957122805,-1.2620002031326294,-0.7819821834564209,-1.7955917119979858,-0.1015329509973526,0.1236321106553077,-0.2242633551359176,-2.25447416305542,-3.0950653553009038,-4.468536853790283,-1.6014283895492554
5,-219.8687744140625,189.4247131347656,-34.09210586547852,41.80371475219727,2.19768500328064,3.125577211380005,3.566770076751709,0.347550094127655,-4.9843573570251465,3.91759204864502,2.1955580711364746,3.8960256576538086,6.554990768432617,-0.7789481282234192,0.909298300743103,1.8759490251541135,-3.18666672706604,2.8948211669921875,0.7071079015731812,0.9108073711395264,-1.6108359098434448,1.5271838903427124,1.9632951021194456,5.5312981605529785,1.895361065864563,2.3665568828582764,0.4680685698986053,-1.1781777143478394,1.5842032432556152,0.8681044578552246,-1.7553136348724363,-1.666210412979126,-0.8734081387519836,0.5710685849189758,-2.651142835617065,-1.274342656135559,-2.365285634994507,-2.185291051864624,-3.200417280197144,-2.9247193336486816
5,-215.2891082763672,169.7508087158203,-24.66423797607422,50.79859161376953,-3.320678472518921,15.19780158996582,-2.775834083557129,4.393094539642334,-7.712715148925781,4.455063343048096,3.304269790649414,-0.5317668318748474,8.491558074951172,-1.1709343194961548,5.723877429962158,1.8320646286010744,0.3884325921535492,1.2792565822601318,0.8491920828819275,2.3521745204925537,-1.1186379194259644,-0.0777558982372284,0.4864859580993652,3.0039310455322266,-1.1581215858459473,-0.2041323482990265,-3.3657357692718506,-2.553596973419189,0.1533980220556259,-0.1380629986524582,-2.708833932876587,-1.793657302856445,-2.3410470485687256,-0.591569185256958,-1.859573602676392,-2.1014413833618164,-0.6173670887947083,-1.975092887878418,-1.1029856204986572,-3.620721101760864
5,-200.0902099609375,162.86944580078125,-26.59695625305176,54.54513549804688,-12.525799751281738,19.124422073364254,-7.244205474853516,5.5112080574035645,-7.882294654846191,5.089279174804688,4.546197414398193,-3.040931701660156,9.422863960266112,-3.731033563613892,6.927427291870117,1.0726197957992554,4.444272518157959,2.517625331878662,3.220191478729248,5.035375595092773,-0.8516659736633301,0.2902231514453888,-1.9894919395446775,2.1928646564483643,-3.5730443000793457,-0.2997357249259949,-4.938656330108643,-1.4593868255615234,0.4268876314163208,1.0369266271591189,-2.9019198417663574,-2.4027953147888184,-1.4467281103134155,0.0949302837252616,2.140045166015625,0.0431092977523803,2.841074228286743,-1.8657102584838867,-1.3253012895584106,-4.150674343109131
5,-205.3635711669922,179.90582275390625,-35.70317459106445,54.71597671508789,-10.29037094116211,17.761402130126953,-6.0340752601623535,2.742425441741944,-7.050013542175293,3.657905101776123,5.136922836303711,-1.625090718269348,8.042586326599121,-3.017472982406616,4.534905910491943,0.2922415435314178,3.172830820083618,1.26167893409729,0.1096923500299453,0.524906575679779,-2.132996797561645,-1.5289818048477173,-5.706295967102051,1.2031782865524292,-3.216991662979126,0.6577017903327942,-6.389002323150635,1.7538896799087524,-1.0396679639816284,1.8726364374160769,-0.0453641153872013,2.2331433296203613,0.0217252746224403,-0.8256155252456665,3.2134408950805664,2.0542855262756348,4.631360530853272,-1.497106671333313,-1.559954285621643,-5.510073184967041
5,-199.0408935546875,158.02737426757812,-31.029449462890625,55.63183975219727,-15.889080047607422,22.10174560546875,-9.870776176452637,8.357500076293945,-4.597156524658203,12.386747360229492,4.783716201782227,-3.98822546005249,6.283265113830566,-6.465717315673828,4.053081512451172,-1.0119833946228027,2.482254981994629,1.2636297941207886,4.101824760437012,6.761113166809082,0.9143774509429932,4.305441379547119,-2.474635362625122,0.2682539224624634,-5.436251163482666,4.635059356689453,-3.2111406326293945,3.487198829650879,-3.774273633956909,1.2819538116455078,-2.082956552505493,3.237243890762329,-0.720503568649292,-6.546017169952393,-0.7199784517288208,-5.621057987213135,0.7573532462120056,-4.507967948913574,3.58009934425354,-0.1862576454877853
5,-339.9931030273437,70.83477783203125,3.819035291671753,6.0290846824646,2.4746713638305664,-0.5137514472007751,1.074139952659607,11.27293872833252,7.485301971435547,6.479020118713379,7.278011798858643,6.593795299530029,6.90609073638916,6.8944993019104,4.796656131744385,5.279661655426025,2.9607787132263184,3.253570318222046,4.270277976989746,3.4477081298828125,-0.3912628591060638,3.199790954589844,-0.2580797076225281,1.1670726537704468,0.9656168222427368,0.0338104777038097,3.0553603172302246,2.410720109939575,0.2335124313831329,4.422616004943848,2.4869933128356934,2.898406505584717,2.252993106842041,2.779739618301392,0.9778339862823486,1.4538424015045166,0.0751159563660621,0.8034495115280151,1.2834841012954712,2.2092034816741943
5,-388.4903869628906,55.61902618408203,6.937083721160889,6.166712284088135,1.8729850053787231,1.7884726524353027,5.102823257446289,9.772576332092283,6.013381004333496,8.065095901489258,7.826972007751465,9.215938568115234,8.574456214904785,6.222000598907471,4.325987339019775,5.56740665435791,3.6556646823883057,3.000972986221313,3.915067195892334,4.418111801147461,0.796867847442627,2.52164363861084,0.3599391281604767,2.0372016429901123,1.4087344408035278,0.970025897026062,2.73737907409668,2.1492629051208496,0.8996168375015259,3.7637691497802734,2.8891923427581787,2.7827401161193848,2.332409381866455,1.5397952795028689,0.4989680051803589,0.8142990469932556,0.1408053338527679,0.1927710324525833,-0.1511507332324981,0.3799821138381958
5,-346.8694152832031,67.44048309326172,-0.1873969882726669,2.6754684448242188,1.0912530422210691,1.895377278327942,5.165843486785889,9.75125217437744,4.261422157287598,6.935730457305908,6.660616397857666,9.093055725097656,9.406519889831545,7.371502876281738,5.513016223907471,7.736654281616211,4.253911972045898,2.2389941215515137,3.069939136505127,3.7057621479034415,-0.1577055752277374,3.4787068367004395,0.19090136885643,2.202989101409912,1.7054587602615356,1.8290008306503296,5.251504898071289,4.178844928741455,2.096760034561157,5.21259880065918,3.423379421234131,3.071225881576538,2.8650569915771484,2.2985424995422363,0.3830070793628692,0.9734976291656494,0.1239813342690467,0.35321244597435,-0.1203793659806251,0.6243810057640076
5,-201.8628845214844,72.74850463867188,-26.88002586364746,49.996543884277344,-10.496878623962402,-2.723238945007324,4.035802841186523,5.562686920166016,-17.019954681396484,16.444581985473633,-9.328469276428224,-11.420788764953612,3.760532140731812,4.369336128234863,-16.962799072265625,4.012059688568115,-1.8863953351974487,-2.608833074569702,-2.4844114780426025,6.772993087768555,-4.669871807098389,3.295651197433472,-2.0591349601745605,-1.444599986076355,-0.8931141495704651,0.8776143193244934,-10.47223949432373,2.1341700553894043,-4.900225162506104,-5.5745463371276855,-6.748575687408447,-0.3366771638393402,-0.8107797503471375,2.6467013359069824,-4.850643634796143,-0.0579961873590946,-3.709184408187866,0.3508956134319305,-4.9803853034973145,-2.068281650543213
7,-333.4168701171875,105.31063842773438,-19.90693664550781,9.856022834777832,-8.653375625610352,-16.300594329833984,-15.49302577972412,-7.887374877929687,-6.510002613067627,2.768347978591919,-3.75228762626648,1.6127474308013916,-3.202288866043091,0.1529184281826019,-1.7999049425125122,4.039748191833496,4.209905624389648,6.239631175994873,-5.688847541809082,-4.122124195098877,-8.46628189086914,-2.7260658740997314,-7.468823432922363,-6.64461088180542,-9.500686645507812,1.3441790342330933,-1.5365792512893677,2.510694980621338,-4.108268737792969,-0.5188401937484741,-1.2796634435653689,1.029644012451172,-6.622872352600098,-2.675899744033813,-5.6639275550842285,-0.5649001002311707,-2.481308698654175,-0.9525007009506226,-4.649039268493652,-1.2901090383529663
7,-321.54864501953125,93.95938110351562,-21.94920539855957,19.403165817260746,-15.930779457092283,-13.78964138031006,-14.894246101379396,-7.015416145324707,-5.336014747619629,-3.323239803314209,-0.928585410118103,2.3187921047210693,0.2353982627391815,4.821370124816895,1.6412755250930786,3.3878014087677,0.3631967008113861,2.0397489070892334,-7.691260814666748,-3.2535946369171143,-7.686861515045166,-4.416991710662842,-7.986850261688232,-6.348328113555908,-6.232213020324707,2.75649642944336,-2.0272436141967773,1.712646484375,-2.4629874229431152,-0.9229838848114014,-3.926260709762573,-3.915753126144409,-9.521634101867676,-2.5812923908233643,-3.4047772884368896,2.011959314346313,0.4052520394325256,0.822961688041687,-3.680868625640869,-2.3572349548339844
7,-302.4173583984375,101.11849975585938,-28.32052230834961,11.573737144470217,-17.54178810119629,-9.968355178833008,-14.388283729553224,-5.0160017013549805,-11.472758293151855,-5.294120788574219,-4.61238431930542,4.468236446380615,-1.0954506397247314,4.309805393218994,1.9108401536941528,4.264496803283691,4.149796009063721,3.62832260131836,-6.154462814331055,-4.535356044769287,-8.992202758789062,-4.618715763092041,-7.29754114151001,-2.9754483699798584,-5.869007110595703,2.2762393951416016,-3.105810165405273,2.907395124435425,-2.412962913513184,-1.879749774932861,-2.8116962909698486,-1.1992381811141968,-6.836418628692627,-1.0885289907455444,-6.793675899505615,-0.933408498764038,-1.757231593132019,-0.6098313331604004,-3.1364283561706543,-0.3506232798099518
7,-286.4450988769531,110.67994689941406,-46.12654495239258,10.02558422088623,-17.185266494750977,-7.285748481750488,-6.7807440757751465,-16.811687469482422,-8.75942611694336,3.697803258895874,5.768920421600342,5.492977142333984,-8.356101036071777,-0.2412400841712951,3.269237995147705,5.141670227050781,-4.044197082519531,-4.765964031219482,-7.835926055908203,3.3096296787261963,-6.33560848236084,-7.665098190307617,-12.519518852233888,-3.745863437652588,-4.326530456542969,3.682023763656616,-3.7097599506378174,1.0868408679962158,-0.4756555259227752,0.5489712953567505,-5.811578273773193,-7.048085689544678,-9.628153800964355,0.6665710210800171,-4.9132914543151855,1.3110973834991455,-1.863369107246399,0.2644061148166656,-1.2568334341049194,-2.225055694580078
10,-380.54290771484375,126.53490447998048,16.042449951171875,25.217180252075195,20.19466590881348,17.130155563354492,12.917791366577148,8.318859100341797,3.625049829483032,10.795415878295898,1.1726046800613403,1.6217100620269775,10.612651824951172,3.3118910789489746,0.603418231010437,9.139625549316406,1.7653603553771973,4.354804039001465,4.589715480804443,6.921105861663818,-1.4976527690887451,5.943610668182373,-1.3588802814483645,9.043718338012695,0.0839209556579589,-0.5834821462631226,-3.443168878555298,8.647322654724121,-4.635517597198486,0.3450188040733337,-4.529072284698486,4.697152614593506,-2.724055528640747,2.197295665740967,-5.150681018829346,4.731356620788574,-0.957625448703766,4.106799602508545,-1.1374690532684326,3.793025255203247
10,-375.3555908203125,130.53829956054688,10.60074520111084,23.52179718017578,21.64627456665039,18.35101127624512,10.09481430053711,4.538941383361816,8.05373764038086,10.328816413879396,1.1006563901901243,4.065948486328125,9.795332908630373,4.447517395019531,1.3499542474746704,8.600866317749023,2.307769536972046,5.184284210205078,6.082239627838135,4.940235137939453,-4.384644031524658,5.331815719604492,-0.3483021855354309,8.244840621948242,-1.2778767347335815,-2.3768367767333984,-6.882362365722656,9.13277816772461,-2.5607855319976807,-0.3153084516525268,-6.565771102905273,4.384983539581299,-0.5210240483283997,3.848131895065308,-4.626374244689941,3.052095890045166,-1.1507853269577026,4.429862022399902,-3.3225693702697754,3.466432809829712
8,-182.34359741210935,93.8936767578125,28.656967163085938,18.631187438964844,12.130120277404783,3.983177661895752,-4.214101314544678,-0.4182804524898529,4.762322902679443,3.549952507019043,0.2910038232803345,6.36165189743042,-4.289637088775635,4.145358085632324,-0.0466030053794384,3.7587480545043945,-4.757683753967285,0.3812661170959472,0.1795398890972137,3.8327481746673584,-2.021962404251098,-0.5763669610023499,-2.2139980792999268,3.5763278007507324,-3.068602561950684,3.313148021697998,-0.7695725560188293,0.5904941558837891,-2.13554048538208,6.5307135581970215,-1.1942613124847412,-0.099026545882225,-0.2501803636550903,5.263565540313721,-1.2864718437194824,2.3250558376312256,-2.3285017013549805,1.56292462348938,-3.5645551681518555,-2.447462797164917
8,-186.70944213867188,108.97188568115234,16.893829345703125,32.085182189941406,6.201444149017334,7.41477108001709,-6.310722351074219,4.304790496826172,4.82619571685791,5.668552398681641,-0.2190921753644943,3.5835063457489014,-2.7964861392974854,5.056196212768555,-4.583811283111572,1.5614509582519531,-2.709587574005127,2.2584617137908936,-0.8612432479858398,0.3218508064746856,-1.4631896018981934,4.486824989318848,-3.2477710247039795,3.5265133380889893,-0.6689134240150452,4.901739597320557,-1.628032922744751,0.4429596960544586,-2.1413581371307373,1.9204407930374143,-3.0080678462982178,2.471346616744995,-1.5144219398498535,0.0331707373261451,-4.184229373931885,0.0543481968343257,-2.050009727478028,1.0931828022003174,-3.1131069660186768,0.4572537243366241
8,-199.4503631591797,81.02232360839844,38.95381927490234,16.608339309692383,15.925970077514648,6.830235004425049,0.3200768232345581,0.6470423340797424,1.013412356376648,4.0247907638549805,0.3246612250804901,4.473270893096924,-3.326396942138672,3.5406882762908936,-1.410570740699768,4.345935821533203,-0.5905657410621643,2.4104745388031006,0.633370041847229,4.478179931640625,-0.3696697950363159,3.9632625579833984,-2.289174318313598,2.665468692779541,-1.865437388420105,1.864431619644165,-1.5252748727798462,2.5181081295013428,-2.300905466079712,4.088050842285156,-1.1334575414657593,1.4983134269714355,-2.5765275955200195,1.163074612617493,-2.691009759902954,1.7005795240402222,-2.869035243988037,1.1945693492889404,-0.1400338113307953,0.5401259660720825
8,-199.6021881103516,98.76978302001952,33.24223327636719,26.401220321655277,9.73006534576416,8.79104232788086,2.3457627296447754,2.8042633533477783,1.252052903175354,3.292280673980713,-0.4320771694183349,1.8012375831604004,-5.282293319702148,2.8770008087158203,-2.585452079772949,0.6794528961181641,-5.473835468292236,-1.605661153793335,-1.9103153944015503,2.681171417236328,-4.301997184753418,0.7625557780265808,0.339616447687149,3.2636659145355225,-1.5055644512176514,5.223694801330566,0.977066934108734,2.717094659805298,1.310428500175476,6.786950588226318,-3.383383750915528,-0.1689497679471969,0.3734936118125915,4.478194713592529,-2.0805768966674805,2.272990465164185,-3.853190660476685,-1.3255342245101929,-3.703079462051392,-2.133107185363769
8,-157.83395385742188,110.3144073486328,14.342029571533203,34.30371856689453,14.226203918457031,9.46609592437744,1.668777346611023,6.512564659118652,-2.2081401348114014,6.3145527839660645,7.558040618896484,1.843259572982788,-5.320406913757324,7.759150505065918,1.9622052907943728,5.236965179443359,-1.020232319831848,-1.582418441772461,-7.932874202728271,1.756989598274231,-7.26543664932251,-1.1787129640579224,-1.7389739751815796,-1.163942813873291,0.98650723695755,4.30179500579834,-3.1956441402435303,-1.463178038597107,-5.274038791656494,8.040908813476562,-9.150425910949709,-3.400753259658813,0.4336369633674621,2.788489818572998,-0.6247249245643616,4.2587666511535645,0.6761760711669922,-5.647262573242188,-2.759873151779175,1.4034849405288696
8,-150.74368286132812,101.67318725585938,19.8884334564209,35.38779830932617,9.970349311828612,10.793724060058594,2.525741577148437,8.95368480682373,0.700448751449585,11.343916893005373,6.2115349769592285,-0.4530242681503296,-2.104881763458252,13.95607852935791,2.291130542755127,2.4947047233581543,3.232266902923584,-0.6580746173858643,-9.50773811340332,6.027659893035889,-8.63357925415039,-7.711148262023926,0.7511937022209167,-1.6172316074371338,-1.88010847568512,2.3474650382995605,-5.810003280639648,-1.5151580572128296,-8.913016319274902,8.075581550598145,-9.59234619140625,-5.7586188316345215,1.944440841674805,1.4892666339874268,-1.0604168176651,1.4311068058013916,0.0484840758144855,-3.617424964904785,1.790823221206665,0.459897518157959
5,-189.2315673828125,69.90216064453125,1.6095072031021118,-26.908971786499023,-6.752970218658447,-11.311644554138184,12.514872550964355,2.972482204437256,-3.179114580154419,5.393809795379639,0.8468937277793884,13.69908046722412,6.4847025871276855,6.4705657958984375,-7.235963344573975,0.4651760160923004,-1.9030579328536987,7.531631946563721,-0.4904573559761047,8.540717124938965,2.80012845993042,7.980337619781494,-4.1564459800720215,3.1019606590271,-1.480321168899536,4.638260364532471,-2.4486701488494877,1.6578152179718018,2.82016396522522,8.804018020629883,4.787589550018311,4.83404541015625,-0.38614222407341,1.4115517139434814,-2.174856185913086,5.8632402420043945,1.0279455184936523,6.060215950012207,-0.0293345041573047,0.9631205797195436
5,-206.8601226806641,107.60393524169922,-33.722862243652344,-42.87596130371094,-19.267520904541016,-20.88065719604492,-24.201095581054688,-13.689376831054688,-9.964425086975098,-2.2222254276275635,2.393968105316162,15.044145584106444,1.4278218746185305,-6.086259841918945,-9.248977661132812,6.035004138946533,1.3154776096343994,5.478549957275391,-2.6649038791656494,8.512353897094727,-0.238574743270874,4.016345977783203,-7.486067771911621,3.484951496124268,-2.359457492828369,3.999349355697632,-0.0522445440292358,-2.4078407287597656,-1.2047537565231323,3.821122169494629,1.134119749069214,8.354626655578613,-0.7204679846763611,5.086490154266357,-8.042139053344727,3.369176387786865,1.0594373941421509,-0.6435689926147461,-1.7868759632110596,2.460536003112793
5,-243.1496124267578,51.406349182128906,-21.65427017211914,-43.54108810424805,-25.516193389892575,-22.77406120300293,0.8835339546203613,-4.5570478439331055,-23.00013732910156,2.1519546508789062,2.271481990814209,8.462003707885742,-6.05371618270874,2.6914432048797607,-3.83434796333313,2.701984167098999,1.285923957824707,2.95255184173584,-11.17533016204834,5.172818660736084,5.3862481117248535,6.168723106384277,-5.97139835357666,-1.155544638633728,-5.590677738189697,-0.7256834506988525,1.2371457815170288,2.934288740158081,0.6609277129173279,1.6643222570419312,-0.912950038909912,6.888052940368652,-0.4728062152862549,1.9768487215042116,-3.9351494312286377,5.21679162979126,-1.1268417835235596,0.6719518303871155,-2.430981397628784,1.3509775400161743
5,-159.73744201660156,49.30736923217773,-40.09764862060547,-18.18802070617676,-8.136862754821777,-17.448654174804688,-14.103826522827148,-7.1549391746521,-2.192605972290039,7.228910446166992,4.574119091033936,11.510153770446776,-0.6656362414360046,-0.299460619688034,-4.419607162475586,3.0143051147460938,-0.2762192785739898,10.818914413452148,-1.1106243133544922,10.77944278717041,-1.629441738128662,1.013759732246399,-5.680309772491455,2.8134682178497314,-2.8700051307678223,3.6519615650177,-1.4575984477996826,1.8638148307800293,-2.0048277378082275,3.8630051612854,1.8705681562423704,4.412810325622559,1.4632446765899658,4.400083541870117,-6.387393474578857,0.6267751455307007,-0.4648036062717438,2.954633474349976,0.5691027045249939,3.6140248775482178
8,-202.74078369140625,92.30005645751952,13.508522033691406,34.16527557373047,-1.4740246534347534,25.4415340423584,-6.329676628112793,12.55552864074707,-6.473716735839844,3.7905774116516113,-10.135993957519531,3.486870765686035,-6.057940483093262,0.0194528717547655,-6.053170204162598,0.3504637777805328,-5.64728593826294,-0.4537723064422607,-4.127216339111328,1.2769579887390137,-3.051443099975586,-1.683356523513794,-5.651369094848633,-1.5466259717941284,-3.5215365886688232,0.974184513092041,-5.475512027740479,-0.1897530555725097,-4.192256450653076,0.0698661133646965,-3.091012477874756,-1.5933102369308472,-3.084126234054565,1.9197020530700684,-6.196952819824219,2.477550983428955,0.7298187017440796,0.7233955264091492,-1.4974247217178345,2.9964637756347656
8,-228.761474609375,113.2533950805664,-3.146590232849121,23.341121673583984,-10.078243255615234,15.928601264953612,-0.5897509455680847,1.6687915325164795,-2.3115601539611816,9.67318344116211,-7.563939571380615,3.617398738861084,-3.201817512512207,6.295029163360596,-2.595540761947632,2.0718719959259038,-5.342609882354736,0.7855663895606995,-3.5616228580474854,3.9238860607147217,-0.9964144229888916,-0.5509459376335144,-3.6646957397460938,-4.344162940979004,-4.281402587890625,1.6076732873916626,-4.3444504737854,0.9241251945495604,-4.190385341644287,1.6804661750793457,-1.4986183643341064,1.236425518989563,-2.461498737335205,1.7921329736709597,-3.9651925563812256,1.6690144538879397,-1.736796259880066,2.3080151081085205,-2.593613386154175,1.1469569206237793
8,-229.6200256347656,128.88929748535156,-5.257471084594727,28.9788875579834,-5.513367176055908,6.099453926086426,0.9467520117759703,12.781227111816406,2.6012556552886963,5.053604602813721,-6.438230991363525,7.218811988830566,-0.8970165848731995,7.720054149627685,0.3190544843673706,4.803499221801758,-3.454119920730591,1.9233946800231931,-1.0766637325286863,1.039883732795715,-0.3963734209537506,-0.0209029261022806,-7.142168998718262,-3.7012088298797607,-3.0354232788085938,-0.1563669592142105,-3.9341378211975098,1.85301411151886,-2.461265802383423,-3.023338794708252,-4.971778392791748,0.8137767910957336,-5.613107681274414,-2.472720146179199,-5.0570807456970215,0.6531038880348206,-3.0535330772399902,-0.323479413986206,0.2180503010749817,0.3381034731864929
8,-184.03013610839844,122.94953155517578,5.435080051422119,34.609519958496094,1.6211508512496948,13.539565086364746,1.5443328619003296,11.068424224853516,3.5152220726013184,1.73106849193573,-10.142864227294922,0.2423738539218902,-2.076557159423828,4.427908897399902,-6.815360069274902,0.3297220170497894,-5.254794120788574,-0.9166498184204102,-0.6331692934036255,4.002312660217285,2.6314101219177246,0.6845576167106628,-2.5579075813293457,0.0072216410189867,-0.7488583922386169,4.145466327667236,0.6878635287284851,3.0735960006713867,-3.2281177043914795,-4.606589794158936,-6.46795129776001,-3.143635034561157,-6.512349605560303,-3.747833728790283,-9.396337509155272,-4.659994125366211,-4.785226821899414,-1.9134948253631592,-2.478521585464477,-0.7388877868652344
8,-215.2612152099609,114.6932601928711,5.597829818725586,32.27362823486328,1.011674880981445,9.418941497802734,1.8659703731536863,13.707265853881836,-0.6584466099739075,9.167421340942385,-4.887752056121826,5.34733247756958,-4.281974792480469,5.837549209594727,-1.372987151145935,4.636548042297363,-0.0811193361878395,4.634922504425049,1.6577285528182983,3.4942493438720703,0.1221615821123123,2.278339385986328,-2.152551651000977,-0.3366844654083252,-3.2930657863616943,-0.5401274561882019,-6.177579879760742,-1.520679950714111,-4.4184393882751465,-1.640697360038757,-4.899106979370117,-1.815163731575012,-6.0833420753479,-0.5888726711273193,-3.161288022994995,0.0771640688180923,-3.327040195465088,1.978529691696167,-3.427750587463379,-2.054809093475342
8,-194.1008453369141,109.4140853881836,3.655848979949951,21.75012969970703,-7.1526055335998535,9.925402641296388,-6.034611701965332,9.664742469787598,-0.1462586671113968,5.855825424194336,-6.987039566040039,5.4724225997924805,-8.048604011535645,2.3800837993621826,-3.536193609237671,-0.5316706895828247,-5.049803256988525,2.656860589981079,-1.568310022354126,2.5613393783569336,-0.1199575439095497,0.194753035902977,-3.0811243057250977,1.9649922847747805,-1.889854073524475,1.7682064771652222,-4.591679573059082,-0.839853823184967,-4.380924701690674,-1.1978386640548706,-4.514277458190918,1.3692682981491089,-3.37279748916626,-0.4626726806163788,-5.286487579345703,1.558854341506958,-2.45192551612854,-1.0219461917877195,-3.085306406021118,1.2171005010604858
9,-259.68975830078125,120.91175842285156,7.742527484893799,-8.98797607421875,-7.218438148498535,23.440746307373047,12.78300952911377,18.277223587036133,5.381832599639893,9.137524604797363,-1.334156155586243,5.137786865234375,-7.508378505706787,4.567802429199219,-8.212018966674805,-1.73192298412323,-6.589215755462647,-0.1073444336652755,-3.973050594329834,2.997331142425537,-2.385128974914551,1.515013575553894,-2.7123219966888428,0.6475229263305664,-4.3400492668151855,-2.7510366439819336,-6.685089588165283,0.1062187701463699,-4.253708839416504,0.5079860687255859,-3.669004917144776,-0.2754911482334137,-5.222118854522705,0.329369843006134,-5.040828704833984,-2.042962551116944,-5.379044055938721,0.7047110199928284,-3.635607481002808,-0.6732658743858337
9,-259.56201171875,127.19391632080078,5.649310111999512,-12.7797212600708,-8.4677734375,23.34769058227539,12.217276573181152,18.711557388305664,6.706674098968506,11.870928764343262,0.6208210587501526,6.121504306793213,-6.0206298828125,1.8498696088790891,-9.522602081298828,-1.6304494142532349,-6.825445175170898,-1.55552077293396,-4.089301109313965,3.9160289764404297,-2.4392902851104736,1.1023341417312622,-3.734997272491455,-0.9055256843566896,-5.695437431335449,-2.561856985092163,-7.44957160949707,-0.4089722335338592,-3.186736822128296,1.5457767248153689,-3.752030372619629,0.6739107966423035,-3.841707944869995,0.6351382732391357,-5.016775608062744,-1.4294837713241575,-5.256650924682617,0.373081624507904,-2.5251786708831787,0.3971832692623138
9,-259.3056030273437,129.62274169921875,3.875334024429321,-12.291518211364746,-9.736058235168455,21.11467742919922,9.968435287475586,18.80563735961914,7.408891677856445,12.511515617370604,-1.2554051876068115,3.3561739921569824,-8.343024253845215,0.7836436033248901,-8.92678165435791,-0.503682553768158,-5.744645595550537,-0.6833900213241577,-4.587039470672607,2.6815943717956543,-1.9664149284362795,1.6624815464019775,-3.0811607837677,-0.7196361422538757,-5.679188251495361,-2.632412433624268,-6.789230346679688,0.1301260888576507,-3.409876108169556,1.6665042638778689,-3.824486970901489,0.3378964960575104,-4.092364311218262,0.3610087633132934,-5.0511884689331055,-1.2637330293655396,-5.0380167961120605,0.0616808533668518,-2.6707262992858887,0.8543656468391418
9,-263.8636169433594,124.95523834228516,1.6130406856536863,-7.731866359710693,-4.6308913230896,24.130483627319336,10.627379417419434,15.419492721557615,0.8832852840423584,6.232389450073242,-5.602816104888916,2.372043371200561,-7.897289276123047,2.7855477333068848,-8.857385635375977,-1.4050284624099731,-5.897241592407227,0.9734998941421508,-4.33903169631958,2.0171899795532227,-2.719789505004883,2.2743399143218994,-2.4328367710113525,0.1938811242580413,-4.82338285446167,-1.5428943634033203,-5.461588382720947,0.4237866401672363,-4.431894779205322,0.649405837059021,-3.948369264602661,0.1760429441928863,-4.766263961791992,-0.713977038860321,-4.948761463165283,-1.0388346910476685,-4.612329483032227,-0.4984550774097442,-3.077157497406006,1.0250076055526731
9,-263.131103515625,121.55150604248048,-3.666064977645874,-2.580150365829468,2.4189252853393555,29.097450256347656,10.318685531616213,7.873937129974365,-9.0043306350708,1.9865403175354004,-3.987526178359986,5.030298709869385,-5.743680477142334,1.9774736166000368,-9.639378547668455,-1.6163983345031738,-4.937157154083252,-0.2710222005844116,-5.369148254394531,1.7200140953063965,-3.948206186294556,2.168316602706909,-3.322880983352661,0.6384516358375549,-3.804574012756348,0.2596666514873504,-4.7330522537231445,1.3830100297927856,-3.320939540863037,0.6941303014755249,-3.971904754638672,0.7460278868675232,-5.517687797546387,-1.0191192626953125,-4.130548000335693,-0.9376522302627563,-4.38914680480957,-0.2166604697704315,-3.189720630645752,0.714146614074707
9,-240.76959228515625,124.66100311279295,-13.596596717834473,1.214493751525879,-0.977274477481842,22.7997989654541,6.226607799530029,6.48921537399292,-9.082533836364746,5.288021564483643,-6.507957935333252,-0.1642792969942093,-4.774971961975098,4.596668243408203,-7.6226911544799805,-0.726618766784668,-5.691007614135742,-3.926646232604981,-5.624007225036621,2.341016292572021,-4.22220516204834,2.057067632675171,-3.774889707565308,-0.2595198452472687,-2.540736675262451,2.088561534881592,-4.793528079986572,2.5098297595977783,-1.8720110654830933,0.2844796478748321,-3.720689296722412,1.15903639793396,-6.399408340454102,-0.281207412481308,-3.440951108932495,-1.4842137098312378,-4.484696865081787,0.677376389503479,-3.1666369438171387,0.5841423869132996
7,-200.62510681152344,147.22410583496094,-38.64329528808594,26.53766250610352,-5.79481315612793,13.571477890014648,-10.337862014770508,5.937492847442627,-7.435661315917969,6.713174343109131,-6.460190773010254,2.905301570892334,-5.085902690887451,2.5325942039489746,-4.1515889167785645,-0.0728477984666824,-8.156218528747559,-2.2223105430603027,-5.811662673950195,0.4671775996685028,-4.553936958312988,-0.0123070124536752,-4.834669589996338,-1.3065462112426758,-4.819977283477783,0.0346380919218063,-4.37799596786499,0.3297539353370666,-3.851499080657959,-0.3718307614326477,-3.6093904972076416,0.8145958185195923,-3.4821717739105225,0.5415745377540588,-2.7818260192871094,0.7679139971733093,-3.3165524005889893,1.4277809858322144,-3.4525835514068604,-0.8809639811515808
7,-190.22760009765625,144.54843139648438,-41.67008209228516,30.751888275146484,-6.143908977508545,14.608015060424805,-9.3735933303833,4.7571330070495605,-6.318772792816162,6.6165947914123535,-7.050888538360596,4.128210544586182,-5.739885330200195,2.684782028198242,-2.91257905960083,-1.0007269382476809,-7.600070953369141,-0.3778813183307647,-5.822066783905029,0.4332515597343445,-3.286064386367798,0.3643192946910858,-5.319079399108887,-0.6083759069442749,-4.3023858070373535,0.0873939841985702,-5.197760105133057,-0.9265928864479064,-4.765848159790039,-0.8663304448127747,-3.3179445266723637,0.7088290452957153,-3.8631186485290527,1.4905542135238647,-2.812944173812866,0.6031891703605652,-3.046675682067871,2.268234968185425,-3.216952085494995,-0.7777798771858215
7,-201.46337890625,143.45274353027344,-41.25669860839844,29.08792495727539,-6.3214430809021,18.27470970153809,-9.63837432861328,4.834835529327393,-7.828395843505859,7.923641204833984,-5.6232008934021,4.298285007476807,-6.177594184875488,2.2979447841644287,-1.9744234085083008,-2.0548558235168457,-6.374252796173096,-1.356135010719299,-6.6542840003967285,2.452631711959839,-3.909234762191773,-0.2570597529411316,-4.953670978546143,-3.1215410232543945,-4.114591598510742,0.8974600434303284,-6.395490646362305,0.68942791223526,-3.045105218887329,-0.2749307453632355,-5.223989009857178,-0.7412298321723938,-4.9124860763549805,1.0329750776290894,-3.4025259017944336,0.8944396376609802,-2.187705039978028,0.6509343385696411,-3.469770669937134,-1.6316018104553225
7,-187.5460662841797,133.87762451171875,-30.548015594482425,26.21476173400879,-4.37970495223999,18.55013465881348,-8.028956413269043,8.051841735839844,-7.5677008628845215,6.944554805755615,-7.776151180267334,4.875500202178955,-5.379724025726318,2.008831262588501,-4.373348712921143,-1.6022676229476929,-9.248356819152832,-0.8208667635917664,-5.648707389831543,1.8160399198532104,-4.208216190338135,-2.4678330421447754,-6.236495971679688,-1.733955144882202,-4.647521495819092,1.131550669670105,-5.384700775146484,0.8445542454719543,-5.781968116760254,-1.0726693868637085,-4.271608352661133,-0.100640632212162,-5.234539985656738,1.1263126134872437,-4.7316412925720215,0.8077381253242493,-2.238457202911377,0.5355415940284729,-2.568509578704834,-0.2530474066734314
7,-207.18170166015625,145.488525390625,-34.64049530029297,28.17733383178711,-0.7835290431976318,15.326539039611816,-6.201781749725342,4.357189178466797,-6.899597644805908,6.654430389404297,-5.233292579650879,0.1834850013256073,-6.138173580169678,0.5463516116142273,-4.718555927276611,-3.861330986022949,-9.785881996154783,-1.3446530103683472,-6.126986980438232,0.6253286600112915,-4.909605026245117,-1.1345555782318115,-5.046802520751953,-1.94721782207489,-4.275954246520996,-0.0671673342585563,-5.746163845062256,0.729396402835846,-3.9668493270874015,-0.3928910493850708,-6.204030990600586,-0.7465515732765198,-4.981166839599609,1.512069582939148,-3.7385740280151367,0.015418455004692,-3.823586463928223,0.3405592739582062,-4.320549011230469,-0.6178152561187744
7,-195.98812866210935,135.97454833984375,-33.053955078125,25.964109420776367,-3.537078619003296,15.636616706848145,-7.657463550567627,2.6302175521850586,-5.460851669311523,6.807486534118652,-4.872692108154297,4.139276027679443,-4.519939422607422,1.7522999048233032,-2.17462158203125,-0.9210292100906372,-5.36005163192749,-1.0116918087005615,-5.118506908416748,1.165849208831787,-3.002068042755127,-1.5490362644195557,-3.217101812362671,-3.716765880584717,-3.8369839191436768,-1.098954439163208,-4.420937061309815,-1.3126435279846191,-3.9349782466888423,-2.0987606048583984,-3.093499183654785,-0.5615262389183044,-2.719183921813965,-0.2655640840530395,-2.422712802886963,-0.93114972114563,-0.4058752357959747,-0.0088896118104457,-1.3144627809524536,-1.9702829122543333
7,-204.60693359375,138.5706024169922,-34.95835876464844,25.395206451416016,-3.130067586898804,15.05894374847412,-7.271209239959717,3.312841892242432,-5.383956432342529,5.8076581954956055,-4.039134979248047,3.0532827377319336,-3.9230690002441406,2.502059936523437,-2.8195838928222656,-1.162957787513733,-6.076757431030273,-1.688909649848938,-5.7916579246521,1.048609495162964,-2.9949944019317627,-1.7369277477264404,-3.88115668296814,-4.224099159240723,-3.673250198364258,-1.4913477897644043,-3.610231637954712,-1.2926790714263916,-2.4586598873138428,-1.6036678552627563,-1.8302319049835205,-1.9614083766937256,-1.7548680305480957,0.1280603557825088,-1.969051480293274,-1.147674322128296,-0.9675112962722778,-0.3612129390239715,-1.04158616065979,-1.8499385118484497
7,-205.24388122558597,141.28309631347656,-37.21188354492188,27.18392372131348,-6.168689250946045,17.503934860229492,-9.733755111694336,7.316884040832519,-7.093497276306152,5.497700214385986,-7.06458854675293,3.434171676635742,-4.080404758453369,4.0673370361328125,-4.283417701721191,-0.295480877161026,-7.679959774017334,-0.5135318636894226,-6.5389933586120605,2.815311908721924,-3.3168282508850098,0.5907925963401794,-5.718894481658936,-2.822551727294922,-5.440924167633057,-0.7687404155731201,-4.370096206665039,0.2141266465187072,-3.386826038360596,-0.0800405070185661,-3.764126300811768,-1.4684423208236694,-3.342071771621704,0.8983295559883118,-2.821690559387207,0.2549446225166321,-2.3844892978668213,0.8479391932487488,-2.674363613128662,-0.913138508796692
7,-361.3458251953125,128.44418334960938,8.282153129577637,-19.471939086914062,-14.397387504577637,-0.3075395226478576,-22.55389213562012,-21.11321449279785,-12.713508605957031,-14.65989112854004,-5.708102226257324,2.9944369792938232,-9.62447738647461,-9.442533493041992,-7.721414566040039,-3.4298527240753174,4.220475196838379,9.897294044494627,11.340539932250977,7.654644012451172,-1.4601761102676392,-0.9239451885223388,1.1845877170562744,-1.8084070682525637,-1.8469146490097048,-2.1826486587524414,-5.407642364501953,-4.115366458892822,-0.1646870523691177,-1.2778613567352295,-4.232949256896973,-5.987906455993652,-2.5296120643615723,1.624154806137085,-2.7358109951019287,-2.347567319869995,-1.3959773778915403,-0.5534443259239197,-3.8188557624816895,-1.3742355108261108
7,-355.7818298339844,115.68560028076172,13.907638549804688,-12.964411735534668,-11.469738960266112,-1.2904990911483765,-22.01797103881836,-19.96364402770996,-14.874706268310549,-15.622550010681152,-6.311738014221191,0.2696224153041839,-11.585320472717283,-11.997432708740234,-8.73068904876709,-1.6850568056106567,5.74452018737793,8.499628067016602,9.765766143798828,5.902364730834961,-1.3123283386230469,0.8469169735908508,1.8009774684906006,-1.4820743799209597,-2.403930425643921,-1.8327397108078003,-2.9635026454925537,-0.8282629251480103,-0.1510420143604278,-1.826845407485962,-5.3731369972229,-6.582927227020264,-1.2425124645233154,1.5537444353103638,-3.153120279312134,-2.3656816482543945,-1.444838285446167,-1.0708293914794922,-3.831658601760864,-1.147041916847229
7,-385.1450500488281,105.0853500366211,16.121315002441406,-9.001287460327148,-8.279142379760742,0.3541356921195984,-14.294360160827637,-14.026864051818848,-11.260210990905762,-11.882526397705078,-5.6956963539123535,-1.728714942932129,-10.40948486328125,-11.418713569641112,-8.918251991271973,-0.5132408738136292,6.354190349578857,7.408966541290283,8.03010082244873,4.411283016204834,-1.2770671844482422,-0.8558121919631958,0.0396439209580421,-1.2991385459899902,-3.4876983165740967,-2.7239091396331787,-1.7211159467697144,0.6093984842300415,-0.2636658549308777,-2.2058873176574707,-3.756032943725586,-3.568938970565796,-0.6653572916984558,0.7149410247802734,-2.7035932540893555,-1.910359501838684,-1.5455414056777954,-1.6087617874145508,-3.3954811096191406,-1.3729184865951538
8,-50.05977249145508,69.47675323486328,6.253599166870117,7.0523858070373535,-23.004587173461918,10.24026870727539,-6.016735553741455,-9.758057594299316,-9.24471950531006,-5.624349594116211,-12.656387329101562,-1.974042892456055,-10.302995681762695,-7.627857208251953,-7.313282012939453,-5.794392108917236,-6.766604423522949,-2.707260131835937,-9.144607543945312,4.663309097290039,-0.4016692638397217,-1.0393099784851074,-4.42864465713501,-7.937754154205322,-8.947030067443848,-0.814893364906311,-3.807236909866333,2.073542356491089,-6.136508464813232,-1.7364829778671265,-7.563494682312012,1.9685877561569212,-7.996823310852051,0.3150673508644104,-6.722314834594727,-1.3855292797088623,-6.5390496253967285,-1.2674145698547363,-5.850512027740479,1.268608808517456
8,-51.7968864440918,68.52713775634766,6.143766403198242,8.393795013427734,-22.67447662353516,10.569500923156738,-6.154236316680908,-10.021010398864746,-9.848220825195312,-4.506698131561279,-13.801780700683594,-3.8573944568634033,-10.468082427978516,-5.228080749511719,-6.744638919830322,-4.2620062828063965,-8.261638641357422,-4.611568927764893,-8.486571311950684,4.694090366363525,0.0587725564837455,-0.7972558736801147,-6.604025840759277,-8.996781349182129,-9.345696449279783,-1.2653982639312744,-3.666096448898315,2.2230327129364014,-5.401573657989502,-1.1197209358215332,-6.014562129974365,2.597926616668701,-7.369796276092529,0.3935561776161194,-6.33942174911499,-0.7121258974075317,-7.039234161376953,-1.2189451456069946,-6.221442699432373,1.2527687549591064
8,-60.671024322509766,71.19954681396484,6.420554161071777,7.290430068969727,-24.83424186706543,10.369221687316896,-5.153578758239746,-11.387063026428224,-9.147469520568848,-2.7181396484375,-15.335413932800291,-6.34139347076416,-12.409029006958008,-4.724379539489746,-8.504199981689453,-4.809461116790772,-8.404472351074219,-3.811249732971192,-6.578018665313721,5.350957870483398,0.206453800201416,0.3691341280937195,-6.041248321533203,-6.951449871063232,-6.96848201751709,-0.7286944389343262,-3.715674638748169,2.790994167327881,-4.884252548217773,0.4534247517585754,-6.006309509277344,2.647891998291016,-6.625929832458496,-0.5531414151191711,-6.054971218109131,-0.1177543476223945,-5.902624130249023,0.1463675945997238,-5.430497646331787,1.2157747745513916
8,-74.7002944946289,77.88771057128906,6.108431816101074,6.312600135803223,-27.07608985900879,8.848730087280273,-3.4465620517730717,-13.406365394592283,-6.453597545623779,-0.8550646305084229,-17.27368927001953,-7.487619400024414,-15.746502876281738,-6.7048659324646,-9.623709678649902,-5.793889999389648,-7.457940578460693,-1.829268455505371,-4.33507776260376,5.350942134857178,0.15602408349514,-0.2547162473201751,-5.688992977142334,-5.327043533325195,-3.926448106765747,2.243420362472534,-2.7292869091033936,2.1822879314422607,-6.206135272979736,0.3868076205253601,-7.630850791931152,2.653411388397217,-6.32131814956665,-2.304802894592285,-6.55463171005249,-0.2897368967533111,-3.752889394760132,2.4898128509521484,-4.5767130851745605,1.0051428079605105
8,-62.49039840698242,74.29495239257812,7.702236652374268,6.50059700012207,-27.06829643249512,9.14181137084961,-4.258120059967041,-13.919855117797852,-6.659717559814453,-2.5177719593048096,-15.679608345031738,-6.6247148513793945,-15.452784538269045,-8.698668479919434,-9.028090476989746,-4.652340888977051,-5.975765228271484,-0.1037837564945221,-3.924989461898804,3.564457416534424,-1.83249831199646,-1.2940746545791626,-6.95352840423584,-4.881465435028076,-5.046447277069092,2.7597267627716064,-3.102612018585205,0.8158186674118042,-6.819268226623535,-1.889256238937378,-8.284893989562988,1.7801384925842283,-6.709167957305908,-1.632565140724182,-6.949100017547607,0.0383357442915439,-4.019648551940918,2.830185651779175,-4.70663595199585,-0.4203242361545563
8,-53.786865234375,71.58406066894531,9.40143871307373,5.752265930175781,-27.34809684753418,9.646158218383787,-5.9891743659973145,-13.44135856628418,-7.84975528717041,-4.135115623474121,-14.55341339111328,-7.535116195678711,-15.021360397338867,-8.701491355895996,-8.263059616088867,-3.754209756851196,-5.733623027801514,0.5254412293434143,-5.029109954833984,2.403510570526123,-3.5609917640686035,-2.128659248352051,-7.284067630767822,-4.164207935333252,-5.4557719230651855,1.652590036392212,-4.83733606338501,0.1653390824794769,-6.733514785766602,-2.8422462940216064,-7.957669258117676,0.9360524415969848,-7.673242568969727,-1.5585753917694092,-6.453738689422607,1.1554194688796997,-4.043570041656494,1.6938755512237549,-5.469187259674072,-1.7629913091659546
8,-74.20491027832031,77.40926361083984,9.339008331298828,5.391030788421631,-27.531667709350582,7.75428581237793,-4.996351718902588,-13.435830116271973,-5.824676513671875,-2.023912191390991,-17.14740753173828,-7.54080867767334,-15.580958366394045,-7.445535659790039,-8.92387866973877,-4.438356399536133,-6.006601810455322,-0.0998341143131256,-4.180020809173584,5.149965286254883,-2.138188123703003,-3.774548768997192,-8.375286102294922,-3.869072198867798,-3.2538483142852783,3.8148908615112314,-4.213653087615967,0.4716123342514038,-5.820431709289551,-1.1986956596374512,-7.280423164367676,1.4979230165481567,-7.175582408905029,-1.8170229196548464,-4.970727920532227,1.140002727508545,-3.797877073287964,1.332748293876648,-4.446409702301025,0.42208331823349
8,-63.33171081542969,75.59844970703125,12.101506233215332,6.519258975982666,-25.931352615356445,8.231465339660645,-6.782261848449707,-15.676687240600586,-8.718905448913574,-3.819556474685669,-14.648672103881836,-6.406372547149658,-13.263463020324709,-7.926610946655273,-8.690853118896484,-5.449591636657715,-4.371898174285889,1.2733081579208374,-3.766810178756714,8.555638313293457,-4.532981395721436,-4.724208354949951,-9.645536422729492,-2.883864164352417,-3.9368743896484375,2.772258758544922,-5.848813533782959,0.3093814849853515,-4.743959426879883,0.8057761788368225,-6.480024814605713,1.9476804733276367,-6.781815052032471,-0.2342722862958908,-5.517410755157471,0.932701051235199,-4.478352546691895,0.1412088423967361,-4.066068172454834,1.3467403650283811
8,-41.43246078491211,69.98040008544922,13.06644058227539,7.128533840179443,-23.4168701171875,10.601761817932127,-8.976227760314941,-16.690847396850586,-12.993443489074709,-8.666709899902344,-10.721898078918455,-6.754085540771484,-11.68585205078125,-9.751753807067873,-8.366849899291992,-4.686994552612305,-3.0089316368103027,2.708878993988037,-3.686644554138184,7.513460159301758,-8.049248695373535,-3.682358264923096,-8.955589294433594,-1.8573745489120483,-7.141951560974121,-0.9989649653434752,-9.270074844360352,0.9049042463302612,-4.1447343826293945,1.3723241090774536,-5.68001127243042,1.4607142210006714,-6.323092460632324,0.5046326518058777,-6.684322834014893,2.560800075531006,-3.8853414058685294,0.0295903868973255,-4.445250988006592,0.1640779078006744
8,-59.27215194702149,72.58970642089844,10.61105251312256,6.750269412994385,-21.18488121032715,10.953709602355955,-10.454669952392578,-18.60942649841309,-14.20551300048828,-9.644680976867676,-9.210334777832031,-5.933434963226318,-11.137006759643556,-9.275100708007812,-8.05609130859375,-0.2741455733776092,-0.7348294258117676,1.9275656938552856,-4.85959529876709,2.990630626678467,-9.128400802612305,-3.935726165771485,-7.951095581054687,-2.6268415451049805,-9.561559677124023,-1.1240841150283811,-8.32313346862793,2.019367456436157,-4.354975700378418,1.0489022731781006,-6.673428535461426,-0.6989783644676208,-6.050356388092041,-0.6141576766967773,-6.137714862823486,2.1706974506378174,-2.848867416381836,1.3529607057571411,-4.426470756530762,-0.4694015383720398
7,-249.2730712890625,126.41636657714844,-33.68482971191406,49.20100784301758,-5.924295425415039,12.033166885375977,-6.0269455909729,11.841201782226562,4.247361660003662,12.01476001739502,-1.3937945365905762,9.63846206665039,-1.0353344678878784,12.456438064575195,3.442427158355713,11.87844944000244,7.819572448730469,9.712464332580566,4.217862129211426,2.881859302520752,-1.2276231050491333,2.645636320114136,0.6867187023162842,4.404928207397461,0.5996026992797852,1.4345381259918213,0.544267475605011,1.4721267223358154,-0.7683329582214355,-1.034188151359558,-2.5122737884521484,0.9712567925453186,-0.3183429837226867,1.1064739227294922,-2.084510803222656,-2.083918333053589,-2.1806204319000244,-0.9777043461799622,-2.2679522037506104,-2.922703981399536
7,-279.37030029296875,120.67121887207033,-12.374385833740234,39.34702301025391,2.7802083492279053,18.7430477142334,-4.31117582321167,17.02067756652832,4.94776725769043,12.389131546020508,-0.8646924495697021,9.815176963806152,1.653279423713684,11.453744888305664,0.9664430022239684,7.737184524536133,7.1032586097717285,3.370245218276977,4.258660316467285,4.129357814788818,-0.8151211738586426,3.949049472808838,1.752172350883484,4.059948921203613,-0.9319053292274476,2.24311900138855,1.9283969402313232,-2.258481740951538,1.0649802684783936,-2.2463691234588623,0.3303905129432678,-0.2807243168354034,-1.3355659246444702,-1.2739695310592651,-0.643625020980835,-2.2366764545440674,-2.389746189117432,-0.1272719204425811,-2.306879758834839,-0.3918203115463257
7,-292.1228332519531,131.86029052734375,-26.594295501708984,42.92334747314453,2.663836479187012,24.355531692504883,1.5220816135406494,17.9273681640625,4.716320514678955,12.963871002197266,-0.2112659364938736,12.333524703979492,-0.554632306098938,7.798437118530273,0.4452721178531647,7.487672805786133,2.2727649211883545,3.709182739257813,0.0269686095416545,3.006911516189575,-0.2835323810577392,4.476119041442871,3.825706958770752,3.767486810684204,0.0474689006805419,3.5134100914001465,1.039730668067932,1.7858874797821045,-0.8309193253517151,-1.1872397661209106,-1.814609408378601,0.0745723918080329,-2.8105831146240234,-1.297492504119873,-2.050863981246948,-1.4834715127944946,-2.3733761310577397,-1.4479610919952393,-1.022832989692688,-1.137665867805481
7,-210.0330047607422,104.18731689453124,-48.69189834594727,50.61163330078125,-10.203527450561523,22.823339462280277,-6.472447395324707,7.37969160079956,2.68562912940979,11.456419944763184,5.110002517700195,21.3858642578125,7.851341724395752,6.607609748840332,-2.270627737045288,7.83682918548584,3.1819956302642822,5.187203407287598,-3.810187101364136,-0.4738659262657165,1.779759407043457,8.034746170043945,2.933748722076416,-0.3648566901683807,-1.2323817014694214,1.7550334930419922,-2.2263150215148926,1.7643932104110718,2.0119354724884038,4.3309431076049805,-0.1895268410444259,1.3781607151031494,0.0969746336340904,-1.125624656677246,-3.6051199436187744,-4.158458709716797,-2.892478704452514,0.929107129573822,-1.5897058248519895,-1.140900731086731
7,-218.16329956054688,110.37581634521484,-50.64220428466797,50.99457931518555,-3.959272861480713,24.50838851928711,-8.482115745544434,9.566855430603027,1.6350263357162476,11.144776344299316,2.5568161010742188,19.01268196105957,6.279096603393555,5.661264896392822,-2.501824378967285,8.764969825744629,4.238513469696045,6.707780838012695,1.541788101196289,2.0329811573028564,-0.7207922339439392,5.385048389434815,4.061927795410156,2.660721063613892,-1.3227344751358032,1.7850017547607422,-0.1495275795459747,2.354300022125244,0.9571926593780518,1.227516531944275,-1.7890199422836304,0.6752623319625854,0.0247342772781848,0.102089524269104,-2.879858493804932,-2.2912840843200684,-1.5820294618606567,-0.477159172296524,-1.69867205619812,-0.495546817779541
7,-208.26612854003903,104.71902465820312,-36.30881881713867,40.64263534545898,-14.38998317718506,20.17628669738769,-0.3381730020046234,10.604328155517578,2.1297061443328857,14.973604202270508,1.3094156980514526,12.017766952514648,3.3537628650665283,15.134503364562988,3.739917993545532,3.39521861076355,-1.154442548751831,3.097188711166382,4.752388000488281,6.129786968231201,0.7455158829689026,5.430428981781006,3.1389594078063965,3.8234596252441406,-3.0007729530334477,1.7573118209838867,2.3753767013549805,-0.1818610876798629,-1.4463332891464231,0.7523269057273865,1.1984871625900269,-0.7568534016609192,-6.307535171508789,-4.025607109069824,-3.985898494720459,-0.9056914448738098,-0.9932081699371338,-1.1070090532302856,0.6921142935752869,1.6652430295944214
7,-206.9098663330078,118.95987701416016,-48.092716217041016,48.402957916259766,-14.318127632141112,20.027812957763672,-7.900667190551758,3.895697593688965,1.2969602346420288,2.848909854888916,-3.629684448242188,11.737030982971191,9.156693458557127,10.602242469787598,-0.8729131817817688,11.218120574951172,10.908048629760742,14.171936988830566,6.9947614669799805,5.148288726806641,-1.2931766510009766,3.2837202548980717,0.680348813533783,0.1152736470103263,-1.6878751516342163,-1.3259234428405762,-4.349661827087402,1.0930724143981934,1.1684967279434204,-1.047267198562622,-5.440042495727539,-0.7509335279464722,2.359182357788086,3.5576446056365967,1.4709893465042114,1.1660605669021606,-1.1635671854019165,-3.151381015777588,-4.027480125427246,-3.686271905899048
10,-177.44027709960938,79.33314514160156,-102.14387512207033,-17.35087013244629,-29.16914367675781,-16.34726333618164,0.4858053624629974,16.304105758666992,8.934930801391602,-1.6665678024291992,-11.292054176330566,-2.852799415588379,-1.8298571109771729,5.0951972007751465,3.455284118652344,-3.5979692935943604,5.423999786376953,5.694331169128418,-9.356746673583984,-0.6419335603713989,-7.335165023803711,1.750174641609192,-7.14040470123291,2.8910038471221924,2.5580968856811523,-2.2772796154022217,-2.2116777896881104,1.4720088243484497,-3.0322530269622803,0.1934624761343002,-2.3003389835357666,-1.6823943853378296,-1.2707431316375732,-0.5949360728263855,-2.2177438735961914,-1.1405856609344482,-2.6929140090942383,2.178308486938477,-3.249359369277954,-1.2617648839950562
10,-178.45216369628906,55.462677001953125,-100.90185546875,-7.844267845153809,-34.958370208740234,-1.542363524436951,12.386348724365234,22.503257751464844,0.5342227816581726,-12.491673469543455,-10.524231910705566,3.77685546875,0.1995281428098678,-2.3462564945220947,-6.048893928527832,-0.2276109904050827,4.479772090911865,0.4548496305942535,-5.585392951965332,3.788547992706299,-5.844181060791016,3.0846846103668213,-5.539539337158203,0.0678500160574913,-2.271782636642456,-0.8175961971282959,-1.5124540328979492,2.424399375915528,-3.9901468753814697,-0.3416178226470947,1.0864341259002686,4.297213077545166,-2.646849632263184,-4.143925189971924,-1.0591158866882324,0.6615884900093079,-0.3555617928504944,0.2410219609737396,-3.172548055648804,0.4323107898235321
10,-170.66226196289062,68.69766998291016,-100.04579162597656,-11.457027435302734,-30.514684677124023,-8.864839553833008,0.9553475975990297,17.3325252532959,3.18806791305542,-5.188374042510986,-13.85616683959961,0.042709968984127,-1.562679409980774,0.5569073557853699,-1.7530598640441897,-2.9564244747161865,2.8009233474731445,6.955348968505859,-10.02790641784668,-2.10896635055542,-5.684892177581787,0.6317623257637024,-3.7632322311401367,3.0043423175811768,-1.8901792764663696,-2.9525039196014404,-1.9632554054260252,1.135731816291809,-1.922065496444702,-0.2302801758050918,-2.7266860008239746,1.3579248189926147,-0.6619009375572205,-2.0935842990875244,-3.0120270252227783,-0.4855921864509582,-1.60424542427063,1.4944164752960205,-2.8573927879333496,-2.119347333908081
9,-172.6027069091797,41.07201385498047,-58.23200988769531,6.018343925476074,3.768317937850952,4.158791542053223,0.9012629389762878,19.50679397583008,3.779953718185425,10.1176118850708,3.4893240928649902,-2.29604721069336,-4.490845203399658,-10.805787086486816,4.745769023895264,8.060307502746582,2.418834924697876,9.333863258361816,-8.312021255493164,5.213683128356934,-6.696260929107666,3.1587584018707275,-0.0698614716529846,3.107127904891968,0.8417358994483948,-0.7514666318893433,-2.6671037673950195,1.6537038087844849,-6.197614192962647,3.337786197662353,-1.4082088470458984,-0.2532114088535309,-0.9854788184165956,0.1514416337013244,-1.9914064407348635,1.8899720907211304,-1.9816858768463133,2.5716373920440674,-1.2507655620574951,1.575032353401184
9,-186.91232299804688,30.91304397583008,-46.171295166015625,17.452932357788086,8.623056411743164,5.946352005004883,-2.495090246200561,13.702218055725098,1.3207837343215942,9.699987411499023,2.476404428482056,-4.204268932342529,-2.8398218154907227,-6.45369815826416,6.44160795211792,9.034164428710938,1.00529944896698,5.008366584777832,-10.162449836730955,6.108631134033203,-5.534305095672607,3.367252349853516,0.4345008432865143,3.789526462554932,0.2590611577033996,-1.8500652313232424,-1.8075023889541624,1.8925678730010984,-5.767300128936768,3.785087108612061,-1.4971603155136108,0.728096604347229,-1.0134587287902832,-0.1687448769807815,-2.24776291847229,1.967701077461243,-0.8682341575622559,2.597444534301758,-0.8436415195465088,0.9683775305747986
9,-195.9032440185547,30.778749465942383,-40.26647567749024,19.57871627807617,9.746623039245604,6.2976975440979,-2.2766902446746826,12.327322959899902,1.8449739217758176,10.094670295715332,0.3459799587726593,-5.864597797393799,-2.452803134918213,-5.100353717803955,7.4490485191345215,8.570816040039062,0.2690713703632355,3.004382848739624,-11.369836807250977,6.503098964691162,-4.449331760406494,3.219174861907959,-0.5532954931259155,3.5134694576263428,1.237645149230957,-1.3225009441375732,0.1410539150238037,2.921062469482422,-5.080325603485107,3.0005693435668945,-2.977094411849976,-0.5658970475196838,-2.1188089847564697,-0.0620372407138347,-1.6788983345031738,2.4164927005767822,-0.7927260398864746,1.5370299816131592,-1.5772274732589722,0.4543384313583374
8,-130.62222290039062,82.66900634765625,-57.79938125610352,18.257064819335938,2.255068063735962,-3.5852155685424805,11.191876411437988,-1.2417293787002563,-8.312889099121094,7.976370334625244,-4.443618297576904,-3.481689929962158,2.451765537261963,4.598180770874023,11.597037315368652,15.927178382873535,-6.806936264038086,-10.875353813171388,-9.663262367248535,0.7190223932266235,11.81534481048584,3.711426973342896,-15.17408847808838,0.5985121130943298,0.4823890626430511,12.289772033691406,-4.127228260040283,-0.898350179195404,15.441317558288574,15.872344970703123,-11.985894203186035,-16.908233642578125,2.52958083152771,3.313031911849976,-5.866685390472412,-2.001064777374268,-2.1239845752716064,-13.655062675476074,-9.908958435058594,10.92849063873291
9,-345.7609558105469,113.49872589111328,-75.66746520996094,-60.98862075805664,-27.0998477935791,-36.60530471801758,-33.5809211730957,-25.233203887939453,-13.211875915527344,-8.928752899169922,-11.383795738220217,-4.958301067352295,-0.471834272146225,9.709277153015137,21.97994804382324,20.521595001220703,13.55921459197998,-1.178316950798035,-16.6127986907959,-11.18789005279541,4.599052906036377,11.929387092590332,5.130370140075684,-4.646728992462158,-1.1775692701339722,5.045032978057861,-0.3200198411941528,-5.837573528289795,-1.8881163597106931,5.2647576332092285,3.5880284309387207,-4.623313903808594,-3.5678513050079346,2.0080926418304443,-0.2170221507549286,-0.8081697821617126,2.6397013664245605,0.7960394620895386,-3.21184515953064,-3.0580618381500244
9,-351.20684814453125,123.2057113647461,-90.6363525390625,-58.76241683959961,-8.128861427307129,-44.25596618652344,-51.03046798706055,-19.57283973693848,-7.79168701171875,-12.62152099609375,-8.966209411621094,-7.641548156738281,-10.750337600708008,0.7008689641952515,14.701977729797363,16.104000091552734,11.987875938415527,3.4128530025482178,-7.513438701629639,-11.223296165466309,-2.151274919509888,11.8654203414917,13.222695350646973,5.211551666259766,2.027711868286133,0.7902631163597107,-1.632986545562744,-4.175107002258301,-6.674539089202881,-2.903804063796997,5.622839450836182,6.70274829864502,0.5225796103477478,-2.6040260791778564,-1.8763039112091064,-1.3720093965530396,-0.6897974014282227,-0.0207839366048574,-0.9409494996070862,-4.267056941986084
9,-348.87939453125,159.67498779296875,-69.13321685791016,-79.68067932128906,-28.924766540527344,-33.67966079711914,-44.33699798583984,-28.605789184570312,-12.671772956848145,-15.131993293762209,-12.357430458068848,-5.76287841796875,-8.78053092956543,-3.6421754360198975,11.018278121948242,13.92426872253418,3.4147253036499023,-5.217906951904297,-9.130756378173828,-11.546131134033203,-4.076245307922363,7.158021926879883,4.50583553314209,-2.0320382118225098,0.4536653161048889,1.121512770652771,-3.3378138542175293,-3.206824541091919,-0.6822108626365662,-1.1634355783462524,-0.4273949861526489,0.9764460921287536,0.5364839434623718,2.02912974357605,3.351922512054444,2.0225446224212646,2.61999249458313,2.2973103523254395,-1.267853617668152,-1.0660314559936523
9,-319.5721740722656,139.77757263183594,-112.1696548461914,-49.20919799804688,-1.8202149868011477,-56.93523406982422,-43.76354217529297,-6.407032489776611,-15.30020809173584,-25.32013893127441,-11.688054084777832,-7.538753986358643,-9.66080379486084,-2.240057468414306,7.135385513305664,17.2672176361084,12.14563274383545,-11.479360580444336,-15.03979778289795,-3.729718208312988,3.971529006958008,11.821331977844238,5.226968765258789,-9.957368850708008,-6.53683614730835,0.1542776972055435,-4.98087739944458,-3.757632970809937,7.16150426864624,8.108154296875,2.687214136123657,0.9422508478164672,-1.5630097389221191,-1.8509668111801147,2.517747402191162,5.192601203918457,1.849082946777344,-6.498201370239258,-5.822632312774658,2.0910849571228027
8,-312.8721008300781,110.92082214355467,-6.389150142669678,23.717309951782227,-6.207920551300049,37.97347640991211,3.175924062728882,17.630388259887695,-0.9012786149978638,19.89731216430664,5.573774814605713,15.726850509643556,3.3665482997894287,4.729656219482422,-0.0258509516716003,-0.3906678259372711,2.055076360702514,-1.2481772899627686,1.2154359817504885,1.126478910446167,2.150355815887451,7.197779178619385,-1.6449387073516846,7.9914164543151855,-4.26870584487915,4.595042705535889,-3.204088926315308,0.5273871421813965,-2.518211841583252,3.867024183273315,-3.236859083175659,1.554806351661682,0.0631321817636489,3.627793073654175,-3.9672985076904297,-1.1861578226089478,-1.4135875701904297,-0.6810134053230286,-2.718303203582764,0.0594261027872562
8,-339.1318054199219,120.81735229492188,14.918197631835938,25.115863800048828,2.6125621795654297,26.263370513916016,5.113292694091797,28.507400512695312,-4.878499031066895,19.16402244567871,1.52198326587677,14.072245597839355,5.989210605621338,2.611315965652466,2.242780923843384,-2.5777809619903564,1.916538119316101,-0.7893294095993042,-2.2209551334381104,0.952535092830658,-2.062688112258911,1.7124418020248413,0.456805557012558,4.476252555847168,-3.960676670074463,7.336415767669678,-2.695054531097412,3.027296781539917,-3.0766713619232178,6.26016902923584,-5.44234561920166,2.589292049407959,1.0004258155822754,4.726054668426514,-2.8328371047973637,-1.7162806987762451,-0.2169383019208908,0.2262688726186752,-4.094938278198242,-0.2672690749168396
8,-325.2309265136719,128.95863342285156,-0.8043163418769836,20.10152053833008,-0.050060823559761,37.99638748168945,0.0799913331866264,13.653746604919434,0.2570770680904388,13.63641357421875,5.83724308013916,14.275229454040527,2.855837821960449,1.9024741649627688,-2.816467046737671,0.7475975155830383,1.3118221759796145,1.266006350517273,1.6664714813232422,1.9345057010650637,0.9327161312103271,8.328660011291504,-0.1152247413992881,4.399614810943604,-7.288044929504394,3.403993844985962,-3.648818492889404,0.1890039592981338,-0.0727972984313964,0.2694195806980133,-5.181035041809082,0.8904268741607666,0.9073322415351868,3.880530595779419,-2.738884449005127,2.5356533527374268,-2.523059368133545,2.4519357681274414,-3.2882888317108154,1.2910979986190796
8,-337.9186096191406,130.256103515625,15.14230728149414,21.17988586425781,2.799370288848877,31.728546142578125,0.2717045843601227,15.92910861968994,2.3831591606140137,18.79897117614746,3.660885810852051,14.67399787902832,4.832086086273193,2.275294065475464,-4.322667121887207,0.4348505735397339,2.300147533416748,0.5129300355911255,-1.744120478630066,4.566141128540039,4.326309680938721,7.226030349731445,0.1819412559270858,2.1846346855163574,-5.157822608947754,0.1784221082925796,-5.527424335479736,3.457829236984253,1.083999514579773,1.423204779624939,-2.250434398651123,5.645431518554688,0.8983887434005737,-0.7492741942405701,-8.035650253295898,-0.6403685808181763,-4.604605197906494,0.7289743423461914,-4.201507568359375,1.559096097946167
7,-301.621337890625,94.40850830078124,-6.190349102020264,-7.59080696105957,-3.3557918071746826,8.685004234313965,3.244095802307129,5.399529933929443,-0.3408664762973785,4.011377811431885,-1.4396449327468872,-0.3618782162666321,-1.937727928161621,5.231692790985107,3.980082035064697,10.936461448669434,12.26213550567627,10.916836738586426,-1.3554342985153198,-6.713422775268555,-5.435116767883301,4.640734672546387,6.7885332107543945,3.393068313598633,-3.86088228225708,-0.3899796605110168,3.867095947265625,7.371214866638184,-1.2694902420043943,-4.045483112335205,-2.017199754714966,1.7002500295639038,-6.223045825958252,-4.975384712219238,1.8905503749847408,6.055636882781982,-2.495096445083618,-4.0113525390625,1.151305913925171,1.2057336568832395
7,-298.069580078125,87.30010986328125,-4.788833618164063,-4.916922092437744,-7.431808948516846,7.45306921005249,4.1580119132995605,8.961859703063965,4.673842906951904,6.322598934173584,-1.8656902313232424,1.133611798286438,0.759135901927948,2.4034152030944824,3.069000482559204,11.636509895324709,14.67589282989502,11.85633945465088,1.827608704566956,-3.948312282562256,-4.943404197692871,4.160728931427002,6.839326858520508,3.761996030807495,-4.851404190063477,-1.5942206382751465,5.2641377449035645,9.028440475463867,-1.3488153219223022,-4.000085353851318,-1.4451338052749634,2.909066915512085,-4.763259410858154,-5.592677593231201,1.7964966297149658,7.211513996124268,-2.351501703262329,-3.5530693531036377,1.8474445343017576,2.4355697631835938
7,-306.2645568847656,65.80717468261719,5.079977989196777,-2.874485492706299,-5.7643632888793945,6.714649677276611,2.6049673557281494,10.427905082702637,5.122872829437256,6.844771862030029,0.2321648001670837,2.553514003753662,-0.79230135679245,4.444214344024658,5.873047828674316,13.602032661437988,12.563093185424805,12.25901222229004,0.650637686252594,-1.6692661046981812,-5.872102737426758,5.024941921234131,5.453797817230225,4.28567361831665,-3.284980297088623,0.6802371144294739,3.859238386154175,7.732094764709473,-0.8072959184646606,-3.7158432006835938,-2.765385389328003,1.6328237056732178,-4.3827972412109375,-3.440558195114136,0.6280289888381958,5.464249134063721,-1.0838507413864136,-2.459204196929932,0.2476112842559814,2.0341596603393555
10,-266.5747985839844,52.21701431274414,-49.59780502319336,-13.995009422302246,-2.9482245445251465,13.487534523010254,-0.92093825340271,14.263818740844728,10.674798011779783,12.433330535888672,4.500004768371582,12.28102684020996,0.4114929437637329,7.409854888916016,1.409235954284668,2.8108010292053223,0.1656606495380401,4.447432994842529,-2.2649693489074707,2.16811203956604,-2.875415086746216,3.2256388664245605,-2.7747225761413574,3.376589298248291,-2.3048675060272217,3.131830930709839,-0.961788773536682,2.086095094680786,-2.725898027420044,1.1761062145233154,-2.2035391330718994,1.952921152114868,-1.58962881565094,1.2110886573791504,-2.8315250873565674,0.6368451714515686,-2.2422361373901367,0.8546996712684631,-1.6558839082717896,0.872182309627533
9,-279.8629150390625,61.2379264831543,-18.12132453918457,4.209914684295654,2.4284512996673584,6.876474380493164,5.33120584487915,13.216719627380373,9.841718673706056,18.410137176513672,11.919740676879885,12.721355438232422,7.634805202484131,9.018392562866213,7.084762096405029,6.512056827545166,4.44940185546875,5.31278657913208,3.084975481033325,3.556065082550049,2.260267972946167,4.606189250946045,1.9262199401855469,3.4836244583129883,2.08325719833374,2.7976348400115967,0.2838552296161651,2.30390739440918,0.6795699596405029,1.9189471006393437,0.3306503891944885,1.581989884376526,0.2133446782827377,1.9811906814575195,-0.7127161622047424,0.6701871752738953,-0.7754235863685608,0.5003383755683899,-0.2544723451137543,0.7451933026313782
8,-366.0880126953125,55.92217254638672,4.02570104598999,-0.4773107767105102,-5.959214687347412,-0.893887460231781,0.7267696261405945,5.325074195861816,4.84787130355835,6.244659423828125,2.5664854049682617,2.901792287826538,0.4049000144004822,2.06198525428772,0.8024137020111084,1.0000898838043213,-0.959679901599884,-0.0871816128492355,-0.6612451672554016,0.244508758187294,-0.3177671432495117,0.8077179193496704,-0.1934548914432525,0.5012875199317932,-0.36821249127388,0.5266463756561279,-0.3919520974159241,0.9952788352966307,0.6098312139511108,1.302901029586792,-0.0108386175706982,0.3775885105133056,0.1362506747245788,1.009166240692139,-0.0263069085776805,0.4074791073799133,-1.0092798471450806,-0.6061676144599915,-0.5630666017532349,0.2282074838876724
5,-187.22927856445312,70.72864532470703,-18.446224212646484,7.491123676300049,-7.05226993560791,5.327901840209961,-0.2482856065034866,12.58382797241211,3.294307947158813,11.350852966308594,4.4523701667785645,7.092803001403809,2.171287298202514,5.266299724578857,-0.5946750044822693,2.551529884338379,0.3364285826683044,3.71187424659729,-1.4443763494491575,3.234173059463501,0.1861757636070251,3.8927273750305176,0.0634346827864646,3.8651843070983887,-1.3461534976959229,1.9495819807052608,0.5907833576202393,3.647158622741699,0.6667401790618896,2.63015365600586,0.0898376554250717,1.824814319610596,-0.5536855459213257,3.714672088623047,0.3532192409038543,2.495846748352051,-0.5048950910568237,0.3533979952335357,-2.133650541305542,0.977972149848938
5,-173.91139221191406,65.69245910644531,4.193192958831787,9.674139022827148,-2.7650346755981445,8.546345710754395,4.871435642242432,14.13998031616211,5.247201442718506,10.520801544189451,3.197075843811035,6.4528489112854,2.7810633182525635,6.007392883300781,0.3224743604660034,3.9175429344177246,2.2528295516967773,5.062825202941895,-0.5174766778945923,3.23969841003418,0.4149625301361084,4.576208114624023,0.984259068965912,4.314622402191162,0.0616891682147979,3.2517123222351074,0.6899600028991699,3.059120178222656,-0.0202938560396432,2.960568189620972,-0.0036593805998563,2.4033899307250977,-0.6782832741737366,2.786005973815918,0.3975512385368347,2.7805700302124023,-0.980307161808014,1.056077003479004,-1.82654869556427,1.514390230178833
7,-416.2071533203125,77.08854675292969,16.8702392578125,13.780583381652832,9.388647079467772,14.678383827209473,13.97047233581543,17.787630081176758,12.23145866394043,11.377246856689451,8.513713836669922,9.85087776184082,8.295337677001953,7.807456016540527,5.050857067108154,5.53205156326294,4.014998912811279,5.097071170806885,3.0258569717407227,3.865623950958252,2.6356160640716557,4.362466812133789,3.167285680770874,3.6650545597076416,2.217153310775757,3.0640852451324463,2.4085447788238525,3.0760610103607178,1.4708049297332764,1.7428839206695557,1.140161156654358,1.7045574188232422,1.1098495721817017,2.403059720993042,1.000853419303894,1.0968973636627195,-0.1962006986141204,0.4949513971805572,0.1891329437494278,1.064218521118164
8,-371.3509826660156,58.714012145996094,-12.710748672485352,-0.3405429124832153,-2.94313645362854,5.125936508178711,2.4439282417297363,8.1423978805542,7.652219772338867,13.763659477233888,8.573386192321777,10.277690887451172,5.968217372894287,6.368343353271484,5.604125499725342,6.116732120513916,3.819288969039917,4.866508483886719,2.427464008331299,3.652865171432495,2.885040521621704,4.132793426513672,2.434049606323242,2.7285192012786865,1.4955254793167114,1.9075461626052856,0.73480224609375,1.77685546875,-0.3639244139194488,0.6090172529220581,0.047391265630722,1.18417227268219,-0.0005991587531752,1.0823895931243896,-0.4765291213989258,0.6716858744621277,-0.2432143986225128,0.0044513903558254,-0.5977478623390198,0.0471386574208736
9,-65.47456359863281,7.152070045471191,-19.791244506835938,5.132482528686523,-9.91847324371338,13.525784492492676,9.739615440368652,4.253931522369385,-8.575265884399414,9.357418060302734,3.493830442428589,-0.1787447482347488,5.501023292541504,0.7286173701286316,-4.895462512969971,1.4874615669250488,-4.898118495941162,3.989222049713135,-0.9077895283699036,1.5498926639556885,-0.6036278009414673,9.09499454498291,3.127715349197388,10.571270942687988,-2.5388574600219727,5.886801242828369,-3.612061500549317,0.151029959321022,2.0157060623168945,3.102590084075928,-6.812414169311523,-0.7117618918418884,1.6178276538848877,6.258605480194092,-4.724123001098633,2.525622129440308,-8.301100730895996,-0.4048867523670196,2.70398473739624,0.4255481660366058
9,-81.10639953613281,8.471550941467285,-19.204418182373047,6.323615074157715,-9.114107131958008,12.347308158874512,10.459736824035645,3.55962347984314,-7.861831188201904,7.649565696716309,3.2988781929016118,2.140965700149536,4.387635707855225,1.961843013763428,-3.626448392868042,3.7407658100128174,-3.905981302261353,4.91542387008667,0.3233858644962311,0.4885784983634949,0.5276799201965332,10.108379364013672,2.370261907577514,10.067118644714355,-3.4457390308380127,4.59348726272583,-1.8775198459625244,1.0215283632278442,0.922009289264679,4.7444586753845215,-6.977524280548096,1.1602033376693726,2.561254978179932,4.647327899932861,-3.405803680419922,1.6749897003173828,-7.591907978057861,-1.1685831546783447,4.117047309875488,-1.0589900016784668
5,-148.8281707763672,-2.329859495162964,-8.087428092956543,2.2705554962158203,-11.978588104248049,5.503421306610107,8.750480651855469,-4.336719036102295,-6.263017654418945,10.702442169189451,4.873373031616211,11.66814136505127,-11.56535530090332,-1.1761367321014404,-4.975687980651856,0.0040645929984748,-11.35767650604248,14.675742149353027,-9.148970603942873,-3.471304178237915,7.622146129608154,-0.2097194939851761,-9.226213455200195,6.888707637786865,-4.7937774658203125,7.023771286010742,-0.648148238658905,-1.4851444959640503,-6.659433841705322,1.495915174484253,-4.202323913574219,11.58291244506836,-15.477092742919922,-2.4838781356811523,-6.504513263702393,5.340246200561523,-2.977190971374512,2.2373642921447754,-3.5112409591674805,10.997807502746582
5,-117.23892974853516,0.1253598481416702,-14.430426597595217,12.655729293823242,-5.799410343170166,15.108844757080078,7.562428951263428,6.560367107391357,5.827465057373047,7.576951026916504,-5.753988742828369,8.385090827941895,-2.2472681999206543,0.5569918155670166,-0.5425801277160645,-0.1246554479002952,-4.924647808074951,10.628005027770996,-9.462729454040527,2.8192248344421387,-1.1242598295211792,1.7558019161224363,-3.77946138381958,-0.4455859363079071,-6.0648193359375,5.212400436401367,-5.420776844024658,3.3012397289276123,1.0799540281295776,2.627070426940918,0.0866647288203239,0.1106920763850212,-7.35902738571167,10.90756607055664,-1.1398789882659912,3.476719379425049,7.632381916046143,8.41311264038086,0.8114463090896606,5.976587772369385
5,-42.04723358154297,11.34018325805664,-1.5654685497283936,15.795083999633787,6.065063953399658,29.43889808654785,19.32285499572754,6.542154788970947,8.924156188964844,10.747057914733888,3.4266393184661865,6.556490898132324,3.191598653793335,1.2429497241973877,-1.5947636365890503,7.913132667541504,-5.352794170379639,9.87407398223877,-3.01484751701355,9.047926902770996,0.8153584003448486,9.890019416809082,-2.496725082397461,4.856285095214844,-6.876890659332275,6.382196426391602,-9.06125831604004,2.932210922241211,-3.835111379623413,-5.2172136306762695,-1.588990569114685,2.8706562519073486,-9.437780380249023,0.6423538327217102,-5.092738151550293,-2.6239702701568604,2.550797700881958,3.0558035373687744,-4.143337726593018,9.054363250732422
5,-168.11441040039062,120.76637268066406,-46.00013732910156,-15.187943458557127,-5.725996017456055,10.38452434539795,-5.407682418823242,-3.701439619064331,-3.992239475250244,-5.179323196411133,-7.161123752593994,-3.422237634658813,-10.354089736938477,1.781703233718872,-0.1307745277881622,5.140420436859131,-2.039682388305664,3.9825286865234375,-4.338298320770264,3.665822982788086,-2.167564630508423,5.729755401611328,-0.176658496260643,3.408557415008545,0.682921290397644,2.7530338764190674,-0.9202513694763184,3.92650842666626,-3.4745006561279297,1.566165328025818,-5.975101947784424,0.9697534441947936,-0.8862637281417847,4.762444972991943,-0.6963089108467102,5.555633068084717,-0.6254244446754456,4.021617889404297,-2.637141466140747,2.733895063400269
5,-120.4468002319336,114.51702117919922,-44.84806060791016,-20.442384719848636,-4.723752975463867,6.980471611022949,-7.99271821975708,-7.268891334533691,-4.748027801513672,-5.688577651977539,-5.875402927398682,-0.0801653563976287,-6.589695453643799,5.296590805053711,2.1179933547973637,5.330685138702393,-2.176876783370972,3.003255605697632,-4.663694858551025,3.226802349090576,-4.388345718383789,3.0510873794555664,-4.215354919433594,0.5681524872779846,-1.0978176593780518,1.7532987594604492,-2.4739880561828613,2.680920124053955,-4.61349630355835,1.3593567609786987,-6.819591522216797,0.2360993921756744,-2.01761245727539,3.924291610717773,-1.515738606452942,5.233598232269287,-0.9621028900146484,4.191403388977051,-2.655733823776245,2.4499495029449463
5,-130.13214111328125,112.85246276855467,-34.61472702026367,-21.388917922973636,-3.897254943847656,6.535477161407471,-6.786735534667969,-9.205862045288086,-3.0708000659942627,-4.288311004638672,-3.40159273147583,3.1903412342071533,-5.471036911010742,4.659419059753418,0.0554826781153678,3.2364633083343506,-3.257331609725952,3.2704591751098637,-3.76937747001648,2.8805432319641118,-3.893202543258667,2.510393619537353,-4.129393100738525,-0.5514596700668335,-2.5332419872283936,0.6381820440292358,-3.2047698497772217,2.222118139266968,-4.241994857788086,1.2309890985488892,-6.975221633911133,0.408158928155899,-2.129484176635742,4.001082420349121,-1.120956301689148,5.416782855987549,-0.9058436751365662,4.941119194030762,-1.7461411952972412,2.7606496810913086
5,-132.70294189453125,112.1844482421875,-35.979671478271484,-23.707321166992188,-4.027676582336426,6.705140113830566,-7.979616165161133,-7.441211700439453,-5.406105995178223,-6.5404953956604,-6.523130416870117,-0.1448420733213424,-9.173554420471191,6.00340461730957,2.9580209255218506,6.137633323669434,-0.2387963384389877,2.9432718753814697,-5.757941722869873,2.272434711456299,-3.523725986480713,2.6910314559936523,-3.709862947463989,-2.206762313842773,-2.414663791656494,1.3772746324539185,-2.308417320251465,1.1845036745071411,-4.723298072814941,0.8719478249549866,-7.742040157318115,-0.9076839089393616,-2.5021557807922363,4.848937034606934,-1.4551191329956057,4.9572296142578125,-0.7054571509361267,4.94474458694458,-2.428675651550293,3.2424845695495605
5,-156.84934997558594,112.14419555664062,-36.870723724365234,-22.84943389892578,-2.885822534561157,6.679781913757324,-7.632674694061279,-3.75531530380249,-5.7123847007751465,-7.433312892913818,-8.704492568969727,-3.293651819229126,-11.843738555908203,6.782205581665039,5.0458149909973145,9.413198471069336,3.13645339012146,2.6035573482513428,-6.303977012634277,1.7346198558807373,-3.591757297515869,2.835841178894043,-3.167146682739258,-3.1485795974731445,-2.3473012447357178,2.695350885391236,-1.6158987283706665,1.769851565361023,-4.304011344909668,1.6987860202789309,-6.270472526550293,0.8184154629707336,-1.48485004901886,5.557596683502197,-0.5323606133460999,5.678872585296631,0.3770387172698974,5.638011932373047,-2.300343513488769,3.591660261154175
5,-171.6829833984375,93.59925842285156,9.563055992126465,0.9612098932266236,-5.3342790603637695,18.674339294433597,1.837947130203247,-1.3110835552215576,2.8055014610290527,3.5319175720214844,4.157547950744629,1.4386022090911863,-4.117302417755127,-4.03595495223999,-0.0651329606771469,3.7324740886688232,0.2048192173242569,2.40012788772583,-4.649802684783936,3.969892263412476,-7.13254451751709,1.9414125680923464,-8.719813346862793,0.8459661602973938,-3.714821577072144,2.524110078811645,0.6889378428459167,7.37144660949707,-2.7659873962402344,1.0949867963790894,-11.540939331054688,-3.434302806854248,-3.701558589935303,5.3733344078063965,2.760514974594116,8.67626667022705,1.340969443321228,7.634813785552978,-3.452511072158813,0.2880019843578338
5,-150.88372802734375,94.39215850830078,-11.051302909851074,-9.65241527557373,-5.226232051849365,13.727877616882324,-2.1422061920166016,-5.340769290924072,1.0337815284729004,0.2425775229930877,3.0838334560394287,4.790995121002197,-4.2251458168029785,-1.724525809288025,-0.1046422719955444,3.124486207962036,-0.492939680814743,-0.0209303181618452,-7.766940116882324,0.4480859339237213,-7.730295181274414,1.7323986291885376,-7.828022003173828,0.8816756010055542,-3.2047626972198486,4.675414562225342,3.981459379196167,9.257528305053713,-0.5724176168441772,1.0986316204071045,-12.224263191223145,-4.563070297241211,-3.740217447280884,4.962568283081055,3.6722352504730233,8.475285530090332,2.207521915435791,9.038459777832031,-1.2986730337142944,2.29834246635437
5,-150.50054931640625,95.9229507446289,-15.879233360290527,-13.800633430480955,-8.268646240234375,11.84418487548828,-4.716403961181641,-8.477972030639648,-1.3921290636062622,-1.8500436544418333,1.1188406944274902,2.6056904792785645,-5.231558799743652,-2.3753530979156494,-1.064573049545288,2.4137041568756104,-0.7143474221229553,2.3311753273010254,-5.45828104019165,1.322188138961792,-8.419750213623047,1.5141050815582275,-7.806650638580322,0.1078502014279365,-2.128854990005493,6.368871212005615,5.204880237579346,10.50468635559082,1.1555007696151731,0.464860200881958,-12.514163970947266,-3.471642255783081,-1.9789108037948608,6.46108865737915,3.8701438903808594,8.684965133666992,2.346977710723877,8.288105964660645,-2.463693857192993,2.525580406188965
5,-152.79222106933594,99.7991180419922,-20.915321350097656,-16.295764923095703,-10.669554710388184,10.635542869567873,-5.014386177062988,-10.715848922729492,-1.7651702165603638,-0.4853518307209015,1.181734323501587,2.2563815116882324,-6.191126823425293,-4.481589794158936,-2.468677043914795,4.336112976074219,-1.003414750099182,3.8937230110168457,-4.191483020782471,3.2534730434417725,-8.636972427368164,0.3888078033924103,-7.547546863555908,0.477980375289917,-1.1780261993408203,7.487810611724853,5.485533714294434,10.281787872314451,-0.277693897485733,-0.7955392003059387,-12.471973419189451,-1.3263641595840454,-0.6554768085479736,8.287710189819336,4.057556629180908,9.692283630371094,3.2058305740356445,8.530123710632324,-3.5741961002349854,0.3315972685813904
5,-154.41734313964844,102.0066375732422,-25.70330619812012,-15.565900802612305,-11.403106689453123,8.672913551330566,-4.7094268798828125,-12.883691787719728,-0.7885329127311707,1.516023874282837,3.7041053771972656,3.403991460800171,-7.105720043182373,-5.141110420227051,-4.624046802520752,6.250414848327637,-3.912769079208374,2.391991376876831,-6.32606315612793,2.57804536819458,-8.341190338134766,0.1680840104818344,-7.570809841156006,0.2850793302059173,-2.430948495864868,6.022384643554688,4.362390995025635,9.962366104125977,-0.8951539397239685,0.1359040737152099,-11.254533767700195,-0.7002361416816711,-0.8628346920013428,8.978911399841309,4.841633796691895,11.4771089553833,4.879140853881836,9.662750244140623,-2.456704378128052,-0.3509966135025024
5,-161.71929931640625,100.70960235595705,-23.5366153717041,-13.89498805999756,-13.532617568969728,8.798069953918457,-3.879091739654541,-15.08625316619873,-1.0707446336746216,0.104231022298336,3.8099231719970703,2.3989815711975098,-7.968395709991455,-4.71506404876709,-5.924015998840332,7.3846964836120605,-4.184549331665039,2.8095357418060303,-5.974203109741211,3.02280855178833,-7.572148323059082,0.3011662364006042,-8.029997825622559,0.019358817487955,-1.7881091833114624,5.301608085632324,3.0923080444335938,8.809820175170898,-1.0425375699996948,0.7214247584342957,-9.770105361938477,-0.7175558805465698,-0.8681204915046692,9.433687210083008,4.410177230834961,11.182952880859377,4.974655628204346,9.630966186523438,-2.116767406463623,-0.0279973857104778
5,-203.7441253662109,116.05944061279295,-21.10111618041992,-20.310565948486328,-15.772174835205078,16.390430450439453,-4.038534164428711,-10.028387069702148,-3.71785569190979,-3.918735504150391,-9.032997131347656,-4.926424980163574,-6.205162048339844,6.293946743011475,3.7827863693237305,9.203484535217283,-2.055958032608032,2.4699010848999023,-2.1229379177093506,6.413830280303955,-1.7556673288345337,3.392742156982422,-5.4567975997924805,-0.7282812595367432,-1.2820667028427124,3.896437406539917,-1.4085613489151,3.9521372318267822,-2.2953202724456787,2.2847342491149902,-7.055877685546875,2.395056962966919,-1.5479857921600342,5.545485496520996,-0.3363974988460541,5.19924783706665,-0.0265708025544881,6.521136283874512,-1.7199883460998535,4.890427589416504
5,-172.00328063964844,105.10334777832033,-22.37259864807129,-26.716514587402344,-16.226890563964844,17.300994873046875,-9.239243507385254,-8.06016731262207,-6.481130599975586,-2.848456382751465,-11.330201148986816,-5.096004009246826,-6.952376842498779,7.39443826675415,6.838698387145996,14.120142936706545,2.3677847385406494,4.89960527420044,-2.866394281387329,3.436324119567871,-5.271214008331299,2.8959829807281494,-4.922948837280273,0.7262648940086365,-0.9422300457954408,2.56374740600586,-3.1625771522521973,3.01103138923645,-3.2993834018707275,1.0974981784820557,-7.897473812103271,2.244783401489258,-0.6307141780853271,5.796935558319092,0.0202220417559146,5.214614391326904,-0.1610772162675857,6.127723693847656,-1.853445053100586,5.340054035186768
5,-202.55491638183597,97.92262268066406,-5.978200912475586,-24.33460235595703,-5.973330020904541,13.00776481628418,-6.91764497756958,-3.745134115219116,-6.6591386795043945,-3.537764549255371,-9.646429061889648,-3.439929485321045,-9.813342094421388,6.951509952545166,1.832352876663208,11.831382751464844,1.502299189567566,5.729992866516113,-1.3764582872390747,4.582822322845459,-3.0466725826263428,3.3120243549346924,-4.4355082511901855,1.00518798828125,0.5911484956741333,3.556881189346313,-2.233595132827759,3.044642448425293,-2.437128782272339,0.5546060800552368,-7.746731758117676,1.2322617769241333,-2.706880569458008,6.116812705993652,0.5601876378059387,6.315133094787598,-0.8758559226989746,5.702885627746582,-2.6359431743621826,2.8974056243896484
5,-185.98504638671875,99.14006805419922,-8.81887149810791,-31.782039642333984,-5.91646146774292,9.779913902282717,-4.733678340911865,-7.981970310211182,-6.006072998046875,-4.551340103149414,-9.621781349182127,-5.887912750244141,-9.0615816116333,7.447096347808838,2.824383020401001,14.472967147827148,5.241152763366699,6.793317317962647,-1.396618366241455,3.7625653743743896,-5.242587566375732,3.158630132675171,-3.2074975967407227,0.8619772791862488,0.2605141997337341,2.7621073722839355,-2.1469931602478027,2.876356601715088,-2.5483076572418213,0.4468490183353424,-8.304323196411133,1.773848533630371,-1.8254361152648928,6.37928581237793,-0.2849741280078888,5.04192590713501,-1.5103657245635986,5.873164653778076,-3.183687686920166,3.52174711227417
5,-207.8829498291016,98.4759750366211,-2.950983762741089,-30.82462501525879,-9.0929594039917,9.277352333068848,-1.6074920892715454,-9.921412467956545,-4.129697322845459,-4.135909557342529,-6.919339656829834,-10.214510917663574,-12.153520584106444,-0.4305824637413025,-3.0965795516967773,8.967389106750488,9.579803466796877,12.657751083374023,5.189940929412842,6.339757442474365,-5.710709095001221,1.46660053730011,-1.888354539871216,2.6597158908843994,1.062436819076538,1.9237099885940552,-2.045679807662964,2.9136204719543457,-2.618247985839844,0.2678047716617584,-8.080597877502441,2.522057294845581,-0.0945091471076011,8.701197624206543,1.4662564992904663,6.607071876525879,-0.2481299340724945,5.331844806671143,-4.191817760467529,2.8903567790985107
5,-248.16200256347656,95.40103149414062,8.765679359436035,-18.040943145751957,-19.339330673217773,18.184350967407227,-1.4661167860031128,-5.2999348640441895,-6.068343639373779,-0.0279492046684026,-6.26834774017334,-6.999387741088867,-11.460474014282228,-1.1466951370239258,-3.310858726501465,-0.7460308074951172,-4.412621974945068,2.983726978302002,-1.3667086362838743,11.61661148071289,6.250445365905762,15.127622604370115,5.272832870483398,4.355651378631592,0.1635639369487762,2.42368221282959,0.0583573728799819,5.700323581695557,-3.1884329319000244,-0.4529317617416382,-5.979864120483398,1.9390071630477903,-1.2366667985916138,4.892110824584961,-1.0839874744415283,4.619016170501709,-1.1342169046401978,4.3663482666015625,-1.4974089860916138,6.180815696716309
5,-251.52415466308597,84.35820007324219,27.748676300048828,-17.434467315673828,-8.762444496154785,14.93458652496338,-12.525752067565918,5.716952323913574,-18.4144287109375,2.427949905395508,-13.481952667236328,-1.8199288845062256,-11.789755821228027,4.651914596557617,-0.7942829728126526,6.194981575012207,0.3645503520965576,4.5308918952941895,-1.277214765548706,5.9476637840271,-2.6599292755126958,5.139652729034424,-2.492215633392334,2.61325478553772,1.1034023761749268,5.085138320922852,-0.4426334500312805,3.419661283493042,-1.1078519821166992,1.9113867282867432,-4.800588607788086,2.376085042953491,-2.114047050476074,4.532965660095215,-0.844581127166748,5.142825126647949,-0.0649671927094459,5.909262657165527,-1.0724200010299685,3.2895822525024414
5,-337.62847900390625,87.47171783447266,-25.489744186401367,24.14514923095703,-18.3909912109375,14.87417984008789,-15.150142669677734,8.1806058883667,-7.770435333251953,5.934408664703369,-3.9827842712402335,5.843504428863525,-3.431821346282959,1.2445554733276367,-3.15652084350586,2.594295024871826,-2.407487392425537,1.616107940673828,-3.761175394058228,3.253408908843994,-2.283355474472046,4.065732479095459,-2.676793336868286,4.517576217651367,-1.9874249696731567,2.473700523376465,-0.7124211192131042,4.195037841796875,-1.7393229007720947,4.003805160522461,-1.006062388420105,4.099934577941895,-0.9175503253936768,3.352313280105591,0.4681626260280609,3.810126304626465,1.121543049812317,4.947729587554932,1.4045568704605105,4.725809097290039
5,-439.3519592285156,127.0669937133789,-18.598857879638672,34.50624465942383,-9.111815452575684,14.07404613494873,-6.200479030609131,5.967756271362305,-3.5814104080200195,7.790264129638672,-0.4428721666336059,7.933722019195557,0.2884319424629211,4.348072528839111,1.1999560594558716,4.040949821472168,0.4568358361721039,3.944401979446411,-0.4419879019260406,3.8638179302215576,-1.1756398677825928,4.370299816131592,-0.0005317202885635,5.334878444671631,1.7068785429000854,4.578410625457764,-0.55791175365448,1.9200167655944824,-0.936643362045288,4.282303810119629,0.6315579414367676,4.309756278991699,-0.1112154796719551,2.558014154434204,0.8394885659217834,3.8819615840911865,1.0219645500183103,3.643176794052124,1.0123953819274902,3.554650068283081
5,-435.9953002929688,135.85203552246094,-23.650917053222656,25.485599517822266,-6.728671073913574,17.521724700927734,-4.5917558670043945,7.832255840301514,-3.396691083908081,6.614908218383789,-4.584105491638184,3.921560287475586,-1.657211422920227,6.2230987548828125,2.5099036693573,2.8398892879486084,-1.3612827062606812,-0.0887737348675727,-3.408959150314331,3.991060733795166,-0.0583863891661167,4.6844892501831055,-1.6722468137741089,2.063236713409424,-0.6871660947799683,2.941143751144409,-0.1486318707466125,4.41194486618042,1.87369704246521,5.261854648590088,0.6244965195655823,3.5345420837402344,0.6446854472160339,2.970142126083374,-0.2800797820091247,2.721097230911255,0.288987249135971,2.893435001373291,0.6587331295013428,3.133927345275879
5,-442.5060424804688,133.63055419921875,-13.063361167907717,29.323272705078125,-7.499767303466797,12.840704917907717,-9.810669898986816,6.655795574188232,-4.259427547454834,7.140674591064453,-4.814513206481934,6.46199893951416,-0.4388262033462524,5.706812381744385,-0.4194499254226684,3.147199869155884,-1.9691468477249143,0.8586192727088928,-4.340585231781006,3.2920923233032227,-2.48929214477539,3.108966827392578,-2.622100353240967,4.153234004974365,0.0489038005471229,4.555249214172363,-1.2444785833358765,3.363438844680786,-0.1257752925157547,4.278193473815918,-0.0454855635762214,4.735577583312988,1.0487117767333984,3.8049979209899902,0.913175880908966,5.344983100891113,0.681191086769104,3.800338506698608,-0.0258897338062524,3.653850317001343
5,-429.4912414550781,134.55938720703125,-25.416337966918945,26.06235122680664,-5.639183521270752,8.26964282989502,-9.774527549743652,8.35012149810791,-7.016066551208496,7.013523578643799,-4.257617473602295,5.318678855895996,-0.2859475016593933,4.960345268249512,-3.105015277862549,2.2384674549102783,-1.7929694652557373,3.2222914695739746,-1.8585296869277956,3.171472787857056,-1.907199740409851,3.5070364475250244,-3.39713716506958,3.1581430435180664,-0.8689284920692444,1.7193056344985962,-2.7233266830444336,2.981471538543701,-1.072270750999451,2.1923608779907227,-2.469613075256348,3.915664196014404,-1.1811156272888184,3.109215497970581,0.0178973246365785,3.756548643112183,-0.0723799094557762,4.184440612792969,0.9632805585861206,5.108561992645264
5,-228.59120178222656,59.44383239746094,-15.531550407409668,17.800432205200195,-15.401217460632324,5.092844486236572,-19.305116653442383,5.870083808898926,-11.845621109008787,3.5092597007751465,-8.401496887207031,5.057627201080322,-5.570574760437012,1.1716761589050293,-6.997912883758545,3.259140491485596,-5.88686990737915,-0.9893816709518432,-2.748143434524536,6.318463802337647,-2.801888942718506,3.768902540206909,1.0287200212478638,6.890494346618652,1.3778518438339231,5.602009296417236,2.253486394882202,7.364379405975342,1.0481178760528564,5.4193854331970215,-0.5791566371917725,6.2662353515625,0.2303916364908218,3.693780183792114,1.048177719116211,5.998823165893555,3.036068916320801,5.357565879821777,0.2709399759769439,4.52325439453125
5,-135.71263122558594,55.25951766967773,-8.40101432800293,13.891950607299805,-14.793959617614746,1.901189208030701,-18.083438873291016,-1.1834131479263306,-13.544109344482422,0.7399794459342957,-10.38832187652588,2.9423115253448486,-7.066504955291748,-2.305691719055176,-8.042319297790527,-0.2713803946971893,-6.165993690490723,-1.1861282587051392,-4.998569965362549,4.061636924743652,-2.443753957748413,2.9407849311828613,-1.7115185260772705,5.94957160949707,0.7886243462562561,5.567277431488037,2.7814197540283203,7.670448303222656,1.8315279483795168,5.647334575653076,2.0086822509765625,6.944674015045166,0.2106278985738754,4.261168956756592,1.7853788137435913,6.155757427215576,2.5051112174987797,4.727288722991943,-0.3615158796310425,4.423061847686768
5,-413.77447509765625,107.4770050048828,-15.88033962249756,26.586645126342773,-9.63210391998291,13.004465103149414,-13.870237350463867,10.28759479522705,-6.047744274139404,6.804492950439453,-5.2557454109191895,6.509573936462402,0.3678695261478424,4.448349952697754,-1.345310926437378,2.9445109367370605,-1.912332892417908,2.4618868827819824,-1.3653148412704468,6.354087829589844,-1.6618571281433103,2.493985891342163,-1.226795315742493,4.26544713973999,-0.1307628601789474,3.9416487216949454,-0.9626777172088624,5.288062572479248,0.2440505027770996,4.811593055725098,1.1498637199401855,4.597217559814453,-0.5771205425262451,2.8503823280334477,0.5274131894111633,3.329075336456299,1.1986424922943115,5.581969261169434,2.082483291625977,4.152634620666504
8,-605.3245849609375,170.81907653808594,-65.64411163330078,-15.580042839050291,5.301589488983154,14.27703857421875,31.29252243041992,18.645898818969727,-7.200839042663574,6.118903636932373,20.479419708251957,3.647730588912964,-13.460881233215332,14.66290283203125,-1.343061447143555,-1.6396491527557373,-1.6181038618087769,-3.164724349975586,3.239467144012451,0.924384832382202,-6.176210403442383,11.018598556518556,-12.73401927947998,-1.4914400577545166,-5.079271793365479,-1.1899157762527466,-2.748918294906616,-1.1207798719406128,-4.767626762390137,-1.9569581747055051,-2.9822299480438232,-0.7633143663406372,-2.183421850204468,-4.027073860168457,-0.2603694200515747,-0.6092718839645386,0.1800151467323303,-3.992114782333374,-6.100367069244385,1.9069647789001465
8,-515.093994140625,172.90281677246094,-74.52037811279297,-15.759754180908203,2.9080984592437744,12.437626838684082,34.21554946899414,17.615476608276367,-1.7918306589126587,4.970135688781738,22.092056274414062,3.9219560623168954,-11.93641471862793,13.50412654876709,-0.7531118988990784,-3.1568517684936523,-2.2791411876678467,-3.17857027053833,8.548458099365234,-0.3339696526527405,-5.79684591293335,10.30573558807373,-10.4491548538208,-2.898314952850342,-5.712303161621094,-2.373722553253174,-1.6240583658218384,-3.300494432449341,-4.579339981079102,-5.636617183685303,-2.8091399669647217,0.4094511568546295,-0.8692440986633301,-5.827720642089844,-0.2202247232198715,-1.9728533029556277,1.0784672498703003,-6.509885787963867,-6.5140910148620605,-0.007222787477076
8,-230.9239044189453,111.65001678466795,-68.79273986816406,-20.438276290893555,-2.4292984008789062,17.369857788085938,28.010713577270508,26.03995704650879,-5.266897201538086,10.152360916137695,16.0439510345459,2.575852394104004,-14.111225128173828,13.568900108337402,-0.8105080723762512,-0.1735998541116714,-4.531378269195557,-3.8712546825408936,2.9014456272125244,0.0168927479535341,-1.794574737548828,4.5415449142456055,-6.639734745025635,-2.72847580909729,-6.8286895751953125,0.6979697942733765,-4.469861507415772,-4.615659236907959,-9.812499046325684,-6.630115509033203,-5.32827091217041,-3.1986782550811768,-2.8332951068878174,-2.7032840251922607,-3.311333179473877,-0.8490408062934875,-0.9723004698753356,-4.661534786224365,-8.312788009643555,1.035951018333435
8,-162.66632080078125,96.1655502319336,-64.39910125732422,-16.68715476989746,-2.310786724090576,24.370540618896484,26.683786392211918,25.566970825195312,-9.239908218383787,12.095999717712402,13.87371826171875,6.428799629211426,-13.211552619934082,15.35820198059082,-8.049062728881836,-0.5114218592643738,-8.88973617553711,-2.740231275558472,2.9552552700042725,-0.0518768839538097,-1.4293153285980225,8.299824714660645,-9.915082931518556,0.256714403629303,-8.387086868286133,1.1755504608154297,-6.006787300109863,-2.0145633220672607,-10.399813652038574,-3.4424850940704346,-6.104274749755859,-1.0808100700378418,-3.2063262462615967,-3.174262046813965,-3.233349084854126,1.324090838432312,-2.4814085960388184,-2.5230066776275635,-7.834497928619385,1.1302248239517212
8,-138.31365966796875,89.0958023071289,-70.66453552246094,-20.62150001525879,-11.976794242858888,28.416404724121094,25.34468078613281,29.84918594360352,-6.72300910949707,11.593341827392578,14.08620548248291,4.862897396087647,-17.788576126098633,12.667831420898438,-9.5983247756958,-1.6790882349014282,-9.502041816711426,-3.8056604862213135,1.7815024852752686,-0.956751585006714,-5.833322525024414,6.9343132972717285,-11.221917152404783,2.773306369781494,-4.597242832183838,0.2952685058116913,-5.3655266761779785,-0.1272908300161361,-7.642274856567383,-1.77937912940979,-7.481986045837402,1.7489632368087769,-0.8526603579521179,-1.794950246810913,-2.223329305648804,0.4977355301380157,-2.7705562114715576,-1.8580082654953003,-8.274307250976562,2.3856136798858643
8,-133.63394165039062,85.7255630493164,-77.37843322753906,-20.350929260253903,-21.22119140625,32.96291732788086,25.13836479187012,30.903732299804688,-6.204626560211182,13.742534637451172,16.67717742919922,0.7270777821540833,-22.936424255371094,8.594283103942871,-4.470772743225098,-0.8476400971412659,-7.115999221801758,-4.79589319229126,1.7028254270553589,-1.5040138959884644,-15.045686721801758,5.801884651184082,-11.11332893371582,2.772446393966675,-2.196390390396118,0.2304394692182541,-2.801464557647705,-0.4404239058494568,-5.663625240325928,-1.8776800632476809,-7.169306755065918,2.0631611347198486,-0.1474143713712692,-1.3883413076400757,-1.399739384651184,-0.7982441186904907,-2.025096654891968,-1.064360737800598,-7.871016025543213,1.3719607591629028
8,-168.65611267089844,107.96036529541016,-86.05078887939453,-16.686382293701172,-21.27205848693848,32.160308837890625,28.84903335571289,33.61250686645508,-2.807394027709961,13.38237190246582,13.687759399414062,-3.1173174381256104,-21.006122589111328,5.898211479187012,-2.5621070861816406,-2.22564697265625,-6.877613067626953,-7.7004618644714355,4.277893543243408,2.880033016204834,-14.918203353881836,4.031811714172363,-10.75265884399414,2.359792470932007,-0.8370447158813477,-0.5893653631210327,-1.676972508430481,-1.0483406782150269,-2.8524179458618164,-1.4905956983566284,-5.748911380767822,0.1958065181970596,0.0912609621882438,-1.7161900997161863,-1.211756706237793,-0.8997665047645569,-1.3199704885482788,-2.059624195098877,-6.664806365966797,-0.4510605335235595
8,-405.3435668945313,154.37094116210938,-92.28775024414062,-13.580549240112305,-12.181026458740234,25.03800392150879,35.41047668457031,25.58321762084961,-4.407675743103027,4.676226615905762,21.60583877563477,-0.5939847826957703,-14.170209884643556,12.624505996704102,2.86921501159668,-2.232822895050049,-5.509029865264893,-11.390425682067873,6.377475261688232,4.9871344566345215,-8.096933364868164,7.831092834472656,-11.659323692321776,-2.219860315322876,0.2560698091983795,-0.2131807655096054,-1.7691562175750732,-2.545040845870972,-1.361127257347107,-2.3461694717407227,-7.921736717224121,-3.724696636199951,-1.4381484985351562,-3.4253246784210205,-4.032836437225342,0.0195461567491292,1.905888080596924,-1.2485793828964231,-8.604767799377441,-3.3322885036468506
8,-517.213134765625,166.39268493652344,-88.30786895751953,-19.40123176574707,-11.49409294128418,17.078937530517578,35.33730697631836,23.337366104125977,1.0484001636505127,4.654563426971436,22.004478454589844,1.851546049118042,-15.185346603393556,11.423383712768556,1.65166437625885,-1.9984580278396609,-5.603416919708252,-11.44851303100586,6.378616809844971,4.628100395202637,-6.934937953948975,6.247748374938965,-10.944458961486816,-1.1708781719207764,0.4656140506267547,-1.069387674331665,-2.682945966720581,-4.192224979400635,-0.6066218614578247,-1.343801736831665,-10.069541931152344,-4.877565383911133,0.892824113368988,-3.4484739303588867,-5.12385892868042,-0.464941918849945,2.417332887649536,0.2536052763462066,-7.901601314544678,-4.078266620635986
8,-141.13265991210938,70.10507202148438,-66.02056884765625,21.31324005126953,-34.66908264160156,-3.425180435180664,-2.8929717540740967,-1.7493393421173096,-4.312934875488281,8.689749717712402,-9.447778701782228,-0.547601580619812,-0.5894865989685059,3.0151729583740234,-7.970623970031738,5.730179309844971,-2.294517040252685,3.707013368606568,1.8241273164749143,3.972407102584839,-11.052557945251465,-2.5513181686401367,-5.168338298797607,2.904993772506714,-4.98142147064209,-2.2718725204467773,-5.653843402862549,4.387940883636475,-3.0426924228668213,-4.002192497253418,-6.056125640869141,6.671227931976318,1.9777005910873413,1.1148602962493896,-3.41481614112854,1.3428584337234497,-4.389617919921875,0.0156673360615968,2.138228416442871,4.142102718353272
8,-136.3323516845703,63.92938232421875,-72.16532897949219,23.51513671875,-32.019744873046875,-1.1117582321166992,0.25373575091362,-2.201925277709961,-4.836704730987549,6.554361343383789,-10.681805610656738,0.6531878113746643,-0.7681117653846741,5.379860877990723,-6.199749946594238,9.167619705200195,-1.0247851610183716,1.343233346939087,-1.5448471307754517,5.982532024383545,-10.607604026794434,-4.179481983184815,-6.66508150100708,3.0046818256378174,-5.015042781829834,-0.905368149280548,-5.871255874633789,8.340178489685059,0.0516239218413829,-7.600570201873779,-10.477706909179688,7.357470035552978,2.9853289127349854,1.2571401596069336,-3.3624229431152344,0.6978670954704285,-6.635433197021484,-3.569777011871338,0.620137631893158,9.27292537689209
8,-117.82647705078124,57.76984786987305,-74.61578369140625,28.343416213989254,-32.53030776977539,-2.36713981628418,-0.8024048805236816,-6.39366626739502,-7.436550140380859,6.584438800811768,-9.558438301086426,-0.7248619794845581,-2.6654317378997803,7.949429512023926,-1.3658249378204346,13.064876556396484,-1.3346984386444092,1.6099427938461304,-3.5603930950164795,5.210554122924805,-10.255820274353027,-5.253764629364014,-10.18330192565918,0.6125727891921997,-2.6308858394622803,-1.610531449317932,-5.430470943450928,11.20501708984375,2.6582539081573486,-10.028066635131836,-14.186497688293455,4.490015983581543,6.45590877532959,5.234957218170166,-1.5005297660827637,0.6132199764251709,-9.172752380371094,-8.608083724975586,-0.5056902766227722,14.81255054473877
8,-78.52552795410156,42.86704635620117,-80.67243957519531,30.160314559936523,-33.661766052246094,-8.737886428833008,1.3826631307601929,-4.034850597381592,-15.179450035095217,2.059325933456421,-7.720932960510254,-3.463455438613892,-3.831691265106201,12.916176795959473,1.7824159860610962,11.081284523010254,-0.2938886880874634,5.887884616851807,-3.6131703853607178,4.891972541809082,-9.87892723083496,-8.499326705932617,-11.722197532653809,3.488232135772705,-0.7400709390640259,-4.588728427886963,-7.771176815032959,11.883624076843262,5.051631927490234,-6.819756507873535,-13.029023170471191,2.4852898120880127,5.015728950500488,6.33994197845459,-0.372707337141037,0.630729615688324,-10.453739166259766,-8.702539443969727,-3.0390729904174805,13.918395042419434
8,-82.00211334228516,45.641544342041016,-78.51924133300781,31.682846069335938,-33.62651062011719,-9.681303977966309,3.9953320026397705,2.375030755996704,-14.959240913391112,-0.3515118658542633,-5.933712959289551,-5.1093268394470215,-5.097933769226074,15.9205904006958,1.8509726524353027,7.986476421356201,-0.548642635345459,5.532437324523926,-3.866732358932495,6.514689922332764,-8.367606163024902,-8.804641723632812,-12.069594383239746,2.805187702178955,-1.5515930652618408,-3.917179584503174,-8.455313682556152,9.35536003112793,3.870385646820069,-5.269173622131348,-12.786161422729492,2.941823720932007,2.413435220718384,4.2012939453125,-1.6974319219589231,-0.0473666973412036,-10.157325744628906,-4.15835428237915,-1.6719651222229004,9.571812629699709
8,-106.3990478515625,58.82462692260742,-72.63267517089844,29.0478630065918,-31.713403701782227,-1.4967321157455444,3.327725887298584,3.809846162796021,-10.832720756530762,3.167851686477661,-8.756545066833496,-4.537344455718994,-3.378934144973755,16.624399185180664,2.568720817565918,12.429313659667969,-1.6933090686798096,2.677626848220825,-3.3169193267822266,7.799764633178711,-7.853987693786621,-6.897972583770752,-10.530138969421388,-1.7129751443862915,-4.391456604003906,-2.235856056213379,-6.683466911315918,6.517449855804443,1.7445656061172483,-5.713386535644531,-15.01459789276123,3.348060846328736,4.802213191986084,2.5203652381896973,-3.260182380676269,0.5196718573570251,-10.883251190185549,-7.375547409057617,0.5627092719078064,10.875866889953612
8,-103.14875030517578,60.92566680908203,-74.5435791015625,19.838045120239254,-35.200103759765625,-1.6290346384048462,-1.082508563995361,2.328469753265381,-8.370832443237305,5.559160709381104,-10.45028305053711,-2.554264545440674,-4.097618103027344,12.156153678894045,1.8033974170684812,15.13706874847412,-1.559857726097107,3.0005042552948,1.3701622486114502,10.250718116760254,-6.47659969329834,-6.952539920806885,-15.811447143554688,-7.71621036529541,-8.977063179016113,-1.795324206352234,-5.168942928314209,9.767425537109377,5.859741687774658,-0.8058173656463623,-13.99534034729004,0.2329512536525726,4.50849199295044,3.9911234378814697,-2.223348379135132,3.557424545288086,-9.348594665527344,-10.67637062072754,-2.0568971633911133,12.076603889465332
8,-90.67169189453124,60.20572662353516,-82.57262420654297,11.599899291992188,-39.033470153808594,-1.625880241394043,0.3075476884841919,3.183510065078736,-7.390529155731201,2.3965892791748047,-10.967852592468262,1.1678297519683838,-5.3748273849487305,5.564245700836182,-2.58847975730896,14.229695320129396,0.4847452640533447,7.089080810546875,5.460880756378174,6.591930866241455,-10.820064544677734,-6.724948883056641,-17.255529403686523,-5.958117961883545,-7.563596725463867,-1.989273190498352,-8.017378807067871,7.099325656890869,7.285190105438232,8.033159255981445,-8.652909278869629,-3.957977533340454,0.4767109453678131,5.232879638671875,-1.3546476364135742,6.146788597106934,-4.509560108184815,-10.6661958694458,-10.04172420501709,7.7166876792907715
8,-94.23925018310548,59.874244689941406,-86.1783676147461,14.78786277770996,-33.57340240478516,1.4844746589660645,-0.2408510744571685,-0.5268670916557312,-8.593761444091797,2.270923137664795,-9.53580093383789,2.097295045852661,-5.422529220581055,4.334521293640137,-3.766616344451904,15.302098274230955,3.2403995990753174,8.946795463562012,2.0478243827819824,-0.3548993170261383,-13.669763565063477,-3.691653251647949,-11.28811264038086,-2.6301677227020264,-7.333629608154297,-4.36952018737793,-11.249691009521484,1.0270421504974363,5.964096546173096,12.317811965942385,-5.681049346923828,-4.226252555847168,-0.0556568317115306,5.512348651885986,-2.2418243885040283,5.7943220138549805,-1.9022629261016848,-10.999783515930176,-15.19970703125,3.101925134658813
8,-155.94662475585938,78.15421295166016,-57.25568771362305,34.64326095581055,-34.77863693237305,3.9826443195343018,-6.662937164306641,-4.894560813903809,-6.794499397277832,-2.487947702407837,-8.303155899047852,-0.1530242264270782,-5.718724250793457,6.811964511871338,1.0807886123657229,12.954996109008787,2.4170913696289062,1.4735801219940186,-8.219305038452148,-2.097365379333496,-7.732827186584473,-3.3483691215515137,-15.893549919128418,-9.61326789855957,-7.424190521240234,2.069341897964477,-9.027603149414062,-2.542104959487915,4.884584903717041,17.301485061645508,-1.2271559238433838,-10.42249870300293,-7.232074737548828,10.741463661193848,-3.4619956016540527,-2.158343553543091,5.613595008850098,-2.579213380813598,-19.45176696777344,-3.1683993339538574
8,-175.90403747558594,64.04771423339844,-67.59953308105469,37.24850082397461,-19.47907066345215,-5.222966194152832,-13.605470657348633,-5.145390033721924,-7.7289886474609375,6.570232391357422,-10.28287410736084,1.737845540046692,-5.101454257965088,5.918911457061768,-4.36285924911499,17.049755096435547,-5.44732141494751,2.7217025756835938,7.57404613494873,8.799101829528809,-5.308072566986084,-7.094913482666016,-17.227996826171875,0.0125181330367922,-1.499796748161316,-9.62065601348877,-12.951162338256836,3.902200937271118,5.643940448760986,-2.022868633270264,-21.235544204711918,-2.8375449180603027,12.902761459350586,13.647764205932615,-2.2220771312713623,3.994537353515625,-6.89252519607544,-13.063643455505373,-1.45157790184021,10.86009120941162
10,-106.48306274414062,87.45354461669922,-78.97047424316406,18.64703750610352,-35.730812072753906,-1.3980693817138672,-21.490306854248047,-7.444605350494385,-7.751093864440918,15.306987762451172,-4.931892395019531,-2.723562002182007,0.5770418047904968,-0.4324526786804199,-5.934675216674805,8.193501472473145,-11.052675247192385,-1.9965742826461792,1.8223068714141848,-1.1199432611465454,-4.8784260749816895,2.263639450073242,-1.1214839220046997,2.0876994132995605,2.295498371124268,4.283624172210693,1.6843537092208862,1.1093612909317017,-5.01101541519165,0.930450439453125,-1.3039186000823977,-0.8021718263626099,-1.0345969200134275,1.4526909589767456,-0.2144259363412857,0.7174614071846008,-1.8156044483184812,-0.474319726228714,0.8390141129493713,2.6609623432159424
10,-121.4368133544922,91.28209686279295,-72.06572723388672,26.442331314086918,-31.48689842224121,-1.924424409866333,-19.98647117614746,-13.172521591186523,-9.097187042236328,14.370772361755373,-7.600699424743652,-1.530432939529419,1.6271259784698486,0.4431222975254059,-4.760080337524414,8.52119255065918,-11.762699127197266,-1.0430810451507568,3.3243298530578613,-2.2038252353668213,-3.714829683303833,3.0218725204467773,-3.406333923339844,0.5894486904144287,1.7093348503112793,2.8491132259368896,-0.5174646377563477,1.6941049098968506,-5.583949565887451,1.046793818473816,-1.2066419124603271,1.0278669595718384,-1.5210835933685305,2.0738892555236816,0.876068115234375,2.2918620109558105,-1.7678284645080566,1.608137845993042,1.686969757080078,3.453547716140747
10,-148.94036865234375,100.73475646972656,-63.50677490234375,17.017683029174805,-36.485618591308594,-1.0909476280212402,-17.817943572998047,-12.410926818847656,-5.063039302825928,10.536736488342283,-4.355502128601074,4.323981761932373,3.952138900756836,-1.0668319463729858,-4.997214317321777,2.994811773300171,-8.21774959564209,0.7657450437545776,1.0413196086883545,2.432236671447754,0.3351820111274719,2.716987609863281,-4.0115509033203125,0.5355592966079712,0.7580680251121521,1.2991981506347656,-1.7217679023742676,1.5514997243881226,-3.765728712081909,1.1164034605026243,-2.911316394805908,-0.8333929181098938,-1.57341730594635,0.7712362408638,-0.8763769865036011,-0.1075679063796997,-2.350597858428955,0.5150166749954224,0.7885914444923401,0.794103741645813
10,-199.1685943603516,97.19621276855467,-49.02527618408203,19.5335750579834,-35.77983474731445,5.0849609375,-14.331754684448242,-11.989286422729492,-2.8090813159942627,8.689362525939941,0.7623522281646729,4.991752624511719,1.3695852756500244,-0.2560831308364868,-4.243312835693359,1.2066683769226074,-3.11909556388855,0.6354605555534363,1.4409481287002563,0.9253852963447572,-0.6626924276351929,0.369306206703186,-2.4078328609466557,-0.3830959796905517,0.2721766233444214,-1.1324211359024048,-2.2596325874328613,0.8493672609329224,-3.298464775085449,0.7485114336013794,-1.9458636045455933,-0.5861279964447021,-0.9355010390281676,1.16079843044281,-1.5476467609405518,-0.9837578535079956,-0.9537511467933656,0.0844752043485641,0.1431297361850738,-0.3347679674625397
5,-144.47421264648438,137.955322265625,-17.400829315185547,28.764379501342773,3.3517954349517822,11.90841007232666,1.1612154245376587,9.66700839996338,-4.950438976287842,7.572062492370605,-6.578539371490479,0.5739297866821289,-1.767975687980652,5.883656024932861,6.667709827423096,12.263275146484377,4.523526668548584,6.452639579772949,-5.583296775817871,-4.3063836097717285,-14.1207857131958,-6.198147773742676,-4.57469654083252,3.9840595722198486,-7.933225631713867,-5.89164400100708,-2.46883487701416,9.794342041015623,-6.539374828338623,-10.39784336090088,-2.5691962242126465,18.147953033447266,7.173511981964111,-4.736977577209473,-6.783048152923584,-1.166821837425232,-12.414963722229004,-0.2551779448986053,13.496210098266602,9.536151885986328
5,-78.48737335205078,110.0970458984375,-46.41263961791992,12.661493301391602,-3.665780782699585,17.82107162475586,-11.86553192138672,12.923805236816406,1.318192958831787,10.627060890197754,-3.1586151123046875,0.4196968674659729,-18.89600944519043,0.0608192533254623,6.937304973602295,16.029090881347656,8.002195358276367,7.063144207000732,-7.901558876037598,0.886357843875885,-1.9514751434326167,-3.93331527709961,-4.325488567352295,8.02556324005127,-0.0673841908574104,-2.464688539505005,-8.318293571472168,8.045612335205078,2.1639115810394287,-2.765711545944214,-11.770390510559082,6.406667232513428,17.601106643676758,-0.6668084859848022,-5.476298809051514,9.910231590270996,-14.674107551574709,-18.12244415283203,1.718100905418396,20.153587341308597
5,-184.59620666503903,131.85511779785156,-8.796151161193848,25.34081649780273,14.826987266540527,10.98794651031494,10.377618789672852,13.251161575317385,-7.041104793548584,1.691707730293274,4.923938751220703,-2.310403823852539,-5.602914810180664,9.783265113830566,3.9327433109283447,2.1511359214782715,0.7321827411651611,7.678146839141846,-2.4365029335021973,-0.2824999988079071,-1.6127146482467651,-0.4238069057464599,-10.481660842895508,-0.8967034816741943,-3.17794132232666,-0.9546678066253662,-8.386553764343262,4.480402946472168,3.142650604248047,-0.016258105635643,-1.1248421669006348,6.7056565284729,-3.98175311088562,1.2454946041107178,-1.328452229499817,4.300628185272217,-9.846670150756836,1.0871069431304932,-1.141125202178955,-3.387540578842163
5,-178.3557891845703,148.45301818847656,-20.632492065429688,29.824691772460938,14.93059539794922,17.985607147216797,2.423517942428589,9.314260482788086,0.5290738344192505,6.516622066497803,-4.62847375869751,0.280061811208725,-5.433670520782471,-1.21711266040802,-3.252786636352539,12.746119499206545,7.350849628448486,7.231161117553711,-3.20739483833313,-1.667657494544983,-10.903935432434082,-0.9586990475654602,-0.8068072199821472,2.715041399002075,-6.459712982177734,-4.874520778656006,-4.902008056640625,2.1306159496307373,-7.044122219085693,-3.6643764972686768,0.5604164600372314,11.850598335266112,0.6563394665718079,-2.794179201126098,-1.0686869621276855,2.8586666584014893,-7.4774651527404785,-3.852222442626953,-0.9642327427864076,3.936617612838745
7,-221.9693756103516,36.00286865234375,-47.22623825073242,10.289982795715332,-20.32363510131836,9.156670570373535,-2.474858045578003,2.219327688217163,4.975497245788574,10.593615531921388,0.708457350730896,-3.360480785369873,-10.49802017211914,16.459447860717773,2.308281421661377,3.390033721923828,-2.4256112575531006,-2.171349048614502,-7.052925109863281,4.157504081726074,-0.8145291805267334,5.338639259338379,-5.412236213684082,1.0307141542434692,-6.143379211425781,4.889122009277344,0.2376402467489242,7.70029354095459,-0.613531768321991,0.9970226883888244,-2.111978054046631,-0.4615615308284759,-0.9860425591468812,5.810046195983887,-2.918940305709839,3.8396496772766113,-4.079522609710693,2.8808348178863525,-1.8300837278366089,0.4574722647666931
7,-176.51365661621094,20.93258285522461,-55.48003005981445,7.385150909423828,-24.34032440185547,7.320653438568115,-5.03560733795166,-1.6112991571426392,2.589381694793701,10.472415924072266,1.871506929397583,-2.610196113586426,-9.887460708618164,17.2952823638916,2.967994213104248,4.923317909240723,-0.6550598740577698,-2.055703639984131,-7.438901424407959,4.969382286071777,-1.1544936895370483,5.016678333282471,-5.287362575531006,0.462664395570755,-6.846826553344727,5.529520511627197,-0.2330206781625747,8.89616584777832,-0.5049844980239868,0.7936787605285645,-2.841093778610229,-1.2568150758743286,-1.094771146774292,6.425734519958496,-3.4586315155029297,2.866949796676636,-4.525054931640625,3.3742446899414062,-1.5808321237564087,1.536669373512268
7,-244.15023803710935,37.70494842529297,-42.37569427490234,12.066027641296388,-23.972097396850582,10.091134071350098,-1.128444790840149,3.834797143936157,2.6418776512146,10.90522003173828,2.461958408355713,-2.232167482376098,-10.254057884216309,15.38532543182373,2.280278444290161,3.0356907844543457,-2.2077386379241943,1.1082334518432615,-6.814051151275635,4.1303391456604,-0.8904128670692444,6.113517761230469,-2.9287188053131104,2.1635630130767822,-6.792433738708496,5.021927356719971,-0.2358312457799911,6.768701553344727,-0.8472597002983093,-0.4090207517147064,-2.7335007190704346,0.1407267898321151,-0.7857882976531982,6.533689498901367,-3.0817813873291016,2.219977855682373,-2.5461108684539795,4.457326889038086,-1.390926718711853,0.4849862456321716
7,-349.26470947265625,66.5796127319336,-22.82149124145508,28.268518447875977,-10.435498237609863,12.029338836669922,3.230710744857788,9.921565055847168,3.8733863830566406,4.898326396942139,-1.397136688232422,-2.805051565170288,-11.646069526672363,13.558650016784668,-2.809007167816162,3.359255313873291,-6.661707878112793,1.5986093282699585,-7.114691257476807,3.8038747310638423,-1.3865841627120972,6.724338531494141,-2.7990238666534424,5.441825866699219,-8.376679420471191,4.691529750823975,2.465741872787476,5.122851371765137,-0.743069052696228,-0.1769099533557891,-1.5667625665664673,0.4293527901172638,-2.5820415019989014,7.619643211364746,-2.19911527633667,3.2585816383361816,-2.875044107437134,3.8939342498779297,-0.6979847550392151,0.1076045408844947
7,-272.8326721191406,48.82373428344727,-30.0455322265625,12.533576965332031,-21.96355438232422,7.270459651947021,2.0136189460754395,6.962493896484375,3.240774154663086,8.939839363098145,1.5782787799835205,-2.784726619720459,-12.26597499847412,15.83854866027832,-1.1871623992919922,3.629364967346192,-7.379022121429443,1.290740966796875,-7.939513683319092,3.148578643798828,-1.1504043340682983,8.41490650177002,-4.1909050941467285,5.563242435455322,-8.02077865600586,5.261332035064697,0.7168219089508057,6.084835529327393,-0.5809676051139832,-0.2672613859176636,-2.3758764266967773,0.7361177802085876,-3.5700597763061523,7.967832565307617,-2.497602701187134,3.499067068099976,-3.26032829284668,2.968930244445801,-1.0814722776412964,0.29544797539711
7,-240.84542846679688,40.81727981567383,-33.872314453125,8.095573425292969,-24.775156021118164,7.828036308288574,-2.0650227069854736,6.702656269073486,2.355269432067871,10.327381134033203,-0.9138617515563964,1.4753252267837524,-12.448471069335938,15.524476051330566,-2.2094757556915283,3.053637981414795,-7.846844673156738,0.5328667163848877,-5.9764723777771,5.023952007293701,0.7980550527572632,8.13287353515625,-3.2883293628692627,2.838684320449829,-6.871329307556152,4.535874366760254,-0.4996793568134308,6.045175075531006,-0.4908876419067383,-0.1668473929166793,-1.7460108995437622,-0.5188653469085693,-2.694727897644043,6.930967330932617,-3.0897724628448486,2.709961414337158,-3.315304040908813,3.676124572753906,-0.6739692687988281,0.8716763257980347
7,-222.7600860595703,33.81486129760742,-34.48017501831055,6.137651443481445,-24.089990615844727,7.994428634643555,-3.92141318321228,5.73224401473999,1.2518928050994873,9.53670597076416,-2.0936801433563232,2.364243030548096,-12.70166015625,14.555316925048828,-3.474663734436035,2.7689104080200195,-4.88497257232666,1.5597636699676514,-3.5323853492736816,8.217144966125488,-0.8378748297691345,6.026999950408936,-3.651800394058228,1.5325376987457275,-5.6795430183410645,4.306649684906006,-1.750329852104187,6.527989864349365,-1.592455506324768,0.2739741206169128,-2.322057247161865,-1.7511208057403564,-2.9872429370880127,5.344485759735107,-2.5905723571777344,3.5199594497680664,-1.605878233909607,5.352303981781006,-0.2772484123706817,0.8843739032745361
7,-207.6102752685547,27.760713577270508,-35.910377502441406,5.148174285888672,-23.492862701416016,7.441164016723633,-5.027824401855469,5.151758193969727,0.208112746477127,8.405546188354492,-2.621479749679565,2.327191114425659,-11.90616512298584,13.023982048034668,-3.341391086578369,4.450868606567383,-2.435462713241577,2.554027318954468,-1.7949000597000122,7.908503532409668,-1.542566180229187,4.552794456481934,-4.073545455932617,1.912185549736023,-5.936164855957031,4.346901893615723,-1.5403660535812378,6.055458068847656,-1.6590495109558103,-0.0333523601293563,-3.2560062408447266,-2.165335178375244,-3.684052467346192,5.674776554107666,-1.3425660133361816,5.202053070068359,-0.943390965461731,5.297205924987793,-0.402589738368988,1.19665265083313
7,-181.6688995361328,17.892044067382812,-40.40571212768555,6.176620960235596,-24.547393798828125,6.022331714630127,-7.4090895652771,3.7987992763519287,-0.3328816294670105,6.532957077026367,-1.787225604057312,2.62388277053833,-9.959650039672852,12.409062385559082,-1.0302430391311646,8.38931941986084,-2.295481443405152,1.6343225240707395,-3.687633991241455,5.371426582336426,-1.393256425857544,3.887637853622437,-5.088032245635986,2.96992564201355,-6.389680862426758,6.081813812255859,-0.5481715798377991,5.158755779266357,0.1210857704281807,0.9710053205490112,-2.708008050918579,-0.5424503087997437,-4.200766086578369,6.25336217880249,-1.0177608728408811,3.5527467727661133,-2.201821804046631,4.308762550354004,0.1553260535001754,2.6797237396240234
7,-275.38458251953125,54.75731658935547,-28.47235107421875,9.041419982910156,-18.92842674255371,12.015664100646973,0.6883947253227234,8.171533584594727,-1.2109646797180176,9.900290489196776,-5.82298469543457,1.6023283004760742,-5.186176300048828,10.628124237060549,-1.287196159362793,6.302528381347656,-2.6983063220977783,0.6189067959785461,-4.731711864471436,3.492594718933105,-1.0938940048217771,3.6072356700897217,-3.987801551818848,4.33181619644165,-5.779482364654541,4.122627258300781,-0.4033330976963043,3.981980800628662,-1.3215663433074951,0.8384085297584534,-1.3091574907302856,1.338464856147766,-4.129741191864014,3.796927928924561,-2.2109780311584477,1.7833911180496216,-3.3818416595458984,2.6464197635650635,-0.1234513893723487,3.0374677181243896
8,-236.48248291015625,97.0060043334961,11.863924980163574,2.9903812408447266,1.7347657680511477,18.12183952331543,5.336668491363525,11.916770935058594,1.198749303817749,9.698236465454102,3.988729238510132,8.000397682189941,3.5477993488311768,7.082475662231445,1.1751551628112793,7.066952228546143,0.5634008049964905,5.996154308319092,-0.7840561270713806,6.156642436981201,-2.6711184978485107,4.666062355041504,-2.55897855758667,2.908637762069702,-0.4672375321388244,3.594061851501465,-1.0647529363632202,2.032198429107666,-1.5638781785964966,3.1833553314208984,-1.305620193481445,1.943119764328003,-1.6727709770202637,2.006558895111084,-1.909285306930542,2.100475549697876,-2.3401994705200195,2.9898643493652344,-1.908875584602356,1.5746777057647705
8,-243.6455993652344,96.0982437133789,10.134875297546388,-3.891808032989502,-3.373946189880371,12.792550086975098,-3.102277994155884,5.401899337768555,-4.574825763702393,5.357183933258057,-0.4732281565666199,7.007467269897461,3.295472860336304,5.566594123840332,0.2154802978038787,5.349546432495117,0.404011994600296,6.971664905548096,0.3964154422283172,6.793516159057617,-0.6588633060455322,5.890562057495117,-1.6135514974594116,4.21096658706665,0.002132746623829,3.941160678863525,0.0254372060298919,3.483532428741455,-0.3010168373584747,4.1519036293029785,-1.0186575651168823,1.918372750282288,-0.829376757144928,3.597817897796631,-1.376744270324707,2.4593939781188965,-0.824885368347168,3.5082507133483887,-1.0606472492218018,2.244839191436768
8,-256.4851379394531,98.99893951416016,12.882989883422852,-3.9446346759796143,-7.1571574211120605,9.78609848022461,-5.166531562805176,4.885754108428955,-7.258261203765869,3.7876923084259033,-1.1476942300796509,6.444106578826904,1.104381799697876,5.129025936126709,-0.287676990032196,5.792743682861328,0.3127436935901642,6.0925703048706055,-0.7535950541496277,5.800302028656006,-1.9205899238586424,5.348620891571045,-1.084117770195007,3.621575355529785,-1.7544957399368286,3.2079107761383057,-0.0956528708338737,3.239830732345581,0.2572401463985443,4.380182266235352,-0.2843867242336273,2.044276237487793,-1.1324224472045898,3.263694524765014,-1.3093204498291016,2.688017606735229,-0.90608948469162,3.121398687362671,-1.711136817932129,1.959255337715149
8,-313.7543334960937,128.7999725341797,21.902381896972656,-2.290576696395874,-9.188098907470703,8.558966636657715,0.69325852394104,4.955363750457764,-2.7508394718170166,6.122453689575195,0.8173473477363586,6.834444999694824,1.5597913265228271,5.382519721984863,-0.5613871812820435,5.111019611358643,-0.1325104534626007,4.565543174743652,-1.497942566871643,5.413410663604736,-0.7050459384918213,5.790982246398926,-0.64166259765625,3.9754912853240967,-0.9118388891220092,4.218758583068848,-1.132763147354126,3.5636494159698486,-0.3695695102214813,3.87009596824646,-1.1074243783950806,2.73994779586792,-0.6286309957504272,2.590093851089477,-1.7655017375946045,1.7147709131240845,-2.1907334327697754,2.5831897258758545,-1.2865816354751587,2.6937952041625977
7,-266.7446594238281,112.2360382080078,-1.7836833000183103,19.7867374420166,0.5459002256393433,-10.7000093460083,-18.144550323486328,-18.99076271057129,-14.419089317321776,-11.767221450805664,4.752388000488281,6.017947673797607,-7.171315670013428,13.91022777557373,0.2443528324365615,-8.216717720031738,-3.2857697010040283,11.70530605316162,-8.716915130615234,-9.7492094039917,-7.404545307159424,-2.3046021461486816,-1.1684157848358154,-6.203930854797363,-9.343225479125977,-7.86257266998291,-14.41704273223877,-2.969082355499268,-2.325127601623535,-4.204357624053955,-14.024357795715332,-0.5926916003227234,7.826736450195312,1.932288408279419,-5.482891082763672,0.3571130037307739,-6.610936641693115,-8.006304740905762,-6.178607940673828,-5.6811113357543945
7,-249.39952087402344,102.03224182128906,-1.014726638793945,22.36856842041016,5.47542667388916,-4.715689182281494,-16.743757247924805,-13.543739318847656,-11.687771797180176,-12.042524337768556,2.63362193107605,-1.280370593070984,-13.602821350097656,5.310198783874512,7.529069900512695,-0.8637235164642334,-7.937421798706055,7.9702959060668945,-9.870232582092283,-5.574174880981445,5.628391265869141,6.286700248718262,-6.49085807800293,-17.02204132080078,-10.798561096191406,-6.552587032318115,-9.270066261291504,-2.5868380069732666,-4.133649826049805,-5.647840023040772,-8.443792343139648,-3.0537688732147217,-2.1699488162994385,-3.2681097984313965,-9.950857162475586,-8.728901863098145,1.6932295560836792,-1.0565651655197144,-16.819589614868164,-15.336581230163574
7,-246.92819213867188,121.80938720703124,-12.607439041137695,21.60522079467773,2.780388832092285,-1.5078340768814087,-15.158838272094728,-24.763301849365234,-12.250956535339355,-3.680091142654419,5.823261737823486,5.248232841491699,-7.056095123291016,11.824578285217283,12.004854202270508,-7.390039443969727,-18.485002517700195,13.771510124206545,-7.900967597961426,-8.759382247924805,-3.3483312129974365,-6.341674327850342,-5.4740891456604,-9.167442321777344,-10.745715141296388,-6.578633785247803,-7.553209781646728,2.177158832550049,1.1646535396575928,-7.000957012176514,-1.3531906604766846,3.5811898708343506,0.3121972978115082,-10.806578636169434,-14.64883804321289,-11.44894313812256,-7.117973327636719,-2.5706229209899902,-9.091408729553224,-15.23367404937744
7,-255.6616058349609,111.07479095458984,-9.577927589416504,23.27770233154297,1.7135242223739624,-5.790022850036621,-15.781726837158203,-20.578462600708008,-14.13284397125244,-12.441712379455566,-1.221418857574463,2.58988094329834,-12.58016300201416,5.080129623413086,0.1527710855007171,-7.13525390625,-7.915544509887695,13.687676429748535,-7.742822647094727,-4.748641014099121,1.4728113412857056,1.94049870967865,-0.5124421715736389,-8.167207717895508,-8.151299476623535,-11.1295804977417,-15.409737586975098,-1.147459626197815,-7.460927009582519,-8.052027702331543,-13.853281021118164,-1.4714263677597046,0.9053954482078552,1.5839614868164062,-3.0282511711120605,-5.417426586151123,-4.388206005096436,-3.9864614009857178,-10.666735649108888,-11.875725746154783
7,-244.6660919189453,114.21321868896484,-8.181400299072266,15.47616481781006,3.025887012481689,-5.908347129821777,-13.113207817077637,-22.09239959716797,-15.879738807678224,-7.295167446136475,4.367988586425781,0.0410678833723068,-12.63058853149414,8.592727661132812,6.655328273773193,-8.652944564819336,-16.971458435058594,10.159554481506348,-8.263341903686523,-5.965584754943848,-0.3683798909187317,-2.4261474609375,-4.360435485839844,-9.720088958740234,-7.615106105804443,-4.394993305206299,-4.268929481506348,3.549926996231079,-4.933724403381348,-7.45525598526001,-6.186311721801758,5.075538158416748,-0.8052501082420349,-9.567804336547852,-13.472421646118164,-5.106007099151611,-3.226590633392334,-4.006046772003174,-10.649408340454102,-10.129533767700195
7,-253.1752166748047,124.60179138183594,-13.957313537597656,18.6031551361084,1.1206893920898438,-5.990182876586914,-16.50462532043457,-24.72395133972168,-15.067277908325195,-4.963832378387451,4.043632507324219,0.9598476886749268,-11.919321060180664,11.671065330505373,4.847919940948486,-12.7788724899292,-20.951736450195312,7.56869649887085,-11.98703670501709,-9.715065956115724,1.6326851844787598,0.1891163736581802,4.51524829864502,1.8003813028335571,-2.937073945999145,-7.028480529785156,-9.669158935546877,1.1945323944091797,-3.2649037837982178,-10.112720489501951,-13.212128639221191,-6.407055854797363,0.4362503588199615,-1.2769359350204468,-7.057246685028076,-8.404504776000977,-6.828693866729736,-3.3951878547668457,-7.028550148010254,-11.649426460266112
8,-151.17539978027344,146.67730712890625,-3.645390033721924,24.756235122680664,5.263872146606445,13.99994945526123,4.926154613494873,4.330259799957275,2.630539894104004,2.2468905448913574,-0.8259292244911194,2.9505503177642822,-1.149612545967102,4.331541538238525,-0.6037195324897766,3.058004140853882,-0.5727707743644714,2.602866649627685,1.200971007347107,3.9925596714019775,0.0470786578953266,2.84297776222229,-1.691575050354004,1.0847437381744385,-0.4740273058414459,3.2399017810821533,0.2936445772647857,3.3889238834381104,-0.2192024737596511,2.3108880519866943,-0.7236924767494202,3.0425775051116943,0.9148699045181274,3.228399515151977,0.5593011379241943,1.912993669509888,-0.2462295144796371,2.748332262039185,0.6876144409179688,1.900791049003601
8,-146.00668334960938,139.5146484375,-5.44504451751709,23.339344024658203,4.216746807098389,13.307284355163574,7.593600273132324,6.618051052093506,3.231663942337036,2.620987892150879,-0.0169009491801261,4.003042697906494,-3.037460803985596,2.426610231399536,0.0105068450793623,3.028918743133545,-0.878900408744812,2.693577289581299,1.5482008457183838,3.864899635314941,0.2758961617946625,2.849769830703736,-1.6031546592712402,1.8227401971817017,-0.2415071129798889,2.7479007244110107,-0.111289270222187,3.5381007194519043,0.3207447826862335,2.345980405807495,0.0720538571476936,4.053790092468262,0.3298248946666717,1.9536482095718384,-0.1319147497415542,1.7523568868637085,-0.5486397743225098,3.400444984436035,1.028480052947998,2.0783262252807617
8,-113.4813232421875,134.32113647460938,-16.58395004272461,16.924598693847656,-2.3082849979400635,10.854382514953612,7.859268665313721,5.947117328643799,0.3383999764919281,-0.2856394052505493,-1.867986083030701,4.013452529907227,-4.1387481689453125,-0.4418920576572418,-2.228764772415161,3.798588991165161,-0.2800261974334717,2.823460102081299,-0.8727832436561584,3.474327087402344,-1.8273625373840328,2.115640163421631,-2.853154420852661,0.5091243982315063,-3.2629120349884038,2.9096217155456543,-1.6288566589355469,1.9480711221694944,-1.9750152826309204,1.6137573719024658,-1.6498563289642334,3.3550055027008057,0.0697803422808647,2.249443531036377,0.598213791847229,2.348530530929565,-0.5118298530578613,2.7293505668640137,0.3164260983467102,2.8928985595703125
8,-96.33718872070312,128.38526916503906,-20.3802433013916,14.32308578491211,-6.042817115783691,6.490509033203125,1.929560899734497,2.6164886951446533,-2.230372190475464,-1.9425842761993408,-2.584667682647705,2.605147361755371,-6.289092063903809,-1.3132219314575195,-4.742974758148193,4.53770112991333,-2.0284740924835205,-0.0999849364161491,-5.774316787719727,2.464426040649414,-4.126926422119141,0.3982150554656982,-4.535510540008545,1.590444803237915,-5.300449848175049,2.047133684158325,-4.31602954864502,1.1583644151687622,-5.000008583068848,0.7599945664405823,-3.0247128009796143,3.173972845077514,-2.8691089153289795,2.526188611984253,0.4547788202762604,2.256796598434448,-1.587868094444275,1.6980727910995483,-2.097752094268799,2.1423161029815674
8,-133.68748474121094,133.39627075195312,-9.853677749633787,20.24382972717285,-4.361534118652344,2.354673147201538,0.3408875167369842,0.8562251329421997,-0.1950760781764984,-0.5071591734886169,-1.8309292793273928,0.4000922739505768,-8.449339866638184,-3.0564911365509038,-7.805016994476318,0.0111013427376747,-5.597490787506104,-4.303887844085693,-12.267839431762695,-0.7242525219917297,-3.6891391277313232,-0.2817860841751098,-4.806813716888428,0.9361969232559204,-6.24069356918335,-1.2810592651367188,-6.268317699432373,0.7836577892303467,-5.80363130569458,-0.5941984057426453,-2.3275420665740967,2.4280261993408203,-3.86977767944336,0.5108828544616699,-1.6691040992736816,1.4656169414520264,-1.0310856103897097,1.47538423538208,-3.4349865913391118,0.8805354237556458
8,-151.21620178222656,152.84896850585938,-1.1334830522537231,26.979137420654297,-1.6291401386260986,5.284031391143799,5.496376514434815,3.722299575805664,3.464393615722656,0.1012371703982353,-2.036750555038452,-0.7655106782913208,-10.564339637756348,-4.865644454956055,-8.020891189575195,-0.9120861887931824,-7.54032564163208,-6.121208190917969,-13.400907516479492,-2.595750331878662,-4.656838893890381,-0.9426224827766418,-4.570075988769531,-0.2826755046844482,-6.56273078918457,-3.413702726364136,-7.216414928436279,-0.4236591458320617,-4.491818428039551,-0.8303905129432678,-3.791999340057373,-0.5007951259613037,-3.597079038619995,-1.0998259782791138,-2.94158148765564,1.720294952392578,0.0323068276047706,1.6683684587478638,-1.847990155220032,1.0693424940109253
10,-219.8700408935547,66.02838897705078,-40.018985748291016,5.8607096672058105,-12.780763626098633,10.167040824890137,-10.966384887695312,-1.518367886543274,-8.657355308532715,0.8938255310058594,-2.6811723709106445,-1.682691216468811,-6.657456398010254,6.523513317108154,-5.090570449829102,0.5578168034553528,-4.122100830078125,2.809499502182007,-3.963142156600952,0.7602744698524475,-4.584339141845703,0.4026530385017395,-7.847002029418945,-3.2136380672454834,-6.365579605102539,1.1748366355895996,-4.301304340362549,1.0945465564727783,-5.0603461265563965,-0.23709437251091,-2.219767808914185,3.994904756546021,-3.5626611709594727,0.5588809251785278,-3.5081915855407715,0.2337647378444671,-5.917152404785156,-1.2965766191482544,-4.078959941864014,-1.1376391649246216
10,-201.47792053222656,75.14258575439453,-31.303512573242188,6.183546543121338,-20.829275131225582,1.860236883163452,-17.082191467285156,-0.0002214729465777,-5.461526870727539,4.273573875427246,-0.3436061441898346,-0.3614305257797241,-3.0511388778686523,9.867791175842283,-1.8485047817230225,1.229086995124817,-6.40798282623291,0.3535827100276947,-7.682504177093506,-3.5326602458953857,-7.024667263031006,-2.3475096225738525,-6.919461727142334,0.5210410952568054,-2.598066806793213,2.820410966873169,-3.2690343856811523,2.4807064533233643,-5.414958477020264,-1.6752818822860718,-4.069486618041992,1.3106131553649902,-4.11423397064209,-1.183435320854187,-3.0906925201416016,1.956921935081482,-3.096554040908813,1.2781836986541748,-3.9791061878204346,0.0507444031536579
10,-195.87680053710935,77.89317321777344,-34.84904098510742,8.303250312805176,-19.970075607299805,0.5664669275283813,-16.3590030670166,0.0279333740472793,-5.866602420806885,4.944869995117188,1.304571509361267,1.1492769718170166,-3.891408681869507,9.537944793701172,-1.5253881216049194,1.0150161981582642,-5.684394836425781,0.1834565103054046,-9.271727561950684,-4.256184101104736,-7.224778652191162,-2.3066065311431885,-6.423641204833984,0.5357270836830139,-2.508371114730835,3.256305694580078,-3.710021734237671,1.711166262626648,-5.749927997589111,-1.5668984651565552,-4.812149524688721,1.0068225860595703,-4.160502910614014,-1.426779866218567,-3.268876552581787,1.8836413621902464,-2.8408966064453125,1.351235032081604,-3.467170476913452,0.2361934036016464
10,-203.8154144287109,74.59346008300781,-35.86631774902344,11.287520408630373,-16.091371536254883,4.141225337982178,-13.315618515014648,1.0545969009399414,-4.806516647338867,3.5243961811065674,-0.3399925827980041,1.4939582347869873,-4.610495567321777,7.236076831817627,-4.2093377113342285,0.810694694519043,-4.548950672149658,0.9981433749198914,-7.676241397857666,-2.9327964782714844,-6.361783981323242,-0.2672830820083618,-6.758815288543701,-0.5935118198394775,-3.929096221923828,3.043131113052368,-4.189906120300293,0.3039354681968689,-6.01059103012085,-1.3893433809280396,-4.249706268310547,2.01045823097229,-3.344620704650879,-0.8779147863388062,-3.481940031051636,1.471410870552063,-4.009885787963867,-0.5020051598548889,-3.5294206142425537,0.360939472913742
8,-247.00027465820312,88.72917175292969,-31.913244247436523,10.59054183959961,-15.693018913269045,0.0479694865643978,-8.856319427490234,4.47868013381958,-3.624688148498535,7.296633720397949,-5.136803150177002,5.068506717681885,0.9185421466827391,8.48763656616211,-3.853033781051636,-2.554484605789185,-4.446305751800537,0.3226089477539062,-7.23466157913208,-1.617177963256836,-4.479631423950195,1.139214277267456,-6.486571788787842,1.8468587398529053,-3.5053579807281494,-0.34968301653862,-5.4090447425842285,-1.027827501296997,-6.1560468673706055,1.0143153667449951,-3.648867130279541,1.507448434829712,-2.6468188762664795,1.4287887811660769,-2.515493869781494,0.1510363072156906,-3.308440685272217,1.5459389686584473,-3.748229742050171,-0.8809279799461365
8,-243.4317626953125,88.67438507080078,-29.95300674438477,10.793086051940918,-19.066654205322266,-4.972200393676758,-15.174240112304688,0.1709968000650406,-3.860417127609253,10.622255325317385,0.6071826815605164,3.6934025287628174,-1.511476755142212,7.78217077255249,0.8792615532875061,-0.3418893218040466,-4.506435871124268,1.6472175121307373,-6.423691749572754,-1.7710542678833008,-5.630034446716309,-3.4360175132751465,-6.230801582336426,3.0280137062072754,-2.0968503952026367,-0.1535711735486984,-2.4057955741882324,1.0685410499572754,-6.956191062927246,-2.0408120155334477,-6.07135534286499,-0.1815840005874633,-2.0456063747406006,2.0208852291107178,-1.6696537733078003,0.2764860689640045,-2.067624092102051,1.2727042436599731,-5.10276985168457,-0.6840319037437439
8,-234.5078582763672,86.96776580810547,-33.32088088989258,12.246756553649902,-17.078584671020508,-1.476148247718811,-14.906644821166992,2.113990306854248,-4.60395622253418,8.354325294494629,-0.9626948237419128,3.7411623001098633,-1.6047046184539795,8.730916976928711,-0.9768465161323548,-1.923440933227539,-5.464903831481934,1.988485336303711,-7.025720119476318,-3.3076016902923584,-6.557105541229248,-3.130743980407715,-5.111532211303711,2.58699369430542,-3.844169855117798,0.5772867798805237,-3.532482624053955,-1.3500361442565918,-10.074823379516602,-1.802000403404236,-4.423020839691162,-0.0603715740144252,-3.733986854553223,1.2984493970870972,-2.1452748775482178,0.4758557379245758,-3.2044832706451416,-1.0635138750076294,-6.356877326965332,-0.6885396242141724
8,-228.0974578857422,91.84675598144533,-32.194332122802734,11.810873985290527,-19.4544677734375,-3.455106019973755,-14.043806076049805,2.81418251991272,-3.3457794189453125,9.555557250976562,-0.4540002048015594,3.1143693923950195,-2.0721371173858643,8.435193061828613,0.0405921712517738,-1.6591179370880127,-6.261739730834961,0.4724414050579071,-7.440225601196289,-3.428728580474853,-5.811467170715332,-1.259917378425598,-3.613094329833984,2.5148375034332275,-3.996317148208618,-1.4451301097869873,-5.440874099731445,-1.2979434728622437,-8.060235977172852,-1.702626347541809,-5.449481010437012,0.7905740141868591,-1.7857387065887451,1.529587745666504,-2.9409124851226807,-0.5800924897193909,-4.856420516967773,-1.600330471992493,-5.414115905761719,-0.3476388156414032
5,-166.1683349609375,138.33750915527344,-43.13841247558594,27.820436477661133,-19.928205490112305,8.616068840026855,-8.158395767211914,5.1474223136901855,-0.8265910744667053,12.953492164611816,-2.1083011627197266,5.711253643035889,-5.506487846374512,8.326416015625,0.4397191405296325,5.252511501312256,-1.750056505203247,-3.6096596717834473,-7.232704162597656,2.7479019165039062,-7.692163944244385,-12.446227073669434,-6.5614399909973145,2.0201754570007324,-2.399261236190796,-1.7541567087173462,-2.8465240001678467,9.760095596313477,-0.893974244594574,-9.931025505065918,-10.46710968017578,6.959397315979004,4.136177062988281,-0.0465185120701789,-6.333456039428711,-2.853053569793701,-12.983936309814451,-9.689587593078612,6.7657341957092285,13.099920272827148
5,-118.74874877929688,117.45359802246094,-43.11935424804688,33.97544860839844,-19.9531192779541,4.2411980628967285,-5.134533882141113,8.303276062011719,2.418304920196533,10.829325675964355,-4.46039628982544,7.552262306213379,-10.25069808959961,6.579731464385986,0.3314596116542816,5.432883739471436,-1.420839548110962,-2.5573530197143555,-4.899169445037842,3.9060778617858887,-11.401987075805664,-13.414371490478516,-6.572164058685303,-1.6193835735321045,-7.251726627349853,-1.2260438203811646,-1.8788933753967283,7.462306499481201,-1.4997793436050415,-8.032411575317383,-9.39224910736084,5.938969135284424,1.068810224533081,-0.9755519032478333,-8.116305351257324,-4.027700901031494,-11.33430290222168,-6.06033992767334,7.015064716339111,12.7465238571167
5,-80.22004699707031,104.9376220703125,-39.35776901245117,34.84186553955078,-18.87826919555664,3.742272138595581,-2.24514389038086,9.464996337890623,3.344025135040283,9.168720245361328,-6.674346923828125,9.367635726928713,-9.855076789855955,5.639593124389648,-1.1003952026367188,5.739572525024414,-1.4493118524551392,-3.2766480445861816,-2.105242252349853,7.554401874542236,-9.546303749084473,-10.284737586975098,-4.67214298248291,-2.4596951007843018,-8.013256072998047,0.0389097779989242,-0.9837440252304076,6.529696464538574,-0.6164814233779907,-4.024918079376221,-6.081668376922607,5.836137771606445,-0.4284961819648742,-3.168001890182495,-8.161934852600098,-2.6246395111083984,-11.108880996704102,-3.5564448833465576,6.572927474975586,9.175555229187012
5,-53.42596054077149,100.73121643066406,-42.76440048217773,28.253767013549805,-25.12120056152344,1.9789972305297847,-0.3482475578784942,4.350672245025635,1.736188888549805,13.339118003845217,-8.68620491027832,7.588930606842041,-10.041176795959473,10.608341217041016,-2.1016409397125244,5.026432037353516,0.834956169128418,-4.436677932739258,-4.787667751312256,9.721305847167969,-5.542588233947754,-9.959976196289062,-6.037093162536621,-0.018413146957755,-4.953863620758057,-1.512807846069336,-2.7994186878204346,8.869828224182129,2.6067142486572266,-3.872700452804565,-9.217083930969238,7.024633407592773,4.430704593658447,-0.9450253248214722,-10.341443061828612,-2.7354989051818848,-11.823064804077148,-10.692822456359863,3.742185354232788,12.027584075927734
5,-35.08609771728516,98.85833740234376,-44.97210693359375,23.63966941833496,-31.983179092407227,-1.646421194076538,2.7266781330108643,-0.6428092122077942,-1.564895510673523,16.376808166503906,-7.668220520019531,11.922405242919922,-11.025679588317873,12.445950508117676,-4.842479705810547,-1.2702386379241943,0.170311763882637,-1.5663291215896606,-5.507668495178223,11.00103759765625,-4.968983173370361,-12.949060440063477,-6.027356624603272,1.2521731853485107,-4.774867534637451,-2.801332950592041,-4.112184524536133,4.500554084777832,1.4774930477142334,0.0057046702131628,-9.735910415649414,2.4174251556396484,5.024851322174072,4.730303764343262,-9.228959083557127,-0.9613886475563048,-3.651585817337036,-14.388545989990234,-6.945501804351807,10.68240737915039
5,-55.71925354003906,101.54470825195312,-43.68750381469727,29.202730178833008,-34.04199981689453,-2.2198705673217773,5.423778057098389,0.5872736573219299,-2.8642053604125977,15.78889274597168,-6.55564022064209,12.054366111755373,-10.60344123840332,11.87204360961914,-5.667098045349121,-4.914068698883057,1.1743229627609253,2.625178098678589,-4.806268215179443,12.057092666625977,-2.125270366668701,-13.054001808166504,-6.2888712882995605,1.0300499200820925,-5.556540489196777,-0.9189677238464355,-1.9665173292160036,3.723988771438599,-0.4021753668785095,3.265525579452514,-6.003446102142334,-0.5219983458518982,0.1799700111150741,5.496458530426025,-6.941431522369385,0.259253978729248,1.873880386352539,-9.0341157913208,-9.41941738128662,7.859442710876465
5,-130.91786193847656,77.27215576171875,-35.762813568115234,32.988426208496094,-28.21951103210449,-1.868984341621399,-3.172553539276123,17.50235366821289,-13.908400535583496,11.632620811462402,1.781246304512024,3.7159483432769775,-11.317448616027832,11.868474960327148,-3.3713529109954834,-3.852977991104126,0.0255578160285949,0.5854344964027405,-1.0817395448684692,-2.7128751277923584,2.070733070373535,-4.254432201385498,-6.215487003326416,4.11003303527832,-7.208132266998291,-0.7872546315193176,-5.385169982910156,6.420536041259766,-6.010409355163574,1.9633435010910036,4.317052364349365,3.8951408863067623,-6.656800270080566,3.8157126903533936,-1.4955703020095823,-6.950909614562988,-8.666512489318848,4.340674877166748,-5.273963451385498,-7.244819641113281
5,-205.69065856933597,121.7770538330078,-39.33540725708008,31.50736618041992,-16.565317153930664,4.397186279296875,3.628307819366455,8.482756614685059,-6.317869663238525,13.010214805603027,-6.940117835998535,9.123122215270996,-7.186232566833496,5.428918361663818,-1.9069210290908811,6.56580924987793,7.773493766784668,7.046829700469971,-3.227017879486084,-0.9743812680244446,-13.820432662963867,-4.007017135620117,6.299437046051025,5.877886295318604,-9.81553840637207,-2.5967087745666504,-1.8446978330612185,7.100968360900879,-1.2382394075393677,-4.823483467102051,-6.277548313140869,8.966212272644043,5.952508449554443,5.240878105163574,-2.616806030273437,-1.3864500522613523,-9.672561645507812,-6.793567180633545,-2.683730363845825,6.58797550201416
5,-183.2210235595703,126.73921966552734,-39.976165771484375,31.921491622924805,-12.37611198425293,0.8171642422676086,-3.4110798835754395,10.879268646240234,-10.716880798339844,11.2529935836792,-5.466012001037598,12.395502090454102,-5.371706962585449,2.0801148414611816,-2.1831188201904297,6.332392692565918,6.538970947265625,5.790802478790283,-2.152810573577881,-1.0363110303878784,-15.412238121032717,-4.179081916809082,10.559234619140623,7.760387897491455,-8.519664764404297,-3.044948101043701,-1.1977845430374146,4.447771072387695,0.0562522299587726,-6.4277167320251465,-6.866949081420898,8.877409934997559,5.302852153778076,8.423192024230957,-1.7601391077041626,-1.9171558618545528,-10.51229190826416,-3.307781934738159,-5.9639892578125,2.5233049392700195
5,-56.27996444702149,71.58905029296875,-23.989381790161133,40.59010314941406,-14.23532009124756,-6.790302753448486,13.481204986572266,4.7608795166015625,-15.680139541625977,6.356186389923096,-0.7559500336647034,1.8376611471176147,-7.381544589996338,15.604524612426758,1.320048213005066,-0.6054753065109253,1.8575222492218015,4.148955345153809,-5.785336017608643,-3.4535934925079346,0.5355595946311951,-2.72629714012146,-5.004513740539551,4.019278049468994,-1.955371618270874,-4.310330867767334,-8.110280990600586,6.2538838386535645,0.3458806872367859,-4.8889265060424805,-6.834091663360596,9.672130584716797,1.15166974067688,4.80537748336792,-0.4123328626155853,1.251560091972351,-14.785226821899414,-4.452542304992676,0.8148627281188965,0.7057026624679565
5,-60.57947540283203,80.05162811279297,-27.020841598510746,40.406436920166016,-12.79541015625,-7.856346607208252,12.84190845489502,6.194804668426514,-17.088727951049805,4.153249263763428,-0.3535513579845428,2.0694022178649902,-7.832720756530762,12.268978118896484,2.185380458831787,0.3802566230297088,2.697961568832397,6.296083450317383,-5.639599323272705,-1.001204013824463,-0.1010139137506485,-2.5096991062164307,-5.678037166595459,5.287046432495117,-2.9290578365325928,-3.876736879348755,-10.537224769592283,5.429644584655762,1.6063202619552612,-3.378945827484131,-9.226778030395508,7.867068290710449,1.1520916223526,4.183476448059082,1.2480788230895996,3.8441572189331055,-13.517970085144045,-6.5200514793396,0.4623686373233795,0.478128433227539
5,-53.98760223388672,87.18569946289062,-35.6243896484375,40.057090759277344,-17.64414405822754,-3.145122528076172,9.908306121826172,5.758228302001953,-14.245078086853027,6.092323303222656,-3.9387412071228023,1.702006220817566,-8.231199264526367,14.849019050598145,2.9809505939483643,4.724017143249512,3.401801824569702,3.622865915298462,-5.673501968383789,3.773554563522339,0.188102439045906,-4.407540321350098,-9.018393516540527,3.307608127593994,0.3543502688407898,-2.208150625228882,-10.279738426208496,6.6427764892578125,5.342835426330566,-1.404171109199524,-15.345099449157717,3.27485728263855,3.1613609790802,5.001697540283203,0.6527252197265625,3.8898887634277344,-10.988332748413086,-8.771013259887695,0.4347080886363983,7.313570976257324
5,-57.045169830322266,91.54666900634766,-36.29652404785156,36.12340545654297,-16.980546951293945,5.34376335144043,4.851093769073486,5.854919910430908,-9.11026096343994,8.072212219238281,-6.36794376373291,2.2432680130004883,-6.6372175216674805,16.45750617980957,3.362757682800293,7.409836769104004,1.0750917196273804,-1.901850342750549,-6.21200704574585,4.532485961914063,-1.6168428659439087,-3.769360065460205,-10.19105052947998,1.4107590913772583,2.6153900623321533,-1.1835929155349731,-7.750994682312012,7.077695846557617,4.468843460083008,-0.0334512330591678,-18.018726348876957,0.7020108699798584,5.936164379119873,4.433248996734619,-2.8116822242736816,3.4946393966674805,-9.217424392700195,-11.438746452331545,-0.2865780889987945,11.736443519592283
5,-78.01155853271484,97.97947692871094,-33.2290153503418,35.08845901489258,-13.207290649414062,8.172161102294922,4.313769817352295,6.487049102783203,-7.697434902191162,8.98391056060791,-4.825505256652832,3.4034245014190674,-5.105037212371826,15.391287803649902,1.4299501180648804,7.211960792541504,1.200531840324402,-3.796046018600464,-6.163145065307617,4.723723411560059,-3.181889772415161,-1.8987058401107788,-7.099346160888672,1.5139405727386477,-0.1073061525821685,-0.2717132866382599,-5.059133052825928,4.9664177894592285,0.7358199954032898,2.216623067855835,-14.683207511901855,0.5229228138923645,5.434250831604004,1.8343093395233157,-4.968390941619873,3.8315677642822266,-7.1562089920043945,-9.859992027282717,-0.7202761769294739,9.98226833343506
5,-156.54603576660156,135.1917724609375,-41.51311111450195,27.44405746459961,-17.284648895263672,5.235767364501953,-6.784653663635254,6.729567050933838,-10.479607582092283,10.491920471191406,-4.195411682128906,11.585004806518556,-4.615828990936279,3.356736660003662,-3.0720009803771973,4.581889629364014,4.220700263977051,3.608443260192871,-5.019820690155029,-2.6152021884918213,-12.26419162750244,-3.9735665321350098,6.036853790283203,7.876059055328369,-3.889363050460816,-2.455878734588623,-4.290798187255859,4.29497766494751,2.586625814437866,-5.747786521911621,-11.261276245117188,5.879524230957031,6.559518814086914,9.01718521118164,-0.962583303451538,-0.7351798415184021,-10.087488174438477,-5.124483585357666,-5.429634094238281,5.332950115203857
5,-139.0027313232422,134.3903045654297,-41.95405578613281,26.86504173278809,-20.19987297058105,11.157315254211426,-2.218705654144287,2.395770311355591,-7.621409893035889,10.29025650024414,-6.066845893859863,7.162762641906738,-5.069868087768555,8.014850616455078,-2.143641233444214,5.999083995819092,2.793171167373657,2.125128746032715,-8.661209106445312,-1.6789907217025757,-7.930127143859863,-4.253836154937744,0.5121915936470032,5.997833728790283,-2.5422542095184326,-0.9496895670890808,-5.521878242492676,5.822745800018311,3.129714250564575,-4.110128402709961,-14.05903434753418,2.7592904567718506,7.200961112976074,7.94318151473999,-0.6982019543647766,-0.6562128067016602,-9.347179412841797,-9.531306266784668,-4.125555038452148,10.026578903198242
5,-143.3474578857422,132.4150390625,-38.4406852722168,32.850006103515625,-20.457542419433597,5.853002548217773,4.429337024688721,1.98465633392334,-10.709324836730955,15.44428825378418,-7.554409503936768,9.323190689086914,-5.064816474914551,9.6494779586792,-4.682857036590576,4.251926898956299,0.6543937921524048,0.2628026604652405,-7.992488861083984,2.720287084579468,-2.202392578125,-4.861981391906738,1.536671161651611,2.330122709274292,-4.190038204193115,-0.294584721326828,-6.176679611206055,3.447489023208618,0.8576230406761169,0.6394340991973877,-9.928705215454102,1.4851917028427124,2.386813879013061,6.7841796875,-3.2429182529449463,-1.796440839767456,-6.200563430786133,-9.386138916015623,-5.042355060577393,8.285900115966797
5,-114.3814468383789,116.61622619628906,-38.18060302734375,24.7635440826416,-19.572160720825195,6.010502338409424,1.6732255220413208,2.547421455383301,-9.579681396484377,13.37912654876709,-3.629637956619263,8.58048152923584,-4.837215900421143,8.574179649353027,-2.6957271099090576,5.606922149658203,3.9227473735809326,1.7216510772705078,-5.164909839630127,2.68514347076416,-1.0305564403533936,-7.759321689605713,0.2827965319156647,1.3311476707458496,-4.005511283874512,-3.054109573364258,-8.415018081665039,4.7363152503967285,4.941969871520996,0.8289065361022949,-14.067309379577637,1.381370186805725,5.44840145111084,8.795448303222656,-3.319000005722046,0.9139293432235718,-6.609428405761719,-14.649443626403809,-4.7493510246276855,10.559015274047852
5,-67.96479034423828,91.69058990478516,-44.9637336730957,15.533185958862305,-18.904638290405277,11.156758308410645,-2.5171024799346924,3.7376511096954346,-8.973916053771973,7.028323650360107,-1.4169853925704956,3.048389196395874,-6.9606451988220215,10.105594635009766,3.82784652709961,10.072670936584473,8.919269561767578,6.557805061340332,-5.0219597816467285,2.6645867824554443,-4.7645368576049805,-11.319103240966797,-4.705389022827148,3.4864606857299805,-3.381945371627808,-7.226977348327637,-11.697765350341797,13.522692680358888,13.73186206817627,-3.829630136489868,-24.783727645874023,3.8461973667144775,15.142936706542969,12.107786178588867,-2.9698426723480225,5.506810665130615,-10.794836044311523,-21.21214485168457,-5.028116226196289,19.510290145874023
5,-58.7929801940918,86.96465301513672,-49.04442596435547,19.00024032592773,-20.75560569763184,8.895590782165527,-0.0939452797174453,2.676945686340332,-12.385750770568848,5.941316604614258,-4.067234039306641,1.9865660667419436,-8.770951271057129,12.814074516296388,4.937461853027344,10.097681999206545,7.582083702087402,6.755547523498535,-5.6334614753723145,0.8138177394866943,-4.901843547821045,-13.588505744934082,-6.18539571762085,3.7472219467163086,0.5521753430366516,-7.187888622283936,-12.834031105041504,15.251924514770508,15.84801197052002,-4.311290264129639,-27.993276596069336,2.962642908096313,13.986228942871094,12.210625648498535,-2.4178361892700195,6.741536140441895,-8.387465476989746,-20.09294891357422,-5.5441999435424805,19.574447631835938
5,-69.88898468017578,86.65428924560547,-42.83037567138672,30.845478057861328,-25.35043716430664,8.664262771606445,6.355340480804443,1.7080141305923462,-11.940853118896484,10.032459259033203,-9.123665809631348,5.768481731414795,-11.511432647705078,16.393203735351562,0.022494101896882,9.590720176696776,5.787108898162842,3.439961194992065,-5.679734230041504,-2.343465566635132,-2.966042995452881,-10.81288242340088,-1.6680299043655396,2.4634361267089844,0.5637964606285095,-3.932816982269287,-8.443339347839355,9.01577854156494,10.530524253845217,-2.0695035457611084,-21.482608795166016,4.472150802612305,8.043054580688477,8.445588111877441,-2.5492055416107178,5.59364128112793,-8.026219367980957,-13.79522705078125,-1.5728380680084229,12.61509609222412
5,-63.9390983581543,75.20814514160156,-31.378969192504883,39.72262191772461,-22.791017532348636,2.5892722606658936,12.488008499145508,2.324666976928711,-12.138347625732422,10.439552307128906,-7.970837116241455,5.142836570739746,-10.671551704406738,18.855417251586918,-0.6490230560302734,5.44816255569458,3.8610568046569824,2.052976131439209,-5.823261737823486,-2.8390495777130127,-0.0876478105783462,-6.55983829498291,-2.434704542160034,1.8837802410125728,-1.1725157499313354,-2.664791822433472,-5.280851364135742,6.610925197601318,4.68207597732544,-2.7738537788391118,-11.487822532653809,8.40478515625,4.048279285430908,5.148540496826172,-2.691141366958618,2.234474897384644,-12.80276870727539,-6.576207160949707,2.540354490280152,6.701639652252197
5,-184.5274810791016,94.02865600585938,-28.76803398132324,48.331390380859375,-20.957199096679688,-6.17357349395752,19.947519302368164,-4.695921421051025,-5.600540637969971,18.32676124572754,-14.798554420471191,5.57716703414917,-2.1392359733581543,7.86774206161499,-1.5236032009124756,3.3837432861328125,-0.2950174212455749,-2.6513469219207764,-2.688117742538452,4.756197452545166,-7.860791683197021,3.884782075881958,-4.08934497833252,-5.341680526733398,-1.821571350097656,-2.434669017791748,-5.404206275939941,9.567692756652832,-6.036182880401611,1.2440675497055054,4.8290300369262695,3.6763978004455566,-0.6303781867027283,2.651406526565552,-8.619391441345215,4.789020538330078,-8.431583404541016,-5.307607650756836,5.574756622314453,1.933315634727478
5,-183.59458923339844,108.2078094482422,-31.172229766845703,35.354698181152344,-21.794300079345703,-0.8202152252197266,3.87089467048645,4.123571395874023,-5.746554851531982,16.85172462463379,-4.019441604614258,6.353890895843506,-2.333709239959717,2.5958352088928223,-5.061262130737305,2.128605604171753,-0.8252631425857544,-0.7537792921066284,-3.173304796218872,6.617791652679443,-3.214751720428467,4.40544319152832,-1.1219518184661863,-4.56928300857544,-2.276557922363281,0.3239586651325226,-6.986709117889404,6.252456188201904,-3.4286930561065674,2.1243796348571777,7.2288947105407715,4.412992477416992,-5.124818801879883,1.0933818817138672,-10.377840995788574,2.416201114654541,-1.2002007961273191,-5.557627201080322,1.89009428024292,6.999904155731201
5,-205.0497131347656,126.62872314453124,-30.28546142578125,23.475738525390625,-14.133986473083496,8.00956916809082,0.7943287491798401,4.763482093811035,-8.396468162536621,9.466485977172852,-2.005844831466675,1.0205466747283936,-2.8958911895751958,9.71404266357422,-3.1351125240325928,4.492593765258789,-1.513637661933899,-4.372979640960693,-3.8489813804626474,4.395848751068115,-4.168511867523193,-1.1065824031829834,-4.741218090057373,-2.119213819503784,-3.5104548931121826,0.4543906450271606,-6.792705059051514,3.5131702423095703,3.026026725769043,5.551955223083496,-8.924508094787598,-4.098223686218262,-0.4516776204109192,4.277843475341797,-2.276468515396118,2.3989408016204834,-4.598099231719971,-5.682839870452881,-5.321750640869141,5.160135269165039
5,-231.57423400878903,140.3877410888672,-37.40694046020508,25.277925491333008,-16.96562957763672,7.436417579650879,3.407994270324707,4.542607307434082,-10.13960075378418,10.12028980255127,-4.408707141876221,-0.5754702687263489,-2.5997960567474365,11.135143280029297,-2.79987907409668,5.748403072357178,-1.649744987487793,-5.041704177856445,-3.7536799907684326,6.0754714012146,-3.581443548202514,-0.5890160799026489,-6.06787109375,-3.419841766357422,-1.8639931678771973,0.8134841322898865,-7.3987627029418945,2.9411401748657227,2.0318808555603027,5.687358379364014,-8.20946216583252,-5.633767127990723,-1.5120457410812378,3.672099351882935,-3.315253257751465,3.5399560928344727,-2.8767402172088623,-6.727959632873535,-7.619336605072021,4.638627052307129
5,-228.16343688964844,144.754638671875,-40.7636947631836,26.66522216796875,-19.108461380004883,3.088230609893799,2.895720958709717,4.5028395652771,-9.617753028869627,13.071518898010254,-3.416940927505493,-1.121716856956482,-3.5161211490631104,9.313286781311035,-4.85227632522583,6.682093143463135,-0.6173872947692871,-3.760324478149414,-2.1530745029449463,6.485316276550293,-3.190748691558838,-0.5917880535125732,-6.3722243309021,-3.307398796081543,-2.681097984313965,-1.3187958002090454,-7.759893894195557,3.699101209640503,2.889124870300293,5.850310802459717,-7.935748100280762,-5.970919609069824,-2.3437509536743164,3.1726529598236084,-3.860652923583984,4.384081840515137,-2.1442975997924805,-7.198633670806885,-8.562823295593262,4.132105350494385
5,-194.1177673339844,135.76968383789062,-35.82444381713867,19.58197784423828,-16.340377807617188,1.915759801864624,4.116006374359131,6.910539627075195,-5.713428974151611,12.97018051147461,-0.7066366672515869,-0.8825258612632751,-5.493990421295166,7.106154441833496,-5.166924953460693,5.621349334716797,0.6086791753768921,-0.76671302318573,-1.0357776880264282,3.578619718551636,-2.7778186798095703,-0.8033897280693054,-6.079776763916016,-2.290058135986328,-2.0501914024353027,-1.091277837753296,-7.701544284820557,4.497124671936035,4.908330917358398,3.913286685943604,-9.977513313293455,-4.955224514007568,-3.945739984512329,1.985621690750122,-2.74613618850708,4.153558254241943,-4.622427940368652,-6.782270431518555,-7.099524021148682,2.614046573638916
5,-177.0376739501953,134.39599609375,-40.05034255981445,19.716630935668945,-13.997587203979492,2.111533164978028,7.3847880363464355,9.52137565612793,-8.22087287902832,12.328925132751465,0.2155494093894958,-0.6558178067207336,-6.295944213867188,6.294029235839844,-4.682688236236572,4.191600799560547,0.9858624935150146,1.2676935195922852,0.3657582998275757,2.6871299743652344,-2.9416425228118896,1.924148440361023,-7.520080089569092,-2.5427026748657227,-0.6340080499649048,0.2680656611919403,-7.717504024505615,4.143592834472656,5.742500305175781,3.768389940261841,-10.558123588562012,-3.5521278381347656,-3.41068959236145,1.2357927560806274,-1.380881905555725,5.894628524780273,-6.373038291931152,-6.464546203613281,-4.70672082901001,2.07245135307312
5,-205.28135681152344,133.4827423095703,-38.108768463134766,33.14837646484375,-17.13287353515625,-6.436389446258545,10.00186538696289,7.797765254974365,-11.348523139953612,22.56197929382324,-2.461237907409668,-0.8543151021003723,-3.622286319732666,7.150734901428223,-4.6785807609558105,6.871940612792969,5.475440502166748,-1.1695517301559448,0.4474077522754669,8.267951965332031,-3.127399682998657,10.142003059387209,-7.497469902038574,-4.6375412940979,-7.177916526794434,-2.26258397102356,-6.763698101043701,0.2377770543098449,2.844090223312378,8.366756439208984,-3.9486591815948486,-4.990138530731201,-2.0053393840789795,0.0268481913954019,-1.2118134498596191,5.453960418701172,-8.910879135131836,-1.1728696823120115,2.494954824447632,5.791984081268311
5,-161.18692016601562,116.022216796875,-34.30147171020508,37.14654159545898,-19.606863021850582,-13.00672721862793,17.09034538269043,8.123766899108887,-11.537009239196776,18.74199867248535,-2.362719774246216,-1.925795316696167,-4.643638610839844,6.482625961303711,-1.059347152709961,7.102261543273926,7.256579875946045,-0.5786709785461426,-0.7635557055473328,4.460515022277832,-7.0642924308776855,11.94478988647461,-8.601926803588867,-0.3105992674827575,-0.5737734436988831,-5.40371561050415,-9.438236236572266,-0.3058305978775024,0.3050670623779297,1.875602960586548,-5.33722448348999,-1.5990523099899292,1.919134736061096,-0.4032558500766754,2.1071393489837646,5.5888190269470215,-9.6825590133667,-1.1866517066955566,2.9551031589508057,0.4267811775207519
5,-177.82623291015625,148.89939880371094,-51.36017608642578,18.67969512939453,-22.01753234863281,6.1612935066223145,-5.702199935913086,4.235874652862549,-5.999630451202393,8.086204528808594,-9.07577419281006,3.91030502319336,-1.344096064567566,9.217588424682615,3.6405065059661865,9.493306159973145,1.99519157409668,1.285083532333374,0.03741455078125,1.9484381675720213,-2.554678201675415,-1.6465927362442017,-10.137462615966797,-5.898512840270996,-5.177731990814209,-1.834893584251404,-4.201931476593018,3.2877140045166016,5.256838798522949,5.093887805938721,-7.186080455780029,-4.246128559112549,2.378961563110352,5.215009689331055,-5.191756248474121,3.932631254196167,-4.594257354736328,-11.03228759765625,-8.54183578491211,7.6621785163879395
5,-161.25413513183594,144.8433380126953,-53.81781005859375,12.103097915649414,-20.930286407470703,5.7333760261535645,-7.592402458190918,5.632182598114014,-6.344369411468506,7.760756492614746,-8.505749702453613,5.326488018035889,-2.5660877227783203,8.934447288513184,5.68317461013794,11.033402442932127,5.856091976165772,3.4193131923675537,-1.725732684135437,0.5524427890777588,-4.205389976501465,-2.7713537216186523,-8.479704856872559,-4.035003185272217,-7.27173900604248,-3.4308419227600098,-5.728851318359375,2.8229284286499023,9.04863739013672,7.566531658172607,-5.886894226074219,-6.5681562423706055,-0.4703232944011688,5.944827079772949,-2.8474910259246826,5.0796074867248535,-3.5722641944885254,-12.10906982421875,-10.991778373718262,7.302925109863281
5,-192.9379119873047,135.6134033203125,-45.397743225097656,31.69641876220703,-15.879493713378906,0.6015644669532776,1.740292191505432,1.0677292346954346,-11.168903350830078,10.65212059020996,-9.510706901550291,2.01230525970459,-7.729185104370117,11.754404067993164,7.135426044464111,15.4964017868042,10.99390983581543,5.393500804901123,-1.1327688694000244,7.763401508331299,-0.0754253417253494,-1.2196474075317385,-12.899046897888184,-6.0258660316467285,-7.395136833190918,-3.279010772705078,-9.25799560546875,1.1507383584976196,12.143296241760254,13.957722663879396,-10.673280715942385,-11.565430641174316,4.025918960571289,12.463659286499023,0.6211358308792114,5.391546726226807,2.254879713058472,-9.195199966430664,-18.217849731445312,1.5346873998641968
5,-172.3743896484375,126.5870361328125,-50.428218841552734,36.96299362182617,-15.634150505065918,-2.286379337310791,5.36534309387207,2.884199857711792,-14.8140287399292,9.378776550292969,-9.832987785339355,-0.3253548741340637,-8.275823593139648,13.843132019042969,7.925614833831787,14.003567695617676,12.456878662109377,4.406731605529785,0.0319556966423988,7.71131420135498,-1.6978381872177124,-0.4539908766746521,-13.2655668258667,-4.122804641723633,-5.524166584014893,-2.070395231246948,-11.341065406799316,0.3671178221702575,9.451215744018556,10.903846740722656,-10.529973030090332,-7.894740104675293,2.7662527561187744,10.863999366760254,0.8567986488342285,8.298078536987305,0.3738034069538116,-9.32685089111328,-16.29439353942871,-2.1807973384857178
5,-158.40428161621094,128.76573181152344,-53.51463317871094,32.78977966308594,-15.056743621826172,-7.905020236968994,-1.058842420578003,6.2292070388793945,-12.6823148727417,11.2639741897583,-4.077937126159668,-0.6257906556129456,-9.254756927490234,12.350885391235352,7.401907920837402,11.60824489593506,9.006933212280273,4.326903820037842,0.7350544929504395,8.155858039855957,1.6621490716934204,2.190485715866089,-14.15896701812744,-6.1054229736328125,-6.75377082824707,-3.360278844833374,-11.308696746826172,-0.5151444673538208,10.08108615875244,11.119257926940918,-11.507213592529297,-3.659374713897705,4.69088077545166,7.411639213562012,-3.0412185192108154,8.190814018249512,-0.4071832597255707,-11.788548469543455,-12.102924346923828,1.634485363960266
5,-159.00917053222656,132.972412109375,-52.81352615356445,29.2808780670166,-15.555245399475098,-9.417872428894045,-3.216042280197144,8.5969877243042,-10.704964637756348,13.652507781982422,-2.9089818000793457,-0.8423140645027161,-9.541882514953612,10.16734504699707,5.507104396820068,11.621390342712402,9.040283203125,3.774349451065064,1.0650911331176758,9.633313179016112,0.4883579015731811,0.9214407801628112,-15.127668380737305,-8.011000633239746,-7.17574405670166,-2.6933908462524414,-9.975481033325195,0.6752036809921265,12.965893745422363,12.063170433044434,-14.17793083190918,-4.431087017059326,5.355679035186768,7.848876953125,-2.943557024002075,8.815264701843262,1.2440303564071655,-10.109798431396484,-11.71540641784668,2.89077377319336
5,-159.0582733154297,128.62416076660156,-52.980072021484375,33.035614013671875,-14.49820327758789,-7.750673294067383,0.3973072171211242,7.488447666168213,-12.62163543701172,13.414742469787598,-6.045889854431152,-2.086735725402832,-9.105016708374023,10.79140853881836,8.010825157165527,15.093412399291992,9.694973945617676,2.6956124305725098,0.3510172367095947,9.6491060256958,-1.3137152194976809,-1.1747171878814695,-16.320894241333008,-8.095685958862305,-6.492477416992188,0.4417392015457153,-11.259257316589355,-0.9700710773468018,16.479032516479492,12.213329315185549,-16.228588104248047,-6.291486740112305,3.4321959018707275,9.365076065063477,0.1759074181318283,10.16533088684082,0.3886141180992126,-9.122971534729004,-13.728157043457031,3.1601104736328125
5,-145.56033325195312,124.10782623291016,-55.76081466674805,33.08130645751953,-13.819551467895508,-5.409964561462402,-1.926467776298523,5.244271278381348,-12.088396072387695,12.239178657531738,-6.832197666168213,-0.7760874032974243,-8.456793785095215,10.860107421875,7.551474094390869,15.217070579528809,8.04156494140625,1.7799524068832395,0.9178928136825562,10.947399139404297,-0.7990919947624207,-0.546596884727478,-13.91286563873291,-7.698927879333496,-8.170127868652344,-2.158184051513672,-13.81117057800293,-1.3528189659118652,17.058082580566406,12.159221649169922,-14.282438278198242,-2.801041603088379,3.545171022415161,8.241765975952148,-0.4886441528797149,8.1270170211792,-2.8645150661468506,-11.368582725524902,-13.321651458740234,6.814300060272217
5,-138.4642791748047,126.51541900634766,-53.94417953491211,31.012290954589844,-16.0733585357666,-3.932654857635498,-0.5228698253631592,4.537976741790772,-10.85746955871582,12.696721076965332,-7.114336967468262,1.120555758476257,-9.092975616455078,8.003883361816406,4.922201633453369,11.126291275024414,6.767444133758545,3.8699445724487305,2.484955310821533,10.96009635925293,-1.096975564956665,-0.7000318765640259,-12.882209777832031,-7.947762489318848,-7.628777980804443,-1.4929499626159668,-12.054461479187012,0.5837995409965515,15.289680480957031,11.095519065856934,-13.518046379089355,-3.044820547103882,2.9898719787597656,6.843609809875488,-0.6523469090461731,8.594017028808594,-1.980373501777649,-9.891172409057615,-11.390971183776855,5.5555291175842285
5,-136.6505126953125,129.13258361816406,-50.20524597167969,33.11703109741211,-16.800548553466797,-0.8825189471244812,4.593731880187988,4.712018013000488,-12.463765144348145,12.656585693359377,-9.351898193359377,-0.691219687461853,-8.672289848327637,9.161218643188477,5.654518127441406,10.711424827575684,5.500997066497803,3.12873911857605,0.8328035473823547,8.374493598937988,-1.873785257339477,-0.7599347829818726,-13.314255714416504,-9.08796215057373,-6.6302809715271,0.8145658373832703,-10.83821964263916,0.6111688613891602,11.97938632965088,8.768743515014648,-14.358057975769045,-6.344388008117676,0.4485169351100921,8.63907241821289,0.5903987884521484,8.298230171203613,-1.025834321975708,-8.392446517944336,-10.923330307006836,3.583301305770874
5,-132.97389221191406,127.19662475585938,-46.251220703125,33.74016189575195,-16.47831153869629,-0.3052148520946502,3.476815223693848,5.916405200958252,-11.891845703125,12.859880447387695,-6.75836706161499,-1.5526913404464722,-7.407497406005859,8.745894432067871,3.928525447845459,9.226238250732422,2.2187392711639404,1.3829185962677002,0.3754414319992065,7.282803535461426,-1.7932225465774536,0.2136930376291275,-11.66176986694336,-9.998604774475098,-8.560836791992188,-1.1738040447235107,-11.49856662750244,0.7185479402542114,10.132104873657228,8.098886489868164,-12.198936462402344,-5.542909145355225,0.1763560175895691,8.39600658416748,1.616845965385437,6.421107292175293,-2.5090317726135254,-8.4169282913208,-10.69463062286377,3.727472066879273
5,-119.1333999633789,118.93948364257812,-39.35189437866211,33.26930236816406,-18.127410888671875,-1.7475666999816897,3.4582631587982178,6.3695807456970215,-11.439082145690918,15.426139831542969,-5.146958351135254,-1.34343421459198,-7.799090385437012,8.026272773742676,3.045358657836914,8.942573547363281,1.4318442344665527,-0.3794470131397247,-0.6420335173606873,6.795686721801758,-0.9890835881233216,-0.8711680173873901,-10.342156410217283,-10.758301734924316,-9.78448486328125,0.1142171546816825,-11.617826461791992,1.5125155448913574,10.116310119628906,7.925744533538818,-14.58834457397461,-4.648952007293701,-0.460913211107254,6.737335681915283,3.313366413116455,5.668538570404053,-3.8786752223968506,-6.807980537414551,-8.735742568969727,1.017825961112976
5,-134.95631408691406,135.0064697265625,-53.13605117797852,10.394417762756348,-20.061254501342773,-1.010435938835144,-5.602640151977539,7.872291088104248,-7.6259074211120605,9.167354583740234,-6.716723442077637,3.682348966598511,-6.657215118408203,10.24649143218994,8.453719139099121,12.384591102600098,9.901509284973145,4.0592427253723145,-5.538181304931641,0.9997586607933044,-1.929146647453308,-3.499254941940308,-7.557008743286133,-4.0941972732543945,-7.648859977722168,-5.043059825897217,-9.30343246459961,0.5785120129585266,11.776355743408203,9.379404067993164,-6.1275506019592285,-2.7072787284851074,0.9955289363861084,2.6792612075805664,-2.2092363834381104,4.227656364440918,-5.063792705535889,-13.303733825683594,-10.654825210571287,7.885002613067627
5,-82.16255950927734,88.68038940429688,-32.116085052490234,40.63206100463867,-20.14996910095215,-5.897823810577393,13.65324592590332,6.20186185836792,-16.044490814208984,21.884584426879883,-7.381032943725586,-0.1465715169906616,-8.054258346557617,9.96473503112793,3.959452867507935,8.413421630859375,5.682722091674805,0.9328848123550416,-2.4209022521972656,6.831454277038574,1.963726043701172,-3.7517595291137695,-9.557539939880373,-9.576218605041504,-11.857519149780272,-0.3663592338562011,-11.010887145996094,0.4286573529243469,7.509730339050293,8.566280364990234,-16.807363510131836,-3.867844343185425,-2.122685194015503,4.880475997924805,2.886143207550049,4.999885559082031,-5.846859931945801,-6.07573938369751,-6.501446723937988,-1.564064383506775
5,-64.59673309326172,76.8100814819336,-32.7141227722168,47.16267395019531,-20.09305191040039,-11.66738986968994,17.875659942626953,6.375063419342041,-21.360815048217773,25.49393081665039,-9.356514930725098,0.5131499171257019,-6.314160346984863,12.11688995361328,4.475352764129639,6.151132106781006,6.602677345275879,1.8884836435317995,-4.504334449768066,6.151157855987549,5.335332870483398,-3.8220889568328857,-8.940938949584961,-5.099620819091797,-12.726143836975098,-1.6603827476501465,-9.56474781036377,-1.308302640914917,5.240447998046875,9.730727195739746,-16.672399520874023,-1.8899157047271729,1.3974367380142212,4.364969253540039,0.1727771162986755,5.609597206115723,-7.242693901062012,-9.572149276733398,-5.150824546813965,-0.6921278834342957
5,-76.41211700439453,96.61251068115234,-37.88999557495117,42.88052749633789,-21.1453857421875,-11.441597938537598,10.585172653198242,5.666083335876465,-22.07524681091309,24.143613815307617,-9.175148963928224,3.4953134059906006,-1.9719223976135252,12.308915138244627,4.342896938323975,6.525080680847168,3.91701340675354,-1.462209701538086,-6.766394138336182,2.921152114868164,3.8323798179626474,-3.905324935913086,-7.46538782119751,0.2780704498291015,-7.972249984741211,-0.0094226105138659,-8.339133262634277,-1.7447891235351562,3.7187442779541016,7.693769931793213,-16.885541915893555,0.2788355350494385,4.974571704864502,4.553201675415039,-1.514816164970398,7.612668991088867,-6.535516262054443,-11.4537935256958,-4.2073493003845215,1.21885347366333
5,-111.6490707397461,117.44998931884766,-48.81292724609375,19.233116149902344,-13.884347915649414,-4.447986125946045,-2.781205177307129,12.79454517364502,-9.04185962677002,11.0510835647583,-5.037332057952881,0.8988319635391235,-9.74449634552002,11.833643913269045,12.557323455810549,14.092368125915527,12.089391708374023,6.132868766784668,-6.938232898712158,0.572813093662262,-1.4774507284164429,-3.946571350097656,-10.218985557556152,-2.887786388397217,-7.021533966064453,-2.69528865814209,-11.223309516906738,-1.0699424743652344,13.601601600646973,9.752152442932127,-10.330891609191896,-0.6072771549224854,1.171863317489624,2.0600426197052,-1.6175559759140017,4.586389064788818,-8.423261642456055,-13.51220417022705,-10.96870231628418,5.257728576660156
5,-108.3671417236328,105.6947250366211,-44.83257293701172,28.499004364013672,-6.657810688018799,-4.8565216064453125,-1.107010006904602,13.985557556152344,-9.969947814941406,10.492122650146484,-4.460773944854736,-1.1694188117980957,-10.189504623413086,11.347001075744627,14.294586181640623,14.496193885803224,11.27159309387207,5.94901180267334,-7.697580337524414,-0.3477818965911865,-0.2480540126562118,-2.260002374649048,-11.881644248962402,-3.905409336090088,-8.06205940246582,-1.9195431470870967,-11.41127109527588,-1.5576046705245972,14.596368789672852,10.261277198791504,-13.209701538085938,-2.4578042030334477,0.7491265535354614,5.502318859100342,1.658136963844299,8.54751968383789,-6.48475456237793,-14.779632568359377,-13.416653633117676,2.981555461883545
5,-123.1105728149414,111.68801879882812,-44.74542617797852,27.46787452697754,-10.425907135009766,-5.152099609375,-3.1850297451019287,11.026905059814451,-8.487801551818848,11.137585639953612,-2.723280668258667,0.5730289220809937,-11.250310897827148,9.43613624572754,10.652647972106934,12.485077857971191,8.896878242492676,5.929079055786133,-4.778501033782959,4.185357570648193,3.614662170410156,1.4679648876190186,-12.9537935256958,-8.117884635925293,-10.203649520874023,-3.686633586883545,-10.563552856445312,-1.1652439832687378,15.991801261901855,14.713138580322266,-10.96808910369873,-4.31906270980835,1.412948727607727,6.672000408172607,-0.2870714366436004,9.795793533325195,-0.3375778496265411,-14.642813682556152,-14.012545585632324,5.773854732513428
5,-159.43670654296875,131.8187713623047,-43.83048248291016,19.39480972290039,-15.712552070617676,-0.6148689389228821,-4.419249534606934,8.925963401794434,-5.655744552612305,14.058870315551758,-2.791428327560425,4.671043395996094,-10.74321460723877,7.051231384277344,7.149256229400635,11.439282417297363,9.037420272827148,5.586235046386719,-1.2686192989349363,8.810376167297363,6.359564781188965,0.8186537027359009,-13.454190254211426,-11.44986629486084,-8.024764060974121,-2.407416820526123,-9.687220573425291,-0.2114405930042266,16.210567474365234,16.258441925048828,-10.169600486755373,-8.680218696594238,1.3633166551589966,9.327469825744627,-1.9333223104476929,7.46444845199585,5.059414386749268,-11.539088249206545,-17.822254180908203,4.50665283203125
5,-189.3285980224609,142.4772491455078,-42.62690353393555,17.74941062927246,-15.320953369140623,4.007004737854004,-5.5840935707092285,7.88758659362793,-6.794211864471436,11.378780364990234,-6.712112903594971,4.515581130981445,-10.43915557861328,7.076444149017334,9.42005443572998,12.496644020080566,9.698969841003418,3.898224353790283,-0.5203105807304382,7.495151042938232,1.4305044412612915,-2.522707939147949,-13.718409538269045,-8.27055549621582,-5.9355082511901855,-0.6146882772445679,-9.232312202453612,0.4461331963539123,16.46857261657715,12.954355239868164,-11.0120267868042,-11.68681812286377,2.168057918548584,12.04255485534668,-1.0881164073944092,7.335412502288818,6.207144737243652,-10.40349292755127,-21.969497680664062,2.381927251815796
5,-194.64920043945312,135.26535034179688,-42.62058639526367,26.884178161621094,-12.40964698791504,3.4609251022338867,-4.62046480178833,6.969585418701172,-9.99409008026123,8.030943870544434,-8.047289848327637,0.8404892086982727,-12.066702842712402,11.28023910522461,12.904067993164062,14.856321334838867,8.378389358520508,3.294809341430664,-1.3533411026000977,5.385220527648926,-2.893817663192749,-1.3119473457336426,-15.074783325195312,-3.784613609313965,-8.255230903625488,-2.034580707550049,-8.706745147705078,-1.6988184452056885,18.118133544921875,12.306669235229492,-12.268342971801758,-9.939767837524414,5.61769962310791,9.86884880065918,-0.5292050838470459,8.1712064743042,3.3621938228607178,-14.071222305297852,-21.179981231689453,5.749953746795654
5,-197.8485412597656,135.0103759765625,-42.90599060058594,30.056245803833008,-13.940143585205078,0.8019804358482361,-2.836826801300049,4.168173789978027,-10.135610580444336,10.159300804138184,-6.763839721679688,1.964665412902832,-10.919113159179688,11.364248275756836,10.540507316589355,15.986124992370604,7.459999084472656,6.173720836639404,-1.8524819612503047,6.097661972045898,0.3784822821617126,-0.0655578896403312,-14.862178802490234,-5.037971019744873,-9.73044490814209,-3.5327634811401367,-8.482718467712402,-1.4416353702545166,16.588973999023438,14.955063819885254,-12.228391647338867,-10.1256742477417,6.355231761932373,9.492809295654297,0.0732610374689102,6.7370195388793945,2.145151376724243,-13.28964138031006,-19.275653839111328,7.063218116760254
5,-177.29330444335938,131.43650817871094,-35.893211364746094,32.55645751953125,-15.15509796142578,0.8098162412643433,9.90993881225586,5.944432258605957,-13.01764965057373,16.19571304321289,-1.4563905000686646,-3.955197334289551,-1.5106511116027832,6.605359554290772,-4.647489547729492,-2.0200090408325195,5.89344596862793,-0.3236237168312073,-4.231412410736084,2.8121321201324463,1.7631969451904297,-3.5427489280700684,-2.617165327072144,4.444675445556641,-6.692394256591797,0.1437380760908126,-0.0651634186506271,0.5825704336166382,-3.681110143661499,4.249039649963379,-0.5110151767730713,-2.855100393295288,-1.2019821405410769,2.068142890930176,-3.6348752975463863,-0.4066858887672424,-1.066321611404419,-1.3815490007400513,-4.879495143890381,3.8510513305664062
5,-166.80128479003906,116.19029235839844,-25.843355178833008,37.95198059082031,-15.870535850524902,0.8196747899055481,12.672701835632324,-3.6428353786468506,-10.51099967956543,12.191129684448242,-13.348071098327637,-2.2056596279144287,1.8684476613998413,8.181015014648438,-1.6791925430297852,6.356412887573242,-0.6510723829269409,-3.4495129585266118,-2.69779109954834,4.30324649810791,-5.714357376098633,-0.7906835675239563,-3.782454013824463,0.0077082463540136,-3.2030251026153564,4.232683181762695,-4.494000911712647,0.5542178750038147,-2.9641928672790527,1.6823410987854004,-0.6261155009269714,4.26192569732666,-1.5242515802383425,4.201996803283691,-4.699169158935547,-0.7681928277015686,-2.7867391109466557,-0.2749103307723999,-3.7196779251098633,3.2801220417022705
5,-138.09027099609375,102.77364349365234,-25.645841598510746,38.76185607910156,-25.73121452331543,-0.7603979110717773,8.045891761779785,-10.83543586730957,-10.30344009399414,14.926608085632324,-14.9893159866333,10.56467056274414,5.327252388000488,11.86487865447998,-0.7665574550628662,3.533522844314575,-1.8753358125686648,-4.667835712432861,-9.60394287109375,0.4220237135887146,-7.470907688140869,0.8714635968208313,1.0546153783798218,1.0879366397857666,-1.7412513494491575,3.9695212841033936,-5.549259185791016,-3.2838144302368164,-3.042789936065674,-0.6191253662109375,-2.1375882625579834,1.039363980293274,-5.583963394165039,4.341881275177002,-1.4092568159103394,1.3104339838027954,-2.519028663635254,1.0082374811172483,-6.902575969696045,-3.761390209197998
5,-70.62250518798828,65.77161407470703,-27.79623794555664,45.148582458496094,-21.362060546875,-11.932210922241213,4.052475452423096,4.819065093994141,-17.730392456054688,9.131973266601562,-14.126346588134766,13.651917457580566,-10.94625759124756,7.648752212524414,-1.6865241527557373,1.7226841449737549,1.2350019216537476,-5.160177230834961,-7.180048942565918,3.068127155303955,-9.232104301452637,-3.0635807514190674,2.350842237472534,-1.798510193824768,-10.720661163330078,1.2305675745010376,-3.914883852005005,-5.3825225830078125,-6.767804145812988,4.423820972442627,-0.8500024676322937,-0.8043937683105469,-0.5574070811271667,6.797098159790039,-5.9557271003723145,-4.385717391967773,-3.973153114318848,-0.6165226697921753,-9.772608757019045,-0.9013659358024596
5,-108.58373260498048,64.3289794921875,-28.58874893188477,45.37335205078125,-18.572429656982425,-14.351805686950684,1.4452183246612549,13.780673027038574,-22.47787857055664,9.871146202087402,-9.964117050170898,16.49898338317871,-8.84748649597168,12.20526123046875,3.134398460388184,-0.3873390555381775,2.788105010986328,-7.072391033172607,-5.776618957519531,4.300274848937988,-8.376028060913086,-3.1326744556427,6.3976874351501465,0.7091501951217651,-9.53908348083496,4.086309432983398,0.1944565027952194,-4.221557140350342,-7.860764980316162,4.558055877685547,-0.7764652967453003,0.0305332783609628,-3.436784505844116,9.217215538024902,-4.597375392913818,-4.321034908294678,-6.289672374725342,4.705787181854248,-8.959773063659668,-4.857748031616211
5,-147.13136291503906,82.21611785888672,-26.00537109375,35.63338851928711,-8.167583465576172,-11.66147518157959,-6.807830810546875,26.43665885925293,-23.315614700317383,10.059494018554688,-2.5522587299346924,13.195197105407717,-6.580100059509277,9.667234420776367,2.860429286956787,0.7430275082588196,2.7824833393096924,-6.256679058074951,-4.493775367736816,5.823510646820068,-6.220954418182373,-3.004050970077514,7.424082279205322,2.00396466255188,-10.155559539794922,2.5713346004486084,2.459535837173462,-4.237261295318604,-7.194880485534668,3.864268779754639,-1.1288236379623413,0.5590519309043884,-6.35631275177002,9.696985244750977,-1.1624149084091189,-5.298942565917969,-10.50793743133545,9.048476219177246,-6.560581684112549,-10.283543586730955
5,-163.48548889160156,81.53850555419922,-24.26361846923828,45.46395111083984,-11.91781520843506,-9.171624183654783,1.675574541091919,19.32535552978516,-21.372787475585938,12.532844543457031,-7.691778659820557,9.885963439941406,-9.922722816467283,4.667151927947998,2.4165096282958984,2.691084384918213,4.889081001281738,-0.7622897624969482,-2.1547231674194336,5.41158390045166,-4.37755823135376,-4.7196149826049805,3.2905149459838867,0.6659518480300903,-10.556879043579102,1.1339428424835205,0.1472888588905334,-3.0351498126983643,-4.990756511688232,5.3445563316345215,0.1585284918546676,-0.005787843838334,-4.84307336807251,8.091887474060059,-2.4918782711029053,-4.269026756286621,-8.324555397033691,5.630751132965088,-4.065707683563232,-3.949864387512207
5,-137.66734313964844,81.27630615234375,-27.41251564025879,51.80780792236328,-23.19412422180176,-13.710233688354492,8.987249374389648,2.904927015304565,-18.279521942138672,13.435240745544434,-14.799707412719728,8.078995704650879,-8.57874584197998,2.3506596088409424,0.1863877773284912,4.427598476409912,0.1453135907649994,3.13407826423645,-3.300807476043701,4.578269481658936,-3.2846221923828125,-6.21817684173584,0.2427091598510742,0.2860377430915832,-9.655098915100098,-1.0893172025680542,-2.166816234588623,-0.1757015585899353,-4.331179618835449,3.14650559425354,-1.645376205444336,-2.765526294708252,-1.9704564809799197,5.865762710571289,-2.894938468933105,-3.07474946975708,-3.925058364868164,-0.0476527363061904,-2.8216428756713867,3.09853196144104
5,-103.60436248779295,91.10368347167967,-31.91474914550781,46.28350067138672,-24.02985572814941,-11.907394409179688,4.721859455108643,-2.277670860290528,-16.651142120361328,9.702021598815918,-16.252281188964844,5.889739990234375,-6.919307231903076,0.9641882181167604,-4.27817440032959,4.853074073791504,-2.638026714324951,3.1210386753082275,-5.473846435546875,2.9348795413970947,-4.946767330169678,-6.642685413360596,-1.5879836082458496,0.4057615995407104,-8.202951431274414,-0.6677976250648499,-1.3089947700500488,1.0930421352386477,-4.555213451385498,2.218029260635376,-1.6924957036972046,-2.7110767364501958,-1.890846610069275,3.0160317420959477,-4.521464824676514,-2.9364049434661865,-2.642805576324463,-1.69958233833313,-3.1543667316436768,2.943957805633545
5,-98.53285217285156,100.68677520751952,-40.64908218383789,37.266719818115234,-26.05706024169922,-10.38974952697754,7.260857105255127,-2.8200416564941406,-16.6671199798584,9.457146644592283,-16.819196701049805,4.856936931610107,-5.539168834686279,2.01584792137146,-3.361214637756348,7.7202534675598145,-2.6642603874206543,2.178337574005127,-4.753171920776367,4.321905612945557,-4.9901652336120605,-6.535915374755859,-4.659775257110596,0.0874261111021041,-5.354593276977539,1.564921259880066,-1.7011383771896362,1.525279879570007,-0.0517306476831436,3.273786783218384,-4.433871269226074,-5.0060906410217285,-0.7826657891273499,3.9403772354125977,-4.702804565429688,-2.0921378135681152,-1.5699492692947388,-4.080736637115479,-4.675206184387207,5.107032775878906
5,-112.2403564453125,102.32525634765624,-46.09557723999024,35.64712905883789,-26.59783744812012,-11.446959495544434,8.75239372253418,-1.744104504585266,-16.748748779296875,10.83183479309082,-16.37113380432129,5.332596302032471,-5.290032863616943,1.5775893926620483,-0.5078341364860535,10.92147731781006,-1.8305778503417969,2.6828575134277344,-3.5117311477661133,7.832430839538574,-3.697011709213257,-8.025017738342285,-6.907993793487549,-1.4956693649291992,-5.143749713897705,0.9643216133117676,-4.836251735687256,2.294820547103882,5.593593120574951,4.416097640991211,-6.947249889373779,-7.482283592224121,-0.2250143885612487,7.718975067138672,-1.2417112588882446,-2.4374148845672607,-3.698518037796021,-5.932222843170166,-6.41502857208252,7.189379215240479
5,-140.26953125,110.90281677246094,-30.32141876220703,31.72135162353516,-27.881898880004883,1.4353902339935305,7.815922737121582,-10.929176330566406,-12.237366676330566,14.210885047912598,-11.389230728149414,15.170098304748535,7.609569072723389,11.158809661865234,-2.43131685256958,1.954463243484497,-3.698504686355591,-0.9156167507171632,-9.330681800842283,-2.660788059234619,-7.109443664550781,-0.4371817708015442,2.020540237426758,3.5431761741638184,-1.099978804588318,1.482517957687378,-7.084861278533936,-3.28291392326355,-0.3208507895469665,-2.2817745208740234,-5.619844913482666,-1.698416829109192,-5.015393733978272,6.044592380523682,1.3494030237197876,2.2833430767059326,-2.5641584396362305,-1.4160759449005127,-8.705525398254395,-5.025106430053711
5,-152.37832641601562,111.99334716796876,-38.8775520324707,31.597272872924805,-22.283737182617188,0.7575429677963257,12.739418983459473,-2.2720932960510254,-9.658499717712402,15.378338813781738,-10.920456886291504,5.904951095581055,-2.231656551361084,5.694687843322754,-0.2158238440752029,9.12370491027832,0.9127857089042664,5.542071342468262,-4.58468770980835,-1.9602819681167605,-7.101767063140869,-1.980445981025696,-0.6987672448158264,1.5872471332550049,-3.182593822479248,0.8342248797416687,-4.783638954162598,0.4681642949581146,0.89250648021698,0.5144549012184143,-3.520005702972412,0.7355937361717224,-1.5578709840774536,3.803467512130737,-1.7104287147521973,-0.2995302677154541,-3.0044469833374023,-0.7397977113723755,-4.995067596435547,0.1388014405965805
5,-137.6494903564453,105.4197998046875,-45.52949905395508,35.167484283447266,-24.420080184936523,-6.073984622955322,14.297490119934082,-0.0415220744907856,-8.982195854187012,18.115861892700195,-10.367430686950684,3.910327672958374,-6.9361748695373535,6.629343509674072,2.940917730331421,13.895916938781738,5.133854866027832,6.545173168182373,-2.818129777908325,2.934375524520874,-6.901573181152344,-3.589839458465576,-5.7113871574401855,-0.9646204113960266,-1.2973182201385498,1.8875871896743772,-6.360865116119385,2.4984710216522217,3.107991933822632,3.880430698394776,-6.133225917816162,-1.2474511861801147,0.5032380223274231,4.623738765716553,-2.658153295516968,-1.0363178253173828,-3.8567264080047607,-3.800520896911621,-4.32330846786499,6.145893096923828
5,-119.65995025634766,106.2211685180664,-46.09000778198242,33.26993179321289,-30.13644218444824,-9.3434419631958,10.671680450439451,-2.2212026119232178,-10.69693088531494,20.2445068359375,-10.121417999267578,11.414995193481444,-4.024505138397217,12.660714149475098,5.74200963973999,11.65437126159668,2.386598825454712,2.464480400085449,-1.0950229167938232,10.854193687438965,-1.1471693515777588,-3.9672691822052,-7.346456527709961,-2.297118902206421,0.5403771996498108,2.106233835220337,-11.070775032043455,3.868183135986328,9.926027297973633,5.690508365631104,-12.727283477783203,-4.774785995483398,6.400166034698486,9.986581802368164,-0.7856156229972839,-1.758333444595337,-6.568087577819824,-10.331365585327148,-7.50008487701416,10.117755889892578
5,-112.47926330566406,105.9967269897461,-48.58745193481445,25.022506713867188,-30.52944564819336,-11.24648094177246,11.503625869750977,-1.105426549911499,-11.862927436828612,19.27512550354004,-12.66981315612793,10.211237907409668,-4.5968337059021,10.840181350708008,6.607413291931152,13.46918773651123,0.9579901695251464,0.6466920971870422,-5.424907207489014,8.415596008300781,-1.824606776237488,-0.2555557191371918,-2.6581714153289795,-1.4271010160446167,-1.574594497680664,0.7818878889083862,-11.420262336730955,0.4627909660339355,11.359423637390137,7.317909240722656,-10.52805519104004,-6.109896659851074,6.179270267486572,11.586928367614746,-0.2644946575164795,-2.365088701248169,-6.29420280456543,-9.174612998962402,-10.57866668701172,7.196896076202393
5,-79.68303680419922,107.29336547851562,-39.18177032470703,22.708539962768555,-24.196870803833008,-3.692649602890015,4.583000183105469,0.2322749495506286,-11.203068733215332,8.182026863098145,-13.700350761413574,2.4013025760650635,-7.856894016265869,3.269111156463623,0.2883156239986419,10.311551094055176,-0.686256468296051,0.6198963522911072,-7.664751052856445,1.4445240497589111,-6.630361080169678,-2.681915760040283,-4.242527961730957,-0.052463624626398,-2.866523504257202,0.1099559664726257,-8.26545524597168,-1.0062057971954346,3.4428951740264893,2.8328394889831543,-7.17458963394165,-4.6497483253479,-0.3187767565250397,5.257611274719238,-2.0780375003814697,-1.660933256149292,-6.274202346801758,-5.851785659790039,-8.061403274536133,2.5091052055358887
5,-49.20649337768555,108.74468231201172,-26.81863784790039,26.6522216796875,-18.3696403503418,3.1306073665618896,-7.1420207023620605,2.572816610336304,-11.06970500946045,0.088362768292427,-12.946077346801758,1.076457142829895,-9.28192901611328,1.5449193716049194,-4.712115287780762,3.4464111328125,-4.400626182556152,-3.737093687057495,-8.364121437072754,-0.6046066284179688,-5.685832500457764,-3.284157514572144,-4.85750150680542,0.43046835064888,-5.563277721405029,-0.4092075526714325,-6.418789863586426,-1.0263676643371582,-4.270260334014893,-0.8044754862785339,-6.580607891082764,-1.344590425491333,-3.2567434310913086,1.0504868030548096,-3.893000841140747,-1.0590299367904663,-6.665204048156738,-3.485666275024414,-5.870306968688965,0.0808980017900466
5,-47.23945999145508,95.91123962402344,-27.35171127319336,29.328582763671875,-19.21910858154297,-4.457386016845703,-5.138866901397705,3.8469414710998535,-13.244956016540527,2.9664900302886963,-12.585339546203612,6.637043476104736,-7.904772281646728,4.263589382171631,-4.80485200881958,3.020185947418213,-5.09958553314209,-6.334062576293945,-10.149566650390623,0.6169508695602417,-6.130895137786865,-1.4814904928207395,-1.1739479303359983,-0.1420657187700271,-8.843124389648438,-1.5849027633666992,-5.941242694854736,-3.878739833831787,-5.52416467666626,-0.3326646685600281,-5.8586039543151855,-1.7413125038146973,-1.416613221168518,3.555896282196045,-3.697298765182495,-2.755377531051636,-5.199670314788818,-3.0641043186187744,-7.972574234008789,-1.0124900341033936
9,-289.6387939453125,41.03369522094727,-43.70122146606445,48.11186981201172,-48.05887222290039,4.126543521881104,2.3151755332946777,0.1072531640529632,-7.475988388061523,3.577834129333496,0.3818497061729431,5.901669502258301,2.265402317047119,0.2726621329784393,-8.956120491027832,-4.961676120758057,-5.347872734069824,0.2686187028884887,-3.738812923431397,1.307555079460144,-5.259944915771484,1.5580946207046509,-1.4463714361190796,1.3827425241470337,-2.8916890621185303,0.6544418931007385,-3.5069479942321777,1.936834692955017,-3.0061867237091064,1.451583981513977,-4.085981369018555,-1.087289810180664,-6.305166244506836,-0.3218287527561188,-5.8220319747924805,-0.8563379645347595,-3.622448444366455,2.187091588973999,-2.3550329208374023,0.9495029449462892
9,-279.0863647460937,-6.494284629821777,-39.63420486450195,43.494049072265625,-48.917911529541016,13.814604759216309,-5.72863245010376,8.007867813110352,-14.814898490905762,17.783382415771484,-9.182775497436523,7.32676362991333,6.154300212860107,6.138094425201416,-1.0046544075012207,-2.0065910816192627,-0.6300308108329773,-1.52959144115448,0.7252827882766724,0.2123557925224304,-6.332221508026123,-1.7766013145446775,0.6878737807273865,3.4855427742004395,-0.6638808846473694,2.7662153244018555,-4.760332584381104,-0.9509976506233216,-2.5846543312072754,1.0855683088302612,-7.02447509765625,0.1277765929698944,-9.515649795532228,-2.3440966606140137,-3.4979989528656006,5.129611015319824,-0.9683355689048768,2.3224055767059326,-2.312217235565185,0.5516141057014465
9,-276.8054504394531,-9.16236686706543,-42.90305709838867,46.79099655151367,-57.14878082275391,17.067852020263672,-9.651501655578612,5.529280662536621,-9.264840126037598,6.16183614730835,-2.960855007171631,-0.7824959754943848,7.661391735076904,10.676247596740724,0.2122795581817627,-0.8229372501373291,-6.921170711517334,-0.7782804369926453,-0.4687026441097259,1.3573333024978638,-8.533405303955078,-3.310358762741089,0.4503177106380462,8.427846908569336,-1.3759005069732666,3.939563274383545,-4.306493759155273,2.527249574661255,-4.325137138366699,-2.162174940109253,-8.119708061218262,-3.2730941772460938,-4.438060283660889,-0.2278046309947967,0.5890272855758667,1.949240803718567,0.266512393951416,4.5621747970581055,-3.4592716693878174,-1.1709527969360352
9,-288.72760009765625,5.587899208068848,-47.421817779541016,52.94050979614258,-54.075714111328125,12.405961990356444,-7.3804802894592285,7.371731758117676,-7.765506267547607,2.4718003273010254,-2.577049016952514,6.821469783782959,8.473225593566895,3.314008951187134,-1.3644882440567017,-1.6654596328735352,-4.754925727844238,-1.835177063941956,-5.06396484375,1.1032733917236328,-7.24953556060791,-0.3366891145706177,-0.2930598556995392,5.147068500518799,2.902172565460205,1.2638626098632812,-3.3883371353149414,2.353379487991333,-6.079379081726074,-1.0344674587249756,-7.609638214111328,-2.5874574184417725,-4.035350799560547,1.8572427034378047,-0.4400480091571808,3.459225654602051,-3.126176595687866,1.272640347480774,-0.9431790709495544,-0.5577083230018616
10,-318.7266845703125,101.01439666748048,-46.52717971801758,-14.671610832214355,-24.301382064819336,-19.017932891845703,-11.667669296264648,-25.85651397705078,2.9081125259399414,7.031395435333252,4.328746795654297,16.08795928955078,6.323043823242188,6.055295944213867,0.0478698201477527,-6.911300659179688,-0.7894945740699768,-6.00388240814209,1.7119332551956177,9.940988540649414,1.4621421098709106,1.71372389793396,2.4637062549591064,2.0538809299468994,3.015428066253662,0.092828519642353,1.0171653032302856,4.291975021362305,6.883040428161621,3.2460055351257324,-1.270097732543945,2.8258843421936035,4.171371936798096,3.1376793384552,2.432328224182129,-0.2442176192998886,1.5457770824432373,2.1842193603515625,-0.7638183832168579,-1.1261775493621826
10,-367.4475402832031,85.45762634277344,-30.249492645263672,-11.00777530670166,-14.417899131774902,-15.239336967468262,-17.419469833374023,-24.30811309814453,1.984025001525879,2.4914255142211914,2.5920727252960205,16.229393005371094,4.6826653480529785,3.8534963130950928,1.2471182346343994,-9.361263275146484,-4.107264041900635,-5.929925918579102,-1.5283435583114624,8.094120979309082,2.828798532485962,4.937066555023193,7.495303630828857,1.017143487930298,-0.3356242179870605,-0.0470724813640117,0.7194125652313232,4.036675453186035,6.110451698303223,4.235760688781738,1.810501337051392,3.5006139278411865,4.775227069854736,4.780230522155762,2.2515008449554443,-1.8034039735794067,1.2991255521774292,3.5598130226135254,0.7469215989112854,1.786677002906799
10,-323.9060363769531,92.74137115478516,-41.35951614379883,-9.68710231781006,-17.668991088867188,-20.0208683013916,-13.986781120300291,-23.055702209472656,0.4276890456676483,2.5037310123443604,2.5477519035339355,15.659826278686523,5.891050338745117,5.983665943145752,3.0047452449798584,-7.095717430114746,-3.2232255935668945,-4.304542064666748,0.3223084211349487,6.03610897064209,1.72538959980011,3.797305822372437,4.407201290130615,1.7696566581726074,0.8433687686920166,-0.665864109992981,0.1345449388027191,1.5590555667877195,5.299070358276367,6.461326122283936,2.54457426071167,1.4054319858551023,2.2576115131378174,4.251762390136719,3.1771225929260254,0.5244075655937195,2.4188849925994877,1.0553066730499268,-0.4977215528488159,1.6546903848648071
10,-339.4266662597656,93.24185943603516,-43.49791717529297,-12.920221328735352,-20.968503952026367,-19.11479759216309,-12.45128059387207,-24.4403076171875,-0.4361334145069122,-0.1877289712429046,-1.1367274522781372,15.437920570373535,8.138572692871094,8.932353019714355,4.728704452514648,-6.752474784851074,-2.1692848205566406,-2.3071441650390625,1.435893177986145,4.540590286254883,0.9929971694946288,6.175754547119141,6.192628860473633,2.6578969955444336,2.0545217990875244,-0.7183530330657959,-1.6019606590270996,-1.2742431163787842,3.1834194660186768,6.15660285949707,3.807445287704468,3.737144470214844,2.5290679931640625,2.874779462814331,3.945444345474243,1.594208836555481,2.3017027378082275,1.4426474571228027,-0.2224922627210617,1.953637957572937
9,-211.00765991210935,136.22007751464844,-17.291479110717773,-21.13966560363769,-7.016016006469727,5.2667236328125,-9.793505668640137,-16.507080078125,0.6225570440292358,-1.5421185493469238,-2.126035213470459,6.637511730194092,3.989479541778565,6.9029860496521,-1.098662257194519,0.8111932277679443,-9.204448699951172,-6.283264636993408,-4.972670078277588,0.4194244742393493,-0.3702197968959808,-2.052672863006592,-3.012232780456543,7.419790267944336,7.494351863861084,5.439311981201172,-5.755815505981445,-5.788174629211426,-3.3524749279022217,1.012386918067932,0.0571491979062557,-0.8990119099617004,-6.730778694152832,-3.0465176105499268,3.771142482757568,1.9875168800354004,-2.6878557205200195,-2.667932271957397,-1.3942512273788452,2.3111326694488525
9,-289.3945007324219,106.08257293701172,-38.405887603759766,19.758316040039062,3.091660022735596,1.3599631786346436,-5.039869785308838,8.806659698486328,-18.496315002441406,0.9748781323432922,-1.0699503421783447,2.767908334732056,5.107906341552734,21.602191925048828,21.150789260864254,26.10186195373535,7.056421279907227,14.609500885009766,19.74960708618164,11.6703462600708,-17.024959564208984,-25.13042449951172,-17.799514770507812,8.598087310791016,7.719186782836914,5.297572135925293,-4.42857837677002,18.06685256958008,22.087541580200195,-11.300942420959473,-31.190385818481445,2.5899088382720947,15.932284355163574,19.781354904174805,7.148240089416504,0.5779597759246826,-7.528472423553467,-9.85395622253418,2.2486252784729004,21.706558227539062
9,-296.3447570800781,63.32575225830078,-33.69414138793945,65.61727142333984,13.88795566558838,-17.84775161743164,2.660391330718994,36.8462028503418,-33.72586441040039,14.898036003112791,8.49142837524414,-4.346357345581055,-3.5462920665740967,5.733806133270264,-8.407198905944824,5.122690677642822,-6.87253475189209,2.409157514572144,5.895762920379639,28.329498291015625,11.816368103027344,21.79874038696289,18.52462387084961,-8.910740852355957,-9.05564785003662,12.369220733642578,-1.6952189207077026,-1.4628417491912842,-1.2839725017547607,-3.473207950592041,-0.2425226271152496,9.05430507659912,2.799590349197388,-11.32552433013916,-11.524518966674805,2.3824169635772705,3.214160442352295,-9.273672103881836,1.5580461025238037,18.339921951293945
9,-279.2873229980469,95.19144439697266,-41.5776252746582,42.94854736328125,5.11941385269165,-14.173846244812012,-1.6462996006011963,21.93000030517578,-37.16461944580078,10.028635025024414,5.115886211395264,-5.143590450286865,-1.7545912265777588,10.29492473602295,0.614406943321228,15.082171440124512,3.1999988555908203,8.422924041748047,13.56349754333496,25.011215209960938,-4.53306245803833,-2.005210399627685,5.67833423614502,1.322666049003601,-0.4980349242687225,7.590249538421631,-2.825669288635254,10.415496826171877,11.509994506835938,-6.422381401062012,-15.969589233398438,2.2568018436431885,9.69248390197754,3.478685140609741,-5.1212158203125,0.6378183364868164,-4.370145320892334,-15.371946334838867,1.0761018991470337,21.03748893737793
10,-126.47190856933594,124.49578094482422,-0.3214721977710724,12.472774505615234,13.462069511413574,13.68324375152588,16.18398094177246,2.9905378818511963,-6.014010429382324,-1.6577306985855105,-5.030552387237549,5.773108959197998,-1.92851984500885,3.9113306999206543,-3.680218458175659,5.887390613555908,-4.818088531494141,2.6319997310638428,-7.954427719116211,1.9754704236984253,-5.3153510093688965,0.4020303189754486,-4.206515312194824,6.54380989074707,-3.579045534133911,1.7017420530319214,-4.586829662322998,3.488637208938598,-0.2444735020399093,1.1581437587738037,-3.583704948425293,-0.2490827143192291,0.6595116257667542,-0.392354279756546,-1.7435402870178225,0.1875928938388824,1.053067684173584,0.2565163075923919,-2.2008755207061768,-1.7679564952850342
10,-125.67015075683594,124.24626159667967,-11.81157684326172,6.271893501281738,19.022180557250977,17.669761657714844,9.970178604125977,-6.254471302032471,-3.8401732444763184,6.286097526550293,-5.484714984893799,-0.551159143447876,-5.07078742980957,4.745872974395752,-5.755222797393799,4.224845886230469,-11.997885704040527,-2.628753423690796,-7.643437385559082,-2.63077163696289,-12.428696632385254,-3.658835411071777,-0.1258656978607177,4.909499168395996,-8.86101245880127,4.604511260986328,-6.239126682281494,7.772702217102051,-0.5368797779083252,-2.217635154724121,-5.415193557739258,0.5488038063049316,-1.6561778783798218,0.0968619361519813,-5.821742534637451,-3.3786427974700928,-1.2507795095443726,2.2951905727386475,-3.2719829082489014,-3.481987237930298
10,-117.73387908935548,123.88898468017578,-9.212357521057127,6.394140243530273,15.591225624084473,19.259220123291016,8.434173583984375,-5.268702030181885,-4.172830104827881,6.159829616546631,-6.234707832336426,-1.6104192733764648,-4.994428634643555,5.506375312805176,-5.918894290924072,3.18247652053833,-11.181994438171388,-1.6013695001602173,-7.304824352264404,-2.881521701812744,-13.074954986572266,-4.487394332885742,1.174782633781433,3.315488338470459,-10.256696701049805,5.842335224151611,-5.983783721923828,7.327766418457031,-0.6123454570770264,-3.038461208343506,-5.107307434082031,1.552126169204712,-3.395228385925293,-0.7407554388046265,-7.093977928161621,-2.3026249408721924,-1.0522654056549072,2.8393659591674805,-4.167867183685303,-4.161404609680176
10,-118.66940307617188,122.77112579345705,-9.30291748046875,9.97349452972412,16.324512481689453,18.863256454467773,11.41641616821289,-4.511517524719238,-3.944741725921631,7.569209098815918,-6.661404609680176,-1.0759608745574951,-1.5440913438796997,7.48639440536499,-7.303565502166748,4.012502670288086,-9.241005897521973,0.2231233119964599,-7.339970588684082,-5.400954246520996,-13.28817081451416,-2.954486131668091,2.6428260803222656,2.783963441848755,-9.77769374847412,8.300553321838379,-5.918453693389893,8.4105863571167,0.7288805246353149,-3.13321852684021,-4.466048240661621,3.7129039764404297,-3.589431047439575,-0.2899756133556366,-6.045557022094727,-1.5560002326965332,-0.0366015471518039,2.292064428329468,-4.7402167320251465,-3.0579545497894287
10,-117.43099975585938,123.19034576416016,-9.106820106506348,10.92347812652588,16.32001304626465,18.75494956970215,11.005855560302734,-4.407597064971924,-4.069343566894531,8.49471378326416,-7.218507766723633,-0.1073206663131713,-0.6976370215415955,8.126853942871094,-7.207320690155029,4.337781429290772,-8.819185256958008,0.5645970106124878,-7.214703559875488,-5.008553504943848,-12.925928115844728,-2.295701265335083,3.385552406311035,3.178724765777588,-9.31536865234375,8.04563045501709,-5.94717264175415,8.76817512512207,1.6158134937286377,-2.9103810787200928,-4.717350482940674,3.7271807193756095,-3.498950719833374,-0.3618930578231811,-5.36603307723999,-2.289884090423584,0.0652143582701683,2.3923826217651367,-4.829453468322754,-2.679139852523804
10,-112.41796112060548,120.94117736816406,-7.39633321762085,8.953529357910156,15.138895988464355,19.05869483947754,13.117191314697266,-3.7216200828552246,-4.65726375579834,9.252118110656738,-8.23059368133545,3.157881021499634,-1.7048399448394775,7.564632415771484,-8.45898723602295,6.985223293304443,-9.162853240966797,-0.411567211151123,-8.390033721923828,-4.4464030265808105,-11.471600532531738,-3.892122268676758,3.2249059677124023,0.7991291284561157,-4.986429691314697,7.700561046600342,-7.90073299407959,9.031804084777832,4.011661052703857,-1.84238076210022,-2.892717838287353,3.0232601165771484,-4.822337627410889,1.9673705101013184,-5.345203399658203,-3.020268678665161,0.1979807317256927,2.9979162216186523,-5.615556716918945,-0.8818054795265198
10,-112.20555114746094,120.28014373779295,-8.13102912902832,8.228168487548828,15.045479774475098,18.745466232299805,12.684821128845217,-4.665641784667969,-5.258119583129883,8.717325210571289,-8.909825325012207,1.910648822784424,-2.461026191711426,7.077505588531494,-9.091190338134766,6.268864631652832,-9.939661979675291,-0.8931445479393005,-8.717061042785645,-4.638638019561768,-11.950234413146973,-3.7308623790740967,2.714218616485596,0.6231523752212524,-5.209743022918701,7.820819854736328,-7.9649763107299805,8.563082695007324,3.7436001300811768,-2.263737678527832,-3.970848560333252,2.3645756244659424,-5.757403373718262,1.602504849433899,-5.719967842102051,-3.4919581413269043,-0.1028337404131889,2.69229507446289,-5.462119102478027,-1.3110103607177734
10,-114.4465103149414,120.3254852294922,-9.611722946166992,8.22222900390625,15.246331214904783,18.354909896850582,12.65523910522461,-5.902714729309082,-5.850127220153809,8.77496337890625,-8.88512134552002,1.131681203842163,-2.557360410690308,6.626703262329102,-9.6622896194458,6.222348690032959,-10.28502368927002,-1.495063543319702,-8.851147651672363,-4.935448169708252,-12.11753749847412,-4.274409770965576,2.339432001113892,0.7750006914138794,-5.439785957336426,7.627184391021728,-8.508666038513184,8.57111930847168,3.0230324268341064,-2.5402910709381104,-4.390180587768555,1.8732130527496336,-6.607565879821777,1.6800647974014282,-5.195477485656738,-3.320085048675537,0.2972204089164734,2.5306129455566406,-5.83084774017334,-1.4713610410690308
10,-113.65104675292967,119.13690185546876,-10.383410453796388,6.08347225189209,16.06954002380371,17.132598876953125,14.457293510437012,-7.3797736167907715,-7.856010437011719,6.116408348083496,-8.958922386169434,2.981989622116089,-4.367711067199707,4.5198283195495605,-11.141186714172363,7.540333271026611,-10.855456352233888,-2.5941567420959477,-11.089311599731444,-5.853513717651367,-11.40459442138672,-4.894781589508057,0.1333127617835998,-0.2882351279258728,-5.319518566131592,6.404170036315918,-7.762987613677978,8.002737998962402,2.698205947875977,-3.849756240844727,-4.682981491088867,1.789753794670105,-6.479884624481201,0.7050448656082153,-8.237853050231934,-3.9472734928131104,0.2017318159341812,3.093620777130127,-5.747420310974121,-1.4263837337493896
10,-110.49211883544922,117.2148208618164,-8.631845474243164,6.507160663604736,16.875751495361328,17.85150909423828,15.79274845123291,-6.815692901611328,-7.681652069091797,7.106649875640869,-7.827975273132324,4.624258041381836,-5.271498680114746,4.950362682342529,-10.343450546264648,8.518701553344727,-10.570182800292969,-1.3659238815307615,-11.991106033325195,-5.273478984832764,-9.864709854125977,-3.5078682899475098,0.6858195662498474,0.8969724774360657,-4.089910984039307,7.266801834106445,-6.982472896575928,7.21375560760498,4.063876628875732,-3.1351280212402344,-5.002185821533203,2.515803813934326,-4.803920269012451,1.156337022781372,-8.91115665435791,-1.833830952644348,1.298223614692688,3.624264478683472,-5.707438945770264,-0.3103415966033935
10,-141.9346923828125,120.45215606689452,-3.493410348892212,14.79922580718994,13.390522956848145,14.927457809448242,14.594283103942873,3.095799446105957,-8.926680564880371,0.8835780024528503,-3.049910068511963,6.748948097229004,-4.912684917449951,2.388371229171753,-2.910685539245605,8.392828941345215,-4.098623752593994,1.170310616493225,-8.33185863494873,1.2792280912399292,-4.114914894104004,-0.9041361808776855,-6.515354156494141,6.054682731628418,-2.5105385780334477,0.3367944061756134,-5.626562118530273,3.228370189666748,-1.4062227010726929,0.5346040725708008,-5.354732990264893,-1.8289850950241089,-0.1058127135038375,-0.1133764162659645,-2.483124256134033,-2.6566567420959477,-2.8350837230682373,0.0334051512181758,-2.2254350185394287,-1.657917857170105
10,-165.01727294921875,140.01718139648438,-8.453513145446777,16.392993927001953,3.7412188053131104,18.15717887878418,10.532791137695312,15.276143074035645,-0.2742123305797577,2.5735254287719727,-6.136035919189453,6.220316410064697,-1.8159712553024288,2.637232542037964,-7.672222137451172,3.070424795150757,-2.137186050415039,0.9470768570899964,-8.125446319580078,0.9767634868621826,-3.4735665321350098,2.913933753967285,-1.8710654973983765,2.259699583053589,-5.35733699798584,0.9115773439407348,-2.0170514583587646,0.8704914450645447,-4.534998416900635,-0.6099265217781067,-3.1816251277923584,3.839077472686768,-1.9992796182632449,-0.1449595689773559,-4.322493553161621,1.7843250036239624,-2.823307514190674,-1.6918946504592896,-4.668269157409668,0.8059903383255005
10,-165.8831787109375,141.08900451660156,-7.478424072265625,18.47435760498047,5.518062591552734,18.86881828308105,12.179574966430664,16.014373779296875,0.2743795216083526,3.035953521728516,-5.06081485748291,7.082845687866211,-1.023756742477417,3.672459602355957,-6.643818378448486,4.587259769439697,-0.9017585515975952,2.1241326332092285,-7.181375503540039,1.6101700067520142,-3.614891529083252,2.9109480381011963,-0.8418177962303162,4.046871662139893,-3.719834566116333,2.3358962535858154,-0.9681221842765808,1.1426258087158203,-3.1244139671325684,0.9521328210830688,-1.7529157400131226,4.638941764831543,-1.4798686504364014,0.2391666769981384,-3.623459577560425,2.167409420013428,-2.951853036880493,-1.4868682622909546,-4.6575188636779785,0.9213493466377258
10,-165.5539093017578,141.43270874023438,-7.202285289764404,18.129669189453125,5.565932750701904,19.51217269897461,12.272627830505373,16.314878463745117,0.7900078296661377,3.2122995853424072,-4.761414527893066,7.880394458770752,-0.1160880923271179,4.089198112487793,-6.65771484375,4.599481582641602,-0.8639339208602905,2.3080618381500244,-6.946033477783203,1.990090489387512,-3.1236114501953125,3.7954330444335938,-0.4169833362102508,3.727177858352661,-3.998193740844727,2.191531181335449,-1.23559308052063,1.31544029712677,-3.0392446517944336,1.1840089559555054,-1.6574163436889648,5.024832725524902,-0.8769440650939941,0.2085171788930893,-3.869550228118897,2.211564302444458,-2.7327663898468018,-1.2439850568771362,-4.667820453643799,0.5174910426139832
10,-166.05274963378906,140.8688201904297,-7.179019927978516,17.705595016479492,4.643198490142822,18.961732864379883,10.972283363342283,15.312743186950684,-0.2291565835475921,2.44439697265625,-5.599059581756592,7.516973972320557,-0.3902029693126678,3.16218900680542,-7.497207164764404,3.910945177078247,-1.44047749042511,1.8991007804870603,-7.3661208152771,1.46006977558136,-3.069830179214477,3.751004695892334,-1.0733509063720703,2.7239253520965576,-4.626273155212402,1.500865817070007,-2.1106185913085938,1.1597704887390137,-3.425658941268921,-0.0238206889480352,-2.892638921737671,4.360597133636475,-1.4020477533340454,-0.074388638138771,-4.364624500274658,1.888956904411316,-2.751577854156494,-1.6756532192230225,-4.587425708770752,0.1185669302940368
10,-148.65223693847656,125.96573638916016,-1.272133231163025,14.71409034729004,7.187347412109375,15.268987655639648,13.041053771972656,12.004005432128906,-1.918989181518555,1.0102485418319702,-5.154027938842773,5.291181564331055,-3.234114646911621,0.9678434729576112,-5.837137222290039,5.469177722930908,-1.9968374967575075,0.8438680171966553,-3.147674798965454,4.703214645385742,0.8277822732925415,3.5602080821990967,-1.5480070114135742,3.153163433074951,-6.253497123718262,0.5578796863555908,-3.0139095783233643,1.15960955619812,-6.106235980987549,1.92686140537262,-3.919080018997192,1.5085794925689695,-5.668052673339844,-0.8371250629425049,-3.093613862991333,3.663999080657959,-1.9466884136199951,2.451502799987793,-2.2052323818206787,2.319465160369873
10,-148.03370666503906,129.93020629882812,-7.597909450531006,13.475894927978516,5.733831882476807,18.00627899169922,12.061358451843262,11.326793670654297,-4.018927097320557,0.5818326473236084,-5.384202480316162,5.859734058380127,-2.713207483291626,1.0716696977615356,-7.993418216705322,4.028699398040772,-3.8774783611297607,0.8279666900634766,-6.947983741760254,1.3006081581115725,-4.016878604888916,1.0887548923492432,-3.2925939559936523,2.969121217727661,-5.408310890197754,1.469202160835266,-2.9293763637542725,1.2054134607315063,-4.152648448944092,0.7073286771774292,-2.4941000938415527,3.360914707183838,-3.6513831615448,-0.5682295560836792,-4.378777980804443,2.7067713737487797,-3.5170023441314697,-2.1267497539520264,-4.81688928604126,-0.0980323851108551
10,-53.67881774902344,92.27027893066406,-13.427278518676758,-4.651257514953613,12.2531156539917,21.228769302368164,28.105432510375977,2.102182388305664,-13.651996612548828,-4.012861251831055,-2.3989193439483643,5.996114730834961,1.2751986980438232,4.050352096557617,-9.57921314239502,5.28567361831665,-7.52224063873291,0.2323174923658371,-6.3401641845703125,4.214680671691895,-6.725887298583984,-11.365755081176758,-4.941565036773682,11.103447914123535,-1.301344871520996,1.7206627130508425,-10.098520278930664,0.6040965914726257,-0.6044690012931824,4.212844371795654,0.6277295351028442,4.222044944763184,-4.674199104309082,-2.436769723892212,-7.2698564529418945,3.8140597343444815,-2.2842111587524414,-1.3815807104110718,-5.089691162109375,-0.5887292623519897
10,-158.27581787109375,139.36859130859375,-6.132809638977051,17.526538848876953,5.7919440269470215,18.451778411865234,11.851945877075195,14.870296478271484,-1.9510185718536377,2.444041013717652,-5.141267776489258,6.509055614471436,-2.095418930053711,2.3121612071990967,-6.893801689147949,5.151126384735107,-0.6191698908805847,2.2606332302093506,-5.317697048187256,3.717836856842041,-0.5690215229988098,4.201590538024902,-0.9415814280509948,3.108552932739258,-5.155057430267334,1.1825366020202637,-2.2427008152008057,1.8298699855804443,-3.7933502197265625,1.0177356004714966,-2.152311086654663,2.0998640060424805,-3.666334867477417,0.3582495450973511,-3.21352219581604,3.188880920410156,-1.8286778926849363,0.0626605227589607,-2.660664319992065,1.9134701490402224
10,-131.34503173828125,125.80538940429688,0.615087628364563,7.980648040771484,8.085745811462402,14.018461227416992,15.311758041381836,1.1869386434555054,-4.90855598449707,-3.011535882949829,-7.142322540283203,4.848855972290039,-0.3748034834861755,0.0666213035583496,-7.693751811981201,6.069381237030029,-3.3178415298461914,1.5425260066986084,-10.451513290405272,-1.029647946357727,-5.907666206359863,1.4973373413085938,-5.85221529006958,2.6026949882507324,-10.237290382385254,2.210170269012451,-5.265011787414551,0.5168208479881287,-6.649446487426758,0.1689393520355224,-4.79843807220459,2.214543581008911,-3.500006437301636,0.071849875152111,-3.407280921936035,2.815277338027954,-3.428511142730713,-2.2268457412719727,-3.893998861312866,-1.298175573348999
10,-132.19186401367188,127.01456451416016,-2.294552087783813,9.43793773651123,13.228727340698242,18.532915115356445,15.05618667602539,2.630278348922729,-3.4295668601989746,2.970400333404541,-4.908203601837158,5.4161057472229,-0.5224862694740295,2.818119764328003,-7.0272393226623535,6.684441089630127,-4.384799003601074,1.116851806640625,-8.59434700012207,-0.8237373232841492,-5.95334005355835,1.9555946588516235,-3.092641830444336,4.125139236450195,-4.16620397567749,4.750864028930664,-6.048085689544678,2.1153359413146973,-1.1948487758636477,0.1858082860708236,-1.529409408569336,0.0783711224794387,-2.2340247631073,-0.1097254008054733,-2.636182308197021,0.2706219553947449,-1.633574604988098,-1.2118676900863647,-2.067192554473877,0.478126049041748
10,-131.64320373535156,127.15530395507812,-1.7838224172592163,10.164772987365724,14.511727333068848,19.275447845458984,16.10902976989746,2.7906830310821533,-2.6359305381774902,3.773420810699463,-4.287455081939697,6.1248955726623535,0.6193389296531677,3.5639591217041016,-6.870983123779297,7.562004089355469,-3.8007967472076416,1.1671780347824097,-7.907304286956787,-0.3700340986251831,-5.377603530883789,2.2935893535614014,-3.1914072036743164,4.688663482666016,-3.4018759727478027,5.6702423095703125,-5.446235179901123,2.481459856033325,-0.4102189540863037,0.7083707451820374,-1.0680601596832275,0.5001607537269592,-1.9589807987213133,0.1999437659978866,-2.109829902648926,0.5307327508926392,-1.3046098947525024,-0.4907967150211334,-1.397316336631775,0.8431860208511353
10,-157.3061065673828,136.1807861328125,-5.046916961669922,13.87009334564209,2.378413438796997,17.482133865356445,9.716063499450684,13.922398567199709,-2.648636102676392,0.3114560842514038,-6.994134902954102,5.519196510314941,-3.1585474014282227,1.2114869356155396,-8.188581466674805,2.5535101890563965,-2.6161367893218994,0.457498550415039,-8.054759979248047,0.2071785926818847,-4.277052879333496,1.6988941431045532,-2.329997539520264,2.228829860687256,-5.022756576538086,1.156985878944397,-2.60298228263855,1.0231826305389404,-4.3390793800354,-0.7035919427871704,-3.674830198287964,2.2306430339813232,-3.568185806274414,-0.9859687089920044,-4.649351119995117,2.399421215057373,-2.697930335998535,-2.378903865814209,-5.463371276855469,0.1097612977027893
10,-132.23377990722656,123.30029296875,-7.361864566802978,7.19705057144165,15.357969284057615,18.48876571655273,12.997044563293455,-0.4555038213729858,-1.1929281949996948,2.689185619354248,-9.337140083312988,3.3539538383483887,-2.3634274005889893,2.899587869644165,-9.690744400024414,1.748787760734558,-7.830219268798828,2.9790942668914795,-9.430355072021484,-4.003396987915039,-6.306391716003418,3.2094976902008057,-2.561474323272705,1.9723963737487795,-9.098737716674805,5.359251022338867,-5.855619430541992,4.648318767547607,-6.602753639221191,-0.1442657709121704,-2.9258012771606445,2.636601209640503,-1.298770308494568,-1.0050897598266602,-4.2963547706604,-0.0514799132943153,-1.318566918373108,-3.151606321334839,-3.9203057289123535,-2.197831153869629
10,-122.6502914428711,125.49874877929688,-9.774757385253906,4.143804550170898,18.511320114135746,19.677736282348636,9.10154628753662,-5.144557952880859,-4.3538594245910645,5.819929122924805,-5.429237365722656,-1.0728145837783811,-6.00186014175415,3.5269253253936768,-5.045917987823486,4.210706233978272,-12.394819259643556,-1.4139666557312012,-8.172507286071777,-1.967076659202576,-11.43844223022461,-3.1459615230560303,-2.9451260566711426,4.158621788024902,-8.151458740234375,3.156851530075073,-6.400527477264404,6.059408187866211,-2.4725472927093506,-0.5478349924087524,-5.890740871429443,-0.107942447066307,-0.3673010170459747,0.6245688796043396,-6.109814643859863,-3.5565333366394043,-2.122995615005493,2.2517800331115723,-3.0617387294769287,-3.76968002319336
10,-126.10487365722656,124.6268081665039,-12.216421127319336,4.342880725860596,19.77925109863281,18.631572723388672,9.321223258972168,-6.264501094818115,-4.689367771148682,5.7452592849731445,-5.546025276184082,-0.931059718132019,-6.649898052215576,3.829184055328369,-5.1396660804748535,3.890404939651489,-12.939224243164062,-2.2395715713500977,-8.332999229431152,-2.4265267848968506,-12.23434352874756,-3.5615506172180176,-2.0526857376098637,4.064000606536865,-8.880629539489746,3.4102182388305664,-6.834043502807617,6.176878452301025,-2.191765069961548,-0.4552544355392456,-5.993238925933838,-0.324329525232315,-1.2330631017684937,0.0834648534655571,-7.062511920928955,-3.9410901069641113,-2.1527466773986816,1.853643536567688,-3.714869260787964,-4.406679153442383
8,-210.76345825195312,143.5242156982422,-31.749351501464844,23.634477615356445,5.352494716644287,2.2679924964904785,-4.688477516174316,-0.7016116380691528,-2.201815128326416,6.0436787605285645,-2.025869846343994,-4.580504417419434,-11.353776931762695,-2.610817670822144,-6.17148494720459,-3.7402114868164062,-9.962213516235352,-4.435505390167236,-10.525870323181152,-7.614772796630859,-7.981356620788574,0.3804599940776825,-0.9747376441955566,1.389081954956055,-2.652038335800171,-4.442539691925049,-8.54033374786377,-3.706565618515015,-3.5799951553344727,0.1319804042577743,-2.7586684226989746,0.3351485729217529,-5.237277984619141,-2.374841451644897,-1.817181706428528,-2.75779128074646,-5.673207759857178,-1.6284444332122805,-2.834469556808472,-0.26677006483078
8,-194.52513122558597,148.2404327392578,-37.06193542480469,19.73828125,3.309698820114136,-0.6850080490112305,-0.2328229695558548,-1.205557107925415,-9.919859886169434,5.699099540710449,-8.360922813415527,-6.05158281326294,-9.475509643554688,-6.012508392333984,-9.578710556030272,-4.64960241317749,-11.220447540283203,-7.0072760581970215,-10.96929931640625,-8.089156150817871,-7.052298545837402,3.017573118209839,1.7405215501785278,3.937331438064575,-1.889003872871399,-3.8022518157958975,-9.444987297058104,-5.890785217285156,-3.1865785121917725,1.4301128387451172,-3.0227065086364746,0.4933857917785644,-3.3262572288513184,-0.6012243628501892,-1.8330882787704468,-2.1820547580718994,-4.730851173400879,-0.2716977298259735,-2.389068126678467,-0.8572426438331604
8,-200.8101959228516,149.6710662841797,-29.34387969970703,27.04375267028809,2.834401845932007,4.786385536193848,-4.30640172958374,-2.5465283393859863,-2.874165296554565,7.083747386932373,-5.702756881713867,-7.182805061340332,-11.482656478881836,-3.910501003265381,-10.854377746582031,-7.968487739562988,-10.278142929077148,-8.424962997436523,-11.626806259155272,-5.021173000335693,-4.292018890380859,-0.6576187014579773,-1.3486621379852295,-0.3186635076999664,-5.966579437255859,-5.424163341522217,-6.092886447906494,-4.405849933624268,-2.416780948638916,0.8967740535736084,-2.849972486495972,2.122962474822998,-3.515122890472412,-3.294036388397217,-2.1619834899902344,-2.1187074184417725,-5.072381973266602,-0.8944017887115479,-0.0643540769815445,2.2374658584594727
8,-208.5902099609375,147.1946563720703,-25.649627685546875,26.33879852294922,-1.2109568119049072,2.163888692855835,-4.382843971252441,-3.646177053451538,-3.6273481845855713,7.301056385040283,-6.05072546005249,-6.280820846557617,-14.604233741760254,-3.700446605682373,-10.508953094482422,-8.561111450195312,-9.306361198425291,-6.342931270599365,-8.194988250732422,-2.137505054473877,-4.077027797698975,-1.693086862564087,-3.542205572128296,-3.303469657897949,-7.535715103149414,-3.963501214981079,-2.8444254398345947,-3.5736277103424072,-3.2369537353515625,-1.7656426429748535,-5.649715423583984,-2.4892709255218506,-2.9395511150360107,-2.6378068923950195,-2.449030876159668,1.058061599731445,-1.0890178680419922,3.425766468048096,-0.5446729063987732,-1.3482006788253784
8,-176.3323516845703,127.8197021484375,-14.865107536315918,35.305572509765625,0.6669905781745911,5.698544502258301,-8.735922813415527,-1.8911231756210327,5.139103889465332,4.483915328979492,-5.045961856842041,-2.128624439239502,6.653203010559082,-3.53056001663208,-10.010104179382324,2.0324862003326416,-7.839395046234131,-4.539104461669922,-10.88245677947998,-0.644433856010437,-2.017435312271118,-3.5075082778930664,-5.852425575256348,0.0448832437396049,-3.659169912338257,-3.1651763916015625,-3.1733694076538086,0.7279355525970459,-2.55964732170105,-3.657878160476685,-2.198126077651977,-0.8703919053077698,-3.306400775909424,-1.0903406143188477,-3.704113483428955,-2.288405656814575,-5.330525875091553,-2.8772969245910645,-0.6979122161865234,-2.5943868160247803
8,-141.97744750976562,123.26691436767578,-12.35817527770996,30.8824405670166,0.9449244737625122,5.64968204498291,-9.563355445861816,-0.5904771089553833,2.387441635131836,2.013154983520508,-4.415919780731201,-0.7929213643074036,4.769495487213135,-4.38184928894043,-11.009356498718262,1.805908203125,-10.262703895568848,-5.076642036437988,-8.64718246459961,0.9037584066390992,-3.0041987895965576,-2.537939071655273,-5.088506698608398,1.3682194948196411,-4.906005382537842,-2.9255356788635254,-3.871788501739502,-0.4038496911525726,-3.5799405574798584,-2.213050365447998,-2.964174747467041,-1.4888185262680054,-3.52456283569336,0.0139712737873196,-4.111176013946533,-0.8974810242652893,-3.38307523727417,-2.371913433074951,-1.3471287488937378,-2.59671950340271
8,-93.49886322021484,94.83907318115234,-12.340726852416992,30.33419609069824,4.842947959899902,4.057549476623535,-6.290875434875488,-3.5059211254119877,-5.970147132873535,2.6305036544799805,-8.190449714660645,-3.957275390625,-5.139694213867188,-1.0990036725997925,-8.681295394897461,0.0093277068808674,-10.887139320373535,-1.9601433277130127,-9.012005805969238,-1.6989396810531616,-7.251617908477783,-2.2423312664031982,-8.16978931427002,-2.5036535263061523,-6.561429023742676,-1.3149380683898926,-5.357585906982422,-0.3742429316043854,-5.834262371063232,-0.5779459476470947,-4.1245856285095215,0.5872451663017273,-4.119333744049072,0.5017982721328735,-5.734760761260986,-0.9080449938774108,-4.283756256103516,0.8297255039215088,-1.9998893737792969,0.3508706092834472
10,-361.9977416992188,131.376220703125,-8.050628662109375,21.94151496887207,7.71719217300415,4.600544452667236,-10.733607292175291,5.166378974914551,-3.314009189605713,-4.186880588531494,-5.538915157318115,10.079724311828612,2.91001558303833,5.132719993591309,6.267678260803223,10.637306213378906,3.701070308685303,8.843830108642578,-6.518005847930908,-4.367068767547607,-0.2806981801986694,8.739617347717285,-1.7311872243881226,0.5570678114891052,-4.070462226867676,0.5348799824714661,-4.447179317474365,1.6212948560714722,-1.1693880558013916,3.445175647735596,-1.3296290636062622,3.454866409301758,-1.9997364282608032,0.4060107469558716,-0.3557993769645691,3.7477307319641113,-2.22879695892334,2.323204040527344,-2.5934946537017822,-1.0821175575256348
10,-362.66839599609375,113.6141357421875,4.536871433258057,21.70047950744629,2.014233350753784,15.47480297088623,-14.78986644744873,4.75698184967041,0.9755605459213256,-8.046083450317383,2.9323463439941406,5.495138645172119,3.863400459289551,6.917258739471436,-2.116408586502075,13.522851943969728,4.448439598083496,7.765861988067627,-5.119509696960449,-5.274660587310791,-0.4508223831653595,6.541561603546143,0.619867205619812,-0.2166726440191269,-4.608134746551514,2.618751049041748,-3.462677240371704,-2.042879819869995,-3.7975594997406006,4.1594085693359375,-0.2760241329669952,2.347074031829834,-2.3736395835876465,-0.2332501709461212,-1.3808870315551758,3.1786015033721924,-2.220597982406616,2.2951881885528564,-0.9075135588645936,1.0859670639038086
10,-348.46539306640625,107.67564392089844,-18.98731803894043,37.27452087402344,17.579147338867188,-6.807046413421631,-30.4280948638916,11.656912803649902,-0.5444111824035645,-1.480404019355774,-1.4498234987258911,15.90839385986328,13.362468719482422,9.026018142700195,1.849967122077942,7.660951614379883,8.9591703414917,5.969333648681641,-7.650196075439453,-9.218587875366213,-4.7903594970703125,4.454119682312012,1.5851701498031616,5.300776481628418,-6.808168888092041,3.823742389678955,-1.029000759124756,1.3019733428955078,-0.8092536926269531,4.283053398132324,0.2511641681194305,4.344472408294678,-4.571572780609131,0.2106669694185257,-4.590353488922119,1.0726675987243652,-1.5092296600341797,2.664658784866333,0.0963403582572937,2.083427906036377
10,-344.1608581542969,104.53863525390624,-17.406736373901367,36.63176727294922,18.86138153076172,-9.65145778656006,-25.41833877563477,11.492839813232422,1.727055907249451,-7.1251397132873535,-4.872002601623535,16.96103286743164,15.03488826751709,1.343567967414856,3.9151456356048575,10.877204895019531,12.54665184020996,4.711297988891602,-10.891759872436523,-4.459369659423828,-5.82568359375,3.5517807006835938,3.0839998722076416,0.9993179440498352,-6.617588996887207,2.8286848068237305,0.0413081869482994,0.7540345191955566,-0.4321343004703522,6.710463523864746,0.9627242088317872,3.9521663188934326,-2.7367420196533203,-0.8470377922058105,-7.232253074645996,1.4578580856323242,-0.6653021574020386,0.2681181728839874,-1.2505874633789062,6.02737283706665
10,-355.0634765625,114.30949401855467,-7.62326192855835,29.697654724121094,15.19147777557373,-4.530450344085693,-18.57441711425781,7.281597137451172,-0.0043013910762965,-5.952737808227539,-5.2953267097473145,14.993020057678224,13.375234603881836,1.5046327114105225,5.812518119812012,13.003064155578612,11.81458854675293,6.132471084594727,-9.22902774810791,-7.067972660064697,-6.742698192596436,7.408257961273193,2.540289878845215,-0.9115549325942992,-5.138182163238525,3.681456089019776,-0.5323086380958557,0.9327433109283448,-0.3247442543506622,5.856781959533691,1.0082802772521973,5.390233993530273,-2.358966827392578,-1.0438159704208374,-5.418272018432617,1.518107295036316,-2.305330276489258,0.2889602780342102,-0.7886406183242798,3.8803319931030273
10,-365.7457885742188,119.36132049560548,-20.85838508605957,28.10604476928711,21.619178771972656,0.7283574938774109,-16.115768432617188,10.471177101135254,4.069327354431152,-1.685502290725708,-2.6855318546295166,14.558908462524414,5.720183372497559,6.459029674530029,2.494210720062256,9.028644561767578,8.635968208312988,9.561315536499023,-11.197601318359377,-5.814246654510498,-3.719911336898804,8.888729095458984,3.602636337280273,2.315882444381714,-5.925951480865479,3.212496280670166,-2.030456781387329,-0.8871198296546936,-3.080312728881836,3.592461109161377,2.942708730697632,5.218926906585693,-2.0859358310699463,1.454219102859497,-2.594263792037964,1.7836146354675293,-4.637977600097656,0.4817822277545929,-1.0113930702209473,-0.6080455183982849
10,-340.58251953125,92.81288146972656,-42.40788269042969,41.17148971557617,31.213138580322266,1.0038412809371948,-17.890979766845703,16.11220359802246,13.939061164855955,-3.891049385070801,-2.4415907859802246,15.094935417175291,0.5914156436920166,5.532229900360107,1.1571753025054932,3.715354681015015,5.8590474128723145,8.739218711853027,-11.340741157531738,-3.2189552783966064,-1.9305849075317385,6.741456508636475,5.978908538818359,7.387317180633545,-5.530210494995117,0.0778917968273162,-2.8842337131500244,0.0699700117111206,-5.029667854309082,0.0860956013202667,1.9496262073516848,5.476203441619873,-0.5915722846984863,1.7673777341842651,-2.620413303375244,4.63525915145874,-3.1345632076263428,0.2443511188030243,-4.638045787811279,-0.2911040782928467
10,-342.18072509765625,79.46065521240234,-17.058582305908203,40.11345672607422,8.320731163024902,16.97096061706543,-13.79647159576416,15.109889030456545,9.51445198059082,-6.134705066680908,5.347132205963135,11.386270523071287,-0.6304844617843628,8.17289924621582,1.8467400074005127,3.146122455596924,4.483851909637451,8.215585708618164,-7.056140899658203,-7.251522541046143,-6.517981052398682,9.858169555664062,7.826488494873047,7.622886180877685,-6.95126485824585,1.282727599143982,-0.1291536092758178,-1.5082030296325684,-6.900207996368408,-0.2824260592460632,4.01377010345459,3.173042058944702,-2.3687915802001958,1.9083006381988523,-2.7109947204589844,6.224705219268799,-3.5196187496185303,1.637527346611023,-4.878887176513672,-0.7434102296829224
10,-369.2180480957031,101.20680236816406,1.8941572904586792,25.273324966430664,-0.9849945306777954,23.702611923217773,-5.953951835632324,11.174513816833496,3.5999042987823486,-0.9959608316421508,4.389589786529541,8.019299507141113,2.726816177368164,7.705570697784424,-1.526723027229309,5.0340189933776855,5.963913917541504,8.197026252746582,-8.142199516296387,-10.345256805419922,-7.121943473815918,12.178425788879396,5.782069206237793,3.575831174850464,-7.837911605834961,4.228772640228272,0.5749984383583069,-4.256979942321777,-7.402599334716797,2.9301931858062744,5.623626708984375,1.6111754179000854,-4.061061859130859,2.4744913578033447,-1.5018969774246216,3.841625452041626,-4.720282077789307,2.3721816539764404,-2.877984046936035,-2.2209839820861816
10,-346.80291748046875,101.8548812866211,-13.260421752929688,31.45413589477539,14.663039207458496,11.386497497558594,-6.411129474639893,13.448515892028809,5.846893787384033,-0.3034850656986236,-3.264193058013916,8.344948768615723,7.397993564605713,2.34724760055542,-1.6871893405914309,7.246088027954102,7.134965896606445,6.2562785148620605,-11.255859375,-6.49705982208252,-4.802342891693115,9.365790367126465,3.866689443588257,5.242238998413086,-6.57268762588501,2.213320016860962,0.3274781405925751,-0.9015387296676636,-5.85788106918335,4.103433609008789,3.1014559268951416,2.497067451477051,-2.4634389877319336,2.956651210784912,-3.047365427017212,2.799922466278076,-1.0870459079742432,2.703126907348633,-5.487162590026856,-2.469665288925171
10,-331.0049743652344,92.44271087646484,-17.31593894958496,38.67423629760742,13.529752731323242,13.16189670562744,-9.019858360290527,10.59687614440918,12.06497287750244,-3.613545417785645,-5.251041889190674,13.612637519836426,3.2208118438720703,2.167088270187378,-0.9973194003105164,6.900314331054688,7.491095066070557,6.136875629425049,-13.918400764465332,-1.5886553525924685,-4.546534538269043,8.10289192199707,6.311776638031006,4.456360340118408,-4.231480598449707,0.3355683982372284,-2.310076951980591,-0.8298567533493042,-3.3889753818511963,1.8941764831542969,2.0010907649993896,2.076746940612793,-1.5720880031585691,1.8357396125793457,-4.61382532119751,3.073334217071533,-1.528889775276184,1.708792805671692,-5.956250190734863,-1.8929965496063232
10,-327.51873779296875,86.98941802978516,-10.065156936645508,36.72901153564453,8.214306831359863,19.529489517211918,-15.274687767028809,11.258383750915527,14.113322257995604,-5.657505512237549,-0.0245564188808202,12.817461967468262,2.472768783569336,7.136501312255859,-3.373159170150757,6.393486022949219,3.366838216781616,10.831323623657228,-10.538657188415527,-8.209330558776855,-0.7484818696975708,7.999256134033203,5.498631000518799,1.674076795578003,-2.852767944335937,1.3639622926712036,-5.099649906158447,-1.9179960489273071,-1.773930311203003,2.286886692047119,-0.4505789875984192,3.4367034435272217,-3.539106845855713,0.6169561147689819,-4.091964721679688,3.384750843048096,-3.30226731300354,1.3069769144058228,-2.8890366554260254,-1.4678990840911863
10,-351.0896911621094,93.25567626953124,-9.486513137817385,38.41024017333984,6.190695762634277,12.094764709472656,-16.650907516479492,15.16726016998291,6.254134654998779,-9.89828395843506,4.318855285644531,6.066210746765137,3.41273832321167,6.653757095336914,-1.4641354084014893,10.1209077835083,2.955345630645752,7.634747505187988,-7.784132957458496,-5.442882061004639,-0.2581284642219543,6.627231121063232,0.2192843407392501,-0.2888656854629516,-3.1612443923950195,3.1604526042938232,-4.425850868225098,-1.5727771520614624,-2.947558641433716,2.1903812885284424,-0.6890707612037659,3.9654054641723633,-3.259058713912964,-1.7871237993240356,-0.6627310514450073,2.8700647354125977,-4.1572136878967285,2.5672638416290283,-0.4934686124324798,1.4249980449676514
10,-330.8059997558594,91.76819610595705,-3.4706854820251465,30.97839736938477,10.658166885375977,18.63629150390625,-19.01558494567871,17.335195541381836,6.161259651184082,-3.9253339767456055,0.1818113774061203,7.743876934051514,8.284141540527344,10.015416145324709,-5.164395332336426,8.70207405090332,3.636995315551758,10.981587409973145,-6.741416931152344,-12.66305923461914,2.1550960540771484,4.986048221588135,4.030600547790527,1.477983474731445,-2.9265613555908203,2.346867084503174,-2.875065326690674,-0.4109866321086883,-2.37813138961792,4.209450721740723,-2.2209036350250244,4.884647846221924,-4.484889984130859,1.9977946281433103,-3.857689380645752,3.928498506546021,-1.7711485624313354,2.552010059356689,-3.287058115005493,0.2344661056995391
10,-321.01129150390625,85.1134262084961,-3.752365827560425,37.15327072143555,11.620176315307615,16.956819534301758,-15.206722259521484,20.14675712585449,1.7032625675201416,-5.889834880828857,3.677492618560791,4.66774845123291,3.2449657917022705,14.481619834899902,-4.612058639526367,7.40699291229248,6.190766334533691,9.970379829406738,-5.253780841827393,-11.41092014312744,-2.975496768951416,7.738495826721191,5.920599937438965,-1.7444156408309937,-4.113216876983643,5.033721923828125,-2.9063374996185303,-2.7437658309936523,-2.937252283096313,3.9197239875793457,-0.8502837419509888,5.467753887176514,-3.616844654083252,1.401908040046692,-3.561718225479126,4.946995258331299,-4.899756908416748,3.822007417678833,-2.291554450988769,0.5507153272628784
10,-304.5833740234375,66.90741729736328,5.421911716461182,44.89175415039063,1.195543885231018,28.388259887695312,-20.085289001464844,22.01365852355957,6.130273818969727,-12.569544792175291,13.653983116149902,1.4959595203399658,0.952956199645996,15.222833633422852,-5.342019557952881,8.156787872314453,5.734398365020752,10.438651084899902,-5.730823040008545,-10.410318374633787,-5.907452583312988,10.018718719482422,5.658543109893799,-0.5649230480194092,-3.465837955474853,2.446746349334717,-3.0168068408966064,-3.6718881130218506,-3.555633783340454,3.0911521911621094,0.4748446941375732,6.760636329650879,-3.3720571994781494,1.3732149600982666,-3.8128414154052734,4.818971633911133,-5.978955268859863,3.3281567096710205,-1.1272506713867188,0.2162532955408096
10,-348.4657592773437,98.30330657958984,7.974294185638428,32.86632537841797,5.545989513397217,23.60271644592285,-13.464688301086426,18.714902877807617,4.468262195587158,-6.589764595031738,6.983351707458496,7.7102789878845215,1.003811597824097,12.947295188903809,-5.1895856857299805,11.194342613220217,6.87331485748291,5.865433692932129,-6.303191661834717,-7.96426248550415,-4.664173126220703,6.196018695831299,7.425116539001465,2.8272128105163574,-2.9581518173217773,-0.1266109496355056,0.161203071475029,-1.6911348104476929,-6.113397121429443,3.2395527362823486,-0.6169928908348083,7.081427097320557,-3.0955543518066406,0.8761604428291321,-3.4952287673950195,4.57328462600708,-4.508166790008545,1.5488675832748413,0.2026339024305343,1.9433120489120483
10,-368.740234375,115.7845687866211,-9.911354064941406,28.5758113861084,22.40993881225586,4.768559455871582,-6.149920463562012,15.779924392700195,-1.096272349357605,2.1002485752105717,-1.4633935689926147,8.218035697937012,3.3763692378997803,12.48161506652832,-2.978545904159546,8.468317031860352,7.79734992980957,8.054116249084473,-5.3161396980285645,-8.807572364807129,-5.736133098602295,7.83538293838501,7.779663562774658,3.445675849914551,-3.668658018112183,3.236704111099243,-0.3426487147808075,-2.5299646854400635,-5.202360153198242,2.3310112953186035,-2.0099830627441406,6.779229164123535,-2.6526248455047607,0.0976427122950553,-3.042796850204468,4.44437313079834,-4.3400559425354,2.8220553398132324,1.1525357961654663,1.3211493492126465
10,-340.83233642578125,91.88429260253906,-11.272453308105469,37.23908615112305,20.761533737182617,1.794063687324524,-12.132360458374023,17.502758026123047,-3.594773769378662,-0.9709303379058838,0.1259666830301284,4.847224235534668,8.390789031982422,11.216171264648438,1.9424728155136108,6.625511646270752,6.4491496086120605,17.115455627441406,-7.706151962280273,-10.672317504882812,-7.813235282897949,10.692530632019045,7.300578594207764,2.524156093597412,-3.8290069103240967,4.453362941741943,-1.6663222312927246,-2.541888236999512,-5.014144420623779,1.4838401079177856,1.5520144701004028,6.354240417480469,-3.2507965564727783,0.2759481072425842,-1.475242257118225,1.5647863149642944,-5.172943115234375,2.314319610595703,-0.6257625222206116,1.999552607536316
10,-334.1966857910156,84.61506652832031,4.492125511169434,38.9770393371582,1.48722243309021,12.251384735107422,-20.032814025878903,13.875314712524414,-0.9353830814361572,-12.606202125549316,8.514396667480469,8.548130989074707,8.086339950561523,13.720420837402344,4.043228626251221,9.265372276306152,5.202824115753174,16.317834854125977,-8.712929725646973,-11.492080688476562,-9.503989219665527,10.277213096618652,6.9664306640625,2.62821888923645,-1.77143657207489,3.733668804168701,-1.224435806274414,-0.4593110680580139,-6.667491912841797,2.153608798980713,2.7367734909057617,5.084362030029297,-4.136571407318115,-0.0424328185617923,0.0204681102186441,2.1405532360076904,-5.378702640533447,0.9898669123649596,0.0588738769292831,2.7444937229156494
10,-347.40606689453125,109.64510345458984,2.239551305770874,31.945030212402344,6.657282829284668,5.489422798156738,-29.16392707824707,15.737586975097656,1.294471025466919,-17.9212589263916,7.423973560333252,18.466495513916016,8.586713790893555,8.854909896850586,6.159399032592773,9.472020149230955,8.280667304992676,11.404109954833984,-6.927218437194824,-10.476819038391112,-9.503232955932615,8.189589500427246,3.036860942840576,3.6920042037963863,-2.3926215171813965,2.0347390174865723,-0.9756901264190674,0.2724297940731048,-4.673111438751221,2.0864145755767822,0.9177442193031312,4.575882434844971,-4.686840057373047,-1.1907670497894287,-2.2197444438934326,3.1363673210144043,-4.548086643218994,0.8302031755447388,1.6557211875915527,2.681025743484497
10,-381.3147583007813,105.16194915771484,-14.658391952514648,35.761817932128906,17.074026107788086,4.984585285186768,-7.256025314331055,20.87883949279785,5.546099662780762,-3.777949571609497,-0.1131679192185401,11.651055335998535,1.444043517112732,2.322467088699341,1.8049598932266235,5.299610137939453,1.8700040578842163,8.005290985107422,-10.327488899230955,-4.142930030822754,-1.530544400215149,8.059061050415039,1.5323327779769895,0.6577898263931274,-4.425728797912598,3.6042320728302,-4.259892463684082,-2.848506450653076,-3.2284274101257324,3.141559600830078,-2.242406129837036,4.498795032501221,-2.494441032409668,-1.8162074089050293,-1.43059504032135,3.324673175811768,-4.226040840148926,0.3915489017963409,-1.871123552322388,1.6499884128570557
10,-391.5847778320313,107.33071899414062,-7.681951999664307,27.48383903503418,16.441869735717773,9.595169067382812,-6.961524486541748,18.758275985717773,6.815995693206787,-2.886070251464844,1.9718719720840452,8.981918334960938,1.0923553705215454,4.557240962982178,-1.8410513401031492,3.9469170570373535,2.772002696990967,6.770349025726318,-9.032320976257324,-4.159484386444092,-1.6051684617996216,8.18601131439209,3.3615942001342773,2.554461717605591,-7.162912368774414,4.140947341918945,-2.124049663543701,-5.36568021774292,-4.639262676239014,3.944282770156861,-0.6041615009307861,2.831882953643799,-2.312541007995605,0.2629311978816986,-1.9726569652557373,2.944349765777588,-2.777466297149658,-0.2960391938686371,-3.4383792877197266,1.029800534248352
10,-363.1806335449219,89.95571899414062,-15.97111701965332,38.492454528808594,11.244013786315918,14.810301780700684,-12.863383293151855,19.72433090209961,5.396880149841309,-1.432018518447876,4.273780345916748,1.478171944618225,9.2274808883667,5.489280700683594,-7.192943096160889,6.10641622543335,4.9572858810424805,4.492135047912598,-7.566108703613281,-3.471053123474121,-3.695352077484131,6.722406387329102,5.468665599822998,4.928177356719971,-8.343810081481934,4.605709075927734,-0.8573739528656006,-5.167799472808838,-4.016477584838867,1.473109245300293,2.729703664779663,2.1852095127105717,-4.124331951141357,2.1688127517700195,-1.1498132944107056,3.477541208267212,-3.070464611053467,1.5213078260421753,-4.176424503326416,-0.1204902231693267
10,-368.3876953125,90.2961196899414,-12.523194313049316,37.04451370239258,9.12603759765625,15.47718906402588,-9.480790138244627,18.9404296875,3.72792387008667,0.6075326800346375,3.582210063934326,2.5757083892822266,8.548463821411133,4.585398197174072,-7.137111186981201,7.714279174804687,6.568078517913818,2.2466158866882324,-7.794732570648193,-2.312039613723755,-5.125768661499023,8.433902740478516,6.63560676574707,3.865949869155884,-7.850183963775635,4.23288106918335,-0.8266608715057373,-5.185805320739746,-3.98356556892395,2.3171803951263428,3.446950912475586,3.610736131668091,-5.123325824737549,2.007683277130127,-1.5385456085205078,3.6950860023498535,-2.783366441726685,2.190361499786377,-3.182189702987671,-1.040782451629639
10,-389.1585083007813,108.7602310180664,-10.203987121582031,26.579988479614254,18.268367767333984,7.3089599609375,-4.967302322387695,18.901844024658203,2.6993114948272705,0.9498383402824402,3.035399436950684,10.000831604003906,2.082519054412842,7.694043636322021,-4.338415622711182,5.824478626251221,9.705000877380373,3.9212255477905273,-8.637086868286133,-4.568332672119141,-1.209114909172058,12.671279907226562,4.622790336608887,2.243096351623535,-5.536648750305176,5.555333137512207,-1.9383255243301392,-4.847480773925781,-3.334653615951538,6.068800926208496,1.0624058246612549,3.9021849632263184,-3.482738256454468,0.7913206219673157,-1.0575950145721436,4.921970367431641,-2.125915288925171,1.5782241821289062,-1.2391154766082764,-2.1895856857299805
10,-371.9104614257813,116.05570220947266,-23.851791381835938,36.46871948242188,28.806697845458984,-8.451157569885254,-14.731054306030272,18.1036376953125,-2.220257520675659,-3.17277455329895,0.96312415599823,12.32552433013916,9.999144554138184,11.323914527893066,-1.1796070337295532,8.478611946105957,9.3508939743042,6.854617595672607,-10.727688789367676,-8.944920539855957,-2.351313352584839,7.994449615478516,1.304295301437378,4.659456253051758,-2.437196969985962,4.279510498046875,-2.5029456615448,0.7612454891204834,-2.120628118515014,3.555748701095581,0.2919537425041199,2.5696325302124023,-5.45388126373291,-0.6350122094154358,-0.904325783252716,5.220025062561035,-2.2725653648376465,1.6214089393615725,-0.6256077289581299,0.3890308439731598
10,-349.1206970214844,109.4381332397461,-26.70871353149414,42.575382232666016,25.705848693847656,-11.606748580932615,-28.86959457397461,12.087778091430664,-2.937324523925781,-2.382146120071411,-3.496832609176636,13.351607322692873,17.32101058959961,11.072073936462402,1.294448733329773,8.9197359085083,8.252996444702148,5.937432289123535,-9.50076389312744,-12.632219314575195,-5.272437572479248,4.809537887573242,-1.9009454250335691,7.147462368011475,-1.769900679588318,2.7069685459136963,-3.061154365539551,4.083117485046387,0.0366627238690853,0.5087683200836182,-1.033625245094299,4.749913692474365,-7.313870906829834,-1.0384888648986816,-2.1053354740142822,2.586534023284912,-1.954067826271057,3.131432056427002,0.0062644826248288,1.3221360445022583
7,-372.4622802734375,119.26426696777344,-14.55012035369873,0.9709380865097046,-24.0919246673584,-7.390076637268066,-15.442985534667969,-13.361074447631836,-13.92253303527832,-4.632748603820801,-3.0587024688720703,-4.282947540283203,-1.6004399061203003,3.1427574157714844,-0.3923583328723907,-7.746267318725586,-6.553056240081787,-1.1238195896148682,-3.379047393798828,-4.87947940826416,-4.9391255378723145,-3.551707029342652,3.388267993927002,0.3137022256851196,1.4162471294403076,-1.7267135381698608,-1.9173444509506223,-2.1096553802490234,-4.520884990692139,-1.6487183570861816,-3.341435670852661,-0.8922304511070251,0.3091757893562317,2.2169783115386963,0.1529830545186996,0.289153516292572,-0.0128557058051228,-0.2395603358745575,-1.3456982374191284,-0.6911014318466187
7,-363.56939697265625,120.58367919921876,0.7988824844360352,-9.240276336669922,-29.612579345703125,-8.406371116638184,-19.510272979736328,-23.89366149902344,-16.673341751098633,-5.226477146148682,-3.729835510253906,-5.944040775299072,-5.182996273040772,1.1873258352279663,-8.20312213897705,-9.14898681640625,1.5639026165008545,1.6174250841140747,-2.1174075603485107,-3.35880446434021,-7.170754432678223,-2.650033473968506,0.7191177010536194,-2.987997531890869,-3.961796998977661,-1.7206357717514038,-0.7404584288597107,-3.2291948795318604,-2.799158811569214,-0.4726746380329132,-3.80563759803772,-3.126704692840576,-1.0710771083831787,0.5102406144142151,-0.3585869967937469,0.4074553549289703,-1.1916930675506592,-0.74986732006073,-1.5313221216201782,-2.5041425228118896
7,-340.9352111816406,139.91282653808594,-10.455171585083008,-21.82571792602539,-35.19712448120117,-10.33371925354004,-18.70779037475586,-20.118968963623047,-21.86420249938965,-6.279117584228516,-0.6807404160499573,0.6110626459121704,-3.063175201416016,2.878971576690674,-5.186764240264893,-8.439834594726562,-5.500158786773682,-5.256624221801758,-5.318467140197754,-7.908752918243408,-5.985589504241943,-0.8880375623703003,2.4660003185272217,-5.07401180267334,-4.237194538116455,-2.4369921684265137,-2.4246597290039062,-1.650481343269348,-3.434860944747925,-2.527979612350464,-2.665400266647339,0.4688674807548523,2.1668155193328857,2.237140893936157,-2.1031227111816406,-0.7032705545425415,0.9222458004951476,1.5604346990585327,-1.170766830444336,-1.755868673324585
7,-369.919677734375,128.70095825195312,-10.436803817749023,-13.733389854431152,-28.52068901062012,-6.513419151306152,-13.645169258117676,-19.615827560424805,-17.587425231933594,-4.553966522216797,-1.872832536697388,0.7118663191795349,0.4114058911800384,4.959702491760254,-5.009914875030518,-7.51158332824707,-4.71950626373291,-4.891829490661621,-3.6907591819763184,-7.007871627807617,-6.805342197418213,0.2326373755931854,4.8814616203308105,-2.0550689697265625,-3.119072914123535,-1.987344026565552,-2.15924072265625,-2.72349214553833,-4.034862041473389,-1.1082662343978882,-1.4523921012878418,0.2259015142917633,3.6020758152008057,2.762585163116455,-0.1950184404850006,0.8471801280975342,0.5209184885025024,0.3538102507591247,-3.085758924484253,-1.6477649211883545
8,-203.14015197753903,112.9786376953125,-15.196026802062988,21.6622314453125,2.2576091289520264,-5.869223594665527,2.6155827045440674,-5.718667984008789,-0.9456411600112916,7.454805850982666,-5.640861034393311,8.064231872558594,-4.652854919433594,1.91971755027771,-0.2588381767272949,-2.439680337905884,-2.990635871887207,1.7772412300109863,-5.447747230529785,2.2243239879608154,-4.740303993225098,0.9645527005195618,-4.819782733917236,1.0237587690353394,-3.773447275161743,0.7415331602096558,-1.991804838180542,1.1013967990875244,-3.4617669582366943,2.130371332168579,-3.532677412033081,1.5004761219024658,-2.276539087295532,-0.243179053068161,-3.766144275665283,0.3154459595680237,-2.679116487503052,0.7938149571418762,-3.448935031890869,0.4315504729747772
8,-176.63613891601562,129.65744018554688,-24.371070861816406,24.434959411621094,-1.2995424270629885,-1.15179443359375,1.824946045875549,-5.991809368133545,-1.4459023475646973,6.517840385437012,-8.017715454101562,7.570556640625,-5.3536787033081055,1.7416889667510986,-3.158658504486084,-1.2206295728683472,-2.631521701812744,0.9768579006195068,-4.644107818603516,2.7288475036621094,-5.150016784667969,1.3526400327682495,-5.739182472229004,0.3045441806316376,-6.133084774017334,-0.2259905636310577,-3.863434314727783,-0.0813955813646316,-4.876861095428467,0.1613586544990539,-5.804740905761719,-1.140402913093567,-4.640460014343262,-0.3472947478294372,-3.094404697418213,1.406294345855713,-3.1598901748657227,1.2306675910949707,-2.459874391555786,1.5960021018981934
8,-146.66290283203125,119.34007263183594,-17.7445011138916,21.2471981048584,0.4768915474414825,-5.913650035858154,-2.23220443725586,-6.944571018218994,-1.814567804336548,6.090453624725342,-9.46699047088623,4.394443035125732,-8.356494903564453,0.6831836104393005,-1.2849061489105225,-3.109960556030273,-5.147281169891357,1.6036028861999512,-4.5741963386535645,5.254158973693848,-1.9610393047332764,1.997376561164856,-3.5193188190460205,1.9431016445159912,-3.0018789768218994,-0.1113638430833816,-5.663216590881348,-2.004059076309204,-7.23470401763916,-2.0288333892822266,-6.178102016448975,0.0367085449397563,-5.446983337402344,-0.3316101729869842,-2.576010704040528,0.7323048114776611,-2.4213130474090576,-0.4019418954849243,-2.773369073867798,2.2857449054718018
8,-140.43069458007812,119.92670440673828,-27.254337310791016,18.77507781982422,1.7214608192443848,-6.921555519104004,-0.2713287770748138,-5.363212585449219,-1.000758409500122,6.8592848777771,-7.449492454528809,3.476158142089844,-8.890710830688477,0.2021888345479965,-2.18447494506836,-1.2893550395965576,-3.7010226249694815,0.4127854406833648,-5.436941146850586,2.376529693603516,-6.136682033538818,1.755956768989563,-4.882320404052734,-1.9102901220321653,-6.548203468322754,0.0607492290437221,-4.430771827697754,0.4221346974372864,-3.738669395446777,1.375774621963501,-4.831451892852783,-0.3522816896438598,-4.701916217803955,-0.1177074983716011,-3.2272207736968994,0.7890273928642273,-2.846191167831421,1.0879005193710327,-1.9511157274246216,0.8841750025749207
8,-166.70802307128906,131.84771728515625,-29.912303924560547,24.54893493652344,0.2260806858539581,-1.6938797235488892,2.5167829990386963,-6.1132588386535645,-1.4175230264663696,6.947079181671143,-7.483227729797363,6.532839775085449,-5.404906749725342,3.7617342472076416,-1.0494756698608398,-0.6472342610359192,-3.360440492630005,-0.8546473979949951,-5.912534713745117,0.5365408062934875,-5.646244525909424,1.4713313579559326,-5.382442474365234,-0.8364123702049255,-6.6538848876953125,-0.8438428640365601,-5.086482524871826,-1.163117289543152,-4.516608238220215,0.686279296875,-4.427622318267822,-0.1176834106445312,-4.76261043548584,-0.9088684916496276,-3.2269766330718994,0.2605737745761871,-3.475466728210449,1.128615379333496,-3.5267341136932373,-0.0995949953794479
8,-140.51611328125,119.1367416381836,-23.870546340942383,20.502445220947266,6.759471893310547,-5.814997673034668,2.5090014934539795,-6.373319149017334,-0.2550262808799743,8.861817359924316,-8.99506664276123,6.468419075012207,-6.194029808044434,0.8375439047813416,-4.539543628692627,-1.2411112785339355,-6.500632286071777,0.95321524143219,-4.159579277038574,1.6498438119888306,-7.568224430084228,2.5334489345550537,-6.197748184204102,-1.526610255241394,-4.876968860626221,-0.5338185429573059,-2.7911651134490967,0.1900061517953872,-3.621134996414185,-0.0956135094165802,-3.366484403610229,1.292576789855957,-4.371236324310303,0.5947039127349854,-2.687540292739868,1.15302574634552,-3.0408215522766118,1.4699461460113523,-3.42215347290039,0.9815025329589844
8,-176.83245849609375,125.43334197998048,-27.413414001464844,26.19904136657715,2.654212474822998,-3.5672175884246826,1.2045527696609497,-4.611729145050049,0.1994937658309936,5.58560848236084,-9.02994155883789,5.804453372955322,-6.441307544708252,-1.3405624628067017,-2.3243696689605717,-2.0370357036590576,-3.7350962162017822,1.2089648246765137,-3.1020700931549072,3.1470515727996826,-5.6114044189453125,0.109507568180561,-6.175122261047363,1.1503195762634275,-5.00386905670166,0.6148844361305237,-3.793764352798462,-0.6505765318870544,-3.658606767654419,0.876587450504303,-4.03589391708374,0.5010842680931091,-4.592054843902588,-0.0320456959307193,-3.422058343887329,-0.7411664724349976,-4.748844146728516,0.7240642309188843,-3.3736727237701416,0.2357970625162124
8,-264.74969482421875,130.167724609375,-25.59428024291992,28.902956008911133,2.1386189460754395,-1.3880969285964966,2.578570604324341,-3.8703880310058594,0.0977345034480094,6.026781558990479,-7.388976097106934,5.188351154327393,-5.27384614944458,-0.8592135906219482,-3.3414411544799805,-1.5426470041275024,-3.333326816558838,1.7719193696975708,-3.252678155899048,3.21624755859375,-4.127053260803223,1.85691237449646,-5.820606708526611,1.9592198133468628,-4.516542434692383,0.9062055349349976,-2.84774112701416,-0.0199106913059949,-3.287992000579834,1.0330413579940796,-4.183497905731201,0.5872414112091064,-3.51957368850708,-0.1633024960756302,-2.7393548488616943,0.5872119665145874,-3.109088182449341,0.7805570960044861,-3.423363208770752,-0.4622310101985931
8,-171.53561401367188,128.1864471435547,-26.8945426940918,24.062633514404297,0.8106788396835327,-1.236433029174805,2.055214166641236,-5.593950271606445,-1.0265259742736816,8.004647254943848,-6.7488203048706055,7.308575630187988,-5.56209659576416,3.904749155044556,-0.8489108085632324,-0.7310718297958374,-3.487078189849853,-0.2607635855674743,-5.997598648071289,0.6419219374656677,-6.756730079650879,0.9790943264961244,-4.698458671569824,-0.0828508660197258,-6.341320037841797,-1.262548327445984,-5.2349042892456055,-0.5362328290939331,-4.611441135406494,-0.2922134399414062,-4.917064666748047,0.0930415689945221,-4.461807727813721,-1.0283111333847046,-3.652089834213257,0.3444659411907196,-3.038581371307373,1.5573841333389282,-2.493551731109619,0.0379583537578582
8,-157.6151123046875,123.22151947021484,-27.609464645385746,22.687589645385746,0.3874047696590423,-1.839119791984558,0.770326554775238,-4.874725341796875,-1.1205826997756958,7.012203693389893,-6.141718864440918,8.799578666687012,-4.039270877838135,2.677386522293091,-0.5657593607902527,-2.471916437149048,-4.096203327178955,-0.0107017802074551,-5.811165809631348,2.7065508365631104,-5.618521690368652,0.2562589049339294,-5.991028785705566,0.3720408678054809,-5.87363338470459,-0.629007875919342,-5.040071964263916,-1.942998290061951,-5.816158771514893,-0.9288796782493592,-5.308542728424072,-0.2596713602542877,-3.2238218784332275,2.037524700164795,-2.616682529449463,0.6871026754379272,-3.964086532592773,0.4496160447597503,-2.493908405303955,0.5442166924476624
8,-146.10702514648438,130.42254638671875,-24.97531509399414,23.79014587402344,3.889807939529419,-10.449060440063477,-2.9466333389282227,-5.615634441375732,-1.6604039669036863,8.33460521697998,-7.6668877601623535,5.383769512176514,-4.828269004821777,0.9992194175720216,-4.3785271644592285,-4.02549409866333,-4.510203838348389,0.1631384193897247,-5.339218616485596,1.808666110038757,-5.809864044189453,2.9950613975524902,-2.381932497024536,3.979947328567505,-1.1140680313110352,3.243459463119507,-2.295133352279663,-0.3342450559139251,-4.313141345977783,0.671437680721283,-4.823000431060791,0.239581286907196,-5.152103424072266,-2.1406118869781494,-6.005340576171875,-0.8473490476608276,-5.515944480895996,-1.6669527292251587,-5.144081592559815,0.3681499660015106
8,-158.25970458984375,128.27159118652344,-29.991744995117188,21.563364028930664,2.36428451538086,-3.4186275005340576,1.9768996238708496,-5.926153659820557,-0.5028532147407532,8.352794647216797,-7.861222267150879,7.2425360679626465,-7.74349308013916,5.4388108253479,-2.6346914768218994,-2.5602355003356934,-5.763179779052734,0.8611974120140076,-7.042806625366211,1.2470688819885254,-7.380978107452393,0.6822752356529236,-5.139248847961426,-1.1767103672027588,-5.958057403564453,-0.1875279396772384,-2.77310562133789,-0.6074941754341125,-3.67036509513855,0.0527701117098331,-3.202921867370605,0.7495148777961731,-2.7712576389312744,-0.0480692163109779,-4.028120040893555,-0.2815427482128143,-3.1804869174957275,0.0805166363716125,-3.452900648117065,0.1182783022522926
8,-135.48304748535156,124.13208770751952,-26.304399490356445,21.251876831054688,-0.7479543685913086,-5.2110466957092285,0.4956621825695038,-11.594221115112305,-0.6030255556106567,8.440300941467285,-7.287084579467773,8.38930606842041,-6.890823841094971,0.2440733313560485,-0.9651862978935242,-2.603080987930298,-5.513689994812012,-0.5176753401756287,-6.733436584472656,0.334781676530838,-7.860527992248535,-0.0023027099668979,-6.331867694854736,1.3612531423568726,-3.7504169940948486,2.9417083263397217,-0.2165922969579696,1.3194580078125,-4.26938009262085,0.6593315005302429,-3.582771778106689,0.9928897619247437,-4.78377628326416,-2.640911102294922,-6.730330467224121,-1.59917414188385,-2.988929986953736,1.691306233406067,-3.5957789421081543,0.2896174192428589
8,-140.818603515625,132.3902130126953,-28.763452529907227,23.74106979370117,2.7225303649902344,-10.665077209472656,-1.4083524942398071,-9.83018684387207,-0.4028176665306091,9.88860321044922,-8.33365249633789,6.1745781898498535,-5.774282932281494,1.808929800987244,-4.297617435455322,-1.7800248861312866,-4.265783786773682,-0.9623098373413086,-3.2181882858276367,1.019841551780701,-8.075045585632324,2.697164297103882,-3.698777675628662,1.6740378141403198,-2.484370231628418,1.7063570022583008,-1.4000028371810913,0.8689771294593811,-3.5704619884490967,1.56328022480011,-5.266825675964356,-0.990251123905182,-6.651852607727051,-3.2769811153411865,-6.467076301574707,-2.076876640319824,-5.83221435546875,-0.2778106033802032,-4.936161518096924,-0.3633880913257599
8,-146.21987915039062,125.2463836669922,-28.14334487915039,19.918344497680664,-4.591699600219727,-6.935031890869141,-0.5265335440635681,-7.404435157775879,0.2640711963176727,6.466902732849121,-7.773321628570557,5.176144123077393,-7.160151958465576,1.035961389541626,-1.2362916469573977,-2.4468190670013428,-2.817671060562134,0.1669101566076278,-5.711224555969238,2.2048110961914062,-6.437408924102783,0.761324942111969,-4.811454772949219,2.1156229972839355,-2.777517795562744,0.8204925060272217,-4.290704250335693,-1.296985387802124,-4.689963340759277,0.9679676294326782,-4.685576438903809,0.1694982945919037,-2.48577880859375,1.9138938188552856,-1.183444619178772,2.200577974319458,-2.91422176361084,0.1254011541604995,-4.021360874176025,0.9932838678359984
8,-140.73634338378906,122.77268981933594,-27.10467338562012,20.3142147064209,-5.598865985870361,-7.60348653793335,2.706460475921631,-7.130218029022217,-0.1263167560100555,5.518675327301025,-8.142948150634766,5.735527992248535,-7.405473709106445,-1.4879757165908811,-1.8845100402832031,-2.6901662349700928,-2.140724897384644,2.2836687564849854,-3.6579296588897705,1.6498476266860962,-6.306793689727783,2.0017147064208984,-5.153224468231201,1.594287633895874,-3.205801725387573,-0.0453418008983135,-4.932114601135254,-1.7879035472869873,-3.9683759212493896,1.8277033567428589,-3.5553126335144043,1.7976113557815552,-1.6539313793182373,1.062825322151184,-2.166792392730713,2.0049400329589844,-3.0176169872283936,0.8652746081352234,-3.1344847679138184,0.9489001631736756
8,-137.56173706054688,124.3881378173828,-27.353605270385746,20.81884002685547,-1.9548070430755613,-4.889772415161133,0.4568361639976501,-6.387079238891602,-1.1912643909454346,7.701133728027344,-8.215971946716309,6.59381914138794,-8.704468727111816,-0.9978016018867492,-0.1836771667003631,-1.902270555496216,-3.038469791412353,1.6056982278823853,-6.257015228271484,2.9263288974761963,-4.715028285980225,0.776432454586029,-4.449264049530029,1.227191925048828,-5.3846435546875,-1.2254979610443115,-5.779364109039307,-1.322226643562317,-5.806859016418457,1.4451298713684082,-4.621180057525635,-1.5177828073501587,-3.948330402374268,0.5198786854743958,-3.651164770126343,0.0381896346807479,-4.09524393081665,0.5678937435150146,-3.127327919006348,0.083213210105896
8,-132.42869567871094,106.12732696533205,-21.36511611938477,15.124068260192873,-3.539925575256348,-3.216237783432007,1.6938058137893677,-8.931984901428223,-3.071561336517334,4.41315507888794,-9.546128273010254,5.999763011932373,-5.929532051086426,-0.8437893986701965,-1.1303218603134155,-2.609817743301392,-3.695046424865722,2.3370418548583984,-4.831785678863525,4.293825149536133,-3.758450984954834,1.1141921281814575,-5.109030246734619,-1.1623475551605225,-6.839914321899414,0.1014971435070037,-3.243061780929565,-0.3260104358196258,-4.509230136871338,-1.1286333799362185,-5.890137195587158,-0.7029247283935547,-2.945826530456543,2.128123998641968,-4.612139701843262,-1.8822157382965088,-3.5943377017974854,2.617650270462036,-2.8560144901275635,0.3969562649726867
8,-122.01903533935548,125.8191375732422,-22.50169944763184,16.254741668701172,-3.544027090072632,-5.282334327697754,-3.761834383010864,-9.467299461364746,-5.140339374542236,1.063113570213318,-11.629992485046388,5.591701030731201,-9.027278900146484,-1.2264370918273926,-1.7221720218658447,-2.780750274658203,-4.673309803009033,0.1016225665807724,-7.753265380859375,1.2280527353286743,-6.488893508911133,0.5025801658630371,-4.088598251342773,0.7866507172584534,-6.666578769683838,-2.591391086578369,-5.643702030181885,-1.363776683807373,-3.987513542175293,0.9104011058807372,-5.12470006942749,0.7701820135116577,-3.371398687362671,1.1857954263687134,-4.34962272644043,0.281094491481781,-1.4289737939834597,2.105232000350952,-2.602039337158203,0.9185169339179992
8,-133.41827392578125,120.00212097167967,-20.04412841796875,16.39512062072754,-2.255363941192627,-4.59273624420166,-2.8688788414001465,-7.244752883911133,-2.344552516937256,3.0713956356048584,-10.00532054901123,5.0452189445495605,-8.898619651794434,0.913416862487793,-1.01009202003479,-2.609827995300293,-4.519330024719238,0.6846964359283447,-6.174228191375732,2.967663288116455,-5.559747695922852,0.8578535318374634,-3.9426136016845694,0.8188268542289734,-5.691794395446777,-0.800500750541687,-4.174259185791016,-1.331373929977417,-4.299662113189697,1.164411544799805,-4.9264984130859375,0.4668836593627929,-4.004654407501221,0.9819930195808412,-3.707197666168213,-0.509210467338562,-1.4581726789474487,1.4386537075042725,-2.6557836532592773,-0.2840471267700195
8,-137.74212646484375,113.06771850585938,-20.240253448486328,18.654586791992188,-1.2119888067245483,-4.1027374267578125,-1.829995036125183,-4.1076979637146,1.449886441230774,6.697242259979248,-8.965187072753906,8.131508827209473,-7.823760032653809,2.374505519866944,-0.1749823689460754,-2.74409294128418,-2.1323556900024414,1.4288907051086426,-5.195725440979004,5.124316215515137,-4.08565616607666,3.21089768409729,-4.380368709564209,1.1647272109985352,-5.339053630828857,-0.0771308615803718,-4.110164642333984,-0.7869513034820557,-4.886334419250488,-0.7652080059051514,-5.862841606140137,-1.1095088720321655,-3.788621425628662,2.391019582748413,-3.0804965496063232,-0.5573943257331848,-2.690520763397217,0.4407127201557159,-3.5733354091644287,-0.9221378564834596
8,-147.9759521484375,131.2428436279297,-29.69305229187012,24.69583511352539,-4.168481349945068,-3.8572757244110103,-0.3392793238162994,-7.990492820739746,-0.570343554019928,5.511931419372559,-5.755896091461182,9.523340225219728,-7.397943019866943,3.563213348388672,-0.4087129235267639,-2.163814067840576,-4.6471123695373535,0.4940206706523895,-1.520325779914856,2.857277631759644,-4.690211772918701,2.1649158000946045,-5.024894714355469,0.3444150984287262,-6.214924335479736,-2.205617904663086,-4.9368438720703125,-1.063315510749817,-3.833886384963989,2.239466667175293,-2.7263622283935547,2.415712833404541,-2.604290723800659,0.499419093132019,-3.901554584503174,-0.26193368434906,-4.467957019805908,-0.2758608162403106,-4.299331188201904,0.5406724214553833
8,-159.8738555908203,123.98856353759766,-15.037148475646973,16.629749298095703,-1.8895542621612549,-1.9677238464355469,-0.0363791361451149,-6.96173620223999,-1.859776496887207,4.094139575958252,-10.183062553405762,5.783138751983643,-6.621833801269531,-1.270317316055298,-2.121941328048706,-0.8973439931869507,-2.574054002761841,1.887432098388672,-4.809694290161133,3.277146100997925,-2.976752758026123,3.9988508224487305,-3.600343942642212,-0.5991082787513733,-6.289312362670898,0.9187104105949402,-3.3431684970855717,-0.5629450678825378,-6.983676433563232,0.1992954015731811,-3.344887018203736,1.2514697313308716,-1.7971194982528689,1.409283995628357,-2.318288803100586,2.265303611755371,-1.9995901584625244,1.3547039031982422,-2.609370470046997,0.7486967444419861
8,-174.59510803222656,120.62093353271484,-19.786340713500977,22.721200942993164,1.1774171590805054,-4.629844665527344,1.0592172145843506,-6.141651630401611,-2.3562333583831787,6.282288074493408,-7.320260047912598,4.831777572631836,-7.829378128051758,0.7660942077636719,-1.2986371517181396,-1.1869889497756958,-2.175100088119507,2.677587509155273,-5.29311466217041,2.206626892089844,-4.257606983184815,1.2555357217788696,-4.368461608886719,1.5226818323135376,-5.370113372802734,1.73540997505188,-2.406421661376953,0.0399789959192276,-2.82179594039917,2.361968517303467,-3.7576324939727774,0.6464589238166809,-3.717427968978882,2.132357120513916,-1.150530457496643,2.384550094604492,-1.993520736694336,2.033790111541748,-2.0092501640319824,1.520476222038269
8,-158.07069396972656,119.53067779541016,-20.37318992614746,16.68445587158203,-3.1797001361846924,-5.055675506591797,-3.0898783206939697,-7.117471218109131,-3.721025228500366,6.019258975982666,-9.7067289352417,3.720014810562134,-7.982733726501465,0.0951266437768936,-1.809178352355957,-2.8854684829711914,-3.084259510040283,0.8798313736915588,-4.687808990478516,3.1904332637786865,-4.707639694213867,2.1227176189422607,-4.405725002288818,0.4641398191452026,-5.31475305557251,0.2054137587547302,-4.458037376403809,-0.057935681194067,-3.8890419006347656,-0.01362279150635,-5.4135355949401855,0.1597651690244674,-4.511469841003418,0.9569694995880128,-1.7774449586868286,1.925034523010254,-2.2263741493225098,2.9656789302825928,-0.6235818266868591,2.0892174243927
8,-161.47132873535156,113.41425323486328,-15.941865921020508,16.872745513916016,-1.8659178018569944,-4.945439338684082,-2.39918851852417,-7.954108715057373,-3.463331699371338,5.6182475090026855,-8.874533653259277,3.837132453918457,-8.211152076721191,-0.0157128050923347,-1.4019601345062256,-2.0606703758239746,-2.5010528564453125,1.0275635719299316,-3.90450930595398,4.5554518699646,-4.248285293579102,0.0946270301938057,-7.454944610595703,-0.7023850083351135,-5.008042812347412,0.1243683472275734,-3.757183074951172,0.4575026035308838,-3.651417016983032,0.893900454044342,-5.848937511444092,-1.0364561080932615,-4.993886470794678,0.6269287467002869,-2.8392391204833984,1.7187535762786863,-1.4690896272659302,1.9834789037704468,-3.0077145099639893,0.4322895109653473
8,-154.21426391601562,117.99920654296876,-19.657575607299805,15.154556274414062,-2.750250816345215,-4.226008415222168,-1.2287657260894775,-7.016004085540772,-1.8401328325271609,5.539610862731934,-9.26138687133789,4.857444286346436,-8.385072708129883,1.0748093128204346,-3.6333200931549072,-3.084936141967773,-2.2190635204315186,-0.901788890361786,-4.563404083251953,4.34716796875,-3.375351428985596,4.5587968826293945,-3.058888435363769,1.7796969413757324,-4.264400005340576,0.2731917798519134,-3.014646053314209,1.1245671510696411,-3.359077215194702,0.9903832674026488,-2.8580501079559326,2.045875072479248,-3.3799703121185303,0.6469008326530457,-3.0659024715423584,1.1711245775222778,-2.866047143936157,1.1162896156311035,-2.361443042755127,0.2993749678134918
8,-116.50240325927734,130.9796600341797,-36.37302017211914,18.5886344909668,-8.68558120727539,-8.505193710327148,-0.1950464844703674,-11.518919944763184,-2.2932417392730717,4.818441867828369,-13.4545316696167,7.370282173156738,-8.302260398864746,-2.566937208175659,-0.7318587303161621,-3.0757110118865967,-3.6214540004730233,-1.173492193222046,-6.368520259857178,2.347095489501953,-6.868768692016602,1.682258367538452,-5.170321941375732,-0.5202900171279907,-6.473207950592041,-0.6124053597450256,-3.0669643878936768,-1.5492124557495115,-5.518986701965332,0.2631095349788666,-4.77445125579834,0.5669308304786682,-4.4882402420043945,-0.4836317300796509,-2.2389018535614014,3.2750003337860107,-0.9163437485694884,1.9127296209335327,-1.7922462224960327,0.0460196249186992
8,-162.62879943847656,118.44867706298828,-13.463567733764648,18.546592712402344,1.091350793838501,0.6749392151832581,1.9343889951705933,-5.903450965881348,-3.3220736980438232,5.413909435272217,-11.979212760925291,4.770395278930664,-7.000926494598389,2.319054365158081,0.0809387043118476,-0.9098918437957764,-2.020006895065308,3.3086886405944824,-2.3938376903533936,3.2460548877716064,-5.021205425262451,1.650744080543518,-3.8848164081573486,1.5921425819396973,-5.842126846313477,-0.7151670455932617,-4.0359416007995605,0.4580343663692474,-5.089848041534424,0.2318352907896042,-5.051754474639893,-0.3384630978107452,-2.9455783367156982,1.3873380422592163,-2.425288677215576,1.0153846740722656,-4.025310516357422,0.9841679930686952,-2.1706056594848637,1.601217269897461
8,-174.36251831054688,120.56586456298828,-15.229477882385254,20.234664916992188,3.844316959381104,-0.9322941303253174,2.17385482788086,-7.879381656646728,-1.5795321464538574,5.506377696990967,-9.586695671081545,5.78194522857666,-3.6474609375,1.1918309926986694,-0.2055432051420211,0.3110565841197967,-2.2423880100250244,2.2112505435943604,-3.065671443939209,3.1493866443634038,-4.188473701477051,2.1880898475646973,-5.7695794105529785,1.978473424911499,-3.792882680892944,-0.4319580197334289,-2.8328237533569336,-1.1138454675674438,-6.850371360778809,-0.8971623778343201,-5.8853440284729,-0.3896951973438263,-2.129927158355713,2.189763069152832,-2.414947986602783,1.961450457572937,-3.4149162769317627,1.5540248155593872,-0.8888673186302185,1.0760655403137207
8,-176.19705200195312,129.0360870361328,-17.17998695373535,23.0853328704834,3.1456961631774902,-2.7597150802612305,-0.2969022989273071,-8.837498664855957,-3.0473432540893555,5.740762710571289,-9.260953903198242,6.603343963623047,-3.905659437179565,1.5317964553833008,0.7801850438117981,0.5521543025970459,-2.5094635486602783,2.815422773361206,-2.784928798675537,4.071837902069092,-3.407101631164551,1.9545820951461792,-5.459508419036865,1.7611613273620603,-4.732882499694824,0.3164444267749786,-4.004913806915283,-1.258228421211243,-6.268074989318848,-1.1265860795974731,-5.606328010559082,0.8437095284461975,-1.677263855934143,2.5190694332122803,-1.5099725723266602,2.9597389698028564,-2.0275564193725586,1.3874435424804688,-2.442304849624634,0.8103883862495422
7,-45.61148452758789,37.33284378051758,-67.16891479492188,-11.122966766357422,-19.53629875183105,-19.471925735473636,-16.843185424804688,-11.867816925048828,-15.564139366149902,3.274452447891236,-11.235721588134766,1.831865310668945,-12.098000526428224,4.405876159667969,-7.115636348724365,0.2139825075864792,-12.639851570129396,4.41102409362793,-9.401134490966797,0.4665326774120331,-3.0368893146514893,-1.8856549263000488,-6.356358051300049,-0.0567633993923664,-3.9507534503936768,3.247731924057007,-6.095777988433838,2.7786991596221924,0.017821978777647,-1.819487452507019,1.233469009399414,-0.2505213618278503,-0.7704136371612549,3.0840160846710205,-5.274428367614746,0.0570144206285476,-5.561529636383057,-0.912023663520813,-0.6463971138000488,-3.508277416229248
7,-35.06900405883789,47.53569793701172,-70.75310516357422,-12.693686485290527,-17.73965072631836,-19.0081787109375,-17.64771270751953,-7.906729221343994,-9.144668579101562,6.914685726165772,-16.230466842651367,6.913097381591797,-13.100440979003906,4.287743091583252,-8.402716636657715,-0.6130455136299133,-10.650484085083008,5.848055839538574,-11.787452697753906,0.0387766398489475,-7.591207027435303,0.5483368635177612,-5.680943489074707,-1.3732620477676392,-1.0315444469451904,3.659074544906616,-5.879772663116455,0.9564775824546814,-7.038646221160889,-4.655452728271484,-3.0797715187072754,-5.160303592681885,-5.336948394775391,-0.5558749437332153,-4.747365474700928,2.025253295898437,-3.5614309310913086,-2.009801149368286,-4.788450717926025,-0.1478862911462783
7,-38.36811065673828,51.23029327392578,-68.71009826660156,-14.41911506652832,-23.84580993652344,-19.79010581970215,-12.279906272888184,-7.51291036605835,-11.946621894836426,6.784352779388428,-13.075227737426758,6.369552612304688,-12.595389366149902,5.826473712921143,-8.6002779006958,0.3132939338684082,-10.968061447143556,4.395154476165772,-10.767538070678713,0.431986540555954,-2.833951473236084,-1.1679935455322266,-4.784999847412109,-0.6471660733222961,-5.161308288574219,3.5686161518096924,-4.522356033325195,-2.0462472438812256,-2.349260807037353,-3.013587474822998,-2.91760778427124,-2.463573217391968,-4.80241060256958,1.1396815776824951,-5.0251078605651855,1.0908052921295166,-2.616180658340454,-1.0232325792312622,-4.265300273895264,-2.034858465194702
7,-42.26409912109375,50.70967483520508,-72.7979507446289,-10.682507514953612,-19.262243270874023,-12.388769149780272,-21.079906463623047,-5.187586307525635,-14.564356803894045,9.862183570861816,-13.58903694152832,6.088642597198486,-11.998373031616213,1.6897259950637815,-4.843735694885254,-0.3503268957138061,-10.72504997253418,4.101246356964111,-9.326237678527832,-2.2276315689086914,-8.535757064819336,-3.4390382766723637,-6.63634204864502,-3.804032802581787,-4.425562381744385,1.1862655878067017,-6.532488822937012,0.0533314980566501,-4.640251159667969,-2.3882534503936768,-2.2534751892089844,-1.6678699254989624,-3.2893316745758057,3.6584701538085938,-3.5029897689819336,0.0307009480893611,-4.273602485656738,0.2679367661476135,-4.908446788787842,-1.7605555057525637
7,-46.40423583984375,42.17082977294922,-64.64849090576172,-21.4638614654541,-17.0411434173584,-18.7436637878418,-15.440729141235352,-7.993377208709717,-13.281986236572266,8.804129600524902,-16.046226501464844,8.281021118164062,-11.742305755615234,5.653074741363525,-0.7697649598121643,0.9494596123695374,-8.956598281860352,6.819439888000488,-8.893925666809082,-1.765429139137268,-2.9325966835021973,-1.8783307075500488,-5.8423027992248535,-7.186261177062988,-4.410027980804443,0.899358332157135,-7.5326457023620605,5.051548004150391,-4.715475082397461,-1.9209315776824951,-2.522129774093628,-3.779710292816162,-7.665055274963379,-0.3835436105728149,-5.779836177825928,0.355198323726654,-5.314516067504883,-3.066578149795532,-2.901706457138061,-0.323855847120285
7,-42.00572967529297,47.72916030883789,-67.57527923583984,-21.534610748291016,-15.676819801330566,-19.02507209777832,-13.440459251403809,-6.66893482208252,-10.946404457092283,7.219174861907959,-15.71579933166504,9.196999549865724,-10.01937770843506,5.705143928527832,-2.040398359298706,-0.1344655156135559,-8.694008827209473,4.257582664489746,-9.580860137939451,-1.9618823528289795,-3.613047599792481,-2.288595199584961,-4.110690116882324,-5.448991775512695,-6.203536987304688,0.921259343624115,-8.188193321228027,1.647205471992493,-6.798458576202393,-1.7263460159301758,-3.803788900375366,-2.889778614044189,-5.562276363372803,-0.0583890341222286,-5.117612838745117,0.2034430801868438,-5.26010274887085,-1.750197172164917,-3.03825044631958,-1.4918094873428345
10,-262.07623291015625,37.23686981201172,-31.1890926361084,2.658107280731201,-8.798585891723633,1.32804274559021,-4.471648693084717,-3.1481001377105717,1.2447171211242676,12.635109901428224,5.457334518432617,7.256782531738281,-2.5139031410217285,7.856736183166504,-6.18612813949585,9.861639976501465,-2.128476142883301,7.433947086334228,-3.758928060531616,9.301351547241213,-3.74299693107605,1.3646275997161863,-2.5454647541046143,5.164600372314453,1.7403148412704468,4.898125648498535,-3.814119815826416,0.4650251865386963,-4.932144165039063,0.710757851600647,-4.757951736450195,1.855757713317871,-3.279852867126465,1.8258123397827148,-3.762260675430298,0.8165454268455505,-3.800752639770508,0.603131890296936,-1.980619430541992,0.3673252165317535
10,-215.53384399414065,44.25895690917969,-30.337818145751957,-6.3604416847229,-15.880409240722656,-6.306455612182617,-12.13267421722412,-4.727722644805908,-4.945577621459961,8.05058765411377,3.4530203342437744,3.89577317237854,-3.495871067047119,5.533814430236816,-7.844959259033203,8.304381370544434,-6.4443464279174805,5.666672706604004,-5.065831184387207,5.627556324005127,-7.203567981719971,1.4711850881576538,-0.92843097448349,9.239500999450684,4.874476909637451,6.124186992645264,-1.0787615776062012,0.4297703206539154,-5.20375394821167,1.0219908952713013,-3.8334975242614746,4.617773056030273,-3.0291035175323486,1.9573955535888672,-0.6804793477058411,2.7775633335113525,-5.211231708526611,1.2988401651382446,-2.689164161682129,1.388185739517212
10,-217.4449462890625,44.56856918334961,-37.09976196289063,-4.799178600311279,-17.097658157348633,-4.30900239944458,-13.147575378417969,-4.543293476104736,-6.829404830932617,4.505998134613037,3.053879976272583,2.898193120956421,-3.70009994506836,3.876967191696167,-7.107265949249268,5.4397711753845215,-7.949903011322021,5.622659683227539,-3.607797622680664,5.625960826873779,-7.147790431976318,1.719564437866211,-1.9177566766738887,8.323466300964355,7.312568664550781,7.686224460601807,-0.4722362756729126,0.5407240986824036,-3.4528696537017822,1.6477266550064087,-1.6710878610610962,6.154534816741943,-2.379563570022583,2.730876922607422,-0.1565231680870056,5.194994449615479,-4.31919002532959,3.405221939086914,-2.364504098892212,0.8470587730407715
10,-215.6193084716797,42.34147644042969,-43.168113708496094,-4.504215240478516,-17.23628807067871,-6.763064861297607,-13.944406509399414,-5.988150119781494,-10.504168510437012,3.8467283248901367,2.1465952396392822,2.294003963470459,-6.48308801651001,3.675779104232788,-3.7789924144744873,10.489093780517578,-3.326652765274048,6.553023815155029,-1.8881855010986328,5.9857940673828125,-6.560800075531006,1.480562448501587,-1.2611275911331177,5.342740535736084,8.309608459472656,7.332635879516602,-1.4518815279006958,0.5127844214439392,-2.536816120147705,1.0014349222183228,-2.017123222351074,8.39178466796875,0.0196060892194509,4.612996578216553,-0.1667034327983856,3.741325616836548,-6.866731643676758,3.715937376022339,-2.278169870376587,1.0059596300125122
10,-213.5990295410156,40.69385147094727,-43.88203430175781,-2.65043568611145,-18.02806854248047,-9.910242080688477,-11.801051139831545,-5.9329705238342285,-10.19283676147461,3.387293100357056,0.9758367538452148,1.17126202583313,-7.8885393142700195,3.8679354190826416,-4.023643970489502,15.057811737060549,-0.7777121663093567,6.745839595794678,-1.242614984512329,5.346737384796143,-7.162891387939453,0.7704151272773743,-0.5964425802230835,6.083022594451904,6.404305458068848,6.889060497283936,-2.350611925125122,-0.4722922742366791,-2.0061495304107666,0.5243292450904846,-3.0779008865356445,9.662200927734377,-0.6522305011749268,4.437826156616211,-0.6999297738075256,2.120495319366455,-8.33691692352295,2.439002275466919,-1.886275291442871,1.269323229789734
10,-247.9928131103516,38.35371780395508,-41.65082931518555,3.047349214553833,-13.736366271972656,-0.8833537101745605,-5.752416133880615,-4.310946941375732,-0.9688161611557008,6.7186384201049805,1.6926699876785278,4.565915107727051,-4.780384063720703,5.591048240661621,-3.762258529663086,12.794483184814451,-1.6385513544082642,7.504864692687988,-1.0360950231552124,7.766491413116455,-4.026560306549072,1.1798759698867798,-1.0427662134170532,5.310371398925781,1.5997703075408936,5.8619384765625,-3.728531837463379,-1.2947567701339722,-2.511467456817627,0.2558522224426269,-4.182007312774658,6.5557122230529785,-4.028160095214844,2.0235788822174072,-3.2504360675811768,1.4940773248672483,-5.351407051086426,2.518462896347046,-1.1533323526382446,1.272627592086792
10,-296.9656982421875,29.711395263671875,-41.93799209594727,7.448126316070557,-7.1300883293151855,8.433991432189941,-2.9282655715942383,-5.152266025543213,6.199766159057617,13.53857135772705,4.096663475036621,6.871914863586426,-1.4871678352355957,6.971144676208496,-3.304153680801392,9.608221054077148,-1.752194046974182,9.564815521240234,-1.0524872541427612,10.994057655334473,-1.2473406791687012,2.876387119293213,-1.770114779472351,2.5566084384918213,-0.2977079749107361,4.6247735023498535,-5.2877726554870605,1.685167908668518,-1.6318542957305908,-0.2526065111160278,-4.504233360290527,1.907058954238892,-4.760757923126221,1.6623517274856567,-3.4839234352111816,2.012939214706421,-1.8545327186584477,4.1195454597473145,0.0401942506432533,2.1273510456085205
10,-297.9545288085937,29.81287002563477,-44.22747421264648,4.773397445678711,-9.80850601196289,4.279304504394531,-4.619988918304443,-4.724997520446777,3.189235210418701,12.47140121459961,3.709660291671753,6.854545593261719,-0.2894845008850097,8.177390098571777,-3.969469785690308,8.743638038635254,-1.637205958366394,9.888089179992676,-0.6758674383163452,11.687646865844728,1.1451839208602903,3.3993279933929443,-0.9519907236099244,3.6016366481781006,-0.1205537393689155,4.945730686187744,-4.247293472290039,3.909093856811523,0.2486402541399002,0.9023357033729552,-4.406673908233643,1.034772515296936,-4.277079582214356,2.215528964996338,-3.0312323570251465,2.252736091613769,-1.4153112173080444,3.62766432762146,0.3146055042743683,3.824402093887329
7,-126.58464813232422,1.9953380823135376,-17.222810745239258,2.109803438186645,-16.424776077270508,-0.1963072121143341,-7.962127208709717,0.0052222213707864,-9.42962646484375,-2.5603482723236084,-8.611845970153809,-3.5131077766418457,-5.835901260375977,2.287802696228028,-3.301388740539551,5.605424880981445,-5.816498756408691,2.0131351947784424,-7.05338191986084,-1.2345291376113892,-1.0206321477890017,4.309319972991943,-5.045288562774658,3.6849071979522714,0.2129863202571869,7.744304180145264,5.716542720794678,8.121389389038086,-0.0679736509919166,0.8378865718841553,-4.881105422973633,0.9327734112739564,-4.585615158081055,1.518204689025879,-4.523772239685059,1.3281784057617188,-4.205580711364746,4.195106983184815,1.0708751678466797,5.63003396987915
7,-68.50496673583984,-16.79905891418457,-16.61272430419922,-4.521876811981201,-15.528202056884766,0.3482923209667206,-11.132686614990234,-1.2416378259658811,-12.997448921203612,-4.77402400970459,-6.992016792297363,-2.756997346878052,-5.59532356262207,2.7221603393554688,-2.379779815673828,3.8107330799102783,-10.129056930541992,0.4507747888565063,-4.116746425628662,-0.3914932906627655,-2.937936782836914,3.262471914291382,-7.100371360778809,6.291415214538574,2.9686012268066406,8.14428997039795,5.329564571380615,10.06420612335205,-0.3081128001213074,-1.471969723701477,-6.045623302459717,-0.735081672668457,-8.074518203735352,-2.205893516540528,-7.2040557861328125,0.5090903639793396,-4.8393073081970215,5.182885646820068,1.720394730567932,3.7470667362213135
7,-65.49542999267578,-16.16440773010254,-17.458263397216797,-2.896474599838257,-12.27957534790039,3.2970192432403564,-10.295316696166992,-1.2268574237823486,-12.967041015625,-3.1233694553375244,-4.211581707000732,-1.0057063102722168,-4.8843207359313965,3.1993248462677,-1.642763376235962,5.538619518280029,-9.804330825805664,1.065354585647583,-3.484041929244995,-1.8022704124450684,-4.859964847564697,0.6801295876502991,-9.175615310668944,6.116500854492188,1.5219016075134275,4.5433669090271,3.713097333908081,10.951560020446776,0.7718989849090576,0.2558888792991638,-6.0093865394592285,-1.0577760934829712,-7.90001106262207,-3.49421501159668,-7.969429016113281,-0.3286948502063751,-3.89040207862854,3.98356819152832,1.4473804235458374,2.644206523895264
7,-140.781982421875,-13.322686195373535,-26.15496253967285,-8.247190475463867,-17.994089126586914,2.671400547027588,-7.90214204788208,-0.5382753610610962,-7.7376837730407715,-0.8961458802223206,-3.398910999298096,0.600735604763031,-2.338956594467163,5.913200855255127,-0.3912743926048279,9.925332069396973,-3.209978580474853,4.0387864112854,-3.317967414855957,1.3492114543914795,-2.4223735332489014,2.353053092956543,-5.606116771697998,5.16795825958252,-1.2742562294006348,3.1161530017852783,1.1719436645507812,7.727715492248535,1.145461916923523,3.379757165908813,-3.600984573364258,1.566365361213684,-5.193116664886475,-0.7937139868736267,-4.823998928070068,1.9994813203811648,-1.9891798496246336,2.744537830352783,0.3721728026866913,2.322251558303833
7,-95.92091369628906,0.0354102700948715,-13.60857105255127,4.0462164878845215,-8.625741958618164,6.391993999481201,-8.467981338500977,-2.120858669281006,-11.16772747039795,-8.165142059326172,-2.274509906768799,4.394794940948486,-1.0110790729522705,3.5071301460266118,-3.5251309871673584,7.533599853515625,-5.245975017547607,-1.74176824092865,-8.028173446655273,-3.306903123855591,-6.051267623901367,1.407565951347351,-5.092115879058838,5.365769386291504,0.8959895372390747,7.668590545654297,3.655625581741333,5.817089080810547,-0.0054560313001275,2.471322536468506,-5.531230926513672,-1.6943031549453735,-9.779672622680664,-2.4138009548187256,-9.43213176727295,-1.0756915807724,-4.883641719818115,2.894879102706909,0.1919809281826019,2.381699323654175
7,-68.7857894897461,-6.999776840209961,-13.445433616638184,1.4846364259719849,-6.548521995544434,7.954638004302978,-8.568989753723145,-2.5060794353485107,-11.79818344116211,-8.70070743560791,-2.0700268745422363,4.610152721405029,-0.7581989169120789,1.8364324569702148,-5.777222156524658,7.30132246017456,-4.620745658874512,-1.2430219650268557,-7.936245918273926,-2.6138100624084477,-6.918040752410889,1.808005928993225,-5.2099385261535645,6.20331621170044,0.6093610525131226,7.7772626876831055,5.2129740715026855,7.134527206420898,0.3940701484680176,1.8268630504608157,-6.194072723388672,-2.295814037322998,-10.439634323120115,-3.950265884399414,-10.141742706298828,-0.4974991381168365,-5.287951946258545,2.1864373683929443,0.06350889056921,2.565622329711914
7,-132.7660369873047,-10.937975883483888,-23.864376068115234,-5.4281511306762695,-13.507723808288574,7.648390769958496,-6.897875308990479,-0.1339431554079055,-6.520197868347168,-5.296883583068848,-2.9635820388793945,1.6235255002975464,-3.2296385765075684,1.8344017267227173,-3.9426517486572266,8.042801856994629,-2.2632944583892822,2.915860652923584,-5.239698886871338,2.45686149597168,-4.181141376495361,3.0467677116394043,-2.175307273864746,6.434849262237549,-0.1178094521164894,5.400312900543213,1.651614546775818,6.141488075256348,0.4413358569145202,3.066500425338745,-2.985061883926392,1.4053926467895508,-5.044704437255859,0.7077761888504028,-5.523834705352783,1.3423826694488523,-4.1641693115234375,1.362919569015503,-1.1587976217269895,1.6108931303024292
9,-245.7672271728516,100.6424789428711,-17.33716583251953,35.85434341430664,-28.494335174560547,10.37878704071045,-10.950263023376465,-10.030579566955566,-5.9958600997924805,-1.7894110679626465,-11.733142852783203,-1.8686350584030151,-8.991310119628906,6.049844741821289,-3.697349548339844,5.188966751098633,-7.849188804626465,-6.348693370819092,-14.037823677062988,0.211202472448349,-6.621586322784424,1.9310394525527956,-3.2828757762908936,1.6728191375732422,-4.891997814178467,-1.1243034601211548,-5.875242233276367,2.766631841659546,-2.4760992527008057,2.4737038612365723,-5.858685493469238,-0.6629549860954285,-5.251949787139893,-0.3947333097457886,-2.6257266998291016,4.164733409881592,2.306451797485352,2.87581467628479,-2.662130832672119,-1.6110703945159912
9,-242.62928771972656,101.76905822753906,-18.54027557373047,36.27216720581055,-27.520580291748047,9.632482528686523,-11.919450759887695,-10.77413558959961,-5.929673194885254,-1.098362684249878,-11.854744911193848,-1.9344018697738647,-8.243475914001465,5.725834369659424,-3.8946685791015625,5.012502670288086,-7.7923173904418945,-6.290774345397949,-14.731284141540527,-0.2912341952323913,-7.647048950195312,1.1279009580612185,-4.039125442504883,0.6279757022857666,-5.17826509475708,-2.2613956928253174,-6.236364841461182,2.234020709991455,-2.2274975776672363,2.4700348377227783,-5.814335823059082,-1.2846511602401731,-4.548222541809082,-0.4144605994224548,-2.2696211338043213,4.358550071716309,2.883291006088257,2.7004289627075195,-2.9470324516296387,-2.242823362350464
9,-239.21408081054688,97.97021484375,-17.32927894592285,34.636173248291016,-28.73198699951172,12.373146057128906,-12.014700889587402,-9.637737274169922,-5.753471374511719,-1.5361367464065552,-12.941197395324709,-3.0497841835021973,-9.342774391174316,5.496530532836914,-4.033533096313477,4.869114398956299,-8.018501281738281,-6.583540439605713,-13.923833847045898,-1.368234395980835,-6.870861053466797,1.1704940795898438,-4.1286234855651855,0.6548314690589905,-5.610879898071289,-0.536262571811676,-7.330731391906738,2.4023597240448,-2.4811482429504395,2.262659311294556,-6.816102981567383,-1.5090571641921997,-4.992206573486328,-0.1319629848003387,-1.7941757440567017,3.550812005996704,1.8396507501602173,1.842055439949036,-3.2543399333953857,-2.076159954071045
9,-242.2709045410156,101.08403778076172,-17.80401611328125,35.89704895019531,-27.60129165649414,12.133289337158203,-12.974200248718262,-10.610801696777344,-6.145812511444092,-1.2684898376464844,-12.29739761352539,-2.213077545166016,-8.997076988220215,5.688715934753418,-4.380127906799316,4.149588108062744,-8.049142837524414,-7.072144031524658,-14.922606468200684,-1.3554757833480835,-7.380551815032959,1.3959232568740845,-4.052493572235107,0.6072039008140564,-5.625555515289307,-2.12681245803833,-7.906921863555908,2.042539358139038,-1.976022481918335,2.418692111968994,-5.978896617889404,-1.4269355535507202,-5.756492137908936,-0.364700585603714,-2.0692732334136963,3.1213767528533936,2.1326229572296143,1.888453722000122,-3.5701839923858643,-1.939412236213684
9,-241.8404083251953,101.06903839111328,-16.84276008605957,37.172454833984375,-28.483551025390625,12.92959690093994,-13.430649757385254,-9.85267448425293,-6.628934383392334,-1.0205172300338743,-11.90420627593994,-1.5589345693588257,-9.08637237548828,6.401400566101074,-4.638189315795898,4.330375671386719,-8.15893268585205,-6.820439338684082,-14.598433494567873,-1.462387204170227,-7.61147928237915,0.8911944031715393,-4.096204280853272,0.9563775062561036,-5.97086238861084,-1.7840090990066528,-8.070646286010742,1.4996312856674194,-2.0559322834014893,3.0999093055725098,-5.767125129699707,-0.9983972311019896,-5.399994373321533,0.1038893014192581,-1.830489158630371,3.3278095722198486,2.490219831466675,1.9687589406967163,-3.4740653038024902,-2.145047664642334
9,-241.38253784179688,98.57866668701172,-16.92616844177246,36.538848876953125,-28.99980735778809,12.644996643066406,-13.05514907836914,-9.430731773376465,-6.126029968261719,-0.6988370418548584,-11.697589874267578,-2.2054336071014404,-9.103991508483888,6.12080717086792,-4.425594806671143,4.33563756942749,-8.09863567352295,-6.766772270202637,-14.232585906982422,-2.0345239639282227,-7.391738414764404,0.5038130879402161,-4.276284694671631,0.6572847366333008,-5.314371109008789,-1.0574040412902832,-7.50203275680542,2.0949106216430664,-1.99328088760376,3.406109571456909,-6.195247650146484,-1.4861656427383425,-4.886739730834961,-0.1176346987485885,-1.3926982879638672,3.420867443084717,2.323415756225586,2.39675521850586,-3.275299549102783,-2.293074131011963
9,-237.9358673095703,98.91230010986328,-18.595760345458984,33.95283889770508,-28.2861270904541,11.745352745056152,-12.625079154968262,-9.927547454833984,-6.147723197937012,-0.6034433841705322,-11.814001083374023,-2.37841796875,-9.022664070129396,5.102724552154541,-4.269796371459961,3.900142192840576,-8.017119407653809,-6.149398326873779,-14.108848571777344,-1.095926284790039,-7.596662521362305,0.6075568795204163,-3.863981246948242,0.58160799741745,-5.069889068603516,-1.6725184917449951,-6.893681526184082,2.902489185333252,-1.4897316694259644,3.1921188831329346,-6.3151631355285645,-1.736955642700195,-5.251376152038574,-0.1614943295717239,-1.4390898942947388,3.815258264541626,2.00972843170166,2.324655771255493,-3.1483888626098637,-1.4677040576934814
9,-238.85678100585935,101.18580627441406,-20.251258850097656,34.13992691040039,-28.925582885742188,11.936002731323242,-12.40144157409668,-9.845292091369627,-6.472484588623047,-0.8431865572929382,-11.790492057800291,-2.4329302310943604,-9.457794189453123,4.438729286193848,-4.569680213928223,4.368005275726318,-7.484376430511475,-6.056732177734375,-13.988317489624023,-0.9861108064651488,-7.654868602752685,0.4956691861152649,-4.228261470794678,0.8435651063919067,-5.052489757537842,-1.0288457870483398,-6.768517971038818,2.1704604625701904,-1.3202639818191528,2.7494499683380127,-6.208547115325928,-1.2307199239730835,-5.072791576385498,0.0316018164157867,-1.606516718864441,3.915347814559937,2.2764482498168945,1.6583657264709473,-2.946523904800415,-1.4685639142990112
9,-239.23907470703125,96.49300384521484,-17.719018936157227,35.211551666259766,-28.771574020385746,12.68095588684082,-12.62139892578125,-9.24349594116211,-6.031901836395264,-1.235850811004639,-12.04038906097412,-1.1015355587005615,-10.178638458251951,5.287216663360596,-5.070725917816162,4.790105819702148,-7.858928203582764,-6.542224884033203,-14.35041618347168,-0.9126087427139282,-7.2094035148620605,1.0865581035614014,-4.251387119293213,0.9472439289093018,-5.566421508789063,-0.5720981955528259,-7.343141555786133,1.933844804763794,-1.4658057689666748,2.745363473892212,-6.038890361785889,-1.3009213209152222,-4.648327827453613,-0.4316084384918213,-1.797110676765442,3.240159511566162,2.6126649379730225,1.5106393098831177,-2.439527750015259,-2.055370330810547
9,-239.4375915527344,96.67203521728516,-16.881290435791016,35.246620178222656,-28.644718170166016,12.440794944763184,-12.640880584716797,-9.013192176818848,-5.708120346069336,-1.4195250272750854,-12.589288711547852,-1.0831502676010132,-9.964522361755373,6.80355978012085,-4.563887119293213,5.050690650939941,-7.6570048332214355,-5.884345054626465,-14.34550666809082,-0.0076822820119559,-6.544615745544434,1.6605026721954346,-4.38223123550415,1.3358700275421145,-4.854199409484863,-0.3444458246231079,-7.493800640106201,2.288222551345825,-1.244255781173706,3.023982286453247,-5.941242694854736,-1.623576045036316,-4.703783988952637,-0.4285768270492553,-1.5561827421188354,3.529061317443848,2.4436147212982178,1.748401761054993,-2.3824708461761475,-1.7219213247299194
9,-240.89405822753903,99.77438354492188,-18.05332374572754,35.319915771484375,-28.34911346435547,12.141663551330566,-12.657176971435549,-8.99842357635498,-5.796826362609863,-1.6775829792022705,-12.66541576385498,-2.3847172260284424,-9.736845016479492,6.102471351623535,-4.425955295562744,5.043277263641357,-7.209025382995605,-5.347099304199219,-13.68278694152832,-0.0389656759798526,-7.025699138641357,1.1166490316390991,-4.504417896270752,0.674565315246582,-3.8195292949676514,-0.8263720870018005,-7.362768173217773,1.9497740268707275,-1.147830843925476,3.028768301010132,-5.697408676147461,-1.5141913890838623,-4.725091457366943,-0.2424452453851699,-1.7798196077346802,3.770683765411377,2.2712981700897217,1.956997513771057,-2.7646374702453613,-1.8408030271530151
9,-235.54640197753903,93.85735321044922,-15.892931938171388,35.216941833496094,-28.30241203308105,13.215662002563477,-13.902052879333496,-8.942865371704102,-6.32396125793457,-1.6925415992736816,-12.726848602294922,-1.8485621213912964,-10.275403022766112,4.641137599945068,-5.807528972625732,4.673294544219971,-7.916990280151367,-5.271488666534424,-14.099668502807615,-0.9999270439147948,-7.261516094207764,0.6044291853904724,-4.119035720825195,0.2283119708299636,-4.934320449829102,-0.909574806690216,-7.593689441680908,2.2598111629486084,-1.75873863697052,3.0031394958496094,-5.849177360534668,-1.35850727558136,-4.296579360961914,-0.0817600265145301,-1.7822121381759644,3.4600632190704346,2.5342297554016118,2.166655302047729,-2.32231879234314,-2.321141242980957
9,-236.57948303222656,96.08965301513672,-16.424551010131836,35.6760139465332,-28.16674423217773,10.517684936523438,-13.259916305541992,-10.259129524230955,-5.615965843200684,0.3541480600833893,-12.178454399108888,-0.9523174166679382,-9.30445957183838,5.640019416809082,-4.589828014373779,4.680908203125,-8.011372566223145,-5.289434432983398,-14.802793502807615,-0.0337453745305538,-6.989254951477051,0.7939059734344482,-3.842345952987671,0.9106719493865968,-5.794049263000488,-2.104767084121704,-7.36817741394043,2.347756862640381,-2.5150625705718994,3.2614731788635254,-6.166333198547363,-1.1350812911987305,-4.458123683929443,0.0494509674608707,-2.088655948638916,4.3069376945495605,2.451216459274292,1.8973127603530884,-3.1916158199310303,-2.399886131286621
9,-235.0921936035156,93.39177703857422,-16.084178924560547,35.85797882080078,-28.935895919799805,13.679789543151855,-14.149279594421388,-9.343544006347656,-6.536742687225342,-1.0805411338806152,-12.06918239593506,-1.2540563344955444,-10.162243843078612,5.123308181762695,-5.510334968566895,3.830845832824707,-8.078786849975586,-6.022006511688232,-14.70248031616211,-1.1576794385910034,-6.917965888977051,0.08510173112154,-4.792961597442627,0.1379013657569885,-5.165220737457275,-0.0882592052221298,-7.428718090057373,1.9099421501159668,-1.9256786108016968,3.404135704040528,-5.350249290466309,-1.6742902994155884,-4.817844867706299,0.0473021902143955,-1.291957139968872,3.5153229236602783,2.398080348968506,1.873631477355957,-2.6092817783355717,-2.418440341949463
9,-239.4046630859375,97.8927001953125,-16.805753707885742,36.45137405395508,-28.400354385375977,13.097193717956545,-12.881965637207031,-9.435287475585938,-5.750279903411865,-0.6642121076583862,-11.196866989135742,-0.9583688974380492,-9.535846710205078,6.753506660461426,-3.804523706436157,4.262632846832275,-7.563067436218262,-6.528305530548096,-14.298528671264648,-0.5023310780525208,-7.251423358917236,0.3994383215904236,-4.5785908699035645,0.5621240139007568,-4.697115421295166,-0.2216093093156814,-6.817922592163086,1.5873924493789673,-1.1972490549087524,3.599632740020752,-4.824669361114502,-1.709435224533081,-4.985658645629883,0.1479281485080719,-1.0018136501312256,3.944981813430786,2.625999927520752,1.720542550086975,-3.5904266834259038,-2.028073072433472
9,-239.5564422607422,99.45973205566406,-18.786813735961918,36.81936264038086,-25.380390167236328,13.180147171020508,-13.17198085784912,-9.478327751159668,-5.001913070678711,0.4003015458583832,-10.159247398376465,-1.2090526819229126,-9.856779098510742,7.111020565032959,-2.785435676574707,4.437711715698242,-7.371826648712158,-5.84655237197876,-13.28626537322998,0.3835414052009582,-6.953366279602051,1.1397961378097534,-3.828854560852051,1.6978799104690552,-3.380802869796753,-0.8550894260406494,-6.671392917633057,2.423511743545532,-0.5663964748382568,3.981464385986328,-4.780434608459473,-1.6372313499450684,-4.670644283294678,1.0588113069534302,-0.6774500012397766,3.887235641479492,2.6392509937286377,2.328226089477539,-3.277575969696045,-1.809055209159851
9,-238.84312438964844,98.70926666259766,-21.140644073486328,36.09342956542969,-24.230728149414062,13.270606994628906,-13.766810417175291,-10.408499717712402,-5.446583271026611,0.5993635654449463,-10.006424903869627,-2.0646169185638428,-10.537052154541016,6.386353015899658,-3.3221139907836914,3.2116522789001465,-7.843058586120605,-5.444558143615723,-13.38471794128418,-0.3795332610607147,-6.860889434814453,1.3584822416305542,-4.048360824584961,0.5654001235961914,-3.761479616165161,-1.2866441011428833,-6.979182243347168,2.9521491527557373,-0.1610894352197647,4.238521099090576,-4.878143787384033,-1.983482003211975,-4.83090877532959,1.1768380403518677,-0.0715755149722099,3.8705251216888423,2.114557266235352,2.510497093200684,-2.17444109916687,-1.5190430879592896
9,-235.59686279296875,94.47533416748048,-15.287388801574709,34.78695297241211,-28.729568481445312,11.417229652404783,-12.729063034057615,-9.586784362792969,-4.819869995117188,0.2109640538692474,-12.292604446411133,-1.743334412574768,-10.445526123046877,4.996048927307129,-4.777203559875488,4.8469557762146,-7.803504943847656,-4.996216297149658,-14.490225791931152,-0.6253783106803894,-7.362865447998047,1.0628443956375122,-4.028599262237549,1.4235343933105469,-5.274988651275635,-1.1970678567886353,-7.085322380065918,2.3932273387908936,-2.078709125518799,3.0256686210632324,-5.856139183044434,-0.8559309244155884,-4.699682235717773,-0.102315604686737,-2.121335029602051,3.596316337585449,2.063488245010376,1.960718035697937,-2.699284315109253,-2.4693384170532227
9,-236.91049194335935,97.3359603881836,-16.039960861206055,35.067378997802734,-26.853803634643555,10.457048416137695,-12.30032444000244,-9.640198707580566,-4.628900527954102,-0.3277082443237304,-12.241764068603516,-2.316436052322388,-10.178044319152832,4.945790767669678,-5.18265438079834,4.774979114532471,-8.008171081542969,-5.500179767608643,-14.03803253173828,-0.9577499032020568,-7.731429576873779,0.9308392405509948,-4.314918041229248,1.4768648147583008,-5.003751277923584,-0.6163580417633057,-6.022832870483398,2.3579113483428955,-2.031844139099121,2.5506880283355717,-5.769917964935303,-0.9968691468238832,-3.840278387069702,-0.3394909799098968,-2.1722054481506348,2.713823080062866,1.8721253871917725,2.0815422534942627,-2.724907875061035,-2.085052251815796
9,-236.43687438964844,96.971923828125,-15.34343433380127,35.459381103515625,-26.97473907470703,11.08897876739502,-12.773457527160645,-9.89610195159912,-5.833153247833252,-0.5457096099853516,-12.674280166625977,-1.8355792760849,-10.043926239013672,6.089733123779297,-4.688726902008057,5.221587181091309,-7.770400047302246,-5.687489986419678,-14.984930992126465,-1.1668496131896973,-7.730316162109375,0.7295068502426147,-3.81199049949646,1.163120985031128,-5.468108654022217,-1.0212403535842896,-6.682336330413818,2.185055494308472,-2.9682211875915527,2.7234787940979004,-5.925900459289551,-1.4403717517852783,-4.071826934814453,0.1365195214748382,-1.705127835273743,3.140967845916748,1.6071090698242188,1.6920045614242554,-2.547969102859497,-1.666412353515625
9,-240.2052459716797,99.71475219726562,-15.55254364013672,35.971492767333984,-28.268638610839844,11.54655647277832,-12.851373672485352,-10.617469787597656,-5.613116264343262,-0.3354628682136535,-12.131668090820312,-1.774490475654602,-10.03537940979004,6.282882690429688,-4.005416870117188,5.0247063636779785,-7.261539459228516,-5.698777675628662,-15.339073181152344,-0.7405369877815247,-7.980320453643799,0.9887348413467408,-3.955352544784546,0.837870180606842,-5.376763820648193,-1.2573468685150146,-6.311215877532959,2.060680866241455,-2.2831926345825195,3.055172681808472,-5.874507904052734,-2.2765676975250244,-5.376359939575195,-0.0663036257028579,-1.377205491065979,3.878317832946777,2.125566005706787,1.8417277336120603,-2.466421365737915,-1.682807683944702
9,-241.96212768554688,99.16381072998048,-15.856081008911133,36.2500228881836,-28.017173767089844,11.590120315551758,-12.906577110290527,-10.415975570678713,-5.919003486633301,-0.6243277788162231,-12.043286323547363,-1.7078007459640503,-9.570338249206545,6.593386650085449,-4.062510013580322,5.077411651611328,-7.52451229095459,-5.455020427703857,-14.67356014251709,-0.4557365477085113,-7.256475925445557,1.0763120651245115,-4.922956943511963,0.7754148840904236,-5.790164947509766,-1.3514134883880615,-6.316965103149414,2.1669509410858154,-2.177032232284546,3.2634482383728027,-5.444225311279297,-1.7337884902954102,-5.410635471343994,-0.6723282933235168,-1.7700350284576416,3.661519765853882,2.350301504135132,2.36702299118042,-3.079637050628662,-2.479721546173096
9,-240.24815368652344,96.76781463623048,-15.985608100891112,36.19032287597656,-28.323360443115234,12.13112449645996,-12.851000785827637,-9.798707008361816,-6.489558219909668,-0.7221039533615112,-12.448330879211426,-2.000160217285156,-9.388222694396973,6.421473979949951,-4.41486930847168,5.176095962524414,-7.759802341461182,-6.032339572906494,-14.349496841430664,-0.8056444525718689,-7.002519130706787,1.3432399034500122,-4.497701644897461,1.343896985054016,-5.946871280670166,-1.0486377477645874,-7.390251159667969,1.4449087381362915,-2.687901020050049,2.313849210739136,-5.684735298156738,-1.076106309890747,-5.023900508880615,-0.351890355348587,-1.6176077127456665,3.631458044052124,2.4130196571350098,2.177189588546753,-2.8804519176483154,-2.4814627170562744
9,-237.6715850830078,96.3761978149414,-16.41815185546875,34.96935272216797,-29.012670516967773,12.79250431060791,-12.02878475189209,-9.089638710021973,-5.975449562072754,-0.934425950050354,-12.67702865600586,-2.4581477642059326,-9.59943389892578,5.81137752532959,-4.483163356781006,4.819625854492188,-8.058355331420898,-6.448832035064697,-13.78543472290039,-0.6860460042953491,-7.051129817962647,1.1970149278640747,-4.022861003875732,1.2395830154418943,-5.627212524414063,-0.0093807028606534,-7.3246026039123535,1.380265712738037,-3.024221420288086,2.02626371383667,-6.571996212005615,-1.084568977355957,-4.67183780670166,0.3865770101547241,-1.412668228149414,3.934410810470581,2.227184295654297,1.7598679065704346,-2.7960638999938965,-2.05940055847168
8,-35.02700424194336,-10.55951690673828,-91.71754455566406,15.790956497192385,-18.47661590576172,1.4967548847198486,-12.68242359161377,3.656391859054565,-5.672186374664307,1.155997633934021,-13.582345008850098,-0.8818829655647278,-5.1258320808410645,3.222935676574707,-7.471127033233643,4.955624103546143,-8.571980476379395,4.017699718475342,-6.1313581466674805,-0.367535650730133,-1.995366215705872,3.16705322265625,-3.697026491165161,1.4859225749969482,-7.005094528198242,4.286319732666016,-7.425267696380615,3.638147592544556,-2.4485647678375244,1.6180239915847778,-2.098907709121704,-0.7380266785621643,-3.5942304134368896,1.3110007047653198,-5.596161365509033,0.8210221529006958,-4.338681697845459,0.9623676538467408,-5.8632402420043945,-0.0685101971030235
8,-50.95934677124024,-22.594295501708984,-95.8713836669922,14.775032043457031,-26.89207649230957,-3.294229745864868,-16.67644691467285,-3.707360029220581,-8.35384750366211,0.764028012752533,-13.54956340789795,1.3189947605133057,-4.635308265686035,1.8503936529159544,-7.128082275390625,5.524211406707764,-11.91805934906006,4.527537822723389,-6.120500564575195,0.2344021499156952,-2.7187435626983643,3.988271474838257,-2.1751458644866943,4.573199272155762,-4.973141193389893,6.166489601135254,-5.287724494934082,3.5981481075286865,-2.6635682582855225,0.360897809267044,-3.915686845779419,0.1052139997482299,-2.3435044288635254,1.475056767463684,-4.044475078582764,1.2378805875778198,-1.9998793601989744,3.255344867706299,-3.027359962463379,1.8257114887237549
8,-20.95581817626953,-3.2040319442749023,-86.59690856933594,17.463441848754883,-25.54816436767578,-6.047873497009277,-22.95405960083008,-5.531314849853516,-14.065155982971191,-0.7271926999092102,-16.464262008666992,0.7050129771232605,-6.493229866027832,0.8408725261688232,-5.7528815269470215,3.093958139419556,-7.5743279457092285,3.471464872360229,-2.3580729961395264,-1.5595011711120603,-0.8862663507461548,-0.0487008281052112,-4.063127517700195,-0.4396141767501831,-4.081624984741211,0.9721596837043762,-6.337071895599365,0.1871537268161773,-2.5012969970703125,-0.8479147553443909,-1.8482154607772827,-0.3029300272464752,-3.1401567459106445,0.8114126324653625,-4.584310531616211,2.015218734741211,-2.859945297241211,2.513385057449341,-3.474989652633667,3.0637001991271973
8,-79.68058776855469,2.036951065063477,-98.27786254882812,19.199438095092773,-22.214229583740234,-0.1290775388479232,-20.4608211517334,2.391348123550415,-7.834908485412598,3.0986053943634038,-7.616497993469238,5.158732891082764,-6.1675286293029785,0.4938760101795196,-3.824787855148315,1.7233284711837769,-9.13281536102295,1.1170891523361206,-7.797288417816162,-3.540886878967285,-2.644406080245972,-1.138787031173706,-6.316617965698242,-0.2545388340950012,-4.223773956298828,2.0842301845550537,-4.901947021484375,2.444188356399536,-1.602509379386902,1.0007706880569458,-1.704706072807312,-0.0590209290385246,-3.5808794498443604,2.344776391983032,-3.0902254581451416,5.4703803062438965,-1.2588868141174316,2.890040874481201,-4.447868824005127,2.355956077575684
8,-28.16035461425781,-15.64434814453125,-95.60128784179688,16.35993194580078,-18.61833953857422,-0.4537919759750366,-17.563800811767578,-1.3908276557922363,-7.492912769317627,-0.3477129340171814,-11.288844108581545,1.8858546018600464,-6.088313102722168,-0.4648472666740417,-8.750349998474121,3.3110828399658203,-11.26738452911377,0.583757758140564,-11.138018608093262,-4.072423458099365,-5.567023277282715,1.751343846321106,-5.350690364837647,4.2735915184021,-4.729921340942383,6.8239288330078125,-5.9488205909729,2.886014938354492,-4.495278835296631,-1.07816481590271,-4.1627702713012695,-3.644154787063599,-5.759342193603516,-1.3125078678131104,-5.7161078453063965,-0.110889233648777,-3.784377336502075,0.9860162734985352,-2.497824192047119,0.5705947279930115
8,-24.412015914916992,-11.117786407470703,-89.86300659179688,15.274377822875977,-22.3920841217041,-3.1021671295166016,-17.722274780273438,-2.644045829772949,-8.442370414733887,0.0859087482094764,-11.197686195373535,1.8380579948425293,-6.259576320648193,-2.494180202484131,-10.944500923156738,1.3127107620239258,-13.443917274475098,-0.1254847943782806,-10.564003944396973,-2.5740509033203125,-3.394777774810791,3.095164060592652,-3.534528970718384,3.515388011932373,-7.538633346557617,2.752598762512207,-7.657642841339111,2.727993965148926,-2.870903968811035,0.480175644159317,-2.774119138717652,-2.159740209579468,-3.133244276046753,1.400767207145691,-4.119706153869629,1.081437110900879,-3.687557220458984,-0.2342602908611297,-4.81558084487915,-0.5690787434577942
8,-29.26590156555176,-11.502787590026855,-90.84295654296876,16.20207405090332,-19.643110275268555,-0.7689997553825378,-17.572242736816406,-1.3353440761566162,-7.689594268798828,0.4096343219280243,-11.53191089630127,1.7406847476959229,-6.877810955047607,-0.7697222828865051,-8.924263000488281,2.541147470474243,-11.162965774536133,1.8453896045684812,-8.77475643157959,-2.4019906520843506,-4.314184188842773,1.277020812034607,-3.9085135459899902,3.5746545791625977,-5.947494029998779,4.20354700088501,-6.660674095153809,2.190191984176636,-4.066772937774658,-0.4745579659938812,-2.338430881500244,-1.1433992385864258,-3.360206127166748,0.9999828934669496,-4.497921943664551,1.3228532075881958,-3.6811890602111816,0.4237547814846039,-4.096747875213623,0.5498918294906616
8,-67.28386688232422,-8.496565818786621,-86.79047393798828,24.996517181396484,-14.17600440979004,2.526501178741455,-19.499387741088867,2.3062386512756348,-9.878504753112791,4.017736911773682,-9.191665649414062,6.1215596199035645,-6.874691486358643,1.6608942747116089,-3.4047632217407227,3.746912956237793,-4.194115161895752,3.901362895965576,-1.777307629585266,-2.0402653217315674,0.978632926940918,0.3782858848571777,-1.3807063102722168,0.8818219304084778,-2.1861727237701416,1.263303279876709,-4.322327136993408,1.6489397287368774,-1.7996501922607422,-0.8404723405838013,-1.9005712270736692,0.3820866346359253,-1.942054748535156,0.5644126534461975,-2.866619825363159,2.131598711013794,-2.3589086532592773,1.6009624004364014,-3.542412042617798,1.3662208318710327
8,-35.66412353515625,-12.843154907226562,-100.96844482421876,10.820642471313477,-26.466739654541016,-1.618221402168274,-16.95714569091797,-0.6469860076904297,-8.29511547088623,1.9299393892288208,-12.927576065063477,-0.3952871859073639,-8.980259895324707,-0.0751428306102752,-9.880109786987305,4.558598041534424,-10.554444313049316,3.2606794834136963,-6.228546619415283,-0.0779789164662361,-3.040323495864868,1.0828295946121216,-4.791837692260742,2.973493814468384,-5.913321971893311,4.72175931930542,-6.473278522491455,3.052616596221924,-4.319859027862549,0.1594019830226898,-2.890615224838257,-1.230233073234558,-4.399072170257568,1.84358811378479,-5.556204795837402,0.7980697751045227,-4.9597039222717285,2.08781099319458,-4.918014049530029,1.981807827949524
8,-45.50383758544922,-12.35102367401123,-81.77088928222656,22.673751831054688,-14.551207542419434,2.416256189346313,-16.849912643432617,1.786095380783081,-8.710677146911621,4.166150569915772,-12.744349479675291,2.5930192470550537,-8.559432029724121,0.4004599452018738,-7.329110145568848,1.1974323987960815,-6.106210231781006,2.2180464267730717,-4.470486640930176,-5.413877010345459,-1.9433324337005613,-1.8761695623397827,-0.7341776490211487,2.1549551486968994,-2.5252082347869877,2.183959007263184,-4.036193370819092,1.998148798942566,-1.517957091331482,-1.1196744441986084,-1.7231813669204712,-1.6091029644012451,-1.669389009475708,1.403427004814148,-2.8048906326293945,2.263165235519409,-3.7159841060638423,-0.7507432699203491,-5.977397918701172,-0.362140029668808
8,-45.78684997558594,-11.907112121582031,-87.41378021240234,20.253646850585938,-14.585225105285645,1.722055435180664,-16.777637481689453,0.6587432026863098,-9.572686195373535,3.844107389450073,-12.222061157226562,1.830462098121643,-7.187180995941162,1.601736068725586,-5.629589080810547,3.9455745220184326,-6.234378337860107,2.754135847091675,-3.903235912322998,-2.3325424194335938,-1.0066696405410769,-0.7239243388175964,-1.8984767198562624,2.2930707931518555,-3.730607032775879,2.989629030227661,-4.674274921417236,2.537971258163452,-1.2428213357925415,-1.288385987281799,-1.9516193866729736,-0.5243831276893616,-1.9245600700378416,1.7323733568191528,-3.363723039627075,0.9939394593238832,-2.9982542991638184,0.6875084638595581,-3.6084182262420654,1.433773636817932
8,-31.19589614868164,-15.420856475830078,-89.29076385498047,19.01860618591309,-18.06481170654297,0.4196659922599792,-18.189855575561523,0.2236048579216003,-9.84166145324707,1.3645193576812744,-10.667616844177246,3.268397092819214,-7.01806640625,0.4290407598018646,-7.799422264099121,2.342662811279297,-8.535876274108887,0.8696448802947998,-4.844222545623779,-3.879470109939575,-2.069277763366699,-0.5488815307617188,-4.3309502601623535,-0.1398979574441909,-5.355193138122559,1.6669749021530151,-5.316909790039063,3.180794715881348,-2.766312837600708,0.2178836911916732,-2.0309462547302246,1.2964690923690796,-0.628688633441925,1.5965145826339722,-2.208942651748657,1.6173144578933716,-1.4097425937652588,1.1248313188552856,-4.481344223022461,-0.3592298030853271
8,-63.94096755981445,-6.530449867248535,-93.56982421875,17.69806671142578,-17.553447723388672,3.437722682952881,-18.83426284790039,3.1473548412323,-6.336818695068359,8.242657661437988,-8.199929237365723,6.928403854370117,-4.953362941741943,3.553144931793213,-3.9406464099884033,2.2070233821868896,-5.882216453552246,1.0446778535842896,-2.5169553756713867,-5.140960693359375,-1.1111822128295898,-1.7696620225906372,-2.086486339569092,-1.349621057510376,-4.122329711914063,-1.4395831823349,-5.264818668365479,-0.2315510660409927,-2.27361798286438,-2.16649866104126,-1.312583565711975,-0.681451141834259,-1.9924967288970947,-0.7867602109909058,-4.268869400024414,0.3670277595520019,-2.4153716564178467,1.0481373071670532,-3.968251943588257,2.210657835006714
8,-28.866199493408203,-2.9866302013397217,-88.58731842041016,17.77754020690918,-17.870908737182617,-1.2511937618255615,-18.673250198364254,-0.6349389553070068,-9.907700538635254,-0.7318163514137268,-13.793307304382324,0.0722560957074165,-8.476086616516113,-2.229202508926392,-10.667181015014648,0.3826723098754883,-10.235210418701172,0.1150021851062774,-7.442331790924072,-3.8487374782562256,-3.3037543296813965,-0.0257284566760063,-3.312666416168213,0.439727246761322,-6.381471633911133,1.5853708982467651,-6.168581962585449,1.4046509265899658,-3.6910746097564697,-1.4323674440383911,-1.7546051740646362,0.0307500753551721,-2.8156731128692627,2.4971742630004883,-2.9839000701904297,1.709656834602356,-2.451415061950684,1.2979435920715332,-5.157729625701904,2.10932993888855
8,-101.23253631591795,-9.425982475280762,-96.71617889404295,21.816246032714844,-18.366117477416992,7.456279277801514,-10.497467041015623,4.178632736206055,-3.6912379264831534,5.453261852264404,-10.19452953338623,6.352546215057373,-2.038780689239502,4.598500728607178,-4.179474353790283,5.52867317199707,-6.168750762939453,6.064054489135742,-4.379443168640137,1.3478960990905762,-1.3297683000564575,1.6936079263687134,-2.541940927505493,3.251532554626465,-6.822362899780273,5.191397666931152,-5.47321367263794,1.9384078979492188,-2.2210755348205566,1.1354002952575684,-0.5020236968994141,0.9537751078605652,-2.0312390327453613,2.620279550552368,-5.481274127960205,0.932443618774414,-2.5458991527557373,3.292223691940308,-2.833591938018799,3.2154223918914795
8,-72.46282196044922,-7.024052619934082,-84.88627624511719,24.051158905029297,-17.813793182373047,0.4422838389873504,-18.914167404174805,4.007303237915039,-8.463239669799805,5.834098815917969,-9.495205879211426,5.484530448913574,-7.816934108734131,0.7139291167259216,-3.832528114318848,1.592109441757202,-6.107337951660156,1.5399110317230225,-5.526495933532715,-5.787670135498047,-1.3930416107177734,-0.5253077745437622,-2.2776920795440674,0.4195655882358551,-3.645743846893311,1.526330828666687,-4.854861259460449,0.4991025924682617,-3.014604330062866,-1.395508050918579,-2.163717269897461,-0.263749897480011,-1.712156057357788,0.7174903750419617,-4.839241027832031,1.354660153388977,-3.1779136657714844,1.241894245147705,-4.485445499420166,2.4264440536499023
8,-300.2105407714844,159.2587890625,-3.565995693206787,25.32229423522949,3.919182300567627,5.084466934204102,-2.517909049987793,0.0975156053900718,-7.902246475219727,4.609043598175049,-3.314354419708252,2.0078604221343994,-6.417498588562012,-0.5123905539512634,-4.796768665313721,-0.0430442057549953,-5.088077068328857,1.3880423307418823,-5.550611972808838,0.7061457633972168,-3.863506317138672,0.3070175945758819,-5.162536144256592,-0.7000865936279297,-3.8823258876800537,1.1788015365600586,-5.196459293365479,0.6263992786407471,-3.0775184631347656,1.767909288406372,-2.6793406009674072,2.039306402206421,-2.041620969772339,2.3984391689300537,-1.7006793022155762,1.3706625699996948,-2.475498914718628,1.1007533073425293,-2.2752926349639893,1.0471938848495483
8,-295.4179382324219,156.4679412841797,-4.173248767852783,20.44196319580078,6.913322448730469,1.7749669551849363,-4.3291497230529785,-1.1866713762283323,-1.86128044128418,6.540483474731445,-2.7979624271392822,2.6563210487365723,-5.130406379699707,-1.042506217956543,-8.800427436828613,-2.7290825843811035,-5.933603763580322,2.7987639904022217,-1.8991483449935915,0.0843253582715988,-3.6980481147766113,-6.386516094207764,-5.569100856781006,-2.813605070114136,-2.9018445014953613,0.5193395614624023,-3.475472927093506,1.3779762983322144,-1.8089444637298584,2.312157392501831,-3.1603479385375977,1.293553590774536,-3.886411905288696,2.261930465698242,-3.7086050510406494,3.4782257080078125,-1.515040636062622,5.473311424255371,-3.220997095108032,1.3807944059371948
8,-304.6288146972656,159.44049072265625,-6.583508968353272,24.48233413696289,4.460904598236084,6.485424995422363,-2.277618169784546,-0.8312378525733948,-1.8352456092834477,6.019836902618408,-1.7700587511062622,0.951186180114746,-8.338092803955078,1.8104928731918333,-3.29209303855896,1.0361461639404297,-4.3642988204956055,1.9050407409667969,-5.4089226722717285,-0.2799182534217834,-4.745660305023193,-4.947769641876221,-3.7225306034088135,-0.0703628435730934,-3.800268888473511,2.281820058822632,-2.1740076541900635,2.327597618103028,-2.447989225387573,1.1523466110229492,-2.334742307662964,3.700181484222412,-2.188161849975586,2.611161470413208,-2.4967119693756104,3.414044141769409,-2.383657217025757,3.0247039794921875,-1.7957693338394165,2.447443723678589
8,-294.09967041015625,161.63595581054688,-9.91741180419922,29.788169860839844,5.664984226226807,4.204925060272217,-5.645669460296631,1.9674080610275269,-3.9279799461364746,5.334157943725586,-2.311683177947998,2.0652103424072266,-7.3035569190979,0.897953987121582,-4.55959939956665,1.1830642223358154,-5.274012088775635,1.7786824703216553,-5.030044078826904,0.406063973903656,-3.673827171325684,-3.289964199066162,-5.109923362731934,0.8578882813453674,-3.352454423904419,1.4058564901351929,-3.3214731216430664,0.8155170679092407,-4.156317234039307,0.7055085301399231,-2.649909734725952,1.8079675436019895,-1.9633866548538208,1.8917173147201536,-2.1039018630981445,2.1188650131225586,-1.5891543626785278,1.0247976779937744,-3.7651755809783936,0.8806711435317993
8,-298.7209777832031,164.46640014648438,-8.801655769348145,34.22409439086914,9.344026565551758,9.59125804901123,2.3522253036499023,3.7497646808624263,1.5741252899169922,8.764947891235352,-2.370584726333618,1.0532771348953247,-5.645199775695801,1.073230862617493,-5.807985305786133,-0.5450810790061951,-3.865590810775757,0.2389207035303115,-7.103416919708252,1.9014381170272827,-2.8601889610290527,-0.9856368899345398,-5.59183931350708,-0.9627258777618408,-2.6174044609069824,3.902414560317993,-2.3344669342041016,0.9720563292503356,-3.075835943222046,1.80595338344574,-1.585932374000549,3.119920253753662,-2.280169725418091,0.2007748335599899,-2.4155569076538086,0.1176010072231292,-3.121197462081909,0.5679981708526611,-3.542858362197876,0.2069288045167923
8,-286.3332824707031,154.55580139160156,-9.184775352478027,32.59523010253906,4.382853984832764,4.46962308883667,-5.171342849731445,0.3177975416183471,-3.8043692111968994,2.929246664047241,-4.811648845672607,3.048982620239258,-7.449867725372314,0.2441776245832443,-6.054465293884277,-0.5564603209495544,-4.495487689971924,0.5842885971069336,-4.091983318328857,1.1587854623794556,-6.535774230957031,-1.980640530586243,-6.925264835357666,1.2257459163665771,-3.258845090866089,2.3509976863861084,-1.8425348997116089,0.7123693823814392,-3.3472795486450195,3.0042612552642822,-0.8471008539199829,2.109483003616333,-3.116983652114868,0.2471678406000137,-2.2542638778686523,1.3106107711791992,-1.930597424507141,2.4935617446899414,-3.6549572944641113,1.5278043746948242
8,-256.44976806640625,140.5315399169922,-15.799192428588867,27.25578117370605,4.13048267364502,6.76349687576294,-4.456491470336914,3.4949846267700195,-5.377470970153809,7.51036262512207,-6.725907802581787,2.02376651763916,-4.8181562423706055,0.1222328692674636,-3.307438611984253,1.450563669204712,-4.292231559753418,2.1633095741271973,-7.3877177238464355,-0.0254141744226217,-5.042164325714111,0.6382297277450562,-4.339660167694092,1.5962483882904053,-4.841095447540283,1.5822107791900637,-1.884304165840149,2.3821771144866943,-3.08596420288086,2.9580347537994385,-0.8077424168586731,2.258655309677124,-3.433037042617798,1.0163694620132446,-1.000300049781799,0.3654380440711975,-1.0368989706039429,2.88049840927124,-3.258976697921753,-0.3094461560249328
8,-273.2508239746094,146.71560668945312,-6.585533142089844,21.36393928527832,2.235412359237671,2.5208122730255127,-2.761411190032959,2.0840485095977783,-4.834285259246826,6.317138671875,-4.486030578613281,2.4246325492858887,-7.89186954498291,-0.0936916545033454,-6.447895050048828,1.4390287399291992,-4.9764509201049805,-0.5442811250686646,-7.859376430511475,-0.2177255153656005,-4.626258850097656,0.1476418077945709,-6.593579292297363,2.094233989715576,-1.1692224740982056,1.700135350227356,-2.1364336013793945,2.2427074909210205,-2.3936548233032227,3.333353281021118,-3.7173221111297607,1.499964714050293,-1.551355481147766,3.1160058975219727,-2.2367305755615234,0.5991939306259155,-1.885970950126648,2.989564657211304,-3.677500724792481,-0.381850391626358
5,-250.14260864257807,122.39542388916016,-27.85776138305664,10.625269889831545,-18.02037048339844,6.914217948913574,-4.777544021606445,5.250060558319092,-7.645883083343506,1.804932713508606,-4.915778636932373,1.510387659072876,-1.299459457397461,-0.1970022618770599,-4.276465892791748,2.668121099472046,-2.216804981231689,0.0147679634392261,-6.528390884399414,0.4384246170520782,-7.909018993377685,-0.9794827699661256,-4.579657077789307,1.6680742502212524,-2.5990939140319824,1.3432689905166626,-3.443186521530152,2.67168402671814,-0.7823460102081299,3.285029888153076,-1.6531766653060913,1.2885640859603882,-3.0283210277557373,0.7757601737976074,-3.4430181980133057,-1.2581559419631958,-5.037857532501221,-0.1511988490819931,-2.425368070602417,2.533555746078491
5,-234.7538909912109,127.55767822265624,-29.87094116210937,16.069860458374023,-18.015186309814453,5.60692310333252,-3.997416019439697,1.6912577152252195,-9.17440128326416,2.8804261684417725,-4.496276378631592,3.009885549545288,1.3501538038253784,2.4336371421813965,-4.073513031005859,2.0680997371673584,-3.729282379150391,-0.8068802952766418,-5.462277889251709,0.3122422397136688,-8.86003303527832,-1.2182669639587402,-4.548156261444092,0.6786193251609802,-2.995464324951172,3.004215955734253,-2.9960670471191406,2.19281005859375,-0.328348159790039,3.642821550369263,-1.8215035200119016,0.2488794475793838,-3.604549646377564,0.1853741258382797,-3.413579225540161,0.9104939699172974,-3.064271688461304,0.7888694405555725,-2.619258403778076,1.23127543926239
5,-249.8692626953125,123.14684295654295,-24.333965301513672,12.379623413085938,-16.9078426361084,10.092041015625,-6.689870834350586,3.4246883392333984,-4.697912693023682,1.6501193046569824,-5.9193644523620605,2.1055564880371094,-1.4236197471618652,0.9542333483695984,-1.7378416061401367,2.886483907699585,-3.944131374359131,0.9937387704849244,-4.928021430969238,0.4217070341110229,-6.146449089050293,0.8563648462295532,-3.996958017349243,0.5723324418067932,-4.520811080932617,0.672246515750885,-2.921945810317993,2.6968507766723637,-0.0426235646009445,3.9446089267730713,-1.5229448080062866,1.0355381965637207,-1.96240234375,1.0964733362197876,-2.2552835941314697,0.3093057870864868,-4.138188362121582,-0.2201046794652938,-3.752197980880737,1.7988414764404297
5,-241.93218994140625,124.4497299194336,-31.55265617370605,10.382132530212402,-15.214139938354492,12.202839851379396,-0.8645321130752563,6.510624408721924,-8.337141990661621,-1.760422706604004,-6.072399139404297,2.645211935043335,-0.9704536199569702,0.5811976790428162,-3.35573148727417,2.7590794563293457,-4.503180980682373,-0.3568384647369385,-4.573296546936035,1.3389809131622314,-6.841913223266602,0.3794986009597778,-3.897876501083374,0.2371666580438614,-3.887648105621338,2.149505376815796,-2.876484632492065,2.535414695739746,0.2475207597017288,4.613986968994141,-1.809932231903076,0.6360246539115906,-2.3623201847076416,1.2996037006378174,-2.717040061950684,-0.2859614789485931,-4.216044902801514,-0.67413330078125,-4.314966201782227,2.353818655014038
9,-169.7394256591797,101.98822784423828,-37.109561920166016,-50.1226921081543,-26.836620330810547,-5.239039421081543,-12.61408519744873,2.1323304176330566,-0.6140006184577942,13.38463306427002,-4.076152801513672,-3.0977296829223637,-15.74745273590088,-0.0392708294093608,-8.546152114868164,3.329719305038452,-10.81344223022461,-0.2346932590007782,2.0314598083496094,7.263594150543213,-4.679723262786865,-2.0159711837768555,-7.200713157653809,0.4039925932884216,-2.51401686668396,2.753990650177002,0.9858667254447936,2.0080928802490234,-0.5697092413902283,-0.1030142903327941,-1.3747559785842896,-3.084102869033813,-3.18602991104126,1.7586268186569214,0.1780090779066085,1.4973721504211426,-3.3420872688293457,1.0217609405517578,-0.4341695606708526,2.7569034099578857
5,-395.7178955078125,145.21551513671875,-59.74230194091797,-2.802295446395874,-7.759355068206787,25.6702880859375,2.095410108566284,4.0450310707092285,8.069412231445312,11.696101188659668,1.120596170425415,15.644084930419922,2.924644470214844,6.712055206298828,1.5361350774765017,7.801467895507812,1.992680668830872,8.97653579711914,2.644350528717041,3.97160530090332,-1.2703471183776855,6.947932243347168,-2.7088961601257324,4.933830261230469,-0.6698073148727417,4.0658278465271,-2.0058865547180176,2.1872403621673584,-3.680897235870361,2.6285316944122314,-1.3423360586166382,6.053894996643066,1.417011022567749,4.590248107910156,-1.2565231323242188,3.49228835105896,-0.8841758966445923,2.432857036590576,-1.966633915901184,2.4743411540985107
5,-410.3420715332031,162.29910278320312,-50.72251129150391,-32.054168701171875,-14.18167495727539,15.219365119934082,-1.9905976057052608,0.5187383890151978,0.6380675435066223,6.918871879577637,2.70839524269104,16.8749942779541,17.470014572143555,19.149837493896484,7.862107753753662,2.9251277446746826,-6.22913932800293,-0.0398515984416008,3.953759431838989,12.560235023498535,5.0295515060424805,1.882980227470398,0.0103730214759707,8.25593090057373,5.473286151885986,7.052519798278809,3.987351894378662,5.697644710540772,-0.1064211875200271,1.652545928955078,0.4588974118232727,5.386207103729248,1.0152643918991089,2.100169897079468,3.3059194087982178,4.175197601318359,3.1187918186187744,7.40904426574707,4.606301307678223,7.745762825012207
5,-379.29144287109375,177.4794464111328,-58.922760009765625,-43.19246292114258,-18.922292709350582,10.662961959838867,-8.878673553466797,-6.539013862609863,3.170358657836914,4.836567401885986,0.7546460032463074,14.781636238098145,12.322468757629396,13.386584281921388,9.978286743164062,5.416604042053223,-1.970325827598572,1.2238459587097168,4.307445049285889,9.08377170562744,4.1062211990356445,-1.7895478010177612,-4.68491268157959,3.2502684593200684,4.903045177459717,4.502793788909912,3.5510671138763428,5.732534408569336,3.8549225330352783,4.760645389556885,3.892791986465454,4.578815937042236,1.6916743516921997,1.3811349868774414,2.368948221206665,3.218358039855957,3.3021860122680664,3.6172220706939697,2.3864974975585938,5.496528625488281
5,-322.9588623046875,183.0051422119141,-92.43306732177734,-43.45719146728516,-17.36372947692871,5.944393157958984,-10.181655883789062,-10.62002944946289,6.857069969177246,-4.7793869972229,0.5863499045372009,23.550447463989254,16.87528419494629,8.327436447143555,11.081403732299805,5.653534889221191,-1.0589059591293335,6.953252792358398,14.079200744628906,4.142881393432617,-1.0389139652252195,4.773120880126953,3.616730213165283,4.4277024269104,5.523453235626221,2.4038376808166504,4.56939172744751,4.037520885467529,1.142946481704712,4.872805595397949,4.058187007904053,1.592188835144043,2.9015300273895264,1.6159327030181885,3.895573854446411,6.027291297912598,2.760061740875244,2.9404826164245605,3.939723491668701,4.830014705657959
5,-190.824951171875,61.35196304321289,-15.565415382385254,35.76565170288086,1.9775458574295044,23.19285774230957,3.3439648151397705,14.168072700500488,4.588602542877197,3.863534688949585,-4.229972362518311,3.80769157409668,-2.978546380996704,2.524352550506592,-3.2517096996307373,2.1019809246063232,-2.1767237186431885,-1.094749093055725,0.7677193880081177,3.4205448627471924,0.7855846285820007,0.9512466788291932,-0.1297892779111862,1.4398473501205444,0.7102617025375366,0.9163778424263,-1.109545111656189,1.947076201438904,1.5142161846160889,3.4111015796661377,0.7281206250190735,2.9499642848968506,0.8397669196128845,2.6355748176574707,-0.4416409134864807,1.2540674209594729,-1.3808748722076416,0.1415485292673111,0.2318892627954483,2.206519842147827
5,-150.02601623535156,85.71723175048828,1.6339844465255735,0.3327358067035675,15.772528648376465,8.071260452270508,-3.5771143436431885,16.38517951965332,-6.213068962097168,3.0311169624328613,0.3458588421344757,12.482499122619627,-9.54884147644043,2.1782867908477783,-7.886085510253906,4.859149932861328,15.171136856079102,23.18990898132324,8.774332046508789,4.156462669372559,-16.468883514404297,-4.184536933898926,0.501026451587677,17.742515563964844,-2.48160457611084,-8.466070175170898,-10.298776626586914,10.302385330200195,5.9767231941223145,-7.934653759002685,-16.449419021606445,3.007883787155152,16.44729995727539,13.10176944732666,-2.8122291564941406,7.597143173217773,3.3440067768096924,-8.798358917236328,-15.201892852783203,10.018412590026855
7,-323.1430969238281,122.25687408447266,8.513134002685547,-3.5464189052581787,-18.87605857849121,5.979472637176514,-19.71480941772461,-20.45447540283203,-11.393320083618164,-18.194805145263672,-5.0888848304748535,8.167669296264648,-4.786327362060547,-8.415213584899902,-8.333671569824219,-7.478885173797607,-0.8739372491836548,6.0174970626831055,7.535166263580322,13.682043075561523,12.341890335083008,8.981653213500977,2.062002658843994,0.65606290102005,0.3758987784385681,1.8025850057601929,-3.126270532608032,-7.554911136627197,-3.395634889602661,-3.2773585319519043,-1.7279515266418457,-6.298953533172607,-6.62406063079834,-4.4694600105285645,-8.726480484008789,1.457887887954712,0.4706640541553497,1.0315698385238647,2.054563283920288,0.530985414981842
7,-137.7028045654297,148.4176788330078,12.764039039611816,5.25690507888794,-8.002910614013672,10.099712371826172,-10.961240768432615,-2.93129563331604,-8.1581449508667,10.207987785339355,-7.323610305786133,2.4953322410583496,1.429486632347107,4.275252342224121,-1.0020716190338137,-1.632407307624817,-4.981522083282471,2.4773757457733154,-5.635685920715332,4.290221214294434,-6.454845905303955,9.005383491516113,-5.679391860961914,2.148046493530273,-13.656708717346191,-1.7276155948638916,-7.803725242614746,-0.3090173006057739,-2.612088441848755,-1.2151734828948977,-9.59451675415039,-5.74697732925415,-10.64315700531006,2.5159575939178467,-6.714504241943359,4.36173677444458,-3.915076732635498,4.968533515930176,-5.672438144683838,-0.5928819179534912
7,-174.7830352783203,144.58595275878906,17.917959213256836,26.17875862121582,1.6076278686523438,16.189817428588867,-10.26942253112793,-0.0692759603261947,-4.172358512878418,10.188743591308594,-11.558979988098145,-2.02081298828125,0.4427714347839355,5.462374687194824,-4.544005393981934,-3.000994920730591,-4.457448482513428,3.765230894088745,-5.317897319793701,0.0723102539777755,-5.962969779968262,7.243478775024414,-3.986086845397949,0.4646209478378296,-11.235836029052734,-1.1831110715866089,-5.96633243560791,-1.2629923820495603,-3.783987045288086,-0.0470925495028495,-9.198206901550291,-6.3309431076049805,-8.726473808288574,1.5524884462356567,-7.038966655731201,1.0782002210617063,-3.829410552978516,3.67916488647461,-3.7158918380737305,-0.8926543593406677
7,-135.595458984375,157.88426208496094,17.578842163085938,2.469435453414917,-15.08492946624756,6.581172466278076,-7.25056791305542,-1.0046640634536743,-6.071292400360107,8.023186683654785,-6.838253974914551,3.234644889831543,-1.5368961095809937,1.754132628440857,-2.2716121673583984,1.8000425100326538,-2.071885108947754,3.1852049827575684,-5.549022197723389,2.593801259994507,-7.66923189163208,2.573146343231201,-6.295950889587402,3.537846088409424,-7.723048686981201,2.08172869682312,-8.218505859375,-1.9064043760299685,-4.387405872344971,-0.1495278477668762,-9.89206600189209,-6.030145168304443,-9.377180099487305,3.9309046268463135,-6.605566024780273,1.3474135398864746,-8.449494361877441,3.834085941314697,-5.455766677856445,0.2087219357490539
7,-221.8422088623047,143.62741088867188,20.059064865112305,31.934215545654297,0.3431883454322815,14.616628646850586,-4.89121675491333,4.780635356903076,-0.7507860660552979,7.149028778076172,-9.72018051147461,-2.9841153621673584,-1.2362991571426392,5.448612689971924,-3.114633798599243,0.1600884199142456,-3.847047328948975,4.326010227203369,-2.9695043563842773,-0.6889247894287109,-8.289657592773438,2.4700021743774414,-3.9694788455963135,1.9448535442352293,-4.228372573852539,1.273324728012085,-5.239614009857178,-2.5498316287994385,-5.788970470428467,-0.8981475234031677,-8.822213172912598,-4.754533767700195,-7.040275573730469,0.4441855251789093,-5.389413356781006,-0.965661346912384,-6.4856858253479,2.269228458404541,-4.1194939613342285,0.2475503087043762
7,-175.93539428710938,150.90826416015625,12.706232070922852,16.899791717529297,-9.84821319580078,9.925533294677734,-8.229904174804688,3.407506465911865,-2.2306649684906006,10.27941608428955,-6.571216583251953,-0.2037528157234192,-2.5568642616271973,5.4595232009887695,-0.3150464296340942,-1.390182375907898,-4.337932586669922,4.662298202514648,-4.42804765701294,0.8973978161811829,-7.761226177215576,5.318884372711182,-5.309597015380859,4.703073501586914,-4.955761432647705,2.116511821746826,-6.994043827056885,-1.5890642404556274,-3.1853342056274414,0.8085681796073914,-5.507673740386963,-5.047081470489502,-9.581364631652832,1.5745434761047363,-7.694011688232422,1.2007848024368286,-5.978305816650391,2.100969076156616,-6.866347312927246,-1.723725438117981
7,-177.53326416015625,155.12100219726562,12.922992706298828,17.52617073059082,-12.006343841552734,12.135777473449709,-4.433797359466553,1.4704402685165403,-3.3006324768066406,4.074131011962891,-10.27064609527588,-0.990424394607544,-7.931179046630859,3.989933729171753,-3.279237508773804,3.45764422416687,-5.260003089904785,0.5554571747779846,-7.952244758605957,1.48300039768219,-7.712921142578125,2.533458948135376,-3.921928644180298,0.9098482728004456,-4.215770721435547,-0.2770573198795318,-3.3317556381225586,-1.8735833168029783,-2.048783302307129,-1.494064211845398,-5.455905914306641,-7.210570335388184,-9.394312858581545,-2.415433645248413,-5.307729244232178,-1.1276289224624634,-4.538630485534668,1.5311232805252075,-3.856576681137085,-0.5515677332878113
7,-159.20697021484375,155.75201416015625,1.2212560176849363,13.01380443572998,-14.482839584350586,4.680913925170898,-9.204083442687988,3.4846537113189697,-4.891339302062988,2.952561855316162,-9.784929275512695,-0.4665170609951019,-5.545722007751465,-0.1507931798696518,-0.361315906047821,-0.8112489581108093,-3.0243444442749023,0.5904985070228577,-6.081660270690918,0.8857572674751282,-7.9242072105407715,2.4791085720062256,-8.677590370178223,3.479945182800293,-2.95719313621521,3.0249507427215576,-5.008472442626953,-0.9066618084907532,-3.2230472564697266,0.6479417085647583,-5.377473831176758,-3.193174123764038,-8.946916580200195,0.8221163153648376,-7.44639778137207,0.6727318167686462,-5.228485107421875,1.4276223182678225,-7.2220354080200195,-0.0280994791537523
7,-263.4090576171875,152.44277954101562,9.656317710876465,13.74679183959961,-12.289780616760254,8.356451034545898,-6.713911056518555,4.203896522521973,-4.760887145996094,4.960191249847412,-10.152320861816406,-2.757208824157715,-7.014307022094727,3.1854665279388428,-1.036194920539856,2.304845094680786,-0.6586016416549683,2.715212821960449,-3.8765692710876474,-0.0011923023266717,-7.747401237487793,3.2108049392700195,-5.414300918579102,3.6250405311584473,-2.8120901584625244,1.6336338520050049,-4.308149337768555,-0.2369595617055893,-3.052876234054565,-0.2579274177551269,-7.1637797355651855,-3.828765630722046,-7.824011325836182,-0.260492205619812,-6.45449161529541,0.5167663097381592,-5.698049545288086,2.396502733230591,-4.275070190429688,0.2827524244785309
7,-264.5619506835937,144.39260864257812,19.568532943725582,18.876338958740234,-10.787359237670898,6.855666160583496,-10.390731811523438,4.95810604095459,-1.1972277164459229,7.277091026306152,-12.674715042114258,0.0439136996865272,-3.523728847503662,6.271360874176025,-2.811969518661499,-2.7063241004943848,-3.943110704421997,3.873113632202149,-4.56249475479126,1.828000783920288,-5.725354671478272,5.011179447174072,-7.5224928855896,1.7894614934921265,-5.305410861968994,2.134368658065796,-8.621137619018555,-2.3184051513671875,-4.224719047546387,0.5411127209663391,-7.808045864105225,-5.046630859375,-8.801919937133789,1.5985171794891355,-5.7497663497924805,-0.5257062911987305,-6.5719804763793945,3.793262481689453,-4.68312931060791,-0.4299241900444031
7,-319.6830749511719,117.75787353515624,12.097347259521484,29.20102882385254,-7.594434261322021,11.9553804397583,-2.992210149765014,9.140286445617676,2.4362637996673584,7.767356872558594,-9.667604446411133,-1.96830153465271,-2.8314216136932373,7.009939670562744,1.999336838722229,1.1828045845031738,-2.4463114738464355,3.9087843894958496,-3.2427594661712646,0.7146664261817932,-6.721628189086914,4.064999580383301,-5.670229911804199,3.815866708755493,-4.75279426574707,0.019586918875575,-7.089189529418945,-1.0969575643539429,-2.502848863601685,0.8281465172767639,-9.267935752868652,-4.367386817932129,-8.671952247619629,1.4911588430404663,-6.5769219398498535,0.931040108203888,-5.490485191345215,4.263826370239258,-4.316018104553223,1.3844830989837646
7,-259.8045959472656,141.11439514160156,25.132701873779297,19.650203704833984,-5.221361637115479,7.172156810760498,-10.73967456817627,2.207707643508911,-0.8684261441230774,11.808712005615234,-10.575565338134766,-2.507373571395874,-2.211050033569336,4.111278057098389,-4.448784351348877,-2.1424617767333984,-4.102339744567871,5.4859490394592285,-4.33416223526001,2.0570836067199707,-7.491604328155518,6.661890029907227,-7.275351524353027,0.6303842067718506,-6.953370571136475,0.6423331499099731,-9.161054611206056,-3.095237493515014,-4.574385166168213,0.5422551035881042,-5.953085422515869,-3.0975940227508545,-8.691490173339844,3.493874311447144,-6.176003456115723,2.3199777603149414,-5.940627574920654,4.56782341003418,-5.504391670227051,0.2203759253025055
7,-239.3954620361328,131.9412078857422,23.034366607666016,16.382829666137695,-7.227426052093506,2.4341866970062256,-13.649422645568848,-3.595199584960937,-7.335812568664551,4.476039886474609,-8.230079650878906,2.2186741828918457,0.4013805985450744,2.3229544162750244,-0.7262243032455444,-2.9894745349884038,-4.8321051597595215,3.48933219909668,-7.2478718757629395,2.9972312450408936,-4.7138447761535645,4.234720230102539,-11.353671073913574,1.800947189331055,-5.464964389801025,5.983006954193115,-4.583553791046143,1.256892204284668,-3.019295692443848,1.5861989259719849,-5.394839763641357,0.3183024525642395,-4.032768249511719,4.692984104156494,-5.7513813972473145,6.609876155853272,-1.2504541873931885,8.272977828979492,-6.171005725860596,-0.1556833833456039
7,-209.60980224609372,128.1613006591797,21.45163917541504,12.09754467010498,-6.487802982330322,0.2097521722316742,-12.440768241882324,-4.545273780822754,-9.473527908325195,3.955592632293701,-7.180165767669678,1.2323542833328247,-0.0865373536944389,4.621354103088379,1.1881822347640991,-4.736991882324219,-4.091620922088623,3.1707072257995605,-6.544303894042969,6.05406665802002,-3.729218482971192,4.619316101074219,-10.317364692687988,2.362444400787353,-4.609256744384766,5.56302547454834,-2.6623661518096924,3.1825480461120605,-1.3864504098892212,1.2754982709884644,-7.273893356323242,0.5098716616630554,-4.923487663269043,3.6268155574798575,-5.913940906524658,5.813887596130371,-2.948492765426636,6.959617137908936,-4.725395202636719,0.2040317803621292
7,-193.61538696289065,125.82308959960938,15.56036376953125,12.321688652038574,-6.474235534667969,-0.2724578976631164,-10.430418968200684,-3.4250693321228027,-10.878741264343262,6.616815090179443,-6.579934120178223,-0.344900906085968,-3.8942136764526367,4.677927970886231,-1.8462954759597776,-3.3239099979400635,-4.871461391448975,2.0600805282592773,-6.040112495422363,7.944902420043945,-1.7801215648651123,4.943259239196777,-9.64174461364746,2.127988576889038,-4.209845066070557,4.109314441680908,-2.715780019760132,2.249841928482056,-2.113101959228516,-0.3970160484313965,-8.481624603271484,0.7166174054145813,-5.157522201538086,1.7675174474716189,-7.494686603546143,2.959514141082764,-4.193031311035156,3.9331674575805664,-5.200727939605713,-0.0189516805112361
7,-218.77230834960935,129.6554412841797,8.200618743896484,17.765384674072266,-6.441672801971436,6.913487911224365,-9.939779281616213,-1.271007776260376,-10.699267387390137,6.126596927642822,-6.877243041992188,-0.0589211098849773,-4.519618511199951,2.699228525161743,-7.397988796234131,-1.8073627948760984,-8.795294761657715,2.4045557975769043,-6.328970909118652,5.355764389038086,-0.8919271230697632,4.262704849243164,-8.174277305603027,0.3719671964645386,-1.7018808126449585,5.375889301300049,-1.0839221477508545,1.329240322113037,-3.5270626544952397,2.0113091468811035,-4.34835958480835,2.9895577430725098,-1.554320216178894,1.490595817565918,-4.925638198852539,1.7334781885147097,-2.446408748626709,2.3665428161621094,-4.603630542755127,-0.4486808478832245
7,-135.48873901367188,42.16067886352539,-63.49585723876953,11.955739974975586,-3.424060344696045,6.770750522613525,-10.258126258850098,4.757662773132324,-13.9352445602417,-1.0234527587890625,-11.87140941619873,6.649609565734863,-8.876693725585938,0.4258210361003876,-9.561928749084473,5.53342866897583,-2.1203038692474365,11.856066703796388,-3.153503179550171,8.757867813110352,2.5638251304626465,0.1739745885133743,-7.723974227905273,5.10893440246582,-2.5475950241088867,1.987694501876831,-8.806564331054688,4.32809591293335,0.2105561643838882,5.988577842712402,-4.294173240661621,3.4711685180664062,-1.6279135942459106,9.32654857635498,-0.957915186882019,7.598055839538574,1.4396871328353882,4.225600242614746,-7.2652411460876465,3.6386003494262695
7,-119.71277618408205,55.76483917236328,-68.43206024169922,19.6929988861084,-0.8102008700370789,12.164436340332031,-2.579208374023437,2.356349468231201,-8.015509605407715,4.182943820953369,-0.5639513731002808,14.056194305419922,-9.237590789794922,4.375000476837158,-2.766801595687866,6.683495044708252,-2.200251817703247,7.615501880645752,-9.79891586303711,3.6367011070251465,5.023307800292969,10.078500747680664,-1.804704070091248,1.1719881296157837,-6.281688213348389,9.703051567077637,-6.856001377105713,1.5749293565750122,0.5319850444793701,10.630614280700684,-2.826442241668701,2.723780632019043,-0.5490115284919739,9.979083061218262,-2.0387122631073,6.550909519195557,-1.1767805814743042,4.977518558502197,-3.922250270843506,6.076121807098389
7,-107.1703643798828,50.08267593383789,-56.43570327758789,21.706167221069336,-2.19191312789917,6.651237964630127,-10.982330322265623,0.5530421137809753,-12.9996919631958,3.524686336517334,-4.2959089279174805,10.615663528442385,-9.433095932006836,9.947691917419434,-2.056670904159546,2.602905511856079,-10.30699634552002,5.151910305023193,-11.316161155700684,3.301654100418091,-3.3957202434539795,4.601576805114746,1.6362636089324951,12.980790138244627,0.2683645784854889,8.954724311828613,-2.899923801422119,7.984915733337402,-1.336843729019165,5.647784233093262,-5.144549369812012,2.138885259628296,0.1960296034812927,10.659042358398438,-2.642123222351074,9.018789291381836,-1.616456151008606,5.247220516204834,-3.6436362266540527,5.709019660949707
7,-198.3599395751953,42.65940475463867,-58.20919799804688,13.39466953277588,-4.476990222930908,5.464574337005615,-4.923038005828857,3.0648610591888428,-7.249567985534668,2.519334554672241,-7.572691917419434,5.998635292053223,-5.849256992340088,5.112306118011475,-1.6932094097137451,5.6280517578125,-3.949748992919922,8.634921073913574,-2.2122788429260254,3.9478561878204346,-0.5368740558624268,5.099524021148682,-0.5122066736221313,4.168025970458984,-4.037109375,4.380475044250488,-2.710514068603516,4.541646957397461,-3.818026304244995,4.450244903564453,-1.194108009338379,4.950552940368652,-1.435897707939148,6.972595691680908,-1.153442621231079,5.432590007781982,-0.7240622043609619,6.033512115478516,-0.0680695474147796,4.392702579498291
7,-88.17179870605469,56.07762908935547,-61.544193267822266,22.323102951049805,-5.463466167449951,4.931966781616211,-11.709023475646973,-0.2971661388874054,-14.608034133911133,-0.1862876713275909,-5.98651933670044,11.52061367034912,-8.89367961883545,16.650724411010742,-1.7616077661514282,-6.746250629425049,-15.819445610046388,6.691741943359375,-11.027998924255373,1.413029432296753,-10.51462459564209,2.4716134071350098,4.8657636642456055,8.676512718200684,-2.9213802814483643,8.686790466308594,-4.526524066925049,3.263349771499634,-3.794468402862549,4.563566207885742,-4.260981559753418,-4.7234625816345215,-2.7237234115600586,12.218661308288574,-2.6082470417022705,8.255579948425293,1.6044819355010986,6.124806880950928,-6.673758506774902,11.238157272338867
7,-126.38021850585938,39.95215606689453,-61.8157958984375,19.30172348022461,-4.929812431335449,11.268799781799316,-6.727987766265869,2.531557559967041,-12.075628280639648,2.154660224914551,-8.430095672607422,11.092756271362305,-9.546839714050291,4.833705902099609,-6.305227279663086,6.360659122467041,-5.038581848144531,10.359137535095217,-7.690398693084717,6.52790117263794,-4.391165733337402,1.4652799367904663,-7.082075119018555,9.889799118041992,-1.766402244567871,6.999079704284668,-4.913516521453857,7.377295970916748,-1.6761648654937744,7.016476154327393,-8.451924324035645,4.095025062561035,0.3386191427707672,8.543157577514648,-3.4837019443511963,7.669152736663818,-2.67772912979126,5.97438907623291,-3.787778377532959,6.345161437988281
7,-123.49677276611328,44.249656677246094,-59.56376266479492,21.015811920166016,-5.594948768615723,10.461522102355955,-6.60565710067749,2.968474864959717,-12.457005500793455,2.640488147735596,-7.8214216232299805,11.665444374084473,-8.747980117797852,6.66542911529541,-6.412428855895996,5.202220916748047,-7.190948486328125,9.910643577575684,-7.854939460754394,6.247238159179688,-4.363478660583496,2.892263889312744,-4.6281585693359375,11.06987476348877,-2.8918473720550537,9.005125999450684,-4.752467155456543,6.424656391143799,-2.6742165088653564,6.57914400100708,-7.721102714538574,4.531765460968018,-1.6836459636688232,9.2249116897583,-3.3493916988372803,8.598302841186523,-1.913714408874512,8.139495849609375,-2.912280797958374,7.002845764160156
5,-57.56696319580078,1.1200847625732422,-90.60504913330078,9.717668533325195,-9.059404373168944,6.063326835632324,-9.433152198791504,6.771592140197754,-5.785864353179932,7.8912177085876465,-12.294610977172852,4.424379348754883,-8.313626289367676,5.71042013168335,-13.547783851623535,6.870456695556641,-8.071372032165527,9.480342864990234,-6.684177875518799,7.463241100311279,-4.647134780883789,4.643951892852783,-2.1873741149902344,6.928683280944824,-10.841569900512695,8.134904861450195,-6.834821224212647,6.966719150543213,-7.707482814788818,8.711487770080566,-5.104494571685791,9.084094047546388,-5.500767230987549,9.334757804870604,-4.334196090698242,5.593410491943359,-2.1619858741760254,2.2000675201416016,-4.132497787475586,5.1175217628479
5,-44.10886001586914,1.6617722511291504,-90.16159057617188,8.187862396240234,-8.451026916503906,4.62873125076294,-11.286267280578612,6.089767456054688,-12.002943992614746,7.162942886352539,-15.23552417755127,4.605005264282227,-8.46257209777832,2.8938205242156982,-14.366704940795898,7.44930362701416,-11.01313018798828,10.555170059204102,-7.013156890869141,7.237682819366455,-5.283985137939453,6.265089988708496,-3.265101432800293,9.179190635681152,-9.88481330871582,10.347084999084473,-8.380929946899414,7.440547466278076,-7.549646854400635,7.987614631652832,-7.644264698028564,9.401182174682615,-6.104318618774414,9.090003967285156,-4.255772590637207,6.4333086013793945,-1.3462255001068115,4.923089981079102,-2.837845087051392,5.426609516143799
5,-34.325439453125,-0.6493186354637146,-90.54331970214844,5.091771602630615,-9.685494422912598,1.9889302253723145,-15.09290885925293,4.523236274719238,-15.382041931152344,7.022485733032227,-15.231579780578612,4.403496742248535,-10.773319244384766,2.691578865051269,-14.888543128967283,4.491879940032959,-15.238040924072266,8.02381420135498,-9.53034782409668,5.47708797454834,-7.101412773132324,5.23171329498291,-4.711251735687256,10.16417407989502,-9.906285285949709,7.084250450134277,-11.683030128479004,6.404551029205322,-7.656127452850342,7.820167064666748,-6.883163928985596,9.53561305999756,-6.997797012329102,7.948829174041748,-5.707201957702637,5.565882682800293,-3.949279546737671,5.0348639488220215,-2.903022289276123,6.049688816070557
5,-49.26403427124024,-6.046704292297363,-95.23030090332033,4.826920986175537,-8.764148712158203,0.9804757833480836,-16.476238250732422,3.8051421642303462,-13.66845417022705,8.02662467956543,-13.981545448303224,4.52108907699585,-10.630415916442873,3.4646759033203125,-14.473347663879396,4.508020877838135,-13.944866180419922,6.484302997589111,-11.09264087677002,4.926902294158936,-7.290616035461426,1.941088318824768,-6.2005228996276855,8.818975448608398,-10.494684219360352,3.897120952606201,-12.394055366516112,4.45382833480835,-8.99581527709961,6.478641986846924,-6.882534503936768,7.402486801147461,-9.376344680786133,6.609613418579102,-7.225741863250732,2.5054469108581543,-5.568826675415039,3.66538405418396,-5.031284809112549,5.7627434730529785
5,-46.90788650512695,0.4653006196022033,-89.2840347290039,5.067144393920898,-9.048672676086426,3.662400484085083,-12.948615074157717,6.294658660888672,-14.001628875732422,7.400075912475586,-15.105645179748535,4.740630149841309,-9.9563570022583,2.6028757095336914,-15.171324729919434,4.9967851638793945,-15.2609224319458,8.572256088256836,-8.765583992004395,5.654086112976074,-7.19143009185791,5.567079544067383,-4.558958530426025,10.14067554473877,-9.699800491333008,8.281171798706055,-10.467329025268556,7.142210006713867,-7.768753528594971,8.089869499206543,-7.114859104156494,9.62453269958496,-6.817805290222168,8.162188529968262,-5.367783546447754,5.680177688598633,-3.629775285720825,4.8621110916137695,-2.913869619369507,6.387866020202637
5,-36.88316345214844,-3.404305458068848,-92.90754699707033,4.700711727142334,-9.44276523590088,0.8619158267974854,-16.916522979736328,3.2716455459594727,-15.697638511657717,6.57086992263794,-15.392552375793455,3.5050923824310303,-12.232046127319336,2.800081729888916,-15.901126861572266,3.3950114250183105,-15.577695846557615,6.381400108337402,-11.725727081298828,4.193982601165772,-8.352948188781738,2.1424400806427,-6.483814239501953,8.35624885559082,-11.26454734802246,3.8461971282958975,-12.65779972076416,4.836461544036865,-9.12520980834961,6.598313808441162,-7.443796634674072,7.853320121765137,-9.6436185836792,6.360139846801758,-7.007441997528076,3.0033483505249023,-5.261094093322754,3.4662771224975586,-4.967504024505615,5.476027488708496
10,-115.40534973144533,68.5271224975586,-24.993247985839844,32.98993682861328,-20.010740280151367,5.411926746368408,-13.892778396606444,-5.723332405090332,-13.993210792541504,-3.299792766571045,-10.70706272125244,-0.3556585609912872,-6.267123222351074,2.1160728931427,-4.12332820892334,-0.0063753901049494,-4.8035502433776855,-0.5838469862937927,-3.438130140304565,1.6731178760528564,-0.591002345085144,1.3771765232086182,-2.495277643203736,2.051865100860596,0.6427121758460999,2.740283727645874,-0.8275863528251648,2.632603883743286,-0.5283679366111755,-0.7451131343841553,-3.524583339691162,4.066249847412109,0.8932101726531982,3.245795965194702,-3.111643075942993,1.8843122720718384,-2.493431329727173,3.155263662338257,0.6788548827171326,5.016084671020508
10,-111.85614776611328,62.21205520629883,-26.326953887939453,30.71611976623535,-20.07682991027832,7.638154029846191,-12.554363250732422,-3.505823850631714,-13.638589859008787,-0.9487983584403992,-7.442124366760254,2.3858344554901123,-3.9925954341888423,1.0201287269592283,-4.559577465057373,-0.0864914581179618,-4.767764568328857,1.0213969945907593,-3.777123689651489,1.8918986320495603,-0.3479917347431183,0.0915652588009834,-3.761613607406616,-0.6980481743812561,-0.9519352316856384,5.164749622344971,2.2377328872680664,3.4048197269439697,-0.6522915363311768,-2.242050647735596,-4.5166544914245605,3.9830801486968994,1.2483413219451904,4.541722774505615,-1.6312980651855469,1.1478890180587769,-2.374237537384033,4.696115016937256,-0.1968557089567184,2.7020654678344727
10,-96.4813232421875,64.752685546875,-28.53263282775879,35.069095611572266,-21.155406951904297,12.043684005737305,-11.540913581848145,-2.368586301803589,-12.73290729522705,0.5995074510574341,-10.016277313232422,1.5204941034317017,-5.799274921417236,2.655431032180786,-3.811619758605957,-0.3449713289737701,-4.252879619598389,1.6445517539978027,-2.339916229248047,1.701459884643555,0.1426072716712951,0.3308326303958893,-3.4807729721069336,1.0466880798339844,1.971071481704712,5.130417823791504,2.5524797439575195,3.9738306999206543,-1.5083305835723877,-3.033630132675171,-4.922111511230469,1.4063756465911863,0.6642460227012634,5.155519008636475,-3.191256046295166,1.4023940563201904,-2.295436382293701,4.669689178466797,1.0307756662368774,3.3635900020599365
10,-90.18394470214844,72.54501342773438,-29.07967185974121,38.031829833984375,-18.631986618041992,13.852354049682615,-9.9679536819458,-1.5846498012542725,-10.188592910766602,2.8807990550994877,-10.613423347473145,5.139951229095459,-7.242212772369385,4.110669136047363,-4.403111934661865,-0.5571186542510986,-3.3868722915649414,1.8138681650161743,0.8122679591178894,1.462937593460083,1.0692321062088013,1.9957940578460691,-1.1864001750946045,2.9148123264312744,3.86630129814148,3.5816643238067627,0.92953360080719,3.093390226364136,-0.3419044017791748,-0.9008417129516602,-3.150207281112671,0.6350995898246765,-1.299623727798462,4.483313083648682,-2.095514297485352,3.4342143535614014,-0.9960078597068788,3.290178060531616,1.209169626235962,4.494165420532227
10,-86.30122375488281,68.32583618164062,-27.36470413208008,34.04964828491211,-17.566999435424805,9.405936241149902,-7.139061450958252,-2.276521921157837,-7.344964981079102,4.3561530113220215,-9.488222122192385,7.638501167297363,-5.204480171203613,6.499698162078857,-6.772445201873779,-1.4049140214920044,-4.6354079246521,-0.8277788758277893,0.1964360922574997,2.342346429824829,2.3851511478424072,1.6290199756622314,-1.0943944454193115,3.1303248405456543,2.011472225189209,4.363738536834717,0.9241103529930116,1.9832432270050049,0.4052543044090271,0.9457132816314696,-4.443455696105957,1.8856141567230225,-1.8326529264450075,3.4256274700164795,-2.1788489818573,1.0394095182418823,-1.9558465480804443,2.334553003311157,-0.7842608094215393,2.8239400386810303
10,-82.91539764404297,52.66927719116211,-10.436518669128418,30.092679977416992,-9.121417045593262,9.47138500213623,2.657762289047241,-1.676835060119629,-4.523709774017334,5.877207279205322,-10.536412239074709,9.431180953979492,-1.132886528968811,7.656105995178223,-3.364377021789551,2.0574092864990234,-3.521562099456787,0.2586590647697449,2.6119866371154785,3.1111536026000977,4.170071601867676,1.1177482604980469,-2.3908393383026123,0.2619235217571258,1.454026460647583,2.0058841705322266,1.2657181024551392,2.384929656982422,-2.16489839553833,1.061511754989624,-4.57310676574707,2.529591560363769,1.0767821073532104,3.573673963546753,-1.5601298809051514,1.8913053274154663,-3.248983860015869,2.954652547836304,-1.43025803565979,0.928287386894226
10,-82.66324615478516,49.85924911499024,-13.35584831237793,26.717208862304688,-7.464766979217529,9.900163650512695,4.608987808227539,-1.5058646202087402,-4.194834232330322,7.414109230041504,-9.387804985046388,11.058055877685549,-0.7883480787277222,6.568237781524658,-2.9451100826263428,0.5421427488327026,-4.730344295501709,-0.3305272758007049,1.6072126626968384,1.0276803970336914,2.657811403274536,1.456912875175476,-0.3604492843151092,2.8181655406951904,2.4476184844970703,3.3559532165527344,2.532356739044189,2.6246793270111084,-0.8457701802253723,1.8364005088806152,-3.736358165740967,1.8994567394256592,-0.5767178535461426,1.7961058616638184,-2.8494889736175537,1.08517587184906,-3.496250629425049,2.590152740478516,-1.109180927276611,1.1467818021774292
10,-158.52090454101562,154.18980407714844,-25.695030212402344,9.17266082763672,-4.2911248207092285,8.621984481811523,-1.302767038345337,4.592129707336426,-2.1879940032958984,-2.758987665176392,-9.333797454833984,-0.9259440898895264,-4.908047199249268,-1.0884082317352295,-8.591402053833008,3.215888023376465,0.9900440573692322,1.2172890901565552,-4.8537702560424805,-7.384275913238525,-8.663342475891113,4.864693641662598,0.4255404472351074,4.007614612579346,-3.633658409118652,-3.8649613857269287,-1.9819353818893437,0.6521729826927185,2.381929874420166,9.475130081176758,-3.630368232727051,-1.92006516456604,1.6452960968017578,0.800018310546875,-1.449028730392456,0.561221718788147,-3.3883204460144043,-1.7722418308258057,-0.3833672702312469,2.2999393939971924
10,-181.75637817382807,147.00753784179688,-28.354564666748047,10.389918327331545,-3.184868812561035,9.023028373718262,0.850830078125,1.8673900365829468,-7.62384557723999,-8.902067184448242,-6.857496738433838,6.568360805511475,-4.803147792816162,-7.099959373474121,-11.6038236618042,1.1460555791854858,-1.457129955291748,4.169828414916992,0.8053540587425232,-10.491652488708496,-13.805486679077148,7.5840959548950195,4.973001480102539,4.08493709564209,-3.5825443267822266,-5.350442886352539,-5.576518535614014,-2.421597719192505,3.864228248596192,12.944114685058594,-5.518242359161377,-5.143317222595215,2.1707396507263184,-0.0130539825186133,-0.9903804063796996,0.6309729814529419,-4.617424011230469,-6.7493510246276855,0.3587966561317444,9.6927490234375
10,-173.2946014404297,148.14146423339844,-27.28536605834961,11.462597846984863,-4.723347187042236,4.899677753448486,-0.5902107357978821,3.815583944320679,-2.707216024398804,-6.184849739074707,-10.798978805541992,1.0839442014694214,-2.9408774375915527,-2.7499594688415527,-7.824169158935547,2.1823644638061523,-3.641030788421631,-0.4058421552181244,-2.5051305294036865,-8.528806686401367,-7.983270168304443,6.065750598907471,0.6594824194908142,2.6911184787750244,-3.481670379638672,-3.890395402908325,-4.250246047973633,-0.8456509113311768,5.672304630279541,11.69310188293457,-4.897962093353272,-6.23519229888916,0.8188812732696533,0.0088232401758432,-1.577561616897583,0.2686951160430908,-2.175168037414551,-4.014636516571045,-1.1110618114471436,5.420825958251953
10,-128.54513549804688,137.37042236328125,-18.083908081054688,6.739726543426514,-8.094093322753906,1.644774317741394,-11.403538703918455,3.5182878971099854,-3.510478973388672,-1.5281331539154053,-9.480250358581545,-3.0244810581207275,-13.020716667175291,-0.4307347238063812,-9.9396333694458,-3.617066383361816,-11.219648361206056,-7.124664306640625,-7.269813537597656,-5.177493095397949,-3.615666151046753,7.515932559967041,1.256570816040039,5.27178430557251,-3.5010852813720703,1.9355193376541135,-4.309165000915527,-2.7581286430358887,-0.2823503911495209,8.30473518371582,1.1316452026367188,1.0988333225250244,-4.04082727432251,-0.9429972171783448,-3.5902533531188965,0.1318797767162323,-5.213542461395264,-1.762263536453247,-2.332509279251098,4.39992618560791
9,-77.2247543334961,76.95387268066406,7.355826377868652,0.2319162786006927,-1.535352110862732,1.936846613883972,-14.14759922027588,0.6239065527915955,-4.4022135734558105,7.036747932434082,-7.98638105392456,4.903007984161377,-1.373451590538025,5.222650051116943,-4.16256856918335,7.657161712646484,-8.111604690551758,7.133205413818359,1.6183416843414309,5.740883827209473,1.1863856315612793,-0.136934220790863,9.1007080078125,1.7754993438720703,5.428553581237793,3.335428476333618,4.493350028991699,4.560196876525879,-4.125324249267578,0.9480332136154176,-3.7944142818450928,3.240543365478516,-0.2334698736667633,3.6848747730255127,-2.253276824951172,4.226118087768555,-2.9111149311065674,4.821559906005859,-2.1463053226470947,5.565426826477051
9,-93.1785125732422,83.25947570800781,-12.312167167663574,5.850168704986572,-2.409991502761841,-3.123840093612671,-11.524272918701172,2.08838438987732,-9.121282577514648,8.911516189575195,-4.716865539550781,3.984710931777954,-0.9550033211708068,12.16177463531494,-4.769252777099609,7.608749866485596,-4.2871809005737305,8.365005493164062,-1.0728665590286257,6.169514179229736,4.632183074951172,1.4172700643539429,7.100516319274902,-0.6549609899520874,2.1153712272644043,2.83514404296875,5.480205059051514,4.3033061027526855,0.4192674160003662,4.749139785766602,-4.311786651611328,4.215620040893555,0.95987069606781,5.28796911239624,-2.119319200515747,3.2679831981658936,-0.607307493686676,5.229376316070557,-3.034463405609131,3.2091219425201416
9,-118.71080017089844,110.60133361816406,-17.896753311157227,5.028253078460693,6.239818096160889,3.426438093185425,-13.588988304138184,-3.424577474594116,-0.9656590223312378,0.9561695456504822,-5.652486801147461,6.178988933563232,-1.4224680662155151,6.847569465637207,-2.654716730117798,7.71852970123291,-4.459664821624756,5.913327217102051,1.4551512002944946,1.4821304082870483,0.1320034265518188,4.790298461914063,4.9158616065979,0.6119738221168518,5.442490577697754,5.143848419189453,2.821863889694214,3.775186777114868,0.9951090812683104,5.718812942504883,-2.0438337326049805,4.067544460296631,0.8727426528930664,5.284313201904297,-0.8246816992759705,4.589015960693359,0.4696882963180542,5.4968085289001465,-3.153968811035156,3.1709463596343994
9,-85.62287139892578,71.41915130615234,14.421838760375977,-0.383493423461914,-0.809301495552063,1.1244765520095823,-12.615056991577148,3.16828727722168,-4.7468037605285645,4.238549709320068,-9.743599891662598,4.918874740600586,-1.844793915748596,6.329260349273682,-4.647840023040772,10.07598114013672,-5.90418004989624,8.100738525390625,1.2990285158157349,8.245170593261719,5.653212070465088,0.1535750329494476,4.593215465545654,-1.1903653144836426,4.954106330871582,3.230355739593506,5.732600212097168,6.06121301651001,-2.568733692169189,-1.6331642866134644,-8.845451354980469,2.1305034160614014,0.1676284521818161,4.782406330108643,-1.8426522016525269,5.232039451599121,-0.2142779380083084,4.57274866104126,-2.4144058227539062,6.47525691986084
9,-77.13449096679688,83.55777740478516,6.093052387237549,-3.1560757160186768,-3.2168209552764893,-2.24719762802124,-14.53515911102295,2.6737520694732666,-8.40713882446289,6.425094127655029,-8.69507884979248,1.7888721227645874,-4.935818672180176,8.469669342041016,-5.935185432434082,8.358112335205078,-3.757794618606568,8.897031784057617,-0.4246536791324615,11.04636573791504,6.019185543060303,-3.432321786880493,3.683222532272339,0.8294060230255127,6.649101257324219,5.301729679107666,8.726859092712402,5.637469291687012,-2.652066707611084,-1.6870135068893433,-10.232409477233888,0.9171686172485352,1.2811356782913208,4.41567325592041,-2.611384630203247,5.082311630249023,0.2498548477888107,5.367031574249268,-0.3445422053337097,6.648582935333252
9,-92.01515197753906,62.69052505493164,19.74102783203125,8.300345420837402,6.270442008972168,-1.1459383964538574,-8.69885540008545,2.348106861114502,-7.171848297119141,7.913456439971924,-9.364517211914062,7.11611795425415,-1.7970563173294067,8.36288070678711,-3.139425754547119,8.835653305053711,-7.851687908172607,7.664653778076172,-2.5696468353271484,1.7883085012435913,-1.9977998733520508,-2.475123167037964,5.1244940757751465,-1.4426946640014648,6.372130393981934,3.652550220489502,5.279948711395264,7.829699993133545,-0.2354829013347625,3.512843132019043,-2.8713324069976807,4.027331352233887,0.1731808930635452,4.633027076721191,-1.6096234321594238,5.064517974853516,-3.372843027114868,0.2260295003652572,-4.068902015686035,6.082571983337402
9,-77.85865783691406,71.48715209960938,4.914334297180176,3.0844085216522217,9.007513046264648,-0.1870268434286117,-14.653834342956545,0.5286450982093811,-6.270743370056152,5.323451519012451,-9.904717445373535,8.378373146057129,-1.2769291400909424,10.676152229309082,-1.1825402975082395,9.04111671447754,-7.881290435791016,9.127299308776855,0.1243491619825363,0.705832839012146,-1.0275436639785769,-0.3337888419628143,5.919197082519531,-0.4655352532863617,6.925437450408936,3.571784496307373,5.00319242477417,6.715240478515625,-0.2100117653608322,3.6387321949005127,-4.439947605133057,1.8708055019378664,-0.0588118694722652,5.762182235717773,-1.7719334363937378,3.99670934677124,-2.491867780685425,1.9403200149536133,-5.329014301300049,4.839789867401123
9,-107.60144805908205,64.71931457519531,8.433547019958496,3.893929481506348,9.02301025390625,0.3238356113433838,-11.156258583068848,2.947939872741699,-4.4237895011901855,9.01742458343506,-6.866707801818848,9.63961696624756,-1.7054227590560913,9.497438430786133,-1.5586603879928589,9.54909610748291,-7.035017967224121,11.255396842956545,-0.1661847531795501,1.1692742109298706,-1.5232055187225342,-2.3341801166534424,7.251755714416504,-0.6596114039421082,5.974177360534668,2.5805256366729736,3.308490753173828,5.21090030670166,-0.6530870795249939,3.971833467483521,-3.920666694641113,3.053522825241089,0.5390758514404297,4.753489017486572,-0.4914941191673279,4.947529315948486,-1.94518518447876,1.3158248662948608,-5.356827735900879,6.022237777709961
9,-132.92221069335938,67.38457489013672,15.485060691833496,4.208157539367676,1.0812697410583496,1.1233583688735962,-5.207545280456543,1.0451712608337402,-6.433868885040283,9.80990219116211,-5.845847129821777,6.419492721557617,-3.1306498050689697,6.607829570770264,-4.102440357208252,10.366140365600586,-6.658397674560547,8.621182441711426,-2.512033700942993,6.179950714111328,1.5387213230133057,-3.0237796306610107,6.830668926239014,0.8452608585357666,4.523541927337647,4.553924083709717,5.048118591308594,5.651856899261475,-1.2762229442596436,2.7363686561584477,-6.288398742675781,2.983251571655273,-1.45660400390625,4.170056343078613,-1.0310063362121582,5.194289207458496,-2.645319700241089,1.9499431848526,-3.2665817737579346,4.87140417098999
9,-164.21449279785156,94.80062103271484,8.144983291625977,9.590567588806152,1.6815224885940552,1.2382264137268066,-6.947979927062988,1.856056571006775,-2.004883289337158,7.353066921234131,-2.605297565460205,6.866783142089844,-1.6406069993972778,5.87677812576294,-4.222737312316895,7.526177406311035,-4.8189215660095215,7.1676025390625,0.3060730993747711,4.629631996154785,4.784782409667969,0.6872130036354065,6.286925792694092,0.3483152091503143,4.073140621185303,4.203012943267822,3.0028929710388184,4.2635908126831055,-0.8373756408691406,6.323296546936035,-3.22163724899292,3.3117997646331787,1.9614622592926023,3.8224053382873535,-1.8430709838867188,3.623969793319702,-1.153192162513733,3.807973623275757,-2.1786885261535645,4.05203104019165
9,-150.2356414794922,97.01886749267578,15.836454391479492,-6.785647392272949,-7.740250110626221,2.2288172245025635,-4.114379405975342,4.9818501472473145,-5.274948120117188,13.69157886505127,-4.855728626251221,5.653003215789795,-3.683899164199829,7.15569543838501,-4.820902347564697,11.14162540435791,-10.005470275878906,9.886918067932127,-0.6311166286468506,6.357421875,5.879218101501465,1.0119763612747192,9.821871757507324,3.179096221923828,5.818681240081787,1.560383677482605,2.8692007064819336,5.340890884399414,1.2465460300445557,4.064484119415283,-1.874460339546204,8.822505950927734,4.359173774719238,6.613423824310303,0.6295007467269897,4.919560432434082,-1.2359673976898191,1.97286319732666,-4.625731468200684,4.485980987548828
9,-83.1602554321289,86.92291259765625,5.85592794418335,0.688197135925293,-0.7779750823974609,3.911219596862793,-11.364898681640623,1.417198896408081,-6.281581401824951,6.124857425689697,-11.508639335632324,-0.5714900493621826,-8.965597152709961,5.575494289398193,-6.125452995300293,8.797457695007324,-7.863663196563721,12.54396915435791,-0.3839201331138611,7.805261135101318,1.876821517944336,1.444353699684143,8.116564750671387,2.719080686569214,9.560505867004396,5.27147388458252,3.934044599533081,5.700494289398193,0.7009963393211365,3.4536125659942627,-3.7233407497406006,5.065309524536133,1.4823192358016968,5.732100486755371,-0.492371141910553,6.187860488891602,-0.0202012248337268,3.8169898986816406,-2.3993072509765625,5.3948845863342285
9,-133.63035583496094,124.11170196533205,-8.75374984741211,8.61252212524414,-7.217559814453125,4.982369422912598,-13.447195053100586,-1.1519695520401,1.8157378435134888,7.320483207702637,-7.534938812255859,4.332420825958252,-5.488930702209473,6.523938655853272,-4.050053119659424,7.5126261711120605,-2.2748234272003174,5.0087409019470215,1.746752381324768,5.878163814544678,1.6355410814285278,2.7904727458953857,1.9253884553909304,5.88918924331665,2.260199546813965,6.492289066314697,1.3248651027679443,6.000821113586426,-1.7393790483474731,0.7076969742774963,-4.464772701263428,2.537240028381348,-0.2992173433303833,3.628711462020874,-0.1053844094276428,3.826259136199951,1.3001866340637207,3.5905275344848637,0.4935406744480133,2.631596803665161
9,-99.03983306884766,61.47477722167969,17.68111801147461,1.6956225633621216,-1.0253686904907229,2.4173872470855717,-3.482184886932373,4.469857215881348,-5.505241870880127,9.573724746704102,-3.721513986587525,6.452643871307373,-1.8516837358474727,5.615625858306885,-4.638365745544434,9.46189022064209,-4.9582133293151855,9.234648704528809,-0.6697884202003479,5.606054306030273,0.5707234144210815,-1.6824771165847778,7.356343746185303,-2.9978036880493164,4.581974029541016,2.7269399166107178,2.8590328693389893,4.576808929443359,-1.3110535144805908,3.230438709259033,-6.629994869232178,4.063981056213379,1.139542579650879,5.932255744934082,0.0172631591558456,5.882181644439697,-2.157023429870605,3.0544838905334477,-4.500298500061035,5.245316982269287
9,-100.45465850830078,69.81277465820312,16.26740837097168,4.605856895446777,-1.4805912971496582,1.5800788402557373,-6.367640495300293,3.137948513031006,-7.914680480957031,8.938035011291504,-3.989289522171021,6.189715385437012,-2.806938886642456,4.991262912750244,-4.201833724975586,8.764324188232422,-5.855633735656738,9.077598571777344,-0.5017560124397278,6.218209266662598,2.539553642272949,-2.6089675426483154,6.64199161529541,-1.4823086261749268,4.92816686630249,3.702593564987183,4.904319763183594,5.188987255096436,-2.8700320720672607,2.912691831588745,-6.788394927978516,2.075233697891236,-1.2700191736221311,5.153631687164307,0.6183674335479736,5.537515163421631,-2.618302345275879,2.6527421474456787,-3.2521867752075195,4.751571178436279
9,-90.4322280883789,69.47195434570312,13.455496788024902,3.255415916442871,-5.602422714233398,2.4863100051879883,-5.801631927490234,3.675373792648315,-2.28844690322876,10.487935066223145,-3.6036884784698486,5.93904972076416,-4.661357879638672,5.276575565338135,-4.247106075286865,9.246622085571287,-7.721403121948242,5.19383716583252,-1.9688150882720947,3.793436288833618,2.614577054977417,2.565518856048584,8.311200141906738,-1.5506863594055176,3.8174445629119873,2.257143497467041,3.693390369415283,2.9237802028656006,-2.849182367324829,1.5498136281967163,-4.256370067596436,4.549415588378906,0.7886846661567688,5.261456489562988,-0.227238118648529,5.275308132171631,-3.660486459732056,2.070266008377075,-4.505762577056885,3.864722013473511
9,-72.7831039428711,89.08560943603516,0.7197257876396179,-6.16825008392334,-7.770689964294434,-1.373794436454773,-15.053961753845217,-2.886529922485352,-5.143275260925293,8.000937461853027,-5.4486613273620605,1.720083236694336,-4.7025146484375,7.361256122589111,-3.400873899459839,6.827486991882324,-5.834959030151367,8.602763175964355,-0.8841028809547424,5.792241096496582,3.6721036434173584,0.6733415126800537,7.528752326965332,3.199171781539917,6.817363262176514,4.172831058502197,4.101626873016357,3.6537675857543945,-3.0687572956085205,1.7925697565078735,-4.336117267608643,4.016976356506348,-0.219907060265541,5.037018299102783,-0.7763983011245728,4.623988628387451,-1.2729889154434204,2.620348691940308,-2.151001214981079,4.637417793273926
9,-66.07882690429688,81.02288055419922,2.1734347343444824,-6.153491020202637,-12.32250690460205,-6.570972442626953,-9.131083488464355,3.254164218902588,-3.101179361343384,9.153556823730469,-1.4729208946228027,2.905627727508545,-3.815500497817993,8.185310363769531,-4.737407684326172,7.515182018280029,-5.769144058227539,8.811687469482422,-1.5577194690704346,4.489130973815918,0.5605846047401428,-1.6654648780822754,4.563022136688232,2.65140438079834,5.804204940795898,2.3144917488098145,3.1225850582122803,4.1656670570373535,-2.078826427459717,2.0112011432647705,-4.592351913452148,4.869396209716797,-0.3860373198986053,6.714508056640625,1.9968593120574951,5.84689998626709,0.0614833496510982,3.870436191558838,-1.2728173732757568,3.9791901111602783
9,-48.025516510009766,89.55137634277344,-10.769593238830566,-5.132795333862305,-13.857447624206545,-8.588377952575684,-9.52152156829834,0.9375582337379456,-5.559554576873779,8.90160846710205,0.4529996514320373,0.5946614742279053,-6.672908782958984,7.998173713684082,-7.469142436981201,8.579954147338867,-4.240183830261231,5.917329788208008,-3.212661027908325,6.214454174041748,2.0616161823272705,1.9672192335128784,4.971436023712158,2.2831296920776367,5.579967975616455,2.19839859008789,2.315080165863037,3.427020311355591,-1.3265548944473269,2.3564884662628174,-4.432256698608398,3.173248767852783,-1.2263877391815186,5.69213342666626,0.9429892897605896,4.599414348602295,-1.2392284870147705,2.357460021972656,-1.8847695589065552,4.598577499389648
9,-130.047119140625,67.22227478027344,19.61280059814453,-5.783589839935303,-2.787052869796753,7.18488359451294,-2.775064706802368,2.9166269302368164,-5.095797538757324,10.038962364196776,-1.6791300773620603,4.841141700744629,-4.075168609619141,7.933091163635254,-2.561859607696533,10.999834060668944,-7.131763935089111,8.882901191711426,-2.2659051418304443,6.179328918457031,1.8389503955841064,-0.1330597996711731,7.025179862976074,-2.160721063613892,4.32692813873291,2.0153398513793945,4.881579399108887,5.586508274078369,-0.1132457479834556,5.223902225494385,-4.933995246887207,5.002736568450928,3.3661882877349854,6.859004497528076,1.1274343729019165,5.83375883102417,-4.05185079574585,2.148254156112671,-1.9973490238189695,5.748190879821777
9,-163.42210388183594,120.43865203857422,-0.6896209120750427,8.380166053771973,-1.35825514793396,3.912744045257568,-12.95268440246582,0.0312388874590396,1.0369925498962402,2.6224822998046875,-6.020894527435303,3.675736904144287,-3.6428089141845694,7.974382877349853,-3.3675765991210938,6.101703643798828,-2.4994053840637207,4.978395462036133,1.1818629503250122,3.5035488605499268,2.956406354904175,4.039243698120117,2.1058335304260254,4.262704372406006,5.005520820617676,8.788631439208984,3.499894857406616,5.586069107055664,0.6228411793708801,3.949446678161621,-2.477926731109619,2.509300947189331,-0.5993492007255554,4.329966068267822,-1.488800048828125,3.5810680389404297,0.8077337741851807,4.716602325439453,-0.3192615807056427,3.030958890914917
9,-73.5434799194336,97.0885009765625,-0.6798591613769531,-3.7721426486968994,-4.6956467628479,-1.110121726989746,-16.17121124267578,-6.751253128051758,-5.774363994598389,5.373983383178711,-5.208269119262695,1.675029993057251,-7.298943996429443,7.373714923858643,-5.915109157562256,5.368308544158936,-7.0548272132873535,6.949471473693848,-1.6560308933258057,4.5357208251953125,4.680903434753418,2.637904405593872,8.018754005432129,3.8379406929016113,7.262745380401611,5.693057537078857,1.6549742221832275,2.950416088104248,-2.4508285522460938,3.4480059146881104,-1.9548269510269165,4.92354679107666,0.1094095632433891,6.283623695373535,1.4548263549804688,5.557027339935303,-0.4003324210643768,4.162790298461914,-2.6592438220977783,2.978595733642578
9,-74.06620025634766,94.1679458618164,5.246866226196289,3.473986387252808,-1.2357439994812012,5.052112102508545,-15.418212890625,-4.632431507110596,-4.488284111022949,5.829138278961182,-6.081204891204834,0.95606791973114,-8.267295837402344,4.660107612609863,-7.514110565185547,6.676231384277344,-4.711583614349365,4.795689582824707,-1.935430765151977,3.83902907371521,1.6747307777404783,0.5577144026756287,4.694684028625488,-1.4762866497039795,6.448270320892334,2.9555819034576416,1.4302088022232056,2.959904432296753,-1.2607009410858154,3.5957751274108887,-3.3237392902374268,4.118320941925049,1.4907315969467163,4.981304168701172,-1.3598843812942505,4.884340286254883,-1.5427757501602173,3.055827379226685,-4.260919094085693,3.788745403289795
9,-64.07533264160156,85.75466918945312,-3.083454132080078,0.2010371088981628,0.234554573893547,2.744334936141968,-15.914416313171388,-0.6999790668487549,-4.769426345825195,4.583324432373047,-9.441762924194336,5.211339473724365,-2.1615490913391118,5.579340934753418,-3.692379951477051,8.992116928100586,-6.8935322761535645,7.239668369293213,0.7649986147880554,3.976783990859986,1.3391058444976809,0.3885204792022705,8.867870330810547,-1.0322222709655762,5.826751232147217,2.261277675628662,3.395993709564209,5.599569320678711,-1.8977717161178589,2.717079401016236,-4.838929176330566,3.310177803039551,0.5862883925437927,4.759202003479004,-2.177065134048462,4.82534646987915,-1.5348923206329346,3.5922908782958984,-3.3965115547180176,3.78927493095398
9,-106.40159606933594,66.40232849121094,18.35599136352539,5.780651569366455,2.129410982131958,3.3522205352783203,-6.504539966583252,3.606797695159912,-3.732268810272217,11.09550952911377,-7.123978137969971,4.00242280960083,-3.994988679885864,5.651041030883789,-3.3203470706939697,8.192888259887695,-9.9132661819458,6.925508975982666,-0.6980538368225098,6.025619983673096,2.192304372787476,-1.9327963590621948,6.520936965942383,-0.2830919921398163,4.760344982147217,1.2648948431015017,3.302210092544556,5.155858039855957,-3.448436975479126,2.0455915927886963,-4.609865188598633,3.614169597625733,0.6280598640441895,5.160577297210693,0.1657087504863739,5.935215473175049,-2.700295925140381,3.3755924701690674,-3.619815826416016,5.791860103607178
9,-94.67298889160156,62.75352096557617,14.35085105895996,10.49774169921875,4.028215408325195,2.981527805328369,-2.554267168045044,4.4408698081970215,-4.880039691925049,9.411050796508787,-4.390487194061279,3.4679148197174072,-4.665006637573242,4.565456390380859,-5.364804744720459,6.797642230987549,-9.967728614807127,5.717512130737305,-2.4520351886749268,3.753873825073242,-0.1076499223709106,-0.5326855778694153,6.462718486785889,-2.4687228202819824,4.27797269821167,0.6775654554367065,2.183988094329834,3.7485191822052,-2.143246650695801,3.1200737953186035,-3.343212366104126,4.865708351135254,1.8051674365997317,6.445642948150635,0.1200232952833175,5.591323375701904,-4.20760440826416,2.206479549407959,-3.3429887294769287,5.168548583984375
9,-102.11824798583984,98.29602813720705,-10.15689754486084,9.832542419433594,-0.9794949889183044,0.308080106973648,-13.714299201965332,-0.7857309579849243,-4.463675498962402,2.116561889648437,-0.2878576815128326,2.1515188217163086,0.2003679275512695,7.364727973937988,-2.3137965202331543,7.73182487487793,-6.027798175811768,5.021236896514893,2.763021230697632,4.555359363555908,0.0130564076825976,4.5079755783081055,3.5768747329711914,0.3941364586353302,3.974515199661255,4.234443664550781,2.459106683731079,5.118974685668945,-1.05234694480896,3.050264835357666,-5.082265377044678,2.485023260116577,0.1423080116510391,3.7586355209350586,-2.245051860809326,2.1589555740356445,-0.7147595882415771,4.6642842292785645,-2.6151726245880127,3.753637790679932
10,-233.11849975585935,163.9344024658203,-43.070796966552734,-21.170509338378903,-35.66465759277344,-28.82636260986328,-16.296977996826172,14.840721130371094,-24.86847877502441,3.185363531112671,3.4397547245025635,4.848170757293701,2.1184332370758057,10.633343696594238,4.707454204559326,12.715577125549316,11.00718593597412,3.551987409591675,0.8905826210975647,4.892868518829346,2.7824995517730717,-1.3860688209533691,0.8173204660415649,9.330398559570312,-5.388533592224121,1.5378048419952393,3.736038208007813,-0.694485068321228,-0.6250642538070679,3.621274471282959,-2.566589117050171,-4.792642116546631,-3.318814277648926,-1.4353567361831665,-1.8533552885055544,4.248418807983398,7.728744029998779,-0.8144651055335999,0.7159804701805115,-1.7392061948776243
10,-341.5888061523437,153.42832946777344,-17.072994232177734,-10.231185913085938,-19.559356689453125,-10.741154670715332,-0.4000608325004577,15.223065376281738,-6.344479084014893,4.274705410003662,12.62747573852539,11.34451961517334,8.266796112060547,12.855717658996582,11.750682830810549,11.084461212158203,12.131218910217283,7.632082462310791,1.0307838916778564,1.536566138267517,8.888825416564941,7.491488933563232,9.935609817504885,7.168221950531006,-4.302099227905273,0.3634929060935974,5.682631015777588,1.1213394403457642,1.911715030670166,4.006221294403076,-3.448786735534668,-2.256312608718872,2.8207247257232666,5.58572244644165,2.156996488571167,1.9617637395858765,5.833438873291016,-2.0023837089538574,-2.0370543003082275,-2.9828782081604004
10,-302.9850769042969,139.93435668945312,-31.41700935363769,-10.455452919006348,-16.440082550048828,-11.42877960205078,-1.434593677520752,8.542784690856934,-10.699642181396484,2.715623378753662,11.271202087402344,9.991799354553224,11.47169589996338,13.817635536193848,2.9508419036865234,3.014005184173584,2.897965431213379,-4.294132232666016,-3.5085837841033936,8.410063743591309,11.185378074645996,-0.2841047942638397,-1.2763534784317017,5.316478729248047,-0.1695379912853241,-0.2577369213104248,4.337688446044922,-0.8358668684959412,0.5462821125984192,-0.1820700317621231,-4.99487829208374,-2.638469696044922,0.5551525950431824,4.887408256530762,-3.4742090702056885,-0.0079168155789375,-1.811739921569824,-3.7998108863830566,-4.648469924926758,-2.660928249359131
10,-306.6405639648437,161.10606384277344,-37.33855438232422,-8.529956817626953,-24.178163528442383,-10.29780101776123,-4.566410064697266,7.863972187042236,-15.297945976257324,1.9500011205673216,12.20887565612793,5.713003635406494,1.4682523012161257,7.5489678382873535,2.5487349033355717,6.714048385620117,2.6765472888946533,-3.203286409378052,-2.7593679428100586,6.135045528411865,6.100931644439697,-1.3810911178588867,-1.286181092262268,1.6747692823410034,-2.5658180713653564,0.0854970887303352,4.128739833831787,-0.7281790375709534,2.8736040592193604,0.3389754891395569,-2.323305606842041,-0.1652323752641677,-2.546692371368408,2.0972917079925537,-1.223824977874756,1.2863800525665283,-0.1048010364174842,-1.3446308374404907,-2.6315741539001465,-3.135632038116455
9,-140.12002563476562,74.0007553100586,-63.50190734863281,-0.9301359057426452,-6.533479690551758,8.708295822143555,-6.276993751525879,-0.2233832031488418,-14.119340896606444,2.072911500930786,-6.700193405151367,10.550559997558594,-7.716183185577393,5.590895652770996,-4.31146764755249,9.80510425567627,0.0412470661103725,12.330769538879396,7.489822387695312,11.530925750732422,2.335656881332397,4.474576950073242,-0.1956519037485122,8.666642189025879,-2.0188450813293457,5.514932632446289,-4.690717697143555,1.7891606092453003,-5.679267883300781,4.200010299682617,-1.5088956356048584,5.393260478973389,-1.2535359859466553,7.541845321655273,-0.3757446408271789,4.82529354095459,-1.5149273872375488,2.409116506576538,-3.4624552726745605,4.156036376953125
9,-131.5813446044922,80.41592407226562,-77.8287582397461,-17.622156143188477,-12.030259132385254,5.856092929840088,-7.380127429962158,-0.4001791179180145,-15.119390487670898,0.025154797360301,-7.808803081512451,12.119796752929688,-6.210460662841797,1.2210654020309448,-0.4601902663707733,17.050704956054688,4.534142017364502,11.867558479309082,10.131720542907717,12.546298027038574,2.939638614654541,3.651918888092041,0.1024747639894485,10.156256675720217,-3.066622257232666,3.878805637359619,-7.214616775512695,2.626595973968506,-3.105848789215088,4.332534313201904,-1.220061421394348,6.623027801513672,-0.7306263446807861,7.743513107299805,-1.6246055364608765,3.5706441402435303,-1.250831961631775,2.041886329650879,-2.7160940170288086,3.899470806121826
9,-184.96751403808597,80.64126586914062,-37.76085662841797,9.304290771484377,-6.985970973968506,-1.0261788368225098,-5.560145378112793,2.3571510314941406,-8.566012382507324,-1.4967530965805054,-6.41932487487793,6.958089828491211,-2.7468247413635254,4.812455654144287,-6.559931755065918,7.643086910247803,5.8351731300354,9.773335456848145,2.848597526550293,7.163540363311768,1.3705168962478638,3.1723434925079346,-3.257659435272217,3.1342406272888184,-1.032696008682251,2.8762805461883545,-4.65531587600708,2.8366174697875977,-2.269670248031616,4.144334316253662,-2.423240423202514,5.676382064819336,0.850843071937561,3.857863664627075,0.8221582770347595,4.411230087280273,0.7824260592460632,2.315342903137207,-2.1613659858703613,3.0241756439208984
9,-109.13477325439452,76.58743286132812,-110.42748260498048,-8.933009147644043,-1.5277847051620483,0.2999618649482727,-6.513640880584717,4.465742588043213,-13.166289329528809,-2.200530767440796,-9.266955375671388,11.465752601623535,-1.3318487405776978,4.426672458648682,-5.260127067565918,9.254227638244627,-1.4769878387451172,10.337392807006836,-0.0219735167920589,7.521278381347656,1.6337735652923584,7.814038276672363,-0.3109832108020782,10.81552028656006,-0.6385451555252075,8.863266944885254,-1.9196484088897705,7.731764316558838,-2.6993753910064697,5.153396129608154,-2.3792099952697754,3.65523362159729,-2.642325162887573,3.747055768966675,-1.7640990018844604,3.963715076446533,0.1008616089820861,2.623136043548584,-0.9098746180534364,4.981380939483643
10,-131.4834442138672,121.36223602294922,4.424509048461914,-15.043521881103516,19.35124969482422,-14.753533363342283,0.7815426588058472,-2.080461978912353,-2.1821835041046143,1.97094988822937,2.008896350860596,11.317526817321776,15.422348022460938,5.239884853363037,0.059133730828762,-10.482300758361816,-3.869263410568237,0.4632165431976318,-2.309634208679199,2.524829626083374,-4.996425151824951,0.5408675074577332,-0.0017853409517556,3.138209342956543,-3.07100510597229,-1.3917752504348757,-7.411352157592773,-1.4538304805755615,-6.275297164916992,1.6387362480163574,-1.1614949703216553,1.6370000839233398,-1.1120574474334717,2.1610090732574463,-0.6749092936515808,3.448366403579712,-0.3138723969459533,1.7148147821426392,-1.7144834995269775,1.283922791481018
10,-229.5977020263672,86.6393814086914,38.47409057617188,-9.720909118652344,39.773284912109375,-3.4626424312591557,18.378097534179688,8.698598861694336,0.0460116229951381,-0.6066213250160217,-0.974345088005066,11.98267936706543,9.425437927246094,-1.311116099357605,1.2511026859283447,-2.738953113555908,7.640594959259033,-3.384962320327759,-3.3369953632354736,13.117998123168944,-7.59028434753418,-1.2135440111160278,4.472516536712647,1.410900592803955,-5.524416923522949,1.222472071647644,-3.9455599784851074,0.4870442450046539,-5.553378105163574,1.9499709606170652,-2.7554080486297607,1.373766541481018,-0.4709587693214416,0.9292412996292114,-2.7145795822143555,2.872853279113769,-2.948992729187012,0.3030806183815002,-0.2560686767101288,3.055020809173584
10,-237.30755615234372,87.67137908935547,44.93388748168945,-10.097310066223145,42.72407150268555,1.0772275924682615,17.55501365661621,8.855533599853516,0.7879174947738647,1.443978190422058,-0.1524462252855301,7.743611812591553,6.252301216125488,-2.6161413192749023,4.084758758544922,0.82094407081604,8.628092765808105,-1.7827926874160769,-4.0927019119262695,7.698606967926025,-7.20628547668457,-2.2243576049804688,0.135725051164627,-0.5781980156898499,-4.111961841583252,0.0681980028748512,-3.2096526622772217,1.6936123371124268,-5.9404296875,3.2055037021636963,-1.7531026601791382,3.9398598670959473,2.578864097595215,2.586350440979004,-0.2212681770324707,4.473855972290039,-1.1734058856964111,0.8415301442146301,-0.396377831697464,2.4822916984558105
10,-237.42367553710935,79.31210327148438,40.7337646484375,-5.446576118469238,32.96192169189453,2.867014646530152,16.62923812866211,8.544309616088867,4.074765682220459,-0.6384819746017456,0.6174678206443787,11.967015266418455,7.985398292541504,1.3912125825881958,4.905533790588379,0.5097848176956177,6.015658378601074,-2.387788772583008,-4.3577189445495605,8.415162086486816,-2.9748785495758057,1.0514981746673584,2.5467145442962646,2.4527528285980225,-5.84361457824707,0.2182851880788803,-3.991361141204834,1.0662866830825806,-7.340615272521973,-0.7933512330055237,-3.565490484237671,0.2699001431465149,0.4642461538314819,4.131932258605957,-0.862325131893158,2.972018957138061,-2.8077855110168457,2.4882328510284424,0.3636253476142883,2.609086751937866
9,-241.2633514404297,136.49542236328125,-49.60188293457031,-18.67410659790039,-34.00731658935547,-28.84125518798828,-32.3111686706543,-24.61834144592285,-32.87976837158203,-19.188446044921875,-16.945463180541992,-11.964996337890623,-25.717079162597656,-23.28872299194336,-23.070222854614254,-8.963934898376465,-13.89325714111328,-1.035425066947937,-1.6840474605560305,2.601269245147705,-6.436861991882324,-3.99074387550354,-1.049302101135254,6.49583911895752,1.6177915334701538,-2.760104179382324,-1.1066826581954956,7.803967952728271,4.904458999633789,-1.250820875167847,-8.797554969787598,3.783071994781494,-0.5593148469924927,-2.7430553436279297,0.1944323480129242,8.392561912536621,-1.1305958032608032,4.912384033203125,-0.654903769493103,-2.880361557006836
8,-107.96728515625,248.6414794921875,-136.06719970703125,13.113758087158203,30.867176055908203,-57.621376037597656,28.840431213378903,17.232820510864258,-32.40311050415039,18.04068756103516,-5.10898494720459,-21.44644927978516,23.36776351928711,0.1051768064498901,-6.601932048797607,16.429847717285156,-14.2819242477417,-11.914859771728516,7.746641159057617,-11.569987297058104,0.1143303588032722,7.085831642150879,-15.024144172668455,-3.0063416957855225,0.4160650074481964,-10.718660354614258,5.024794101715088,0.1172474473714828,-11.82249355316162,-0.5321505069732666,-8.126182556152344,-10.703539848327637,3.719872951507568,-2.76889705657959,-2.1330063343048096,4.294958591461182,-8.371203422546387,-5.329058647155762,2.401385545730591,-4.401646137237549
8,-107.2866439819336,249.5813751220703,-135.15345764160156,13.883357048034668,31.431285858154297,-57.07242965698242,29.526018142700195,17.596216201782227,-31.9739990234375,18.37636375427246,-4.876600742340088,-21.869686126708984,23.27353286743164,0.4184850752353668,-6.1957526206970215,16.513229370117188,-14.097526550292969,-11.946718215942385,7.822041034698486,-11.240155220031738,0.4642964601516723,7.1504387855529785,-14.445368766784668,-2.0657289028167725,0.8740438222885132,-10.761845588684082,5.405735969543457,0.6535634994506836,-11.445192337036133,-0.1175971254706382,-7.412472248077393,-9.899033546447754,4.459887504577637,-2.431612491607666,-1.9531694650650024,4.538261413574219,-7.976222515106201,-4.6630635261535645,3.0439298152923584,-4.40880823135376
8,-107.21100616455078,252.0791015625,-134.622802734375,14.35790729522705,31.852367401123047,-57.52194595336914,30.034656524658203,18.40345573425293,-31.66495704650879,18.884252548217773,-4.762221813201904,-21.609811782836918,23.85161018371582,0.8234030604362488,-5.891951560974121,16.89864158630371,-13.853453636169434,-11.470666885375977,8.051948547363281,-11.099947929382324,0.8042405843734741,7.282520771026611,-14.279772758483888,-1.9133819341659544,0.3232841789722442,-10.957075119018556,5.856101512908936,0.938346028327942,-10.813626289367676,0.6662381291389465,-7.398755073547363,-9.808820724487305,4.867969989776611,-2.299904584884644,-1.8530217409133911,4.69648027420044,-7.710963726043701,-4.330461502075195,2.841930627822876,-4.685889720916748
8,-107.4639663696289,251.8059539794922,-134.8804473876953,14.177054405212402,31.786521911621094,-57.520633697509766,30.165868759155277,18.137548446655277,-32.188804626464844,18.617691040039062,-4.798784255981445,-21.4995231628418,23.519989013671875,0.0121760284528136,-6.33127498626709,16.615257263183594,-14.24503231048584,-11.404276847839355,8.095699310302734,-11.38451862335205,0.8687719702720642,7.44633150100708,-14.712173461914062,-2.314264297485352,0.4126583039760589,-11.099534034729004,5.481265544891357,1.0449362993240356,-10.74032211303711,0.5576945543289185,-7.181732177734375,-9.974079132080078,4.085595607757568,-2.655115842819214,-1.8533204793930051,4.745387554168701,-7.472070693969727,-4.319626808166504,2.5123119354248047,-4.738615989685059
8,-110.27362060546876,252.95407104492188,-135.56729125976562,15.468323707580566,32.29752349853516,-57.66449737548828,29.630277633666992,17.261241912841797,-32.919227600097656,18.620874404907227,-4.566676616668701,-21.425556182861328,23.110816955566406,-0.5568989515304565,-6.5013957023620605,16.735937118530273,-14.653918266296388,-11.95038604736328,8.058869361877441,-11.737707138061523,0.2673301994800567,7.415664196014404,-14.623899459838867,-2.4203989505767822,0.2752001881599426,-11.57642650604248,5.185891151428223,1.03507399559021,-11.02426052093506,0.4549454748630523,-6.644541263580322,-9.727394104003906,3.712315797805786,-3.1428680419921875,-2.093430995941162,4.647650241851807,-7.648515224456787,-4.78946590423584,2.147650957107544,-4.861974239349365
5,-136.0327911376953,72.34649658203125,-5.911990642547607,13.701448440551758,0.4059949219226837,19.11764144897461,0.2260577082633972,12.449719429016112,-1.4954116344451904,6.544031620025635,-1.4605377912521362,4.8163228034973145,-3.89408540725708,4.336397647857666,-5.92038106918335,0.0743327066302299,-5.191828727722168,2.5911033153533936,-4.395130157470703,1.3087255954742432,-7.432656764984131,-0.6035639643669128,-6.288963794708252,0.1176853403449058,-4.9958086013793945,1.4530497789382937,-3.348366498947144,0.8065857887268066,-5.875169277191162,-0.0328928679227829,-5.401412963867188,0.4881035387516022,-3.7249557971954346,-0.0948804318904876,-4.843254089355469,-1.4364354610443115,-4.423025131225586,0.4845442175865173,-4.707749366760254,-0.5337116718292236
5,-120.0526123046875,72.0805435180664,-12.110845565795898,14.383954048156738,-4.719501972198486,16.84452247619629,-0.8624894618988037,12.617304801940918,2.903693437576294,7.878983974456787,-1.2410446405410769,5.089358806610107,-4.754369258880615,3.333665370941162,-6.652977466583252,-1.7452871799468994,-6.711308479309082,1.786428689956665,-2.415433645248413,1.8965277671813965,-6.833034515380859,1.2280919551849363,-5.280097484588623,0.2292656451463699,-5.169961929321289,0.3518656194210052,-5.10058069229126,0.321288526058197,-4.6065850257873535,0.5823646187782288,-4.874776840209961,0.7176129221916199,-4.936842918395996,-1.088063359260559,-4.841714859008789,-0.4599530100822449,-4.709885597229004,-0.91623717546463,-4.857787609100342,-0.1690858155488968
5,-64.78179168701172,25.54609680175781,-22.36886978149414,9.135226249694824,1.8576571941375728,16.02005958557129,-2.599858522415161,7.06085729598999,1.5546058416366575,9.697500228881836,1.8021360635757449,7.625819683074951,-4.770490646362305,0.8938108086585999,-4.99252462387085,3.2266528606414795,-2.660423040390014,1.4318767786026,-3.816509962081909,3.1396329402923584,-3.598129749298096,1.0158478021621704,-5.0913848876953125,3.488358497619629,-2.62740421295166,0.7649557590484619,-4.233855724334717,-0.6225236654281616,-5.738359451293945,-0.3660198152065277,-7.778925895690918,-0.5627304911613464,-3.840163469314575,-0.9488964676856996,-4.615012168884277,0.5219551920890808,-4.737922668457031,-2.7322301864624023,-2.970997810363769,0.4286795258522033
5,-99.30042266845705,59.27799224853516,-12.857247352600098,13.553733825683594,-5.0442214012146,13.88685131072998,-3.366743564605713,13.127729415893556,3.3774406909942627,8.328389167785645,-1.5807851552963257,4.921926498413086,-6.791640281677246,2.089062213897705,-5.95835018157959,-0.6993361711502075,-7.459101676940918,0.8851926922798157,-2.279465436935425,2.5731489658355717,-6.86307430267334,-0.6818642020225525,-6.4439377784729,0.2964377403259277,-4.314046859741211,0.701819121837616,-4.732011795043945,-0.9279202818870544,-4.94569206237793,0.3602898120880127,-5.181979179382324,-0.3902040719985962,-4.1719160079956055,0.3721092045307159,-3.458129644393921,-0.2007086873054504,-4.629062175750732,-1.0160561800003052,-3.75044584274292,-0.1453591883182525
5,-105.04334259033205,61.86813735961914,-8.152474403381348,17.235158920288086,-5.398608207702637,13.580806732177734,-4.756629943847656,11.84885025024414,0.9312207102775574,6.248188018798828,-1.456880807876587,5.267824649810791,-8.404781341552734,1.8315855264663696,-5.876817226409912,1.7586930990219116,-3.9049065113067623,1.2867379188537598,-3.962362051010132,1.226499319076538,-7.091167449951172,-0.9287486672401428,-5.360251903533936,-0.4370627105236053,-4.4903998374938965,2.3702638149261475,-3.458540439605713,-1.065173864364624,-4.631577491760254,1.0881298780441284,-5.12375545501709,-0.803410530090332,-3.7796919345855713,1.66737961769104,-1.4086686372756958,1.017143487930298,-4.6907958984375,-1.054648518562317,-4.71439790725708,-1.8560519218444824
5,-106.36474609375,60.320289611816406,-9.093520164489746,20.32286262512207,-5.308385372161865,13.99932861328125,-5.034355163574219,10.82294750213623,1.051051378250122,4.359041690826416,-1.323916792869568,6.718551635742188,-6.953552722930908,2.2011404037475586,-5.959706783294678,0.6497691869735718,-2.000497341156006,2.482465982437134,-3.86953353881836,0.128951147198677,-7.462310791015625,0.4001654386520386,-3.857920646667481,0.0038292945828288,-4.2934417724609375,2.6721553802490234,-3.7947208881378174,-0.7593187093734741,-4.630317687988281,2.530534267425537,-3.55617356300354,-0.2297032922506332,-4.529895782470703,1.9766302108764648,-0.6233384013175964,1.4684159755706787,-4.683191776275635,-1.5916197299957275,-5.5195088386535645,-2.0832130908966064
5,-92.99159240722656,49.47315216064453,-12.127012252807615,19.18003463745117,-4.223099231719971,15.396507263183594,-3.9524080753326416,11.27748680114746,-0.4615660607814789,5.021300792694092,-1.2032585144042969,7.637370586395264,-5.04274845123291,2.4796199798583984,-6.401201248168945,-0.8700538873672485,-2.297807455062866,1.6197638511657717,-5.4928388595581055,-1.5276411771774292,-8.04146957397461,1.690194845199585,-3.8430254459381104,0.2255237996578216,-4.4332356452941895,1.5350522994995115,-3.822610378265381,-0.7031539082527161,-6.491459369659424,0.6011419892311096,-2.847958564758301,-0.2371777594089508,-5.641751289367676,1.7880799770355225,-1.5641571283340454,-0.5795039534568787,-4.214774131774902,-0.5197181105613708,-5.45594596862793,-1.4081071615219116
5,-113.2681121826172,70.37345123291016,-21.8477840423584,16.664051055908203,-0.4729316234588623,15.899304389953612,-5.32280969619751,7.96299934387207,2.3625173568725586,6.362969875335693,-5.4674973487854,5.2021002769470215,-6.904144287109375,3.431900978088379,-2.248563766479492,2.9480998516082764,-3.2635998725891118,1.207344651222229,-3.4737837314605717,0.3182869553565979,-8.678962707519531,-1.2387405633926392,-3.5726678371429443,1.7863689661026,-3.709437370300293,0.625278115272522,-2.1303200721740723,0.342652827501297,-6.64915657043457,-1.1701924800872805,-5.156735420227051,1.7074912786483765,-2.390326976776123,0.2421363443136215,-2.746221780776977,1.460651397705078,-3.47304105758667,-0.2210400551557541,-3.04984450340271,-1.142820954322815
9,-70.69297790527344,-11.402310371398926,-32.5035514831543,-19.90494537353516,-26.7509880065918,-3.229727506637573,-14.854785919189451,-3.497952699661255,-7.215715408325195,-4.150555610656738,-5.318269729614258,1.946225881576538,-2.3521108627319336,5.414891719818115,-3.3100764751434326,8.208569526672363,2.7659292221069336,3.935404062271118,1.9710774421691892,6.586446762084961,-2.3407230377197266,6.648564338684082,-2.0762407779693604,5.390156269073486,-0.6001871228218079,3.359822988510132,0.7726594805717468,5.583469867706299,0.5019259452819824,3.244710683822632,-3.60322642326355,2.4319348335266118,-0.4023371934890747,2.655003070831299,-1.557413935661316,1.7357773780822754,-2.235679626464844,0.958315908908844,-1.7152972221374512,2.163252830505371
9,-56.16846466064453,-13.651252746582031,-32.219322204589844,-21.04427528381348,-26.46901512145996,-3.2934675216674805,-15.415674209594728,-2.8943655490875244,-6.928082942962647,-3.7746832370758057,-5.242642402648926,1.3376320600509644,-1.918424248695373,4.748773574829102,-2.4690215587615967,7.095868110656738,3.395132541656494,4.030594348907471,2.2846243381500244,7.239703178405762,-2.750917196273804,6.382465362548828,-3.05618667602539,4.093813419342041,0.1967830806970596,3.477425575256348,1.522446870803833,5.722333908081055,0.367576390504837,3.582568645477295,-4.089847087860107,2.242516040802002,-1.1414023637771606,2.3103530406951904,-1.5293177366256714,1.93261194229126,-2.258424997329712,1.8760608434677124,-1.4316331148147583,2.651695728302002
9,-57.965476989746094,-12.17242431640625,-32.41583633422852,-21.372583389282227,-27.028100967407227,-3.441833734512329,-15.05357265472412,-3.6971514225006095,-6.578276634216309,-4.083663463592529,-5.519361972808838,0.3970259428024292,-1.7514115571975708,5.171771049499512,-1.858484387397766,6.916460037231445,3.371367216110229,4.557540893554688,2.684044361114502,7.021844387054443,-2.7646405696868896,5.516088962554932,-2.497352123260498,4.805711269378662,-0.0008259150199592,3.159461975097656,1.5497794151306152,5.808548450469971,0.6965824365615845,3.5662107467651367,-2.372082233428955,2.097620010375977,-1.5675193071365356,2.9357595443725586,-1.5833144187927246,2.4391391277313232,-1.8730027675628664,1.73364520072937,-1.800100564956665,2.83276915550232
9,-48.598670959472656,-13.9100923538208,-33.67413330078125,-20.350833892822266,-27.12800025939941,-3.100229501724243,-14.677016258239746,-3.710261583328247,-7.743088722229004,-5.542806625366211,-5.9112324714660645,0.7926806211471558,-1.2074607610702517,6.23568868637085,-0.7695280909538269,7.334543228149414,2.3077354431152344,5.097108840942383,1.978564500808716,5.901522636413574,-1.9693931341171265,4.929694652557373,-2.3455615043640137,5.0898542404174805,-1.0305771827697754,3.5724663734436035,1.5695242881774902,6.370038986206055,0.5554600358009338,2.7421555519104004,-2.378899574279785,1.9435114860534668,-1.952246904373169,3.707958459854126,-1.3617428541183472,1.7889658212661743,-1.9035136699676516,1.3993674516677856,-1.502656102180481,2.800696849822998
9,-37.13909149169922,-17.362838745117188,-33.73370742797852,-19.447566986083984,-25.926040649414062,-2.8190839290618896,-14.543042182922363,-2.7379541397094727,-9.580668449401855,-5.944477558135986,-4.85289192199707,2.168299674987793,-0.9105263352394104,6.334995746612549,-1.148303747177124,6.729421615600586,1.776539921760559,5.098249435424805,0.7080383896827698,5.118164539337158,-2.3314967155456543,4.830860137939453,-2.776358127593994,5.368476867675781,-0.1994945555925369,4.970202445983887,1.8802003860473635,5.885339260101318,-0.4504782557487488,1.6450823545455933,-4.618368148803711,2.628592014312744,-2.0375452041625977,2.749575138092041,-1.490415334701538,0.9352084398269652,-2.2348337173461914,1.7708431482315063,-0.6546142101287842,2.994800329208374
9,-88.63876342773438,-12.257159233093262,-29.620946884155277,-15.411758422851562,-28.343698501586918,-3.029680728912353,-13.494205474853516,-2.5928306579589844,-7.3481831550598145,-5.176928043365479,-4.62567949295044,2.6396846771240234,-2.0314829349517822,4.785073280334473,-4.347725868225098,6.953273773193359,0.2100191563367843,5.469695568084717,0.2680126428604126,5.077037811279297,-2.5367660522460938,5.371410369873047,-3.107590913772583,6.585178375244141,0.2996256351470947,5.12069034576416,1.2577682733535769,5.666440963745117,0.3502322435379028,0.9501606225967408,-3.222944498062134,3.80902910232544,-1.5606013536453247,1.8064409494400024,-0.8174232840538025,0.9519936442375184,-2.655442237854004,1.7567445039749146,-0.7862686514854431,3.141585350036621
9,-477.7471008300781,88.61014556884766,5.411876678466797,19.69586181640625,-17.137006759643555,16.683916091918945,0.548359751701355,-13.3713960647583,27.0198917388916,3.831289052963257,-14.130980491638184,25.681703567504883,-12.030125617980955,17.202482223510742,9.312286376953123,4.667550563812256,8.748878479003906,13.432961463928224,-11.246957778930664,12.67966651916504,-4.850270748138428,-0.8028229475021362,1.0508224964141846,-0.929259717464447,1.616824507713318,5.765152931213379,-0.9948417544364928,4.843095779418945,1.7112051248550415,-0.3006559312343597,2.391955852508545,4.287015438079834,2.474142551422119,3.63834810256958,-1.8295215368270876,2.027012348175049,-2.8170480728149414,1.784450650215149,-1.832191824913025,3.0556366443634038
9,-489.9845581054688,80.92063903808594,8.20245361328125,26.045808792114254,-12.453818321228027,18.53261947631836,1.114499568939209,-14.66653823852539,24.99306869506836,4.633171081542969,-12.705766677856444,26.22296714782715,-11.938626289367676,15.884915351867676,7.8950934410095215,3.284878969192505,6.609395503997803,12.383277893066406,-11.804380416870115,13.3115234375,-2.5664584636688232,0.7912440896034241,3.16505765914917,-0.3170973062515259,0.2338982671499252,3.9236016273498535,-3.078496217727661,3.6170287132263184,2.868133783340454,0.2172935307025909,2.4831271171569824,3.5287327766418457,1.261409878730774,3.909644365310669,-1.3523266315460205,3.293704032897949,-0.6910033226013184,3.065286874771118,-2.2009944915771484,2.556238889694214
9,-492.6016845703125,76.3292007446289,7.907567977905273,27.27851867675781,-11.117476463317873,20.257551193237305,3.5491702556610107,-13.353686332702637,25.97943878173828,3.818747520446777,-12.025032043457031,27.82718849182129,-12.105316162109377,15.646981239318848,6.364772796630859,2.858225107192993,6.742453575134277,11.97018051147461,-14.130623817443848,12.818342208862305,-1.9115365743637085,1.0873035192489624,1.271939992904663,-0.7797316312789917,2.792943954467773,5.9922709465026855,-2.042128086090088,4.512667179107666,3.475960731506348,-0.1862535029649734,1.0569024085998535,2.122084379196167,0.0331728719174861,3.5668768882751465,-1.5307879447937012,2.0346004962921143,-1.4184681177139282,2.953921318054199,-2.2742300033569336,3.07170844078064
9,-497.4010925292969,72.31734466552734,7.398378372192383,28.703279495239254,-9.762836456298828,22.940671920776367,6.487224102020264,-12.8600435256958,24.110620498657227,3.4891064167022705,-11.225629806518556,27.72138977050781,-12.382451057434082,13.96543788909912,4.472116470336914,1.8325470685958865,6.342859745025635,11.943635940551758,-12.491110801696776,13.219568252563477,-1.9297195672988887,2.4744834899902344,2.5295565128326416,-0.1695186197757721,1.970135807991028,4.80068826675415,-3.2636055946350098,2.793035984039306,2.849036931991577,1.248451590538025,1.8743375539779663,1.8612325191497805,0.0881333127617836,3.1003212928771973,-1.9017002582550049,2.4196760654449463,-1.7180429697036743,2.9532809257507324,-2.293266534805298,2.3844573497772217
8,-324.1160583496094,84.35823822021484,13.37748908996582,-5.305708408355713,-1.9737621545791624,1.8632824420928955,5.402312755584717,-9.002891540527344,8.086091995239258,-8.99460506439209,1.7645878791809082,-0.0678250938653945,-5.379184246063232,-0.2736739218235016,-5.772993564605713,-0.4506809413433075,-4.397099494934082,1.939316272735596,-7.237478256225586,4.179724216461182,-6.961165428161621,4.558769226074219,-5.291268348693848,1.78955078125,-4.028004169464111,2.5317015647888184,-1.7675403356552124,1.8720372915267944,-1.0886263847351074,1.8124418258666992,-2.404036045074463,0.760928213596344,-3.4208388328552246,0.962148129940033,-2.2964608669281006,-0.1474567502737045,-2.237118721008301,0.6176872253417969,-0.9768980145454408,0.8857254385948181
8,-319.0001220703125,79.83767700195312,4.740572929382324,-3.3797600269317627,-5.709070682525635,2.8939194679260254,4.253766059875488,-7.129446983337402,6.177615165710449,-11.57014274597168,2.320054769515991,-0.7411195635795593,-6.531987190246582,-1.1614099740982056,-2.1971752643585205,-3.0999114513397217,-2.8902618885040283,1.508866548538208,-7.409742832183838,2.807774543762207,-8.00275707244873,4.085921764373779,-4.752779960632324,2.062392234802246,-4.068765640258789,2.5086419582366943,-1.849587559700012,0.8930873870849609,-2.3071649074554443,1.8100398778915403,-2.843805313110352,1.5368130207061768,-2.977255344390869,1.421776294708252,-1.777847170829773,1.3122175931930542,-2.552701234817505,0.6215458512306213,-4.072627067565918,1.764143705368042
8,-292.7139587402344,87.30371856689453,-18.87871742248535,-10.788053512573242,-7.665407180786133,6.904847145080566,7.56348991394043,-10.324849128723145,5.61304235458374,-15.919983863830566,-0.4055738449096679,1.8189473152160645,-4.540605545043945,-1.6745411157608032,-2.7205464839935303,0.0469317138195037,-4.07823371887207,2.2125089168548584,-8.206815719604492,3.868127822875977,-7.966499328613281,2.976146936416626,-6.3023786544799805,1.8200103044509888,-3.922219276428223,1.2320895195007324,-2.224931001663208,1.335291028022766,-3.050554752349853,1.6893340349197388,-3.683414459228516,1.8200905323028564,-4.4437255859375,-1.8225843906402588,-2.9972403049468994,-1.5634634494781494,-3.2118823528289795,0.8573178052902222,-3.320904493331909,0.4418744146823883
8,-315.1076965332031,72.55126953125,16.1202335357666,11.57578945159912,-6.719341278076172,13.438665390014648,4.117311477661133,-6.49039888381958,11.702717781066896,-14.173537254333496,3.218508005142212,5.067948818206787,-6.536498546600342,-0.6789647936820984,2.153890371322632,-2.750951051712036,-2.731945514678955,2.3674044609069824,-6.769359111785889,5.170513153076172,-6.734741687774658,3.213102340698242,-4.159064769744873,2.0328972339630127,-4.711384296417236,2.818822860717773,-4.001916408538818,0.8932182192802429,-3.504983425140381,0.892997145652771,-3.263977289199829,0.5354928374290466,-2.87449049949646,0.693022608757019,-2.8662445545196533,0.3337372541427612,-3.031252384185791,1.042870283126831,-3.807208299636841,1.1955164670944214
8,-304.9062805175781,76.8022689819336,3.344264507293701,7.326877593994141,-7.215527534484863,18.31741523742676,5.471571922302246,-6.835750579833984,10.658153533935549,-15.507830619812012,3.6817471981048575,7.115281105041504,-7.351300239562988,-2.484194278717041,0.1651390790939331,-1.498881220817566,-1.6004793643951416,2.3611955642700195,-6.883072853088379,3.4780876636505127,-6.284531593322754,3.624249219894409,-4.544192790985107,2.5859920978546143,-4.517730712890625,3.569352149963379,-3.699784755706787,1.4278481006622314,-1.9530820846557615,1.698650598526001,-3.5192995071411133,0.8395064473152161,-2.9814276695251465,1.834800362586975,-2.604356050491333,0.8699501156806946,-3.4507837295532227,1.118574142456055,-2.741931676864624,1.089880108833313
8,-317.771484375,80.97187805175781,8.988059997558594,0.7562363743782043,7.701517105102539,1.9074174165725708,8.218520164489746,-5.520976543426514,8.995085716247559,-10.76122760772705,1.720211625099182,2.8652586936950684,-5.750244140625,2.100424766540528,-4.878561973571777,1.5646480321884155,-5.687736034393311,2.355895757675171,-5.557054042816162,7.00752592086792,-9.308709144592283,1.7269712686538696,-4.567230701446533,4.700993537902832,-2.7741384506225586,2.104941368103028,-1.6085649728775024,3.81312894821167,-2.655040979385376,1.0988303422927856,-0.6849676370620728,3.386474370956421,-3.970940113067627,0.80352783203125,-1.963142156600952,-0.3391284942626953,-2.680190324783325,1.9697794914245603,-2.655073642730713,-0.7456133961677551
8,-312.5974426269531,71.35778045654297,16.122629165649414,15.928949356079102,-2.8517627716064453,16.12307357788086,3.646442651748657,-5.221319675445557,17.090970993041992,-14.594468116760254,4.62931489944458,6.383969783782959,-7.805157661437988,0.6669622659683228,1.1474162340164185,-2.854116678237915,-3.1628968715667725,3.7379891872406006,-5.967805862426758,5.368170261383057,-7.562839508056641,2.9519922733306885,-4.602704048156738,3.793119430541992,-6.239757537841797,1.6723551750183103,-3.2487382888793945,0.0984347537159919,-4.131839275360107,1.1564751863479614,-1.807015299797058,0.137754738330841,-4.954029083251953,0.1897645592689514,-3.8536977767944336,0.3638624548912048,-1.7148338556289673,1.497633695602417,-3.887845277786255,1.0362452268600464
8,-318.34716796875,67.39196014404297,15.861663818359377,18.42154693603516,-3.4267725944519043,11.418764114379885,1.6072067022323608,-5.739980220794678,17.831497192382812,-15.299776077270508,2.2591922283172607,5.9546732902526855,-7.719305992126465,-0.3522364497184753,-0.5088236927986145,-2.675581455230713,-3.3720922470092773,3.166861057281494,-6.841363430023193,4.450392723083496,-6.11778450012207,5.4804768562316895,-6.384774208068848,2.3430986404418945,-5.333388328552246,1.8246657848358157,-3.0487301349639893,-0.0911019369959831,-2.666304111480713,1.1248462200164795,-3.3418102264404297,-0.2168109267950058,-2.976449966430664,1.411229968070984,-4.241091728210449,-0.1650659292936325,-2.332658290863037,0.4929562509059906,-3.3666434288024902,1.500337839126587
7,-289.7530212402344,88.02479553222656,6.030065059661865,8.906712532043457,-10.256103515625,5.795929908752441,-8.746228218078613,-6.353043079376221,5.841013431549072,-11.618727684020996,-1.1415729522705078,2.562245607376098,-7.17837381362915,-1.5455127954483032,-2.556295156478882,-2.5935323238372803,-1.3717328310012815,0.8000655770301819,-6.6803789138793945,2.886316061019897,-7.1205363273620605,0.9885730147361756,-3.861902475357056,1.1661864519119265,-4.218692779541016,0.0591317750513553,-3.619389057159424,1.2890135049819946,-4.473042011260986,0.2998625040054321,-4.7492499351501465,1.7240262031555176,-5.052769184112549,1.5590720176696775,-4.04296875,0.2904970347881317,-1.7648837566375732,-0.8498908281326294,-3.849015235900879,-0.6020620465278625
7,-306.2530822753906,81.21405792236328,11.233718872070312,14.405255317687988,-10.888474464416504,7.039639472961426,-8.67741870880127,-5.541922569274902,5.783825397491455,-14.87179946899414,-1.0160720348358154,2.768656015396118,-5.843041896820068,-2.0567891597747803,0.7061924338340759,-1.8967976570129397,-1.919910550117493,1.4623234272003174,-6.078700065612793,4.459237575531006,-4.98546314239502,1.567893147468567,-4.625094413757324,1.265675663948059,-4.465450763702393,0.685773491859436,-4.217480659484863,0.5740858912467957,-4.544425010681152,0.7985552549362183,-5.517312049865723,1.6896932125091553,-5.163987636566162,0.6814523339271545,-4.411612510681152,-0.2514252066612243,-3.3457581996917725,2.3005619049072266,-2.4190807342529297,-0.1268529295921325
7,-302.0459899902344,71.87793731689453,4.335325241088867,18.8626766204834,-5.716809749603272,13.086698532104492,-5.079978466033936,-7.431840896606445,8.145452499389648,-13.70578956604004,0.9303682446479796,5.979642391204834,-5.95248556137085,-1.704545021057129,0.7278887033462524,-1.0928548574447632,-0.9009796977043152,1.6964147090911863,-6.65973711013794,3.1031007766723637,-4.237385749816895,1.5274543762207031,-5.815828323364258,0.4721079170703888,-3.7639970779418954,0.6268681287765503,-4.6732683181762695,-0.7514802813529968,-4.19043493270874,1.4452018737792969,-5.1575775146484375,1.4629396200180054,-4.996277809143066,2.2845137119293213,-5.18044900894165,0.2997424304485321,-3.2937004566192627,0.1350805461406707,-2.3663792610168457,0.2980989813804626
7,-283.76715087890625,39.40330505371094,0.7690893411636353,30.82352638244629,-21.50185203552246,19.779098510742188,-7.798956394195557,-5.341054439544678,12.377880096435549,-10.011980056762695,-0.3714179694652557,1.4604120254516602,-7.859798431396484,1.0937840938568115,0.8948882222175598,-4.650221824645996,2.043851375579834,1.8684711456298828,-7.305594444274902,2.773045539855957,-3.240309953689575,0.7320289611816406,-6.380801677703857,1.8804197311401367,-5.938646793365479,2.482595682144165,-6.316526889801025,0.6519206762313843,-4.110065460205078,4.298684120178223,-4.853724956512451,1.539939522743225,-4.592730522155762,3.232916831970215,-3.451965570449829,1.437677979469299,-0.3500411510467529,-0.506017804145813,-2.361069202423096,-0.3573375344276428
7,-306.12384033203125,24.2037410736084,5.683506488800049,33.74435043334961,-19.999679565429688,22.00973129272461,-4.885220050811768,-4.568336009979248,14.109200477600098,-15.611333847045898,-0.6284019351005554,2.771661758422852,-8.796371459960938,0.1915092319250106,-0.5378692150115967,-8.066423416137695,-1.088357925415039,1.021125078201294,-10.33126449584961,4.003531455993652,-5.146695137023926,-0.3222741782665252,-7.036498546600342,0.8282639980316162,-7.217976093292236,2.3728084564208984,-6.155377864837647,-0.4644745290279388,-4.6002583503723145,2.7519426345825195,-6.339442253112793,1.480259656906128,-4.370680809020996,2.6605799198150635,-5.065626621246338,1.1227277517318726,-3.2701070308685303,-0.0355159565806388,-1.8320307731628416,-0.6352549195289612
7,-294.2821655273437,34.3068733215332,11.759957313537598,33.691444396972656,-12.174257278442385,20.56471061706543,-2.706694364547729,-3.965170383453369,15.863831520080566,-17.60018539428711,-2.1414740085601807,3.601559638977051,-9.089245796203612,-2.639589071273804,3.0615055561065674,-6.08277702331543,1.1819965839385986,1.828753113746643,-7.485507011413574,0.6222919821739197,-5.448293209075928,0.5908312201499939,-5.515471935272217,0.7504349946975708,-7.469509124755859,2.9550106525421143,-4.452516555786133,0.0829924121499061,-4.816371440887451,1.8476791381835935,-2.3955886363983154,2.672642469406128,-4.385121822357178,3.204702854156494,-2.5633914470672607,1.5396183729171753,-2.430736780166626,1.9810353517532349,-1.5219670534133911,-0.2539369165897369
7,-308.3265686035156,29.53729057312012,4.77765417098999,32.28751373291016,-20.221269607543945,16.256412506103516,4.0586419105529785,-11.608552932739258,13.811203002929688,-16.793872833251953,-0.2708978354930877,4.565584182739258,-9.054444313049316,1.712006449699402,3.4242162704467773,-8.60753059387207,-0.5728665590286255,-3.1543519496917725,-7.563725471496582,4.664428234100342,-6.8900675773620605,-4.668299674987793,-6.478085041046143,2.804215431213379,-6.7013840675354,0.8320091366767883,-4.888611793518066,0.0065850936807692,-3.292220115661621,-0.4426444470882416,-4.633858680725098,1.9477781057357788,-5.786213874816895,0.914831519126892,-4.056743621826172,0.956961750984192,-3.027237892150879,0.5930778980255127,-2.1853485107421875,-0.8544681072235107
10,-281.7344970703125,103.3481674194336,8.322861671447754,-16.97359275817871,-3.2538349628448486,10.225454330444336,3.1278324127197266,4.9445414543151855,-2.6815338134765625,-0.8387528657913208,0.506276547908783,4.437944412231445,1.8686844110488887,-0.3734562993049621,1.1381185054779053,5.497119903564453,0.1909959018230438,6.018085956573486,-1.9256212711334229,3.941842555999756,-4.265707015991211,2.8219478130340576,-3.974037408828736,2.593183279037476,-3.776973247528076,2.331772327423096,-2.368870735168457,2.976149797439575,-2.829999685287476,2.5712387561798096,-2.0983407497406006,1.8488173484802248,-3.189411401748657,1.035984754562378,-3.823052406311035,-0.8285086154937744,-4.174081325531006,0.3104970157146454,-2.811318635940552,0.586007297039032
10,-289.44293212890625,104.20256805419922,9.558123588562012,-17.34543800354004,-2.668086528778076,13.175850868225098,4.794735908508301,4.651586055755615,-2.022658109664917,-1.4357669353485107,-0.1159202232956886,3.448970317840576,1.826583981513977,-0.0319532379508018,0.908807933330536,5.789263725280762,0.7121986150741577,6.076354026794434,-2.507751703262329,4.266469478607178,-4.2433857917785645,2.772611141204834,-4.4857177734375,2.2863948345184326,-4.512655258178711,1.285344123840332,-3.129200220108032,2.2308003902435303,-3.2245750427246094,2.5004546642303467,-2.2511682510375977,1.4196046590805054,-3.385372400283813,0.4382438063621521,-3.6908233165740967,-0.0106019750237464,-3.876850843429565,-0.1601979583501815,-2.832069635391236,1.1077868938446045
10,-308.4727783203125,116.33348083496094,2.2842557430267334,-16.657133102416992,0.421069860458374,13.943100929260254,4.784092426300049,3.2332305908203125,-2.1071105003356934,-0.4876257181167602,-1.6017416715621948,1.3754757642745972,-0.0398030951619148,0.7475945949554443,3.320687294006348,6.956774711608887,-0.910937249660492,5.016603469848633,-2.463141441345215,2.05756950378418,-4.32433032989502,2.6579370498657227,-4.780656814575195,1.922621488571167,-4.624896049499512,1.848852515220642,-4.877969741821289,0.8117391467094421,-4.53749418258667,2.306175470352173,-1.5020372867584229,2.587592363357544,-3.0906670093536377,0.0283656325191259,-3.840231418609619,0.1044209226965904,-4.665276527404785,-0.915703296661377,-3.2515368461608887,-0.7882494926452637
7,-272.6888732910156,93.38423919677734,28.98165702819824,-41.68326950073242,26.83811378479004,-21.87034797668457,13.244270324707031,-13.91975212097168,11.176775932312012,-14.40695858001709,6.550274848937988,-2.6363861560821533,-5.019457340240479,-1.1566691398620603,-4.347806930541992,2.1353883743286133,-8.313150405883789,7.165761470794678,-9.453716278076172,4.761166095733643,-6.953155994415283,5.349164009094238,-8.33414077758789,3.311742782592773,-6.763789176940918,2.5023083686828613,-5.669476509094238,2.9453158378601074,-2.731947898864746,1.443612813949585,-1.787403583526611,1.5550416707992554,-2.9051661491394043,0.6555280685424805,-2.821098566055298,0.3634220659732818,-2.670175075531006,0.1541448831558227,-2.2527015209198,0.4407676756381988
7,-264.08172607421875,88.2120132446289,18.97296142578125,-36.75942611694336,28.1646671295166,-18.983991622924805,10.575071334838867,-11.30615520477295,13.270484924316406,-16.51616859436035,8.544673919677734,-3.108522653579712,-5.391452789306641,-0.8317795395851135,-3.168149471282959,1.336430907249451,-7.139377593994141,7.814038276672363,-8.304567337036133,4.189284801483154,-5.25779390335083,5.41169023513794,-8.38296890258789,4.020653247833252,-5.3478546142578125,2.730159282684326,-4.964056968688965,3.4906139373779297,-2.6169674396514893,1.2948054075241089,-1.4786334037780762,1.8215196132659912,-3.3151841163635254,1.3515353202819824,-2.077925682067871,1.045662522315979,-2.522637367248535,1.1245477199554443,-2.165767192840576,0.7425751686096191
7,-305.4726867675781,99.10903930664062,42.81258392333984,-43.29494094848633,29.46751976013184,-21.2476749420166,15.828349113464355,-15.177278518676758,12.30389404296875,-11.809370040893556,4.031986236572266,-2.527834177017212,-0.9485477805137634,-2.5260703563690186,-4.158012866973877,2.2044663429260254,-7.287294387817383,5.936542510986328,-8.377432823181152,5.181655406951904,-7.472025394439697,4.2804365158081055,-6.354043483734131,3.37784194946289,-7.207698822021484,2.5808563232421875,-5.521897315979004,1.9981502294540403,-3.844313859939575,1.0725822448730469,-3.319028615951538,1.5948519706726074,-3.47837495803833,0.7841631174087524,-3.1763648986816406,0.9198005199432372,-3.340381383895874,-0.672974705696106,-3.4601945877075195,-0.6031437516212463
7,-282.130126953125,88.43598937988281,25.12190055847168,-36.254356384277344,34.537052154541016,-19.03608703613281,12.807442665100098,-11.492112159729004,14.81773567199707,-14.311796188354492,4.541257858276367,-1.2907840013504028,-3.2265660762786865,-2.315882682800293,-2.197616577148437,3.725909471511841,-6.278059959411621,6.05923318862915,-6.944833278656006,4.116421222686768,-9.506147384643556,3.054636001586914,-5.940453052520752,3.1841814517974854,-5.934993743896484,3.4539928436279297,-5.524293899536133,3.912443161010742,-4.705863952636719,0.6068926453590393,-3.456012964248657,1.2846291065216064,-3.753729820251465,0.9116130471229552,-3.34504771232605,-0.4287854731082916,-3.604247093200684,-0.4992793202400207,-3.1535916328430176,-1.6720166206359863
7,-401.6849670410156,156.64341735839844,-27.1510066986084,6.169749736785889,1.3021811246871948,4.121618747711182,-19.67658805847168,-0.544072151184082,3.5550692081451416,-1.5176352262496948,2.6130666732788086,26.133501052856445,11.625093460083008,9.525691032409668,1.4468238353729248,-3.917961597442627,-18.898759841918945,-6.80915117263794,2.6882777214050293,-0.0743413493037223,-17.59414291381836,-9.104819297790527,1.7102833986282349,10.561153411865234,2.8763885498046875,6.197469711303711,8.291980743408203,-2.1679887771606445,-9.94396686553955,-6.297607898712158,-0.8840709328651428,-5.501173496246338,-14.578286170959473,-5.263551235198975,-2.272606134414673,2.9186041355133057,8.505664825439453,12.949274063110352,-3.030208110809326,-10.056450843811035
7,-392.3463134765625,158.7849578857422,-30.694719314575195,5.49753475189209,1.1395817995071411,10.401618003845217,-20.917137145996094,-6.981923580169678,4.479658126831055,-2.062417984008789,4.199522495269775,27.424604415893555,11.073466300964355,8.864463806152344,2.5760624408721924,4.239469051361084,-15.50137710571289,-9.019713401794434,-1.8639912605285645,-4.139214515686035,-13.420469284057615,-2.027908563613892,1.9466726779937744,4.748563289642334,0.4220380783081054,12.094935417175291,4.346116065979004,-8.128409385681152,-6.952316284179688,1.901347279548645,1.8130244016647337,-6.410578727722168,-10.39063835144043,-1.548937439918518,1.704319953918457,1.9052376747131348,3.957688093185425,2.1758432388305664,-8.633182525634766,-4.062556266784668
7,-397.9598083496094,156.20018005371094,-29.35190200805664,1.8287692070007324,3.7476165294647217,14.564047813415527,-20.752424240112305,-8.609724044799805,1.073944330215454,-5.2106757164001465,5.432339668273926,32.73505401611328,14.822039604187012,6.819296360015869,-3.4328651428222656,5.730278968811035,-10.622764587402344,-7.501697540283203,-3.08245062828064,-2.9602551460266118,-10.30301570892334,-0.0185955241322517,2.8969242572784424,2.902940511703491,-0.4645265936851501,10.635689735412598,1.4210638999938965,-8.878762245178223,-8.24494457244873,3.195389747619629,3.1713008880615234,-4.888223171234131,-10.334024429321287,-1.7930738925933838,2.435267448425293,1.5458182096481323,3.5271143913269043,-0.6588923931121826,-9.76915168762207,-1.1162198781967163
7,-419.5334167480469,160.1094207763672,-13.00821590423584,5.678351402282715,-0.8835263848304749,6.048275470733643,-9.034162521362305,-4.486580848693848,3.5561230182647705,-3.729603052139282,-1.6828380823135376,15.101576805114746,15.369173049926758,8.069321632385254,4.499067783355713,3.801200389862061,-2.065558910369873,-3.2469851970672607,-3.720477342605591,-1.420141577720642,-3.06801176071167,-3.277827024459839,-2.8145673274993896,-1.123905062675476,2.5218160152435303,2.85538101196289,-0.2177957892417907,-2.213714838027954,-5.08582067489624,-0.4209789633750915,4.419496059417725,1.0389376878738403,-2.7237346172332764,-5.474932670593262,-4.82237720489502,-5.036379337310791,-1.7184395790100098,2.05294132232666,1.4019930362701416,-1.8377528190612795
10,-175.1376190185547,140.46163940429688,-81.45895385742188,-11.451497077941896,-11.944056510925291,-4.414290904998779,-3.4201250076293945,5.08494758605957,-1.6392035484313965,8.77352523803711,-8.037632942199707,1.0413824319839478,-4.501070976257324,-3.807797908782959,-6.081444263458252,2.09292984008789,-10.26059627532959,-0.0822698548436164,-2.902574062347412,-1.9747635126113887,-1.9540823698043823,1.4808515310287476,-6.722797870635986,4.253575325012207,-5.870882987976074,1.4968132972717283,-1.0824180841445925,-0.6799913644790649,-1.8176904916763303,2.235307216644287,1.7114603519439695,3.269822597503662,-0.986300766468048,-0.0251634195446968,-2.797468423843384,1.4408011436462402,1.6476134061813354,2.0433924198150635,1.4253902435302734,1.404181718826294
10,-105.4173812866211,147.98822021484375,-80.66377258300781,-11.87206745147705,-21.03778648376465,-6.250245571136475,-0.6418242454528809,4.337829113006592,-1.1152087450027466,3.421026945114136,-6.5167412757873535,2.9698596000671387,-2.9177937507629395,2.326021671295166,-7.431839466094971,-0.0252119302749633,-6.503787517547607,6.643707752227783,-0.4147277474403381,-2.286468505859375,-0.7116910219192505,-0.4136810600757599,-3.1799705028533936,1.9147320985794067,-3.936812400817871,1.277585744857788,-2.997079372406006,-5.02037239074707,-2.0916638374328613,6.712832927703857,-1.9709538221359253,0.927270531654358,-2.15279483795166,-1.176430583000183,-1.3931854963302612,2.558641195297241,-0.0739697813987732,1.2173104286193848,1.7980765104293823,2.55392861366272
10,-90.23751068115234,153.31256103515625,-75.58573150634766,-11.68206787109375,-17.532140731811523,1.035951852798462,-0.5931760668754578,3.1136715412139893,-0.6873651146888733,7.983039855957031,-4.386109828948975,4.488294124603272,-5.219671726226807,0.9053364396095276,-5.586593627929688,1.9761970043182373,-6.265655994415283,5.158817768096924,-2.904460191726685,-2.367397785186768,-3.9657540321350098,0.016184989362955,-5.98354959487915,7.447205066680908,-2.93990159034729,5.457410335540772,-3.9324703216552734,-2.1697885990142822,-0.5511923432350159,5.544025897979736,-1.0884243249893188,0.1216582357883453,-2.557802677154541,0.236063078045845,-3.854258537292481,3.7494382858276367,0.8107370138168335,0.591772198677063,-1.5617393255233765,1.214763045310974
10,-75.02111053466797,131.88839721679688,-82.54341888427734,-11.356335639953612,-11.604735374450684,-1.7516673803329468,-5.587870597839356,-0.624975860118866,-4.534163475036621,5.687778949737549,-9.590849876403809,1.1823984384536743,-5.122934341430664,5.787721633911133,-3.5995805263519287,5.955222129821777,-7.639482021331787,5.5837178230285645,-2.27082896232605,2.718505859375,0.5057300925254822,3.180143356323242,-2.52864146232605,1.139867663383484,-5.497941017150879,3.420133590698242,-2.0914418697357178,4.436068058013916,-3.6755259037017822,4.834340572357178,-2.298544883728028,0.4020830392837524,-5.294341564178467,1.2653180360794067,-0.977467954158783,2.7782866954803467,-1.6061365604400637,2.680271863937378,-1.4426491260528564,1.3767393827438354
10,-82.40060424804688,145.9404754638672,-77.68861389160156,-8.641586303710938,-16.580949783325195,-0.3685601353645324,0.0793417766690254,2.4260499477386475,-3.1950626373291016,7.44491720199585,-4.939352989196777,3.4412107467651367,-6.596263408660889,-0.3505891561508178,-7.971597194671631,-0.5792455673217773,-9.047497749328612,7.742056846618652,-2.9371092319488525,3.1758947372436523,-1.4714645147323608,1.635860562324524,-8.011629104614258,0.9516448378562928,-4.163166999816895,0.0162155944854021,-1.232765555381775,-0.6200497150421143,-2.17216157913208,3.7584095001220703,-3.53183913230896,-0.0654418617486953,-3.886826753616333,0.3291669189929962,-3.829049587249756,-0.3070522248744964,0.4000385701656341,0.4215970635414123,-2.6267921924591064,0.2489397376775741
10,-80.05039978027344,147.5795440673828,-79.82421875,-2.1654484272003174,-13.75876235961914,-1.0512326955795288,-1.8439512252807615,5.435030937194824,0.1788613498210907,7.579054832458496,-6.631637573242188,5.162500858306885,-7.036539077758789,1.6371228694915771,-3.991025447845459,1.208675503730774,-4.525721073150635,5.34138822555542,-1.2898063659667969,-0.9548025727272034,-4.118638038635254,3.0397119522094727,-5.463586807250977,5.4549241065979,-3.1327362060546875,2.4167709350585938,-3.692099094390869,-2.4022531509399414,-1.6909881830215454,5.815474510192871,-2.4215903282165527,1.4540396928787231,-3.289824962615967,-1.2171427011489868,-1.23982834815979,1.756754755973816,0.9611622095108032,-0.4597863554954529,-0.1943642050027847,-0.7196685075759888
10,-77.00313568115234,125.3161163330078,-26.099349975585938,14.881773948669434,-7.348322868347168,-2.9968268871307373,0.8713759779930115,6.518851280212402,-7.589992046356201,1.99552321434021,-3.8175606727600098,2.477830171585083,-10.258652687072754,-0.5942021012306213,-11.955546379089355,4.955854415893555,-4.851715087890625,8.149262428283691,-0.0689078122377395,4.434380054473877,1.3290202617645264,2.7293694019317627,-5.34614372253418,7.116535663604736,-3.504997730255127,2.414647102355957,-3.68773365020752,6.847440242767334,-5.906151294708252,9.786724090576172,-0.2228840291500091,6.785569667816162,-2.987059593200684,2.490222215652466,-1.3482872247695925,5.989589214324951,3.1325771808624268,8.577569961547852,3.539692640304565,4.482228755950928
10,-45.69738006591797,98.23249053955078,-28.672138214111328,21.234107971191406,-3.928733110427856,-6.286147117614746,-3.5910892486572266,7.740242958068848,-9.695642471313477,6.109729290008545,-3.736969470977783,6.645858287811279,-12.449577331542969,6.311673164367676,-11.804944038391112,4.90696907043457,-8.460880279541016,6.029077529907227,-1.995616436004639,7.646153926849365,0.9474591612815856,7.526598453521728,-8.000920295715332,6.779022216796875,-9.429104804992676,6.344586849212647,-4.580924987792969,2.920594930648804,-3.9173929691314697,9.994282722473145,-2.416351079940796,3.329617977142334,-3.79512619972229,3.230681896209717,-3.45259690284729,7.742464065551758,0.0659687742590904,5.553818702697754,-0.7240980863571167,5.725451469421387
10,-67.86259460449219,103.5644760131836,-20.91153717041016,16.615169525146484,-0.99665504693985,-4.447486877441406,-4.929324150085449,6.326319217681885,-10.205707550048828,0.5871639251708984,-5.944814205169678,1.0749613046646118,-14.197607040405272,3.832848310470581,-13.656670570373535,0.1599609702825546,-10.557374000549316,4.170285224914551,-7.25900936126709,-5.012086868286133,-10.865189552307127,1.815101981163025,-12.626299858093262,4.651349067687988,-5.521344184875488,6.1234660148620605,-2.1859350204467773,4.153597354888916,-5.301560401916504,4.996533393859863,-4.477209091186523,6.305036067962647,0.159399926662445,5.912566184997559,-3.9475486278533936,6.179487228393555,-4.058340549468994,6.359334945678711,0.9386571049690248,7.6971116065979
10,-78.8628921508789,119.37574768066406,-29.194860458374023,13.737281799316406,-1.1647305488586426,-6.144138813018799,-6.199230194091797,3.070725679397583,-15.385809898376465,0.6319953799247742,-6.826511383056641,0.4108401536941528,-14.121296882629396,1.7166550159454346,-14.477474212646484,-1.177846074104309,-16.101778030395508,2.7704222202301025,-8.294875144958496,-5.456482887268066,-10.591560363769531,-3.1386187076568604,-12.68532371520996,1.3057790994644165,-5.246430397033691,5.301644802093506,-2.818701267242432,6.415556907653809,-3.8337366580963135,3.928281307220459,-2.111867427825928,7.210415363311768,1.3268873691558838,8.398463249206543,-0.4882862865924835,6.51618242263794,-3.674816370010376,5.842409610748291,0.2484214156866073,8.598247528076172
10,-74.75489807128906,107.8984146118164,-26.94056510925293,21.583484649658203,-3.25309419631958,-11.56304168701172,-14.897351264953612,4.59279727935791,-14.413314819335938,-1.1634269952774048,-7.845142841339111,-5.309177875518799,-17.10326385498047,-0.8212918639183044,-11.97330093383789,2.345333814620972,-8.139866828918457,6.035438537597656,-7.371711254119873,-8.52005672454834,-8.32861614227295,1.8666090965271,-8.089925765991211,5.775933742523193,-3.913919925689697,11.029850006103516,-2.559246778488159,4.6874165534973145,-5.18659782409668,3.9231245517730713,-1.148848295211792,10.800436973571776,4.024715423583984,9.409384727478027,-2.964521646499634,3.5874812602996826,-1.4101871252059937,3.7698700428009033,-0.0029225212056189,4.335423946380615
10,-87.46117401123047,114.82975006103516,-25.31485366821289,13.433269500732422,-14.230048179626465,-16.029268264770508,-13.460805892944336,2.703699111938477,-15.418987274169922,0.5023104548454285,-5.890705585479736,1.0841200351715088,-15.521984100341797,5.384029865264893,-11.9680814743042,3.917451858520508,-3.258955478668213,5.123710632324219,-3.4932701587677,-2.2455949783325195,-7.1678876876831055,1.1663497686386108,-5.463619709014893,8.084741592407227,-4.979113578796387,7.807557106018066,-2.3280787467956543,2.504310369491577,-5.845415115356445,6.830248832702637,0.6057546734809875,6.492969512939453,-1.0491515398025513,6.218183994293213,-1.7517482042312622,7.989807605743408,1.2257150411605835,7.574733734130859,2.3595495223999023,2.3528451919555664
5,-68.18931579589844,119.11936950683594,-66.01094818115234,-15.490313529968262,-26.75187110900879,-3.2069451808929443,-11.118276596069336,1.886182188987732,-12.26697826385498,9.904431343078612,-5.1199140548706055,0.6705618500709534,-11.089709281921388,3.1019222736358643,-14.382835388183594,-0.3706800937652588,-6.499611854553223,5.778830528259277,-5.31812858581543,2.759385585784912,-6.070459365844727,4.5908522605896,-11.26044750213623,-2.299828290939331,-11.331088066101074,-0.3684263825416565,-1.8121132850646973,4.102853298187256,-1.999465823173523,1.5660643577575684,-3.841810941696167,-0.5901802182197571,1.3042808771133425,3.0544278621673584,-2.576432466506958,0.5259488224983215,-3.087402582168579,1.1534876823425293,-5.369643211364746,0.5209767818450928
5,-65.84838104248047,121.79141235351562,-70.00013732910156,-13.870072364807127,-15.091423988342283,-4.957422733306885,-10.360662460327148,6.2640485763549805,-12.691344261169434,13.871661186218262,-4.353786468505859,-1.3187237977981567,-13.104212760925291,3.9471852779388423,-13.576953887939451,4.699310302734375,-6.622857570648193,6.90880012512207,-3.825567960739136,0.9980893731117249,-3.790245771408081,6.524847984313965,-6.640844345092773,2.3261959552764893,-6.079132556915283,-0.3183256685733795,-1.1546635627746582,5.845154285430908,-1.028706669807434,3.74852466583252,-6.339890480041504,-3.946563243865967,-0.1269633769989013,7.305695056915283,0.6865899562835693,-0.6136297583580017,-4.787127494812012,1.7044349908828735,-5.881860733032227,-0.9652761220932008
5,-75.46417999267578,128.63861083984375,-70.88052368164062,-13.9108247756958,-16.88788414001465,-1.4635547399520874,-8.236854553222656,6.506467819213867,-10.946210861206056,15.73188018798828,-1.1743824481964111,-0.2899865508079529,-10.595541954040527,5.575216770172119,-11.425711631774902,6.191154956817627,-3.894906997680664,6.023369789123535,-4.471597671508789,2.960317611694336,-1.3356577157974243,7.768299102783203,-5.026542663574219,3.0370864868164062,-7.957022190093994,2.721233367919922,-0.7539568543434143,3.8997278213500977,-2.611647129058838,4.7179718017578125,-3.5851337909698486,-0.4711574614048004,2.0321643352508545,6.673545837402344,1.474838137626648,3.437302350997925,-1.7222485542297363,2.6692256927490234,-3.807713031768799,0.7591311931610107
5,-72.76696014404297,123.81974792480467,-68.4948501586914,-12.36198902130127,-20.875917434692383,-5.264791965484619,-7.631394863128662,4.562828063964844,-8.804268836975098,12.92988109588623,-0.6695939302444458,0.6901399493217468,-8.375432014465332,5.392032146453857,-10.757678031921388,4.080208778381348,-1.1816489696502686,6.444562911987305,-3.6942138671875,3.40898871421814,0.0801182091236114,5.8456711769104,-5.874040126800537,2.667774438858032,-9.801549911499023,3.720505475997925,-0.3198587894439697,2.817471504211426,-3.6579315662384033,2.4501383304595947,-4.715955257415772,1.3575280904769895,1.4732893705368042,6.375965118408203,1.108110427856445,4.748051166534424,-1.842966079711914,1.0971912145614624,-1.1992239952087402,1.54294753074646
5,-68.4838638305664,124.97542572021484,-71.99788665771484,-12.755062103271484,-23.44412612915039,-3.2479088306427,-6.005295753479004,1.3978996276855469,-3.5175023078918457,9.860189437866213,-5.074423789978027,-2.087573766708374,-10.355588912963867,1.5575580596923828,-13.600253105163574,2.705857515335083,-6.595587253570557,1.74066162109375,-2.459531545639038,3.627550840377808,-6.952762126922607,2.0812976360321045,-10.644033432006836,4.346117496490479,-7.875193119049072,2.882950782775879,-6.901046752929688,4.437960147857666,-3.300856828689575,2.427438497543335,-6.264682292938232,-1.1577255725860596,-3.104034900665283,2.3238816261291504,-3.1079015731811523,3.889108657836914,-2.3222110271453857,2.1300666332244877,-4.626742362976074,-0.7550479173660278
5,-67.64945983886719,121.97882080078124,-67.02709197998047,-16.114585876464844,-24.150707244873047,-6.27034854888916,-12.440906524658203,-1.5080639123916626,-11.512557983398438,12.102859497070312,-4.534704685211182,-2.069671630859375,-11.030037879943848,2.8035671710968018,-15.433032035827637,0.7319343686103821,-5.17110538482666,5.865857601165772,-4.850249767303467,1.175167202949524,-6.534303188323975,3.7831082344055176,-12.797075271606444,0.1478210836648941,-10.621820449829102,3.0556023120880127,-1.1716164350509644,4.479871273040772,-6.277850151062012,-2.3877933025360107,-3.99076771736145,-0.0063039967790246,0.4943771064281463,4.008739471435547,-3.765527248382568,-0.0737011432647705,-1.989265203475952,2.152292490005493,-3.5331594944000244,1.2654759883880615
8,-410.363037109375,22.64075469970703,8.546958923339844,32.6046028137207,12.525177001953123,-13.88494110107422,10.921814918518066,3.99068021774292,-27.320785522460938,2.6964199542999268,2.766237258911133,-16.832664489746094,-0.8110402822494507,1.0812394618988037,-11.464232444763184,-1.2227100133895874,6.902143955230713,-8.016080856323242,2.620059967041016,35.55509185791016,11.664116859436035,25.49199867248535,5.967677116394043,-1.6626930236816406,-10.68964672088623,5.115434169769287,5.351441860198975,-0.4477702379226684,-14.401832580566406,-7.587164402008057,-12.9866304397583,3.7824130058288574,-10.988120079040527,-13.86893081665039,-20.68516159057617,1.7462764978408811,-5.465527534484863,0.2822165489196777,9.347925186157228,33.896785736083984
7,-176.09881591796875,-64.38092803955078,-3.4693453311920166,53.28799819946289,-5.812463283538818,-19.619802474975582,-1.8085377216339111,8.413066864013672,-36.61323165893555,6.216064929962158,1.1921879053115845,-8.727082252502441,-4.184996604919434,5.895297050476074,5.733832836151123,13.77248764038086,27.461435317993164,26.015701293945312,5.347898960113525,8.383766174316406,-11.0584716796875,9.001153945922852,0.4165680706501007,6.267733573913574,-14.215240478515623,-13.655177116394045,-28.900564193725582,12.022055625915527,-11.614459991455078,-11.21251106262207,-5.440200805664063,19.3298282623291,34.64628982543945,13.393898010253906,10.117956161499023,16.3397159576416,-9.756413459777832,-17.136272430419922,-7.384298324584961,17.50756072998047
7,-170.24851989746094,-50.85361862182617,-10.163376808166504,52.54926300048828,-6.787405014038086,-23.31764411926269,-3.3968610763549805,9.108901023864746,-33.80279541015625,1.3396741151809692,2.814444303512573,-12.247312545776367,-6.919294357299805,5.6686625480651855,3.722130298614502,16.10553741455078,28.68746566772461,28.207210540771484,9.270983695983888,10.500911712646484,-13.870951652526855,7.256844520568848,2.3176565170288086,8.845490455627441,-11.941946029663086,-11.042779922485352,-23.43830680847168,12.231191635131836,-10.172380447387695,-13.071223258972168,-3.610402584075928,21.08279228210449,30.575244903564453,12.31724452972412,7.675715446472168,16.830867767333984,-6.0270514488220215,-12.19551944732666,-4.554774761199951,18.30898094177246
10,-241.24459838867188,72.51346588134766,11.568854331970217,25.372663497924805,7.673405647277832,20.104530334472656,2.542950391769409,17.051706314086914,-4.483373165130615,16.50341033935547,-6.002528667449951,13.347393989562988,-4.516386985778809,9.79509162902832,-2.3166987895965576,7.405964851379394,-5.975244998931885,5.86032772064209,-5.443684101104736,2.5957984924316406,-5.324141979217529,7.668478012084961,-7.585762023925781,7.358604431152344,-7.208066940307617,7.173740863800049,-7.279176712036133,7.472594261169434,-5.1519775390625,8.515880584716797,-7.250435829162598,7.624096870422363,-6.036940097808838,3.5083742141723637,-3.370410680770874,4.5920515060424805,-3.661088466644287,1.8413528203964236,-2.1741926670074463,0.9400559663772584
10,-231.5155792236328,76.31875610351562,9.286877632141112,21.69704818725586,5.641452789306641,18.758846282958984,5.245035171508789,16.323787689208984,-2.9836742877960205,16.1337890625,-4.372361183166504,13.171135902404783,-4.109736442565918,7.820913791656494,-2.7620272636413574,6.537251949310303,-4.96670389175415,4.21373987197876,-3.954489707946777,1.8249940872192385,-3.8009192943573,8.061375617980957,-6.468350410461426,7.76760721206665,-5.8602399826049805,7.291868209838867,-7.384046077728271,5.997283458709717,-6.479866027832031,8.285634994506836,-7.743193626403809,8.487751007080078,-6.453274726867676,5.140987873077393,-4.235371112823486,5.7049713134765625,-4.754796504974365,3.196293592453003,-2.891318321228028,2.103867292404175
10,-230.5259246826172,56.3336067199707,12.650911331176758,29.89995002746582,14.63954257965088,16.4267520904541,-1.9615905284881592,23.49728012084961,-2.44602108001709,16.41342544555664,-8.922874450683594,11.556979179382324,-0.8573426008224487,9.229484558105469,-4.130615711212158,7.147918701171875,-2.3920891284942627,2.68682861328125,-3.7810256481170654,2.005167245864868,-3.2775166034698486,6.166158676147461,-6.661828517913818,6.90242862701416,-7.254525661468506,7.856586456298828,-7.412789344787598,6.209681510925293,-7.53040885925293,8.194570541381836,-6.440525531768799,4.854519367218018,-5.155505180358887,3.150845050811768,-5.31751823425293,4.833198547363281,-3.6074650287628174,3.151952028274536,-6.396259307861328,3.087341547012329
10,-245.8052520751953,73.83221435546875,12.982293128967283,23.47682380676269,21.07699966430664,11.563081741333008,-1.120766043663025,21.55937767028809,-0.4990719556808471,12.094882011413574,-6.975979804992676,16.613222122192383,-5.361469268798828,8.366485595703125,-0.5826060175895691,5.181774139404297,-5.296704292297363,1.2297335863113403,-1.0123144388198853,1.5032492876052856,-4.91747522354126,6.856029510498047,-7.719218730926514,5.704860687255859,-9.19495964050293,10.282474517822266,-8.927164077758789,5.902871131896973,-8.525697708129883,10.240683555603027,-8.986905097961426,5.21735143661499,-5.539788722991943,4.020387649536133,-5.9947285652160645,6.015382289886475,-3.775703191757202,4.397200107574463,-5.108727931976318,4.29750919342041
10,-237.68556213378903,70.28132629394531,12.786096572875977,22.41806411743164,18.971080780029297,14.293295860290527,-2.228846788406372,21.49419403076172,-1.2503600120544434,15.346846580505373,-7.820196628570557,15.513733863830566,-5.775364398956299,7.897768497467041,0.1689063310623169,3.9921138286590576,-5.440609455108643,-0.9704806804656982,-0.2506102621555328,1.2290990352630615,-4.014199733734131,6.634378910064697,-7.6695451736450195,5.735044956207275,-8.366393089294434,9.063946723937988,-9.499117851257324,7.357726573944092,-7.269106388092041,9.864405632019045,-9.340652465820312,6.537453651428223,-6.010987758636475,3.166137933731079,-5.039483070373535,6.114501476287842,-4.370946407318115,4.528273582458496,-4.103404998779297,5.047460556030273
10,-222.3744964599609,52.32972717285156,13.778703689575195,28.565507888793945,8.768810272216797,20.45903587341309,-3.8411307334899902,23.022686004638672,-4.449165344238281,20.045392990112305,-8.816390991210938,11.718192100524902,-1.7857530117034912,7.681984901428223,-1.020053148269653,4.732555389404297,-3.481451749801636,0.1300393193960189,-1.269107222557068,0.9225412607192992,-3.2371840476989746,6.23806095123291,-7.978767395019531,6.7589497566223145,-7.5394606590271,7.213882923126221,-8.176584243774414,8.30816650390625,-6.056369781494141,7.686573028564453,-7.654492378234863,6.824495315551758,-6.253155708312988,2.2422351837158203,-3.724179267883301,5.842193603515625,-4.59761381149292,3.787086009979248,-4.176160335540772,3.6410300731658936
10,-242.3359375,77.7625503540039,12.175305366516112,23.151586532592773,8.998148918151855,13.64950466156006,5.591192722320557,17.785419464111328,-1.1766213178634644,14.473590850830078,-3.35800576210022,12.896286964416504,-3.291975259780884,8.372912406921387,-2.784488677978516,5.732125759124756,-3.835276365280152,3.988648891448975,-3.4633584022521973,1.796605110168457,-3.688084125518799,8.325248718261719,-6.376744270324707,7.310096740722656,-5.515989780426025,7.444371223449707,-7.563492298126221,7.222412109375,-7.620220184326172,8.784436225891113,-8.489190101623535,8.06309986114502,-5.606402397155762,6.346539974212647,-5.784152030944824,5.9324049949646,-5.237951755523682,3.62251615524292,-4.066650867462158,1.9944872856140137
10,-236.9308624267578,66.89790344238281,9.82414722442627,31.64591407775879,11.19484043121338,12.22146224975586,3.0756123065948486,22.32197570800781,-2.1264753341674805,13.00155544281006,-3.948509931564331,12.92076301574707,-4.344559192657471,10.032240867614746,-0.7206950783729553,4.164493083953857,-3.2991862297058105,5.386246681213379,-4.629930019378662,0.5429459810256958,-2.7874643802642822,7.547486782073975,-8.037181854248047,6.449468612670898,-5.516919136047363,7.294764518737793,-8.113632202148438,8.551380157470703,-7.489226818084717,7.524967193603516,-8.004547119140625,7.238056659698486,-6.442817687988281,5.115088939666748,-6.365524291992188,5.837643623352051,-5.023324489593506,3.467966794967652,-5.339742660522461,1.5081764459609983
10,-243.74473571777344,70.84383392333984,10.115163803100586,31.729320526123047,13.9519624710083,10.470406532287598,5.623476505279541,21.64080619812012,-3.250033140182495,12.896021842956545,-2.8043763637542725,11.958521842956545,-5.6323723793029785,11.668582916259766,-0.8238099217414856,3.009298086166382,-2.241285800933838,4.16122579574585,-4.409414768218994,1.7935492992401123,-2.2468652725219727,5.44021463394165,-8.03776741027832,6.633886337280273,-5.378749370574951,6.915951251983643,-8.456549644470215,9.027673721313477,-7.931094646453857,6.680434226989746,-7.57242488861084,7.65972375869751,-7.394697666168213,4.803546905517578,-6.3018317222595215,5.339292526245117,-5.317797183990479,3.9306271076202393,-5.951344966888428,1.4945043325424194
10,-239.17169189453125,62.32998275756836,13.32932186126709,32.49180603027344,11.51831340789795,17.041702270507812,5.253477573394775,19.925262451171875,-4.928521156311035,13.925580978393556,-2.672367811203003,13.437917709350586,-5.783552169799805,9.39777946472168,-1.0070253610610962,3.550117254257202,-2.7280948162078857,1.5285626649856567,-2.772299289703369,3.6389238834381104,-3.5450968742370605,4.422093868255615,-6.796512126922607,6.682159900665283,-6.043215751647949,6.154883861541748,-7.845005989074707,8.383719444274902,-7.351043224334717,7.473461151123047,-8.2307710647583,8.180222511291504,-6.428219795227051,4.832270622253418,-5.187203407287598,4.154546737670898,-5.730387210845947,3.300985097885132,-5.573461055755615,2.0967698097229004
10,-223.0077209472656,51.19173812866211,14.121943473815918,34.152523040771484,7.054849147796631,23.152477264404297,-0.0292476583272218,20.123640060424805,-4.039726257324219,15.414913177490234,-5.047865867614746,17.156715393066406,-6.1927595138549805,7.224740505218506,0.8862154483795166,3.966292381286621,-4.34331750869751,0.8238592147827148,-0.7673231959342957,2.539977788925171,-3.5923871994018555,4.81038236618042,-6.942841529846191,6.565438747406006,-6.798374652862549,6.038304805755615,-7.389706134796143,7.220128059387207,-5.897595882415772,7.608767986297607,-8.142264366149902,8.029582023620605,-5.5863938331604,4.50551700592041,-3.9799516201019287,3.2703583240509038,-5.344943046569824,3.57499623298645,-4.814663887023926,2.371156454086304
10,-228.69696044921875,56.168251037597656,13.49215316772461,30.4835205078125,9.27089023590088,21.844432830810547,0.0456922240555286,18.93051528930664,-5.034589767456055,14.956299781799316,-5.018748760223389,17.554706573486328,-7.197683334350586,7.672327995300293,0.8667224049568176,5.906932353973389,-5.304613590240479,1.471894145011902,0.6955519914627075,2.0765204429626465,-3.9090869426727295,5.419517517089844,-6.958466529846191,6.881784915924072,-7.258234977722168,7.147703647613525,-7.278721332550049,6.5373148918151855,-5.946334362030029,7.310397148132324,-7.797957420349121,7.279512882232666,-5.5427656173706055,4.874284744262695,-4.733902454376221,3.106055736541748,-4.755228042602539,3.9272072315216064,-4.666528701782227,2.119723081588745
10,-244.65304565429688,69.92459869384766,11.866546630859377,24.548614501953125,16.806682586669922,16.446075439453125,2.769245147705078,17.124652862548828,-1.9080266952514648,12.726627349853516,-5.183823585510254,15.81382656097412,-4.955866813659668,7.761802196502685,-3.178925037384033,9.18248176574707,-3.8063089847564697,0.4714314341545105,-1.6409703493118286,5.079981327056885,-4.7065019607543945,4.883978843688965,-6.232913017272949,7.179940223693848,-8.016705513000488,7.511011600494385,-8.398391723632812,7.014016151428223,-6.801517963409424,7.87783670425415,-7.340291976928711,7.005341529846191,-5.779047966003418,4.279280185699463,-5.518097877502441,5.109599590301514,-4.285774230957031,3.5219063758850098,-5.541468620300293,2.7239506244659424
10,-243.38661193847656,69.12848663330078,11.162487983703612,25.311283111572266,19.02037811279297,12.793050765991213,1.94380784034729,19.558868408203125,1.114051342010498,14.675857543945312,-8.338896751403809,12.580328941345217,-1.0243566036224363,8.765752792358398,-7.099781513214111,9.140578269958496,-2.1808362007141118,0.4672176837921142,-4.507949352264404,5.412334442138672,-3.759206771850586,5.100653171539307,-5.566791534423828,6.870927333831787,-7.744174003601074,7.181172847747803,-8.405488014221191,6.901393890380859,-7.078927993774414,8.374308586120605,-6.619705677032471,6.462677478790283,-5.103123188018799,3.274099349975586,-6.00306510925293,5.856415748596191,-3.813647985458374,3.2411882877349854,-6.054461479187012,3.201679944992065
7,-155.88780212402344,137.70262145996094,-46.7135124206543,15.92018985748291,-13.817245483398438,3.143907070159912,-12.598186492919922,2.800243616104126,-12.168706893920898,5.982296466827393,-6.5014166831970215,6.466624736785889,-4.635313034057617,1.5220929384231567,-5.23935079574585,1.951530694961548,-8.719894409179688,1.2132552862167358,-5.376154899597168,-0.8463281393051147,-5.688395023345947,-1.0975679159164429,-5.13441276550293,-0.2523697912693023,-6.123717784881592,-0.478903591632843,-5.150623321533203,-0.1905027031898498,-6.076451301574707,-1.91815447807312,-5.6852850914001465,-1.178969383239746,-5.123218536376953,-1.252416729927063,-5.587654113769531,-0.6991322040557861,-4.388779640197754,0.148724690079689,-3.937363147735596,-0.4053319096565246
7,-166.6229705810547,134.03822326660156,-41.76404571533203,20.70098114013672,-11.24679946899414,7.153563022613525,-10.487371444702148,2.017145872116089,-11.110490798950195,8.118413925170898,-6.234592914581299,4.692854881286621,-4.201659202575684,1.2901108264923096,-6.030283451080322,2.610326766967773,-7.392922401428223,1.6302437782287598,-5.140141010284424,0.4517713189125061,-3.612941265106201,-0.420759916305542,-6.029201507568359,-0.3539833426475525,-6.7553019523620605,-1.3143383264541626,-7.493339061737059,-2.3604774475097656,-5.74951171875,-0.8678944110870361,-5.160891532897949,-0.3179441094398498,-4.942139148712158,-2.582679271697998,-5.210317134857178,-0.8431880474090576,-2.868485689163208,0.1379169821739196,-5.4558515548706055,-0.6461089849472046
7,-160.31729125976562,128.6800994873047,-40.827396392822266,19.352615356445312,-11.54694938659668,8.066554069519043,-10.508282661437988,2.23949933052063,-10.6682710647583,8.364767074584961,-5.184178829193115,5.330850124359131,-5.825185298919678,0.3769580125808716,-5.87352466583252,4.320524215698242,-5.7281813621521,1.627704381942749,-6.665316581726074,-0.3467190265655517,-3.524279356002808,0.6827042698860168,-5.501832485198975,0.0395976603031158,-6.172962188720703,-0.0123347900807857,-6.623164176940918,-1.8354121446609497,-6.829240798950195,-1.8111062049865725,-5.245230197906494,-0.8292890787124634,-5.313389778137207,-1.6993690729141235,-5.083793640136719,-0.9299112558364868,-3.297738552093506,-0.534758985042572,-5.775234222412109,-0.6469854712486267
7,-152.964599609375,129.40724182128906,-44.07096862792969,17.771162033081055,-11.98843765258789,5.882852554321289,-11.026105880737305,3.256866931915283,-9.364364624023438,9.457595825195312,-6.78067684173584,4.894496440887451,-6.020228862762451,0.669624388217926,-6.155492305755615,2.176087617874145,-6.495979309082031,2.884997844696045,-6.898066520690918,-1.192063331604004,-3.2826859951019287,1.4428688287734983,-4.669658184051514,-0.5701047778129578,-7.089099407196045,-0.2963052093982696,-5.871775150299072,-1.2080354690551758,-5.611841678619385,-1.243383288383484,-4.11638879776001,-1.424330234527588,-4.138840675354004,-0.1786451786756515,-3.9259870052337646,-1.903288006782532,-5.183349132537842,-0.9299992322921752,-5.518931865692139,-0.7796434760093689
7,-154.97525024414062,131.7093048095703,-46.52273178100586,20.401700973510746,-13.11819553375244,5.77684497833252,-11.212623596191406,4.6246724128723145,-7.991192817687988,9.309531211853027,-5.51064395904541,5.520831108093262,-4.98269510269165,2.0544638633728027,-5.734732151031494,1.0108773708343506,-8.682958602905273,1.2975813150405884,-5.3638434410095215,-0.113164909183979,-3.5866987705230717,1.3327854871749878,-4.8662943840026855,-0.9568413496017456,-6.42618465423584,-1.3709182739257812,-6.373763561248779,-0.2570976614952087,-4.219858646392822,-1.5527276992797852,-5.345175743103027,-2.102577447891236,-4.097656726837158,-0.9281406998634338,-4.679906845092773,-2.7790253162384038,-5.691424369812012,-1.0045490264892578,-5.080601215362549,-0.521885871887207
7,-152.56564331054688,130.94696044921875,-51.252098083496094,18.40268898010254,-17.752790451049805,6.027826309204102,-13.930627822875977,0.9516533017158508,-13.814209938049316,0.3959686756134033,-5.456402778625488,3.915473461151123,-1.6161293983459473,1.3161646127700806,-9.241003036499023,0.7927951812744141,-8.813676834106445,1.80767560005188,-4.635153770446777,-1.016669988632202,-3.4322423934936523,1.0619395971298218,-2.416424512863159,0.9749075770378112,-5.328990936279297,-0.8706599473953247,-6.029332160949707,-0.349889189004898,-2.344031572341919,-1.769334077835083,-6.935888290405273,-1.9858006238937376,-4.612900257110596,-1.3653405904769895,-3.389866352081299,-0.0633984133601188,-2.8919973373413086,1.5841821432113647,-2.4300014972686768,0.1877470463514328
7,-167.6510772705078,133.89341735839844,-47.80376052856445,16.280851364135742,-15.4518404006958,2.5325164794921875,-11.18373203277588,1.58739972114563,-13.617358207702637,5.69870138168335,-4.646503925323486,1.9033299684524536,-6.116785526275635,-0.0603471435606479,-6.494504928588867,0.4734530448913574,-6.839189052581787,1.363548755645752,-3.767956972122192,-0.4075674712657928,-4.265278339385986,0.4584202468395233,-3.636221885681152,-0.057732418179512,-7.175580978393555,-3.0347707271575928,-6.32388162612915,-1.3520448207855225,-3.4237349033355717,-1.1217256784439087,-3.811533212661743,-1.5147730112075806,-3.3928046226501465,-0.1981999427080154,-1.320234298706055,0.9434381127357484,-1.6855629682540894,0.4268047213554382,-1.838489651679993,-1.0054364204406738
7,-146.785400390625,131.3961639404297,-47.01877212524414,13.200481414794922,-13.112098693847656,5.900405406951904,-11.953169822692873,5.341784477233887,-8.131962776184082,8.095311164855957,-7.61575984954834,1.6638243198394775,-6.472866535186768,1.8720886707305908,-5.984891414642334,2.0865535736083984,-7.953042507171631,2.294257879257202,-5.232798099517822,-1.085978627204895,-7.0225372314453125,-2.0071613788604736,-6.381716728210449,-0.9537919759750366,-5.760461330413818,-0.9921795725822448,-7.527621746063232,-2.192842721939087,-4.577924728393555,-0.9927406311035156,-4.564812183380127,-0.0141119100153446,-3.3839428424835205,0.4753835201263428,-2.728792667388916,-0.7592957019805908,-2.8814916610717773,-0.9789099097251892,-3.9996185302734375,-1.3966330289840698
10,-127.57920837402344,97.51748657226562,-62.41414642333984,2.4797682762146,-16.3070125579834,-1.436112403869629,-22.457555770874023,-3.267109632492065,-3.1627397537231445,-0.3721402585506439,-13.649714469909668,-5.664813041687012,-6.687117576599121,11.29600429534912,-4.996130466461182,8.453495025634766,-11.734536170959473,5.145801544189453,-9.320405960083008,3.595468521118164,5.161036491394043,-1.1994662284851074,-1.7775307893753052,6.252401351928711,-8.895946502685547,8.306550025939941,-0.5500336289405823,12.698927879333496,-2.5385611057281494,4.7790632247924805,-4.985680103302002,3.264622688293457,-0.4187979698181152,3.101522207260132,-1.786888837814331,2.948936939239502,-5.604672908782959,-0.1407638043165207,-6.774051189422607,3.699458360671997
10,-116.46427917480467,101.19571685791016,-69.37899780273438,2.437891721725464,-10.885490417480469,0.1631447076797485,-22.805465698242188,-5.13642168045044,-9.283924102783203,-0.7327090501785278,-10.8362455368042,-3.272194623947144,-7.281101703643799,5.995291709899902,-5.992890357971191,9.968308448791504,-12.855313301086426,7.1744561195373535,-9.3547945022583,3.65450930595398,4.744133949279785,-1.4719825983047483,-0.0970283895730972,6.879525661468506,-7.883106231689453,10.316817283630373,-0.6209315657615662,12.25165843963623,-2.735659122467041,2.912046432495117,-5.2058868408203125,6.694650650024414,-2.2127485275268555,1.6868205070495603,-4.9264655113220215,2.1613268852233887,-4.789971828460693,1.831547856330872,-4.828466892242432,2.66653823852539
10,-103.96400451660156,104.5535125732422,-63.38637924194336,-3.326453447341919,-12.616226196289062,-6.893881320953369,-22.819765090942383,-9.834829330444336,-7.91075325012207,0.4060505032539367,-6.880267143249512,0.412729948759079,-8.99953556060791,4.694963455200195,-9.151329040527344,5.774476051330566,-9.59790325164795,4.788688659667969,-6.7503767013549805,2.228121519088745,2.3874380588531494,0.7338570952415466,-1.3150790929794312,8.362080574035645,-6.538632869720459,10.366634368896484,-1.0608866214752195,8.303060531616211,-3.239175319671631,3.741565942764282,-1.4149409532546997,8.382322311401367,-2.3372068405151367,1.666472315788269,-4.806116104125977,2.4657204151153564,-6.04593563079834,3.889959573745728,-3.5822620391845703,1.2410902976989746
10,-116.94549560546876,107.2844009399414,-61.04741287231445,1.5223325490951538,-14.769527435302734,-2.258904933929444,-21.96840476989746,-7.16552734375,-9.761107444763184,3.7853283882141113,-6.187275409698486,0.5822070837020874,-10.72121238708496,2.675941705703736,-8.5895357131958,7.569540023803711,-9.435483932495115,8.864497184753418,-3.9206063747406006,5.904472351074219,3.828069925308228,2.24648666381836,-1.6113030910491943,12.18806266784668,-7.130565643310547,7.2084641456604,-3.0656208992004395,9.75871467590332,-3.800979614257813,3.7809207439422607,-1.9556457996368408,7.813455581665039,-1.848324418067932,0.6900916695594788,-3.498400449752808,5.547417640686035,-2.5186891555786133,7.337532043457031,-3.961091756820679,1.7631993293762207
10,-126.72020721435548,106.00456237792967,-60.19676971435547,2.566474437713623,-13.284978866577148,-1.603621482849121,-21.512187957763672,-6.503904819488525,-9.28245735168457,2.2599148750305176,-6.083301544189453,1.245085835456848,-9.407981872558594,4.003209114074707,-7.473681449890137,7.113819122314453,-10.589776992797852,8.677952766418457,-4.384581089019775,4.2296528816223145,3.874228000640869,1.8135979175567627,0.4027500450611114,12.239978790283203,-5.317063331604004,9.23741626739502,-2.0460474491119385,10.39932632446289,-2.7017765045166016,4.421631336212158,-2.8106727600097656,7.137798309326172,-1.7238805294036863,1.865442514419556,-2.5557546615600586,3.571882486343384,-4.470916748046875,5.76986026763916,-6.564688682556152,1.720616102218628
10,-135.0625457763672,102.5622100830078,-60.430545806884766,2.888105869293213,-12.067214965820312,-1.8046183586120603,-24.25394630432129,-7.147010803222656,-8.756964683532715,2.07253646850586,-7.213631629943848,2.1365296840667725,-9.65591049194336,5.304540634155273,-8.026568412780762,7.853838920593262,-9.107121467590332,9.71270751953125,-3.6537952423095694,4.086293697357178,7.202529430389404,2.6070382595062256,1.453696846961975,10.56179904937744,-7.204805850982666,8.602550506591797,-2.048274278640747,10.154441833496094,-5.38076114654541,2.710615634918213,-1.162325143814087,6.436015605926514,-3.2435061931610107,1.4755527973175049,-2.760622024536133,3.099937438964844,-4.966288089752197,6.786903381347656,-5.1689982414245605,1.9957362413406368
5,-158.39524841308594,76.48641967773438,-25.995176315307617,9.509095191955566,-18.91350555419922,15.011116027832031,1.277113437652588,22.35535430908203,5.381692409515381,9.579667091369627,0.6074696183204651,15.03050708770752,3.9145219326019287,9.705429077148438,-1.0486972332000732,9.729303359985352,2.376800775527954,1.860094666481018,1.7477349042892456,3.668091535568237,-0.2773241698741913,1.7734098434448242,2.306727647781372,0.8432000279426575,2.3957619667053223,5.265511989593506,-0.2826908230781555,2.9594039916992188,1.6406296491622925,2.822789669036865,1.1023191213607788,4.424770355224609,1.7851544618606567,4.134917736053467,0.3331078588962555,1.8444119691848757,0.5582323670387268,3.3967626094818115,0.5366861820220947,2.009387254714966
5,-176.05104064941406,-3.708498954772949,-4.248847484588623,11.16933822631836,0.1604629606008529,14.43978214263916,2.350249767303467,3.625030755996704,-4.121093273162842,-9.078185081481934,-6.991674900054932,3.3990626335144043,-3.0612637996673584,-2.0916707515716557,0.737078845500946,5.815086841583252,-5.149618625640869,1.85106897354126,-7.990245819091797,0.6450894474983215,-7.426791667938232,-0.2863423824310303,-8.838327407836914,-0.9963799715042114,-2.5391180515289307,-1.026941418647766,-4.155640125274658,11.223034858703612,-1.17271089553833,2.7238881587982178,1.1794441938400269,3.0793352127075195,1.136725902557373,5.363658905029297,-2.2817578315734863,2.1238980293273926,1.3421800136566162,1.6516718864440918,-1.0512633323669434,5.7823100090026855
5,-206.12550354003903,9.502583503723145,3.386651039123535,11.417196273803713,-5.396895885467529,19.719776153564453,7.498987674713135,3.195775032043457,-4.81587028503418,-8.544340133666992,-8.400480270385742,5.129539966583252,-11.147029876708984,-3.975732088088989,-0.0536298304796218,5.978333950042725,-3.065905332565308,-3.3991286754608154,-5.629158973693848,1.867537498474121,-9.469005584716797,-0.9543092250823976,-0.9761794209480286,-0.5791226029396057,-3.4070818424224854,0.7146118879318237,-1.0081799030303955,5.105978012084961,1.0798192024230957,4.15935754776001,-0.1821639835834503,2.9581472873687744,0.1321730017662048,5.026401519775391,-1.7552989721298218,2.781325101852417,0.2798597514629364,-1.3333102464675903,-3.4934515953063965,3.3989264965057373
5,-265.7077941894531,3.7028822898864746,-12.069705963134766,13.709356307983398,-7.628671169281006,16.913795471191406,7.335249423980713,5.485129833221436,-9.133522987365724,-4.693236827850342,-0.2218285053968429,5.772909641265869,-5.534674167633057,-0.5432554483413696,1.4434353113174438,9.98757553100586,-2.442100763320923,3.13523006439209,-6.573997974395752,1.3511466979980469,-6.43052339553833,5.748048782348633,-3.055104255676269,2.3380379676818848,-1.1405246257781982,2.0463497638702397,-3.005850076675415,6.136314868927002,-1.5274267196655271,7.2392258644104,1.050370454788208,2.646416664123535,3.103389263153076,4.497603416442871,-0.6908177137374878,3.812835693359375,1.91896390914917,-1.689848780632019,-3.0756897926330566,3.784754514694214
5,-248.6617126464844,16.344314575195312,-3.1990208625793457,19.4204044342041,-0.082885593175888,16.652605056762695,4.64185094833374,7.558138847351074,-6.283195018768311,-4.224302768707275,0.5104572176933289,7.236833095550537,-4.270216464996338,-0.1402080655097961,-2.314823865890503,11.574335098266602,-1.8171566724777224,0.1919808089733123,-6.723582267761231,2.2555527687072754,-6.941812038421631,2.2198729515075684,-3.716194868087769,3.0086708068847656,-1.312536120414734,2.1226487159729004,-2.8894526958465576,4.3075456619262695,-1.752011775970459,5.964631080627441,-0.4986523687839508,3.7172696590423584,1.7599843740463257,4.326873779296875,-0.0192930437624454,5.218468189239502,0.0645551979541778,0.8292948603630066,-2.2090978622436523,2.780750036239624
5,-198.2836761474609,6.966824054718018,1.176207184791565,9.000330924987793,-1.5870904922485352,24.102684020996094,9.371935844421388,2.880456924438477,-4.369653224945068,-6.932158946990967,-8.519059181213379,8.587981224060059,-9.650396347045898,1.1609395742416382,-2.0832364559173584,9.84300136566162,-2.105680465698242,-0.985867440700531,-4.292428970336914,3.760873079299927,-11.953621864318848,3.424135446548462,2.075746774673462,4.117053508758545,-4.328525066375732,-0.9857352375984192,-0.1512661278247833,9.500481605529783,0.2330058366060257,4.775121688842773,3.0146069526672363,5.691979885101318,-0.138977512717247,4.06879186630249,1.1079436540603638,4.40654993057251,0.0824489668011665,1.5661178827285769,-1.741047501564026,4.878949165344238
5,-206.54849243164065,18.380645751953125,-3.0704264640808105,13.489418983459473,-1.6983498334884644,23.29878616333008,6.949852466583252,2.4240024089813232,-3.477919340133667,-5.807676315307617,-4.751372337341309,7.946774482727051,-9.893031120300291,3.5283939838409424,0.4973897039890289,8.468790054321289,-5.561740398406982,0.985819399356842,-3.898728847503662,2.7122466564178467,-8.933965682983398,4.722472667694092,-3.272582769393921,1.945003628730774,-4.1233086585998535,1.1852256059646606,2.120537042617798,9.56374168395996,-1.3545576333999634,5.7901811599731445,3.766514301300049,3.411346197128296,-0.8235321640968323,6.147791862487793,0.4020189642906189,1.2533392906188965,-0.994023859500885,1.1355161666870115,-2.367576837539673,1.5015990734100342
5,-301.2188720703125,29.468564987182617,8.402353286743164,15.872174263000488,-8.532581329345703,13.255337715148926,6.514834880828857,9.8656005859375,-11.113553047180176,2.079086303710937,0.9598850607872008,7.740273952484131,-7.353828430175781,-1.2367076873779297,-3.605902671813965,7.105694770812988,-4.1933274269104,3.751927614212036,-4.640183925628662,0.9097123146057128,-2.2151854038238525,3.111664056777954,-5.983267307281494,4.705301761627197,-0.9671030640602112,2.48722243309021,-0.6866714358329773,3.062267303466797,-1.3060429096221924,3.571098566055298,-1.723110556602478,4.4362897872924805,-1.6906278133392334,2.61576247215271,-2.5136191844940186,2.570340394973755,0.3429951965808868,1.1824418306350708,-2.573049783706665,3.83497166633606
7,-323.205810546875,136.87525939941406,-51.16084289550781,-66.17359924316406,-37.85698318481445,-24.36233139038086,-18.889036178588867,-7.547746658325195,-18.99881935119629,7.008639335632324,15.751663208007812,11.937911987304688,7.410028457641602,11.312246322631836,2.9745290279388428,-8.096890449523926,-7.311304092407227,-4.995516300201416,-9.856032371520996,-5.947295188903809,-0.0644650310277938,4.6513671875,10.054400444030762,6.749148368835449,-3.56211256980896,-1.3400801420211792,-2.3685779571533203,-0.622329831123352,1.6296987533569336,1.7171592712402344,-3.444078207015991,-1.2249189615249634,0.1940350979566574,2.6101560592651367,0.1634101867675781,2.0396728515625,-1.132171869277954,1.29770827293396,0.8762872219085693,1.257606863975525
7,-297.9050598144531,144.9810028076172,-43.784446716308594,-54.39091873168945,-36.69768524169922,-24.05843544006348,-20.00397109985352,-10.083434104919434,-19.94697380065918,1.0010868310928345,9.463244438171388,9.140071868896484,4.848027229309082,11.822195053100586,0.2354849427938461,-10.485581398010254,-8.705269813537598,-0.3686191737651825,-8.624238967895508,-4.321047782897949,3.637378215789795,8.232183456420898,6.461818218231201,3.640106439590454,-3.91927981376648,0.7370978593826294,-1.4581787586212158,-0.613243043422699,-1.8033928871154783,-2.367653608322144,-3.3387935161590576,1.5280052423477173,1.164395809173584,0.2585350573062897,-5.4117431640625,-2.7580955028533936,-3.1013758182525635,1.8221068382263184,0.8791678547859192,-1.3694050312042236
7,-327.7808837890625,121.06568145751952,-40.08120346069336,-40.682125091552734,-37.767669677734375,-19.129199981689453,-20.71949005126953,-2.4213435649871826,-26.056543350219727,10.948776245117188,12.37729549407959,7.537353515625,8.412317276000977,6.793777942657471,-6.953812122344971,-14.688026428222656,-12.36720848083496,-2.80073356628418,-5.12733793258667,-3.5871260166168213,-0.1757223755121231,7.8528032302856445,7.234487056732178,2.5881474018096924,-7.588852405548096,4.161456108093262,7.986015796661377,2.605567455291748,-1.354548692703247,1.0672868490219116,-2.022477865219116,2.179737091064453,2.663872718811035,2.814905405044556,-0.2139957100152969,0.0438735000789165,-2.5255298614501958,-3.4171700477600098,-2.287553548812866,-0.5282835960388184
7,-358.4245300292969,135.5782928466797,-41.98273849487305,-44.26333236694336,-24.743364334106445,-24.10395622253418,-22.201190948486328,-5.690391540527344,-14.718164443969728,0.2442703694105148,8.149449348449707,11.495978355407717,10.417791366577148,8.925495147705078,-7.683163166046143,-14.115160942077637,-4.448112487792969,-2.008399486541748,-4.853003978729248,-2.8368289470672607,0.1172059997916221,3.585514783859253,5.075982570648193,2.8185880184173584,-1.578917384147644,2.4418272972106934,-2.0935137271881104,-3.938408374786377,1.603630781173706,4.842703342437744,-0.2410451173782348,0.2015955299139022,1.77656352519989,0.6679325103759766,-3.047255277633667,-0.5570864081382751,-2.199531078338623,0.322942703962326,0.7928158044815063,2.134525775909424
5,-406.9179992675781,167.96958923339844,-5.899883270263672,23.97083854675293,-0.7272570133209229,14.635025024414062,2.6323347091674805,12.842411994934082,-2.606861352920532,10.271700859069824,5.045244693756104,5.035169124603272,4.208768367767334,4.057676315307617,1.7404729127883911,4.134852886199951,-2.3538568019866943,2.3685803413391118,-4.621452331542969,-0.9030984044075012,-4.967922210693359,3.3428962230682373,1.4924346208572388,4.705123424530029,0.856695830821991,0.4375333487987518,-3.300055265426636,-1.015184760093689,-4.105270385742188,2.3793129920959477,0.1538915038108825,3.577255725860596,-1.1688987016677856,1.5446105003356934,0.4523752927780151,2.30316424369812,-2.530035734176636,-0.176594391465187,-0.8924503922462463,0.7994280457496643
5,-383.3379211425781,169.7782440185547,-7.318569660186768,24.06684875488281,-1.3620896339416504,17.993974685668945,2.0628597736358643,12.99365520477295,-3.3882739543914795,9.488574981689451,4.950106143951416,4.838813781738281,4.087201118469238,4.675065994262695,1.4412964582443235,4.701962471008301,-2.0640480518341064,3.030611515045166,-4.475330352783203,-1.012619137763977,-5.380381107330322,3.4658336639404297,0.3631555438041687,3.4192705154418945,-0.2812049686908722,0.80937659740448,-2.8776512145996094,-0.2758113443851471,-3.8562285900115967,3.0447278022766118,-0.2690190076828003,2.8166635036468506,-2.0037038326263428,1.0867325067520142,0.6812563538551331,2.7888894081115723,-3.3149209022521973,-0.3408222198486328,-1.3689979314804075,0.7890785336494446
5,-383.2377624511719,169.77777099609375,-9.237101554870604,25.15727806091309,-0.0420514568686485,17.83548927307129,3.0915799140930176,13.109824180603027,-3.793225526809693,9.955962181091309,5.709892272949219,5.369458198547363,4.062828063964844,3.471351146697998,0.8942143321037292,4.205455780029297,-2.436875104904175,4.003383159637451,-3.805161237716675,-1.1082688570022583,-5.198882102966309,3.599059820175171,0.6945928931236267,3.9492201805114746,-0.6991710066795349,0.4779587090015411,-2.6521217823028564,-0.3005353510379791,-3.361680507659912,3.4203338623046875,0.0324133597314357,3.240996122360229,-1.7416036128997805,1.5759097337722778,0.9675633311271667,2.907345771789551,-2.631198644638061,-1.014859318733215,-1.8828110694885252,1.5844653844833374
5,-375.4449462890625,160.6883544921875,-5.398006916046143,24.51787757873535,-0.5929638743400574,17.783573150634766,3.585969924926758,13.567012786865234,-3.1737449169158936,10.983345985412598,6.594983577728272,7.705383777618408,4.044597148895264,2.886075019836426,0.7952634692192078,2.5129690170288086,-3.46115517616272,2.534262418746948,-5.494925498962402,-1.789588212966919,-4.871034622192383,2.9596970081329346,2.474069118499756,4.126646041870117,-1.595665693283081,-0.2516553103923797,-3.4751923084259038,-1.7040780782699585,-4.110141277313232,2.0528666973114014,-0.7673225402832031,2.620402336120605,-1.56499183177948,1.817246675491333,1.5051990747451782,1.8213794231414795,-0.9386779069900512,-1.1316906213760376,-1.979248046875,1.5588808059692385
5,-362.9605407714844,151.7447052001953,-0.6082784533500671,23.77263641357422,-3.068204402923584,17.69066619873047,1.8588768243789675,12.786139488220217,-3.203588485717773,12.138293266296388,6.723371505737305,9.827237129211426,4.750233173370361,5.5350022315979,0.6060149073600769,2.3858296871185303,-4.363358020782471,1.4302749633789062,-7.685367584228516,-3.455214023590088,-5.539776802062988,4.372836589813232,4.3639912605285645,5.001244068145752,-2.693234443664551,0.8260358572006226,-4.999561309814453,-3.303474187850952,-6.400580406188965,-0.2216275185346603,-1.2094292640686035,1.7234258651733398,-2.339829921722412,4.285999774932861,2.015740394592285,3.181753158569336,-0.806702196598053,-0.465029239654541,-3.098970890045166,1.2069581747055054
5,-359.928955078125,152.27084350585938,-0.9576987624168396,25.224781036376957,-3.639495611190796,17.243053436279297,-0.2254817336797714,11.269461631774902,-2.4186112880706787,12.484006881713867,7.512602806091309,9.84563159942627,5.780674457550049,6.645082950592041,1.3835057020187378,3.065889358520508,-3.7482330799102783,0.932468056678772,-7.060398578643799,-3.4866342544555664,-6.148378849029541,6.054248809814453,5.417783737182617,5.90322208404541,-1.9006730318069456,1.2325719594955444,-4.842724800109863,-4.636697769165039,-8.133995056152344,-0.2817529141902923,-0.4952448010444641,2.381727695465088,-1.4727212190628052,5.735869407653809,2.0201690196990967,4.108936309814453,-0.7847657799720764,-0.2976382374763489,-2.2553727626800537,0.7398273348808289
5,-360.6673278808594,154.17819213867188,-3.234774112701416,28.339330673217773,-2.214977741241455,16.992000579833984,-0.4051480591297149,10.190442085266112,-1.0309287309646606,10.553396224975586,8.044421195983887,10.917824745178224,7.541995048522949,4.931747913360596,2.6780476570129395,2.507175922393799,-1.5978045463562012,1.365942358970642,-6.464558124542236,-4.481999397277832,-6.022091388702393,6.25382661819458,8.324402809143066,6.593144416809082,-0.1682995408773422,1.3925219774246216,-3.712889194488525,-5.181653499603272,-7.564198970794678,1.0323107242584229,0.2834851145744324,2.501565933227539,0.967227578163147,5.329486846923828,3.2026896476745605,4.389866828918457,1.0050976276397705,-0.5049216747283936,-1.5250041484832764,0.6283569931983948
5,-355.22686767578125,148.8558807373047,-2.794311046600342,29.54082298278809,-1.8387385606765747,17.547210693359375,-0.9390169978141784,10.680888175964355,-2.14250922203064,8.54576301574707,8.165860176086426,14.309866905212402,8.730401039123535,3.85905385017395,0.8667944669723511,2.529597282409668,-2.135205030441284,2.489687442779541,-6.563990116119385,-6.1923604011535645,-6.7834882736206055,6.398341655731201,9.75105094909668,6.972646236419678,0.0760275423526763,2.584897756576538,-4.557853698730469,-5.607375144958496,-7.606284618377685,1.4506802558898926,0.0866496935486793,1.0775151252746582,1.1195756196975708,6.812058925628662,3.295715570449829,5.382297515869141,2.2901875972747803,-1.059253454208374,-3.451808452606201,2.182592391967773
5,-354.6498718261719,148.49952697753906,-3.0140321254730225,28.78165054321289,-3.2893171310424805,17.628360748291016,-2.7112090587615967,11.45273780822754,-2.9411017894744877,8.336417198181152,6.982203006744385,15.30943775177002,8.321305274963379,3.858678579330444,-0.1597023606300354,4.696546077728272,-3.2647242546081543,2.9474496841430664,-5.971585273742676,-6.237602233886719,-7.641672134399414,7.31073522567749,8.442244529724121,7.05535364151001,-0.8895283341407776,2.626093626022339,-5.281147003173828,-6.206058979034424,-8.709940910339355,2.592629194259644,-0.3876866996288299,1.2329609394073486,1.1985684633255005,7.686892509460449,2.527536153793335,5.7135539054870605,1.5576316118240356,-0.815179169178009,-4.826414585113525,2.801727056503296
5,-355.1893615722656,149.6881561279297,-3.426161527633667,27.951662063598636,-5.054708480834961,18.627418518066406,-2.686732530593872,12.05238437652588,-3.4324846267700195,7.855905532836914,6.119391918182373,14.68150806427002,7.904265880584717,3.54042649269104,0.7528146505355835,5.333977699279785,-2.550093650817871,3.4612627029418945,-5.732693195343018,-6.223014831542969,-7.190971374511719,7.819922924041748,8.35318374633789,7.209452152252197,-1.2921326160430908,1.8984522819519043,-5.140989303588867,-6.6835527420043945,-8.909799575805664,2.354215621948242,-0.7354464530944824,1.328967809677124,1.279168963432312,7.143414974212647,2.7355287075042725,5.318929195404053,0.7745172381401062,-0.8877562880516052,-4.161048889160156,2.0160882472991943
10,-585.6574096679688,158.09844970703125,17.386686325073242,5.376553535461426,4.4150567054748535,7.542862892150879,10.26126194000244,14.268111228942873,3.3975298404693604,10.643588066101074,2.742042064666748,2.944326400756836,5.853197574615479,10.523237228393556,-0.1305564492940902,5.998417377471924,0.1862189173698425,-0.6651193499565125,-0.1114855632185936,5.399450778961182,-1.043284296989441,7.593038558959961,4.925853252410889,3.1556918621063232,-0.7566605806350708,6.587767124176025,0.2840543985366821,3.205381155014038,0.6180275082588196,1.164896845817566,-4.865292549133301,2.035928249359131,-1.5819673538208008,2.523143529891968,1.0226545333862305,3.057668685913086,-2.4726290702819824,0.9819973707199096,-1.1330183744430542,-0.0938390418887138
10,-558.1969604492188,176.95501708984375,28.160533905029297,-3.111987590789795,0.560723602771759,5.6302900314331055,8.98964786529541,8.903928756713867,-0.037651989609003,14.54719066619873,5.612488269805908,3.065091609954834,8.168407440185547,12.572285652160645,-2.481480121612549,5.794909954071045,0.7498766779899597,0.2190934121608734,0.2911409139633178,6.885127067565918,-3.5405478477478027,3.976095676422119,2.1873939037323,1.7680050134658811,-2.4729766845703125,5.554229736328125,-2.166832685470581,2.033544540405273,-0.8994335532188416,-1.1061357259750366,-6.480261325836182,3.071892261505127,-2.045868396759033,0.1900453567504882,-0.6181170344352722,3.712194204330444,-1.3876674175262451,2.5422303676605225,-0.94313383102417,1.445096492767334
10,-552.3828735351562,170.80596923828125,17.04857063293457,1.0341448783874512,7.506264209747314,10.174278259277344,11.383874893188477,11.822395324707031,3.6949615478515625,11.531776428222656,2.772674798965454,2.9364187717437744,5.992552280426025,8.967144012451172,-2.107627868652344,4.843770980834961,0.6971991062164307,0.2517659962177276,-2.671959400177002,3.868515729904175,-2.052849054336548,5.542807102203369,1.3174268007278442,2.6887481212615967,0.3325420320034027,5.7425737380981445,-1.203763723373413,3.493321418762207,0.0942567139863967,-0.4853052198886871,-5.555300712585449,2.925983428955078,-0.2142483443021774,2.024158000946045,0.2415583133697509,3.843694925308228,-1.6357852220535278,0.4811038374900818,-1.4598358869552612,1.5909769535064695
10,-565.6483154296875,170.47378540039062,29.59206771850586,-1.3617124557495115,0.6245799660682678,5.29885721206665,12.540441513061523,10.9107084274292,1.5840771198272705,10.989624977111816,2.5426061153411865,1.7912781238555908,8.841464042663574,11.650858879089355,-0.6026344895362854,6.640045166015625,1.9697099924087524,-0.8286640644073486,-1.0542720556259155,4.943232536315918,-1.0258755683898926,6.618931770324707,3.849275588989258,2.091366767883301,-0.1663087904453277,5.567094802856445,-1.3326964378356934,2.132130622863769,1.3214508295059204,-0.4049620330333709,-5.12008810043335,1.2169495820999146,-2.0419225692749023,1.6548902988433838,1.557263731956482,3.005022525787353,-1.4969401359558103,1.5910629034042358,-1.7275019884109497,0.0526819787919521
9,-275.9208679199219,54.968292236328125,-48.300819396972656,-16.79930877685547,-0.3622109591960907,10.689217567443848,-0.9772042632102966,6.798283576965332,11.11047077178955,11.275460243225098,-1.8305195569992063,-9.940045356750488,-4.398772716522217,7.539533138275146,2.243875026702881,4.929178237915039,3.6803598403930655,2.1443262100219727,-6.354118824005127,1.3582290410995483,1.6230134963989258,0.3226666152477264,-3.683800458908081,0.0332427620887756,-1.163490653038025,2.097166061401367,-0.9168106913566588,1.431346416473389,2.2445228099823,2.7513458728790283,-3.4684271812438965,-0.8613784313201904,3.500438451766968,4.213021755218506,1.4622246026992798,0.384731262922287,-0.9786533117294312,0.0026222330052405,-2.9002368450164795,2.530829668045044
7,-277.1667785644531,55.14568328857422,-35.51418685913086,-11.926831245422363,-3.6968624591827393,11.270557403564451,10.613076210021973,13.521656036376951,7.172318458557129,12.013256072998049,1.0536301136016846,-5.437150478363037,-0.9477678537368774,8.927898406982422,3.405243396759033,2.85939884185791,4.19599723815918,3.0503087043762207,-3.049227476119995,0.7241545915603638,2.7787139415740967,3.397348403930664,-0.9468929171562196,1.2101613283157349,-2.6016108989715576,-2.5423803329467773,-1.3913967609405518,2.05329704284668,2.710818290710449,4.945726871490479,-2.065117120742798,-2.104491949081421,0.4014816284179687,2.79394268989563,0.4790371358394623,1.0448778867721558,-0.4817239642143249,-0.1918260753154754,-2.5134389400482178,1.0624395608901978
5,-338.88360595703125,23.05665397644043,-27.36357307434082,-6.589515686035156,5.577088832855225,14.096039772033691,7.919432163238525,10.49171543121338,3.6101574897766113,-1.4780867099761963,-3.574576139450073,4.3497700691223145,5.889720439910889,4.46049165725708,0.4996912479400635,1.9523241519927976,-0.8912597298622131,1.2676548957824707,2.194352149963379,1.9887102842330933,-3.9033031463623047,0.0869919583201408,0.8290224075317383,1.9700160026550293,1.384292721748352,-0.5952551960945129,-2.662214756011963,1.881136417388916,0.2921275198459625,2.116856575012207,1.3285847902297974,-0.3291572630405426,-0.1974615007638931,0.733522355556488,0.4004620909690857,1.9049863815307615,-0.3972051441669464,-0.0864591374993324,-2.225425720214844,0.1290896236896515
9,-284.72198486328125,57.62192153930664,-33.969688415527344,-16.12257194519043,-5.345175266265869,8.6417875289917,7.408938884735107,11.632682800292969,6.11013126373291,3.254135847091675,-3.2473256587982178,-1.959634780883789,-0.0835243985056877,4.693405628204346,0.665669858455658,5.49572229385376,3.2861857414245605,-1.9350210428237915,-3.983027696609497,5.12645959854126,5.064713001251221,1.2904117107391355,-2.424844264984131,-1.3704719543457031,-0.9698278307914734,5.399901866912842,2.4383065700531006,-1.150207281112671,-3.116419553756714,-1.7067937850952148,1.967160940170288,3.851886034011841,-0.0248925555497407,-0.1695883721113205,-1.907617211341858,-1.0331482887268066,-2.6068851947784424,-1.818761944770813,-0.4732817709445953,2.2985527515411377
10,-325.4690246582031,41.240230560302734,-46.72062683105469,-10.73266887664795,17.13570785522461,25.09538459777832,12.746004104614258,5.5572028160095215,-7.279167175292969,0.2458560317754745,11.624248504638672,8.874067306518555,-2.4322547912597656,-0.6488119959831238,2.889002084732056,2.166983366012573,1.426117181777954,8.039068222045898,0.9423744082450868,-2.555020570755005,3.308384895324707,1.9330949783325195,-5.515093803405762,2.3349769115448,-0.944747805595398,-2.6234209537506104,-0.626327633857727,2.5129425525665283,2.388156652450561,-0.9597654938697816,-2.181922197341919,4.405820369720459,0.4847087562084198,1.897870779037476,-1.8612579107284544,-0.3912390768527984,-2.288935422897339,1.6331357955932615,1.4017184972763062,-4.218539714813232
5,-289.8857116699219,141.3557891845703,-16.065317153930664,6.240200519561768,-0.4747504889965057,4.3610005378723145,3.816072463989258,3.140416383743286,4.3535919189453125,12.513648986816406,-2.857175350189209,2.0178332328796387,3.350166082382202,4.642300128936768,-0.4568246901035309,6.450820446014404,-4.865890502929688,1.6308177709579468,-10.309439659118652,-3.7877309322357178,-8.81091022491455,-1.3946647644042969,-7.255619525909424,-0.0289797708392143,-5.084401607513428,0.7009345889091492,-4.444125652313232,1.5789471864700315,-0.429597944021225,4.948807716369629,-5.276374816894531,0.4971516728401184,-6.190018177032471,-3.022735357284546,-7.413670063018799,-2.187853574752808,-6.976532936096191,-3.0987749099731445,-5.710761070251465,-1.5387827157974243
5,-405.3896179199219,132.02685546875,-13.93039608001709,-2.327231884002685,3.983350992202759,5.631168842315674,4.785915851593018,1.513606071472168,-7.09193229675293,7.25355863571167,0.1894854754209518,3.0701889991760254,-1.814491271972656,0.3160106837749481,-4.11486291885376,4.551706314086914,-3.767212390899658,0.5123130679130554,-6.375272274017334,-1.164603352546692,-6.187972545623779,0.017864640802145,-5.195645332336426,0.5805622935295105,-4.29927396774292,-0.8522785902023315,-5.647670269012451,-0.4036361873149872,-3.719927310943604,1.017695069313049,-3.517622232437134,1.0304754972457886,-5.922215461730957,-1.793234944343567,-4.494137287139893,-0.5412511229515076,-4.187192916870117,0.3182359337806701,-4.526552677154541,0.0611690804362297
9,-230.19891357421875,94.75621795654295,-1.0836125612258911,7.268412113189697,-6.291125774383545,3.0187008380889893,0.1902451813220977,0.7922452092170715,-9.470947265625,-2.038944959640503,-6.96541690826416,-4.965657234191895,-8.385965347290039,-0.9338194131851196,-5.127443790435791,0.0372457727789878,-5.01742696762085,2.9923110008239746,-4.510223388671875,1.2101691961288452,-5.253464698791504,1.99285888671875,-4.032257080078125,1.307357668876648,-6.177109241485596,2.719987392425537,-4.169147491455078,2.433464288711548,-5.518194198608398,1.873254656791687,-3.607808589935303,2.1654651165008545,-4.995422840118408,1.5799895524978638,-4.004049301147461,1.699030518531799,-3.5845694541931152,1.673567771911621,-3.347527503967285,1.381848931312561
10,-485.3573303222656,125.67891693115234,-10.560980796813965,23.935792922973636,7.984596729278564,19.62987327575684,12.571929931640623,14.370528221130373,-4.256471157073975,5.227050304412842,2.0875890254974365,7.387633800506592,-6.112132549285889,0.0580269694328308,-0.5303568243980408,7.212959289550781,-1.6559460163116455,-0.5855352282524109,-6.804847717285156,0.0500890910625457,-3.4551401138305664,0.5771070718765259,-6.448544979095459,0.920832633972168,-3.6445579528808594,2.443737268447876,-1.4123203754425049,-0.3617167770862579,-6.955917835235596,0.3528342843055725,-2.7271227836608887,0.6024420261383057,-3.431401491165161,-0.0565813370048999,-4.631471633911133,-1.3951516151428225,-4.708583354949951,0.2318120598793029,-3.389901161193848,2.501056909561157
10,-467.2602844238281,120.86429595947266,-14.509164810180664,25.189075469970703,7.709325313568115,17.814315795898438,11.39436149597168,13.032246589660645,-4.598526477813721,6.7723002433776855,3.2639646530151367,8.234066009521484,-7.176713943481445,-0.9628487229347228,-1.9267325401306152,6.64446496963501,-2.2790441513061523,-0.0800705403089523,-6.990723133087158,0.2572063505649566,-3.3989315032958984,0.0332216471433639,-7.494596481323242,-0.5644193291664124,-4.651277542114258,2.058670282363892,-1.9389714002609253,-0.7499467134475708,-6.946208477020264,0.2325924932956695,-2.3748958110809326,1.096636414527893,-3.574007511138916,0.0493356771767139,-3.396061658859253,0.1941378861665725,-3.0198659896850586,1.566232681274414,-2.3555023670196533,2.539841651916504
10,-436.8771667480469,113.10904693603516,-15.382885932922363,26.095298767089844,1.1291500329971311,7.983858585357666,2.656738519668579,14.00997829437256,1.6609472036361694,10.290233612060549,0.9476941227912904,7.70264720916748,-2.640878438949585,3.2230775356292725,-2.7824931144714355,2.729318857192993,-6.092824459075928,0.865321934223175,-2.9872796535491943,0.3580517768859863,-6.306362628936768,-0.8281805515289307,-5.5830841064453125,2.287320613861084,-3.5965347290039062,1.493498682975769,-2.949625015258789,0.3984962105751037,-5.10849142074585,-0.3379742503166199,-4.669085502624512,-0.3580406606197357,-1.9677603244781492,0.9410341382026672,-3.4970591068267822,1.5180844068527222,-2.72576117515564,1.0032002925872805,-2.274003505706787,1.6985896825790403
10,-403.8638305664063,107.73717498779295,-18.02631378173828,21.55482292175293,-6.306992530822754,6.815971374511719,-0.0992140546441078,9.954496383666992,-0.9334157705307008,10.748984336853027,1.633134841918945,9.550443649291992,-0.680047333240509,5.234041213989258,-1.7428839206695557,1.7489542961120603,-5.056027889251709,0.991456925868988,-5.18166446685791,-0.2030970454216003,-3.932938575744629,1.4683595895767212,-3.7012805938720703,2.6506052017211914,-4.577733993530273,-0.2436792850494384,-4.339240550994873,0.3987511098384857,-5.670760631561279,-0.4778208136558532,-3.712191104888916,-1.0937020778656006,-2.6768674850463867,0.7498624920845032,-5.34291934967041,-0.2669923901557922,-2.4980309009552,1.5534119606018066,-2.639780044555664,1.3789504766464231
10,-398.0899353027344,148.23748779296875,-2.310474157333374,18.74213981628418,0.846311092376709,18.021461486816406,5.750909328460693,4.877648830413818,-4.362392425537109,3.810894727706909,11.17483901977539,19.929834365844727,4.357579708099365,-2.3293416500091557,-4.871971607208252,3.3772881031036377,3.524988174438477,5.136173248291016,-0.1970202475786209,-3.4022772312164307,-3.343083143234253,3.101781129837036,-1.165976881980896,-1.788753628730774,-5.404973983764648,-2.1517796516418457,-1.6020246744155884,-0.1029505357146263,-2.908086061477661,-0.0696648135781288,1.4358779191970823,0.5432173013687134,-0.8239889144897461,-0.0649617686867713,-2.7664756774902344,-3.1998989582061768,-4.685841083526611,0.4946544468402862,-0.8313503861427307,-0.2671428620815277
10,-452.4722900390625,127.66990661621094,-0.266434907913208,27.304882049560547,-0.550874650478363,7.739848613739014,1.2843191623687744,15.26128101348877,9.96381664276123,10.424909591674805,-1.5067088603973389,3.720136642456055,-6.55148458480835,-0.3038551211357116,-2.243621349334717,2.52952241897583,-3.489409685134888,2.172547578811645,-3.627596139907837,-1.203044056892395,-4.8162455558776855,-1.727571725845337,-4.389088153839111,-0.2015832215547561,-6.270634174346924,-0.3255688548088074,-2.562023162841797,-1.644096612930298,-4.262872219085693,0.6562443375587463,-1.3710286617279053,0.5719068646430969,-1.1853914260864258,0.7830055952072144,-3.3984291553497314,-0.8483902812004089,-3.939521312713623,1.2489866018295288,-0.1705723106861114,1.9004700183868408
7,-125.12274169921876,-34.00495529174805,-21.61349296569824,9.985291481018066,5.704273223876953,13.734688758850098,-8.558969497680664,-1.0652775764465332,-9.78342056274414,-0.528467059135437,-11.739953994750977,-1.1952558755874634,-9.217856407165527,-13.12932014465332,-11.396499633789062,-3.783935308456421,-3.2628962993621826,-4.883614540100098,-14.78005313873291,2.455843687057495,-1.9369724988937376,2.028346538543701,-3.8036162853240967,0.4309509396553039,-5.138779163360596,1.5750106573104858,-0.2754591703414917,1.948209881782532,-3.240942001342773,-3.7135143280029297,-2.097358226776123,1.3768748044967651,-6.7963385581970215,-0.1094634011387825,-5.004690170288086,0.6282527446746826,-1.5049713850021362,1.0108649730682373,-3.4234774112701416,-0.5618829727172852
7,-101.15370178222656,-41.37995147705078,-25.65465545654297,4.757414817810059,5.858004570007324,12.877777099609377,-10.96297836303711,1.5529499053955078,-9.716899871826172,0.3882018625736236,-12.186687469482422,-0.8110238909721375,-7.040277481079102,-14.67051601409912,-9.434228897094728,-2.976839542388916,-3.0798099040985107,-6.028024673461914,-14.39430809020996,2.591908693313598,-2.732843399047852,1.335761785507202,-4.735958576202393,-0.5356091260910034,-5.102046489715576,0.5202115178108215,-1.0349193811416626,2.0008602142333984,-3.650371551513672,-3.9789669513702393,-1.6859800815582275,0.8467923402786255,-5.743202686309815,0.6247287392616272,-4.746298313140869,1.3112117052078247,-1.17401385307312,0.6293307542800903,-3.2390871047973637,-0.3927092254161834
7,-92.73966217041016,-40.73409652709961,-28.024702072143555,-0.4271637499332428,3.9261763095855713,14.2291898727417,-8.780448913574219,0.7992725968360901,-12.002105712890623,-0.5868385434150696,-10.126956939697266,-0.3776278495788574,-8.438283920288086,-14.78207015991211,-9.241583824157717,-1.7326486110687256,-4.261760234832764,-5.002959251403809,-15.118897438049316,2.473567485809326,-3.1583139896392822,2.818871021270752,-4.139884948730469,-1.736925721168518,-5.092307090759277,1.4051493406295776,-0.0471297465264797,1.9594032764434812,-3.689955949783325,-3.170976400375366,-1.1805630922317505,0.3642546534538269,-5.02811336517334,1.189353108406067,-4.07899808883667,1.057802438735962,-1.62125563621521,1.4089001417160034,-1.942630648612976,-0.0202067643404006
8,-246.8293914794922,83.63367462158203,-70.91966247558594,-11.769660949707031,-16.27491569519043,-1.5361672639846802,16.334115982055664,27.90942001342773,19.501813888549805,10.04401969909668,-9.420889854431152,5.515069484710693,-4.214417934417725,-4.943929195404053,1.828233003616333,4.733411312103272,-6.830255031585693,4.185829162597656,5.476178169250488,-2.929957866668701,-2.544112205505371,1.9401636123657229,2.9896481037139893,1.1133215427398682,-1.9821937084198,6.1941328048706055,-3.013967275619507,2.556177854537964,3.967040061950684,-3.313018798828125,-1.0615071058273315,11.755731582641602,3.0068235397338867,2.4947519302368164,3.5232300758361816,4.531113624572754,-0.0362448692321777,-0.9291170835494996,6.61892032623291,4.323843955993652
7,-284.0043640136719,97.63924407958984,-23.56707000732422,-20.23980712890625,-13.87393856048584,0.6859263181686401,2.8263278007507324,6.614131450653076,4.066587448120117,8.504386901855469,7.942023277282715,16.46847152709961,-7.871992111206055,-2.4276657104492188,-1.974362850189209,-2.817699193954468,-1.8190906047821045,6.460851192474365,-4.084648609161377,-2.2589962482452397,-0.6199256181716919,1.3054423332214355,-1.6126694679260254,1.4313539266586304,-2.9443905353546143,3.6062090396881104,-1.9088828563690183,3.616496801376343,0.4618926644325256,1.1215941905975342,-0.15235635638237,2.881927251815796,-0.4586971998214721,1.768596649169922,0.8477813005447388,0.9214991927146912,2.0627999305725098,3.202705383300781,1.730836033821106,3.640209674835205
7,-220.91554260253903,108.91984558105467,-46.380897521972656,-37.15640258789063,-19.32235336303711,-8.051356315612793,-1.595869779586792,7.880643844604492,8.863944053649902,14.81956958770752,5.730945587158203,10.887407302856444,-9.957735061645508,-3.6917049884796143,-2.717649459838867,0.0330765843391418,-4.52928638458252,-0.0948512628674507,-4.581637382507324,-4.203698635101318,-3.015740871429444,-1.83713960647583,-1.8342092037200928,1.176053166389465,-2.5481321811676025,2.910709381103516,-1.7325352430343628,2.7049992084503174,1.5422834157943726,3.0933494567871094,-1.07374370098114,3.9949426651000977,2.581252098083496,3.924987554550171,1.390953779220581,0.0792850106954574,-0.4567871987819671,1.4287307262420654,1.736338496208191,2.430581331253052
5,-303.6307983398437,118.32733154296876,-48.13630676269531,-42.924102783203125,-17.063337326049805,-10.253790855407717,-22.035890579223636,-10.125713348388672,-12.036810874938965,-11.768686294555664,0.0178826358169317,4.008351802825928,9.83184814453125,20.06414794921875,4.579164028167725,2.607785940170288,-0.9442230463027954,1.876523733139038,-0.6064760088920593,-2.8016462326049805,5.337343692779541,-1.7431524991989136,-1.777845025062561,2.6934351921081543,7.438438415527344,5.3463006019592285,2.807167291641236,1.868229866027832,-0.0775329247117042,-1.2752645015716553,-3.852282285690308,-6.395211696624756,-3.0249838829040527,-3.580127716064453,-4.631469249725342,-0.6687604188919067,-2.2098958492279053,-2.987078905105591,-0.8405017852783203,-2.829376459121704
7,-187.5590057373047,131.45156860351562,-24.541404724121094,-5.247681617736816,-18.91071319580078,-8.65182113647461,-28.2825927734375,-10.63454246520996,-20.10598564147949,-5.561986923217773,-15.553352355957031,-7.8373332023620605,-15.930048942565918,-6.31396484375,-15.28675937652588,-8.685276985168457,-15.1331148147583,-7.641117572784424,-14.259933471679688,-6.595324993133545,-11.940130233764648,-4.455097675323486,-6.970860958099365,-5.423582077026367,-10.716896057128906,-7.787407875061035,-12.304726600646973,-7.660214900970459,-10.582728385925291,-3.41072678565979,-8.282061576843262,-3.2439119815826416,-6.125401973724365,-2.9165992736816406,-7.580175399780273,-3.286902666091919,-8.039721488952637,-2.832571268081665,-6.327098846435547,-2.3899614810943604
7,-102.76206970214844,110.52783966064452,-21.761354446411133,-6.012358665466309,-14.008711814880373,-5.459366321563721,-21.20599174499512,-10.176060676574709,-18.07322120666504,-2.9578616619110107,-13.944544792175291,-3.4636354446411133,-14.205327987670898,-8.125794410705566,-16.64866065979004,-11.175674438476562,-16.295629501342773,-6.995848178863525,-13.11638355255127,-6.715503692626953,-11.15853786468506,-3.557199478149414,-12.116555213928224,-5.628799915313721,-9.542954444885254,-5.208681106567383,-9.22370719909668,-4.962371826171875,-10.192047119140623,-5.357166290283203,-12.871216773986816,-5.669686794281006,-7.978373050689697,-4.90635871887207,-8.172239303588867,-4.486282825469971,-7.911635875701904,-4.463197231292725,-8.265260696411133,-4.136525630950928
7,-96.5874481201172,108.06593322753906,-22.33694648742676,-6.565199851989746,-15.725058555603027,-7.805144786834717,-21.287946701049805,-8.557439804077148,-18.083667755126957,-3.719768285751343,-11.984596252441406,-1.1183578968048096,-11.95077133178711,-9.05616283416748,-17.155590057373047,-10.689164161682127,-15.729857444763184,-5.382858276367188,-12.755692481994627,-6.4333672523498535,-14.111639976501465,-5.922572612762451,-13.994287490844728,-8.096192359924316,-9.922171592712402,-4.99422025680542,-8.473479270935059,-4.92581033706665,-10.60999584197998,-4.783993244171143,-12.229118347167969,-4.268857955932617,-7.220396995544434,-3.0479774475097656,-8.188152313232422,-5.124423503875732,-8.25971794128418,-3.675228118896485,-5.738274574279785,-2.4660122394561768
7,-188.7567443847656,131.37405395507812,-26.655590057373047,-2.939476490020752,-22.57057380676269,-8.534276962280273,-30.36417388916016,-11.068381309509276,-16.943763732910156,-5.487117767333984,-15.545336723327637,-7.999322414398193,-14.752915382385254,-4.905379772186279,-13.999678611755373,-7.190896987915039,-13.46544075012207,-9.427451133728027,-16.634862899780273,-9.507989883422852,-12.33599090576172,-5.741135597229004,-7.793842315673828,-6.539646625518799,-9.932697296142578,-6.230525016784668,-11.647229194641112,-6.052363395690918,-8.251978874206543,-2.65058708190918,-8.762785911560059,-2.124841690063477,-3.705503702163696,-2.51025390625,-8.534539222717285,-3.868553876876831,-9.06074333190918,-4.170809268951416,-7.185887813568115,-3.7044429779052734
7,-141.5297088623047,134.460693359375,-11.466979026794434,15.510442733764648,-5.990505218505859,-3.193058729171753,-13.283991813659668,-4.053757667541504,-10.525403022766112,-1.908368825912476,-5.679274559020996,0.8917175531387329,-2.8331408500671387,5.187479019165039,3.006392002105713,8.65509033203125,2.3382503986358643,6.237309455871582,-3.911055088043213,2.041977405548096,-6.064757347106934,-0.6398774981498718,-3.1170132160186768,-0.2222088426351547,-2.623265504837036,2.342270612716675,2.3336181640625,6.672630786895752,1.14892840385437,5.530715465545654,0.3555752635002136,5.5846028327941895,1.930570602416992,3.443132162094116,-2.271525621414185,0.4891482591629028,-4.004001140594482,2.49690842628479,1.5671374797821045,1.2040917873382568
7,-162.69488525390625,135.3836212158203,-5.084864139556885,14.861261367797852,-2.57646107673645,2.525247097015381,-10.992745399475098,-5.607526302337647,-8.973934173583984,4.128967761993408,-6.130943298339844,3.8514037132263184,1.1372305154800415,4.486675262451172,3.5046980381011963,8.327434539794922,-2.2801551818847656,5.0317254066467285,-1.6416975259780884,2.4620964527130127,-0.0958554372191429,1.8808311223983765,-2.0182101726531982,1.1239726543426514,-0.7310935258865356,3.1753950119018555,1.8860764503479004,2.915817975997925,-2.9196720123291016,2.3729772567749023,-0.1809354722499847,2.501304149627685,-0.4507299065589905,3.366907358169556,-0.1161175519227981,3.526275396347046,0.0968706905841827,3.22390365600586,0.7707985043525696,1.0219806432724
7,-115.3350601196289,131.5642852783203,-45.33917999267578,24.089807510375977,-16.498769760131836,8.418231010437012,-2.156702756881714,8.003052711486816,-8.953656196594238,1.8135387897491453,-9.128469467163086,-7.524628639221191,-2.483876943588257,-4.552621364593506,-13.383209228515623,4.966940879821777,-11.053353309631348,-6.285765171051025,-0.8301388621330261,-1.0936073064804075,-7.10933256149292,-0.2283092886209488,-7.808688640594482,1.7575243711471558,-3.333802461624145,-1.8466540575027464,-2.9007818698883057,2.096824407577514,-4.23741626739502,1.3323938846588137,-2.357870101928711,0.9467998743057252,-4.439236164093018,2.514898538589477,-2.4751574993133545,-0.5619381666183472,-4.564896583557129,0.7248998284339905,-5.216927528381348,-2.114463806152344
7,-123.18602752685548,132.56231689453125,-46.87287521362305,16.551057815551758,-13.04676914215088,7.838827610015869,-3.3195135593414307,8.834978103637695,-11.417588233947754,2.4111149311065674,-7.653363227844238,-8.221927642822266,-1.4096145629882812,-6.366096496582031,-15.275993347167969,2.3373236656188965,-12.123014450073242,-6.766401767730713,-0.382840633392334,0.6558648943901062,-7.205542087554932,0.7940617799758911,-8.021924018859863,0.239321231842041,-1.9195683002471924,0.2242027819156646,-2.751908540725708,4.200680255889893,-4.425298690795898,1.4641343355178833,-0.7493684887886047,-2.1487526893615723,-2.977940797805786,1.8762651681900024,-1.753551721572876,0.1873864829540252,-5.378974914550781,1.063998103141785,-3.98781156539917,-1.5552706718444824
5,-130.13902282714844,137.82276916503906,-42.103397369384766,7.628262519836426,0.2041287720203399,17.657194137573242,-3.3115580081939697,4.239408016204834,-17.616409301757812,-4.701557636260986,-11.832616806030272,-5.809828281402588,-10.824235916137695,-7.588859558105469,-8.177789688110352,-2.157550096511841,-10.996012687683104,-5.524190902709961,-13.494199752807615,-4.998042106628418,-17.654624938964844,-1.473481297492981,-10.242186546325684,-3.930694341659546,-10.497764587402344,-2.3492918014526367,-11.629992485046388,-4.410380363464356,-5.5875773429870605,-0.794640839099884,-5.865469455718994,-0.9845336079597472,-5.781723976135254,2.292064428329468,-5.375374794006348,-2.6567142009735107,-4.302490234375,-0.5055644512176514,-6.743716716766357,-4.958487033843994
5,-138.62754821777344,139.1584930419922,-41.82259368896485,7.665564060211182,-0.3599355220794678,18.518430709838867,-2.8755598068237305,5.243643760681152,-18.13672637939453,-4.122364044189453,-11.177431106567385,-5.418314456939697,-10.41154670715332,-7.348816394805908,-7.390902996063232,-2.0098764896392822,-10.836136817932127,-6.089643478393555,-13.93307399749756,-5.084600925445557,-17.696264266967773,-1.28205406665802,-9.549968719482422,-3.211758852005005,-10.243818283081056,-2.180027961730957,-12.148351669311523,-4.706750869750977,-5.25657320022583,-0.6825409531593323,-5.987011909484863,-1.34057879447937,-6.351314067840576,1.624373435974121,-6.015804290771484,-2.983372926712036,-4.235897541046143,-0.4044440388679504,-7.0658278465271,-5.646498680114746
5,-138.619384765625,139.21624755859375,-41.97065353393555,7.47835636138916,-0.5355638861656189,18.561628341674805,-2.680699586868286,5.497076511383057,-18.001230239868164,-4.212944984436035,-11.471670150756836,-5.804079055786133,-10.418498992919922,-7.418266296386719,-7.382572650909424,-1.895713806152344,-10.937728881835938,-6.117397785186768,-13.83599090576172,-5.106928825378418,-17.724590301513672,-1.3142390251159668,-9.633855819702148,-3.2842071056365967,-10.298457145690918,-2.2513277530670166,-12.190417289733888,-4.562133312225342,-5.040754318237305,-0.472845047712326,-5.914855003356934,-1.3376541137695312,-6.419926643371582,1.7863247394561768,-5.928771495819092,-2.957752227783203,-4.179792404174805,-0.4017835855484009,-6.981339454650879,-5.414498329162598
5,-138.61155700683594,139.19064331054688,-41.89411163330078,7.685572147369385,-0.6064776182174683,18.484811782836918,-2.730795383453369,5.437667369842529,-18.2252254486084,-4.224808216094971,-11.574667930603027,-5.8226189613342285,-10.522375106811523,-7.3076491355896,-7.479382038116455,-1.9330253601074217,-10.772967338562012,-5.942253112792969,-13.949715614318848,-5.1797776222229,-17.94629669189453,-1.4218577146530151,-9.748783111572266,-3.377037048339844,-10.27406406402588,-2.27792763710022,-12.362115859985352,-4.770827293395996,-5.303056240081787,-0.4292070567607879,-5.819185733795166,-1.3620870113372805,-6.380053520202637,1.879660487174988,-5.888988018035889,-2.7640535831451416,-4.121072769165039,-0.5448556542396545,-7.02556848526001,-5.40985107421875
5,-138.68592834472656,138.97720336914062,-41.74945831298828,7.554447650909424,-0.316894918680191,18.53367805480957,-2.894665479660034,4.917238235473633,-18.40203666687012,-4.387905597686768,-11.292091369628906,-5.622076988220215,-10.472956657409668,-7.444427490234375,-7.573504447937012,-2.154365301132202,-10.762001037597656,-5.9716901779174805,-13.842180252075195,-5.1064043045043945,-17.726266860961914,-1.4544081687927246,-9.66080093383789,-3.4480481147766118,-10.377273559570312,-2.2074074745178223,-12.1670560836792,-4.752066135406494,-5.328597068786621,-0.6345586776733398,-5.86739444732666,-1.3846688270568848,-6.278388023376465,1.7012368440628052,-5.965023040771484,-3.015995502471924,-4.30117130279541,-0.553073525428772,-7.073467254638672,-5.5820794105529785
5,-138.5843963623047,139.08889770507812,-42.06999588012695,7.408651828765869,-0.5188832879066467,18.48992347717285,-2.821322441101074,5.3425164222717285,-18.12550163269043,-4.199136734008789,-11.340415954589844,-5.669920921325684,-10.46187973022461,-7.437933444976807,-7.387681007385254,-1.968406558036804,-11.040656089782717,-6.177659511566162,-13.85333251953125,-5.065088272094727,-17.675487518310547,-1.4302008152008057,-9.694147109985352,-3.3623831272125244,-10.32388401031494,-2.2369415760040283,-12.18856143951416,-4.671304702758789,-5.212469577789307,-0.6509495377540588,-5.914997577667236,-1.3423606157302856,-6.419894218444824,1.6666550636291504,-6.054183483123779,-3.127923011779785,-4.285868644714356,-0.4540892243385315,-7.035238265991211,-5.574391841888428
5,-169.4261932373047,94.55054473876952,-7.283581256866455,37.77333068847656,-3.770871877670288,8.69132137298584,-1.4404057264328003,12.284563064575195,-11.517186164855955,-6.568551063537598,-3.1954751014709477,4.067827701568604,-11.931252479553224,6.439437389373779,-13.373046875,-3.3612964153289795,0.8826057314872742,-1.1127347946166992,-9.072888374328612,-4.373662948608398,5.52350378036499,-4.842543601989746,-0.829160749912262,4.785955905914307,-8.600462913513184,-1.57895827293396,-2.435872793197632,3.736995935440064,-6.39370584487915,-3.603816270828247,1.761690378189087,-2.809966564178467,-5.73986291885376,-0.2771637439727783,-5.332541465759277,-4.136474132537842,-2.4566352367401123,0.11812724173069,-5.130853652954102,3.312708139419556
5,-158.05238342285156,91.24299621582033,-7.788449287414551,37.851707458496094,-3.562675714492798,8.205358505249023,-2.7632923126220703,11.215824127197266,-10.072535514831545,-7.09292459487915,-4.573060512542725,3.0221681594848637,-10.30397605895996,6.71727180480957,-15.8601713180542,-2.8662209510803223,2.743123769760132,-1.5663256645202637,-8.963231086730957,-4.881167411804199,5.597727298736572,-3.849001884460449,0.631347119808197,3.266777992248535,-9.899347305297852,-1.6411534547805786,-2.1050479412078857,3.048389196395874,-6.133267402648926,-2.875227928161621,1.8040106296539309,-3.7348668575286874,-7.1747212409973145,-1.7107412815093994,-4.865742206573486,-2.923231363296509,-1.927771806716919,0.7036091685295105,-6.246645450592041,2.033271551132202
5,-166.5131378173828,96.64737701416016,-6.912684917449951,38.02191925048828,-5.029637813568115,8.301712989807129,-3.598040103912353,7.499450206756592,-10.463980674743652,-5.04863977432251,-7.84403657913208,2.5706281661987305,-10.472271919250488,7.496601581573486,-13.683764457702637,-3.2937116622924805,2.165635585784912,-2.5904247760772705,-7.173277854919434,-5.005884647369385,4.898287773132324,-3.1081793308258057,0.1545970886945724,3.327633142471313,-9.41610622406006,0.1372526288032531,-2.08986234664917,2.7748477458953857,-6.594059944152832,-2.777146100997925,-1.0295699834823608,-3.3655574321746826,-5.662309646606445,-3.3121862411499023,-3.475519895553589,-2.3283560276031494,-1.835463285446167,1.776102066040039,-5.3070597648620605,1.4814386367797852
5,-169.15243530273438,97.31139373779295,-6.550817012786865,36.79502487182617,-5.7472243309021,8.809720993041992,-2.3377959728240967,5.78322696685791,-11.731247901916504,-3.4013473987579346,-9.434040069580078,4.1156110763549805,-9.29763889312744,8.495962142944336,-11.366047859191896,-2.27120041847229,1.5991603136062622,-2.8640012741088867,-6.894222259521484,-7.238197326660156,3.4156084060668945,-3.4812657833099365,-0.1236786171793937,2.9648451805114746,-9.186933517456056,2.91154146194458,-2.0156164169311523,3.4734303951263428,-7.210893630981445,-3.305651426315308,-1.5111868381500244,-1.758344054222107,-4.437790870666504,-4.932733058929443,-4.772291660308838,-3.66673755645752,-1.752028226852417,1.5706706047058103,-5.178081035614014,2.919022798538208
5,-173.92193603515625,97.14456176757812,-7.709762096405029,34.315879821777344,-5.966261863708496,8.398663520812988,-0.9113444685935974,7.125277519226074,-11.862857818603516,-2.219368457794189,-9.7806978225708,5.020644664764404,-8.87242317199707,8.528343200683594,-10.435317039489746,-1.7592861652374268,0.9720829725265504,-2.448607444763184,-7.4893035888671875,-7.636775970458984,3.1949830055236816,-2.701207399368286,-0.0197316873818635,2.775705575942993,-8.718587875366211,3.21725869178772,-2.114810943603516,4.466952323913574,-7.056780815124512,-3.9329097270965576,-0.5843241214752197,-1.108620524406433,-5.596880435943604,-4.365392208099365,-5.307467460632324,-4.371684074401856,-1.6416449546813965,1.2370431423187256,-7.233229160308838,3.416928768157959
5,-176.10340881347656,97.70651245117188,-9.241113662719728,31.72412109375,-7.746289730072021,10.445242881774902,0.1567224264144897,8.859223365783691,-9.987037658691406,-0.58165442943573,-10.465548515319824,4.9786376953125,-10.96747875213623,9.496235847473145,-6.214421272277832,-1.899190068244934,-0.2582445442676544,-3.477745532989502,-7.623273849487305,-6.165477752685547,2.4146711826324463,-2.256590843200684,0.5387274026870728,2.64328932762146,-7.910476684570312,2.3503577709198,-3.919476270675659,5.593589782714844,-5.521059036254883,-2.869137048721313,-1.18788743019104,0.0077763376757502,-4.793502807617188,-3.6053466796875,-4.611093521118164,-3.839238405227661,-3.289194345474243,0.1591439396142959,-6.464974880218506,2.117546319961548
5,-175.04434204101562,95.035888671875,-10.529560089111328,30.111875534057617,-8.9371919631958,11.398760795593262,1.5222861766815186,10.734454154968262,-7.145826816558838,0.5520802140235901,-9.943053245544434,5.831484794616699,-11.842056274414062,9.872340202331545,-2.364607334136963,-2.091991186141968,-1.255171537399292,-4.323240280151367,-6.473879814147949,-5.237573623657227,1.4926837682724,-1.3168580532073977,2.028440475463867,0.5542391538619995,-7.127154350280762,1.92008376121521,-4.080819606781006,7.008358001708984,-5.744647979736328,-2.7901391983032227,-2.742661237716675,1.9831961393356323,-3.354065179824829,-4.359881401062012,-4.681485176086426,-2.011934995651245,-5.574892044067383,-0.5871320962905884,-4.2159037590026855,-0.4906596839427948
5,-179.14068603515625,95.89676666259766,-10.630763053894045,27.487106323242188,-10.007596969604492,10.094715118408203,0.6742535829544067,11.673417091369627,-5.763312816619873,-1.4194639921188354,-8.378302574157715,5.008591175079346,-11.747735977172852,10.303242683410645,1.1298279762268066,-0.266995370388031,-0.576884388923645,-3.0522539615631104,-5.910141468048096,-6.121457099914551,1.0151737928390503,-0.4505636990070343,2.3993072509765625,-0.3991602659225464,-6.494282245635986,2.2860043048858643,-2.807652473449707,6.371633529663086,-6.338496208190918,-2.0319149494171143,-1.3657777309417725,1.2039475440979004,-4.475934982299805,-3.5805389881134038,-3.272646427154541,-1.7961031198501587,-6.709266662597656,0.4862472414970398,-3.266380071640014,-0.8878557682037354
5,-161.9117431640625,78.4509506225586,1.4036654233932495,42.33339309692383,-1.0445294380187988,6.407533645629883,0.3893374800682068,13.87815284729004,-13.133806228637695,-1.424832463264465,-0.1738923341035843,2.263563871383667,-10.50512981414795,8.777387619018555,-8.357556343078613,1.3641799688339231,-2.5119259357452397,1.2598047256469729,-1.4980597496032717,-6.4657301902771,8.433796882629395,-5.9270758628845215,-1.136674880981445,2.7906672954559326,-4.728490829467773,0.8984026312828064,-1.159509539604187,2.878995656967163,0.5759546160697937,-0.3305405080318451,4.2741312980651855,-1.7257882356643677,-1.4045968055725098,0.7856210470199585,-2.4379279613494877,0.17142353951931,-3.9802401065826416,1.8663870096206665,-6.591749668121338,0.7461029887199402
5,-154.45849609375,83.36003112792969,0.941074550151825,40.31258010864258,-3.9214375019073486,4.247171401977539,-1.8350597620010376,9.511703491210938,-13.540450096130373,-2.653512477874756,-3.090240240097046,3.365934371948242,-10.897461891174316,4.036672115325928,-8.884560585021973,1.7910422086715698,-1.6821290254592896,-0.8991520404815674,-1.6504396200180054,-6.225059509277344,5.428183555603027,-4.060394287109375,-1.4395759105682373,3.171517372131348,-3.898258924484253,2.488586187362671,-1.4156756401062012,3.064345121383667,-1.6034969091415403,1.0684741735458374,1.873728632926941,-1.9000346660614011,-1.2757607698440552,0.5999709963798523,-3.38044810295105,-1.7325875759124756,-4.06021785736084,-0.0302047505974769,-7.36783504486084,0.1774709820747375
5,-153.9050750732422,83.8839111328125,0.130965769290924,37.7166633605957,-3.958308696746826,4.189319610595703,-2.3333547115325928,8.672800064086914,-12.31893539428711,-2.172837018966675,-3.1655478477478027,5.179797649383545,-12.502188682556152,2.1066718101501465,-7.594664573669434,1.1018308401107788,-1.6989405155181885,-1.6186630725860596,-1.4056004285812378,-7.178775310516357,4.627903461456299,-3.2606751918792725,-1.2630953788757324,4.076018810272217,-2.7071938514709477,3.295344591140747,-1.8536978960037231,3.098524808883667,-2.574711322784424,1.866674542427063,1.7065874338150024,-2.692080497741699,-2.2267024517059326,-0.0782996416091919,-3.782998561859131,-3.481841802597046,-4.6899003982543945,0.1628262251615524,-8.166248321533203,0.1756628304719925
5,-157.9325714111328,83.75538635253906,-0.5183550715446472,36.06339263916016,-4.4581685066223145,4.755929470062256,-1.2053029537200928,9.10574722290039,-10.590608596801758,-0.5792561173439026,-2.884642601013184,5.070916652679443,-13.35191535949707,4.504424095153809,-5.825564384460449,-0.0005585995968431,-2.042498826980591,-2.05556321144104,-1.5538069009780884,-8.024055480957031,4.724280834197998,-3.556901454925537,-0.546221137046814,3.000046491622925,-3.0716700553894043,2.350271701812744,-2.757723093032837,4.030010223388672,-2.6348493099212646,0.4045191407203674,1.9764931201934812,-2.4995391368865967,-1.9445363283157349,-0.968415915966034,-4.176576137542725,-3.9463205337524414,-4.438477993011475,1.7309114933013916,-6.236354827880859,0.9496191143989564
5,-168.47097778320312,90.16947174072266,-2.2226195335388184,33.843528747558594,-4.686729431152344,6.272520065307617,0.6268913149833679,8.024155616760254,-9.755627632141112,1.8087109327316284,-2.9049460887908936,3.476771116256714,-15.05506992340088,7.47593879699707,-3.280090570449829,-1.1139158010482788,-2.712381362915039,-2.6920371055603027,-2.0218000411987305,-5.658565998077393,3.3596692085266118,-1.9650287628173828,1.9528605937957764,3.1835451126098637,-2.923520803451538,1.5334047079086304,-4.982038021087647,3.073815107345581,-3.654144048690796,-0.8779374361038208,0.5449756979942322,-1.7803027629852295,-2.4247610569000244,-1.8811479806900024,-4.39687442779541,-4.776298522949219,-4.04923152923584,2.707748889923096,-4.708853244781494,0.7501152753829956
5,-185.57818603515625,97.70709991455078,-4.507565498352051,28.63422966003418,-4.331037998199463,7.698968410491943,-0.3418125808238983,7.936673164367676,-10.040520668029783,2.645670175552368,-3.356920957565308,4.046969413757324,-13.526999473571776,6.188436985015869,-3.242327928543091,-2.13683557510376,-2.920754909515381,-1.505488038063049,-1.2753616571426392,-3.856168031692505,2.146040678024292,0.4848867356777191,1.679334044456482,2.1571381092071533,-2.1810476779937744,1.9093797206878664,-5.978590965270996,2.6008453369140625,-5.43281888961792,-0.4202871024608612,-0.7055641412734985,-0.2759050726890564,-3.372745513916016,-1.760922074317932,-4.242589950561523,-4.684726715087891,-4.013717174530029,1.9739391803741453,-4.160130023956299,0.9485962986946106
8,-369.8790283203125,101.22441864013672,-36.54932403564453,6.0424394607543945,3.1162805557250977,5.788722515106201,0.9457349181175232,17.57341194152832,8.891057968139648,17.59737205505371,-1.7112462520599363,11.210907936096191,7.846984386444092,7.090786933898926,1.481218338012695,7.0956549644470215,3.387864589691162,2.762834072113037,0.1889910101890564,15.199021339416504,-0.8502869606018066,-1.485892415046692,-3.136869430541992,-3.0059010982513428,-7.949265480041504,-2.6851422786712646,-4.998411178588867,7.5396552085876465,0.1772245317697525,-2.3317482471466064,-4.826550006866455,10.073830604553224,-1.4929516315460205,2.7857515811920166,0.1977799236774444,4.927229881286621,-3.4008238315582275,-0.5025831460952759,-1.1878159046173096,5.017162322998047
8,-370.3518371582031,102.06089782714844,-36.67189025878906,3.9483935832977295,3.138145446777344,6.238132476806641,1.0630528926849363,18.06956672668457,8.917559623718262,17.686277389526367,-1.6926302909851074,11.136004447937012,8.886774063110352,7.935668468475342,1.1420480012893677,6.637496471405029,3.771644830703736,2.1101808547973637,0.0609941631555557,14.687341690063477,-0.8411690592765808,-1.0889464616775513,-2.9615132808685303,-2.837761878967285,-7.7286858558654785,-2.794405937194824,-5.051519393920898,8.124175071716309,0.4515933096408844,-2.4072866439819336,-5.04518985748291,10.325424194335938,-1.7320541143417358,2.6951398849487305,0.2168928831815719,4.973068237304688,-4.108401298522949,-0.8658818006515503,-1.228615641593933,5.062301158905029
8,-371.1858825683594,101.75267791748048,-36.0464096069336,3.7439606189727774,4.437854766845703,6.5443434715271,0.597381591796875,18.621850967407227,9.323857307434082,18.244787216186523,-1.5826077461242676,11.175251960754396,9.832727432250977,8.307693481445312,0.8035793304443359,6.577211856842041,4.328579425811768,1.6866698265075684,0.1383612751960754,15.098641395568848,-0.7240782380104065,-1.4302239418029783,-3.092147827148437,-2.3956732749938965,-6.848954677581787,-3.073785781860352,-4.992630958557129,8.717549324035645,0.8063826560974121,-2.561469793319702,-5.3695454597473145,10.096845626831056,-1.8343513011932373,2.5745465755462646,0.3606822788715362,4.824490070343018,-4.163650989532471,-1.265588641166687,-1.3232135772705078,5.261106491088867
8,-319.6932067871094,121.99095916748048,1.279148817062378,18.44610595703125,8.55756664276123,0.1724248230457306,6.442188262939453,6.323379993438721,3.141091823577881,20.71187973022461,5.663791656494141,8.278875350952148,3.280062437057495,-1.584675669670105,-1.3027218580245972,1.7656265497207642,-6.211227416992188,8.505444526672363,6.542453765869141,13.288912773132324,-0.6395547986030579,6.103883743286133,0.3950170576572418,4.6260666847229,-5.229711532592773,0.5801405906677246,1.17004656791687,8.437007904052734,4.03762149810791,5.688040733337402,0.8835572600364685,4.702170372009277,0.2390671372413635,6.604075908660889,6.002542495727539,7.874709129333496,6.68958854675293,4.840805530548096,-1.5570619106292725,2.860595464706421
8,-321.3910827636719,121.88321685791016,0.236283540725708,17.497154235839844,7.982931137084961,-0.6970258951187134,4.691729545593262,6.882915496826172,1.9277037382125852,20.118423461914062,5.252887725830078,8.209839820861816,1.3542132377624512,-2.1198177337646484,-2.769537687301636,0.8737327456474304,-6.994621276855469,8.24169635772705,5.768978595733643,13.155855178833008,-0.8395103216171265,5.991916656494141,-0.0606132894754409,4.7442498207092285,-5.448189735412598,0.4140939116477966,0.4996269047260284,8.460992813110352,3.454328775405884,5.764087677001953,0.6863322854042053,4.877626419067383,-0.5255529284477234,7.523037910461426,5.383156776428223,8.174104690551758,5.889876365661621,5.093851566314697,-1.309181809425354,3.2833237648010254
8,-321.73956298828125,122.48625183105467,-0.4481492340564728,17.57773208618164,8.127063751220703,-1.7267221212387085,4.7868733406066895,7.232079029083252,1.48368239402771,19.364974975585938,5.391473293304443,9.213634490966797,1.2394428253173828,-2.125999212265014,-2.361287832260132,0.6068242788314819,-7.746572971343994,8.13762092590332,5.490772247314453,12.975866317749023,-0.8028157949447632,6.421266555786133,-0.1945588588714599,4.419780254364014,-5.195808410644531,0.3572098016738891,0.4984924793243408,8.56067943572998,3.1326382160186768,5.098188400268555,0.4775756597518921,4.936973571777344,-0.1467623859643936,7.899634838104248,4.786552906036377,7.702768802642822,6.204452991485596,5.612004280090332,-1.248757004737854,2.69221568107605
8,-321.1895751953125,122.67444610595705,-0.1996033936738968,18.281200408935547,8.16265869140625,-1.6923907995224,4.889715671539307,7.103045463562012,1.5784449577331543,19.31326103210449,5.143971920013428,9.980019569396973,2.472986221313477,-2.286806583404541,-2.1719744205474854,1.3526198863983154,-6.93670129776001,7.941045761108398,5.325644493103027,13.433414459228516,-0.8740444183349609,7.079160213470459,-0.0301195923238992,4.369760513305664,-5.243106365203857,0.6724564433097839,0.0188704915344715,9.155524253845217,3.5746407508850098,4.686870098114014,0.2255380600690841,4.2755126953125,0.3032728135585785,8.678292274475098,4.792763233184815,7.899359226226807,7.144428253173828,5.900695323944092,-1.0991251468658447,2.756097316741944
8,-320.8919677734375,123.52318572998048,-0.3861946165561676,17.46959114074707,8.59326171875,-0.7643735408782959,5.120173931121826,7.291008472442627,2.027377128601074,19.30369758605957,5.301805019378662,10.336813926696776,3.642033338546753,-1.7427515983581543,-2.1066362857818604,1.8168144226074217,-6.547245979309082,8.255334854125977,6.0230393409729,13.19270133972168,-1.1395303010940552,6.482831001281738,0.1108090057969093,4.970373630523682,-5.211407661437988,0.6058502197265625,-0.666563868522644,9.691367149353027,4.363661766052246,5.045333385467529,0.3836779296398163,4.555894374847412,0.6573158502578735,8.817695617675781,4.666385173797607,7.94998025894165,7.412318229675293,6.23662805557251,-0.9319018721580504,2.8479909896850586
8,-321.0965881347656,124.07250213623048,-0.8115167617797852,16.23172378540039,7.8741774559021,-1.2867177724838257,4.696993827819824,7.471205711364746,1.7764599323272705,18.01497459411621,5.224242687225342,10.331151008605955,3.1961727142333984,-1.6257073879241943,-2.160891056060791,0.7607885599136353,-7.590192794799805,7.571894645690918,5.626080989837647,12.645386695861816,-1.2138546705245972,6.188873291015625,0.6139810681343079,4.865690231323242,-4.95083475112915,0.1731927841901779,-1.3008644580841064,9.013594627380373,4.558816909790039,5.205711841583252,-0.1005169674754142,4.250058650970459,1.0003594160079956,8.57666015625,3.611365795135498,6.83370304107666,7.755618095397949,6.759068965911865,-0.9019057154655457,2.5638270378112797
5,-349.9967346191406,222.58724975585935,27.334142684936523,3.025459051132202,5.994128704071045,16.73847007751465,22.76733016967773,16.79204750061035,9.87417697906494,0.0420307852327823,-0.490384966135025,-5.762876987457275,-4.8232197761535645,4.57667350769043,7.638482570648193,6.2493085861206055,4.537103176116943,4.443570613861084,-2.079867124557495,-5.955891132354736,-5.889426708221436,-5.134059429168701,0.6730212569236755,-1.2498458623886108,-6.9098286628723145,-5.324767112731934,0.9204487204551696,6.741010665893555,2.074047327041626,-4.714398384094238,-4.537374019622803,-3.472773313522339,1.3615918159484863,4.952367305755615,0.9455391764640808,-5.048024654388428,-9.076057434082031,-6.872641086578369,-1.9862807989120483,1.0636041164398191
5,-348.40850830078125,223.04298400878903,26.43606376647949,0.5506925582885742,4.742701053619385,16.50743865966797,23.689727783203125,16.87401580810547,9.73320484161377,0.0299265868961811,-0.5184964537620544,-5.468032360076904,-5.225436210632324,4.733715534210205,8.563735961914062,6.049063682556152,3.835555076599121,4.044003009796143,-1.4028348922729492,-5.242380619049072,-6.167665481567383,-5.336375713348389,0.9974792003631592,-0.8200166821479797,-6.633777618408203,-5.48856782913208,0.6329626441001892,6.796516418457031,2.848485946655273,-4.079895496368408,-5.1676926612854,-3.722586154937744,2.404101848602295,5.30996561050415,0.4498230516910553,-4.619988918304443,-8.188220024108887,-7.605715751647949,-2.8108158111572266,1.4129728078842163
5,-347.9999694824219,221.1676788330078,28.24015045166016,0.8723493218421936,4.479646682739258,16.26158905029297,23.516189575195312,16.281648635864258,10.353418350219728,1.4096009731292725,-0.5610438585281372,-6.282738208770752,-6.326967239379883,4.645382404327393,8.519234657287598,5.7966718673706055,4.497344970703125,4.375136375427246,-1.4397529363632202,-5.388169288635254,-6.3721184730529785,-5.5180535316467285,1.482534646987915,-0.4741075038909912,-6.881370067596436,-4.895286083221436,1.157145619392395,6.439139366149902,3.192786693572998,-3.316268920898437,-5.1367597579956055,-4.224628448486328,1.6122400760650637,5.312647342681885,0.8777207136154175,-5.246840476989746,-8.642311096191406,-8.00078010559082,-3.846930503845215,0.276762843132019
5,-345.5912780761719,218.9527130126953,27.68746566772461,3.750479221343994,3.8431570529937744,17.059898376464844,22.97371482849121,16.152833938598633,10.942814826965332,1.765532374382019,0.7455641627311707,-6.920470714569092,-6.874385356903076,4.172859191894531,8.204208374023438,6.801592826843262,5.314702987670898,4.077024936676025,-2.3320651054382324,-5.050144672393799,-6.727382183074951,-6.7591094970703125,0.6982784271240234,-0.9751632809638976,-6.1648359298706055,-3.615212440490722,1.3775687217712402,5.9593682289123535,3.380510091781616,-3.1944968700408936,-5.196087837219238,-4.055188655853272,1.042186260223389,4.935342788696289,1.0581533908843994,-5.087618827819824,-8.86469841003418,-7.988162517547607,-4.281099796295166,-1.033991456031799
5,-393.0435180664063,178.45706176757812,-63.268184661865234,-29.829309463500977,20.80923843383789,-10.512310981750488,-17.358394622802734,1.884310603141785,5.523229122161865,4.625939846038818,10.051297187805176,8.14736557006836,2.3800482749938965,5.784591197967529,4.154344081878662,3.800891637802124,7.151402950286865,3.332405567169189,1.2620668411254885,3.5043387413024902,3.9994943141937256,3.2542524337768555,3.0443813800811768,2.651756525039673,3.282949686050415,3.0878705978393555,0.6595125198364258,0.5021554231643677,1.0114679336547852,0.2206094115972519,-0.8295480012893677,-0.9431856274604796,-1.1370718479156494,-1.9673197269439695,-1.4881243705749512,0.0171200316399335,-0.4678729176521301,-2.572150468826294,-2.3351986408233643,-1.9064183235168457
10,-134.2907257080078,102.60313415527344,-27.12838363647461,-0.9333871006965636,6.666256427764893,6.480637550354004,8.569860458374023,6.451124668121338,-12.01541519165039,15.428719520568848,-1.6738351583480835,0.9715664386749268,6.769927978515625,-0.4176077842712402,-1.0731135606765747,8.670949935913086,-1.2232155799865725,9.58604907989502,-4.968966484069824,3.0205888748168945,-3.686542510986328,5.263217926025391,-0.6313731074333191,3.1601717472076416,-0.3935928642749786,4.49329948425293,-3.0229623317718506,3.4392826557159424,-3.309584140777588,1.6144421100616455,-0.8942453265190125,2.3900368213653564,-2.141263961791992,2.908529043197632,-2.4800710678100586,2.311847686767578,-2.106020927429199,3.0373926162719727,-1.5097423791885376,2.303928136825561
10,-139.9096221923828,105.23731994628906,-28.19927024841309,-3.0367026329040527,5.287622928619385,5.32588529586792,8.298909187316895,6.854727745056152,-12.388822555541992,15.879002571105955,-4.006470680236816,1.2081048488616943,5.336186408996582,-0.3461370766162872,-1.1635721921920776,8.359180450439453,-2.0822250843048096,10.146355628967283,-5.548532962799072,3.1249196529388428,-4.441049098968506,3.1566741466522217,-2.633568286895752,3.2413249015808105,0.3812488615512848,4.750496864318848,-3.631032943725586,2.5611133575439453,-4.913031578063965,0.0380964539945125,-2.665921688079834,1.8576865196228027,-2.093871831893921,3.7792255878448486,-1.8215372562408447,2.3129327297210693,-2.3872690200805664,3.199592113494873,-0.4249531626701355,2.032496929168701
10,-139.6442108154297,103.98657989501952,-47.56632614135742,-4.6348652839660645,3.0779685974121094,11.074825286865234,14.059344291687012,5.002202987670898,-9.879920959472656,14.808134078979492,-2.2097373008728027,2.619859218597412,-2.7436399459838867,-1.3694143295288086,1.9230338335037231,11.243622779846191,0.2990476191043854,6.523830413818359,-6.001815319061279,4.130125522613525,-3.662668943405152,1.4145668745040894,-0.5159611105918884,4.436180114746094,1.4281320571899414,4.6106133460998535,-2.9912805557250977,3.297366142272949,-0.9129257798194884,2.019082307815552,-0.9869651198387146,2.3991899490356445,0.2356716394424438,4.244951248168945,-1.6373509168624878,1.4441440105438232,-0.7428796887397766,4.658839702606201,-1.0996812582015991,1.9230235815048216
10,-124.72006225585938,98.42008209228516,-50.00089263916016,-15.351865768432615,0.0313703045248985,7.844444274902344,16.997556686401367,8.052001953125,-9.61582851409912,16.71274757385254,-0.460661917924881,1.66257643699646,-3.483967065811157,-4.123763561248779,2.998266220092773,11.066049575805664,0.0960101559758186,7.761378765106201,-7.519048690795898,3.444913148880005,-3.761393785476685,0.2412746399641037,-0.9008861184120178,4.078821659088135,1.4938817024230957,6.059218883514404,-4.625486373901367,2.836993455886841,-0.9862266182899476,1.9831387996673584,-1.884880304336548,1.1770811080932615,-0.3649534583091736,3.808389186859131,-1.9945188760757449,1.3882769346237185,-0.7835231423377991,4.916228294372559,-0.9993540048599244,0.2607574164867401
10,-104.23907470703124,90.82969665527344,-45.9375228881836,-21.91988182067871,0.1457668989896774,4.685170650482178,18.243803024291992,9.921894073486328,-10.364299774169922,17.85418701171875,-1.0967738628387451,3.3128979206085205,-3.09818434715271,-4.656922817230225,1.905936360359192,12.500834465026855,-0.8625652194023132,8.136932373046875,-7.078367710113525,3.748078584671021,-2.533151626586914,-0.0956714525818824,-0.2371966391801834,3.5234529972076416,1.482141375541687,6.862878322601318,-4.669096946716309,2.399574518203736,-0.7546682357788086,1.9157299995422363,-1.547036051750183,1.1927902698516846,-0.4239588975906372,4.128647327423096,-1.53229820728302,1.36538565158844,-1.94138777256012,3.713831663131714,-0.959987223148346,-0.5268834233283997
10,-74.39872741699219,86.02214813232422,-41.02854537963867,-24.079790115356445,1.805003046989441,3.5965335369110107,14.327857971191406,10.24093532562256,-12.412870407104492,16.646303176879883,-4.785253524780273,1.3118040561676023,-2.118687868118286,-4.925989627838135,-1.3993288278579712,12.03081512451172,-0.9802405834197998,8.11817741394043,-4.685622692108154,4.070369720458984,-1.287257194519043,0.6632033586502075,0.270624428987503,3.997676134109497,0.7051288485527039,7.005981922149658,-2.644903898239136,2.722756862640381,0.2092633843421936,2.006779909133911,-0.2622010409832001,1.085771560668945,-0.2142389267683029,3.4114770889282227,-1.270069599151611,0.4639096856117248,-2.766296863555908,2.1735780239105225,-0.661179780960083,-0.2619320154190063
10,-67.52227783203125,102.8452606201172,-55.22529983520508,-21.79177665710449,-2.173511266708374,4.815500259399414,13.437655448913574,12.058646202087402,-12.59368896484375,14.716996192932127,-5.834101676940918,-0.4999231398105621,-3.467037439346313,-7.168181896209717,-1.5678277015686035,12.063037872314451,0.5749760270118713,8.955595016479492,-4.584551811218262,5.194602489471436,-0.8637577295303345,1.076460838317871,0.1423199623823166,5.047360897064209,0.8339571952819824,7.595878601074219,-1.4599547386169434,2.776962757110596,-0.0710509642958641,2.099349975585937,-0.7942478656768799,0.5734143257141113,-0.5200842618942261,3.738726377487183,-1.422823786735535,1.0336886644363403,-3.146926164627075,2.565637826919556,0.0898216813802719,-0.5934617519378662
10,-81.03836059570312,117.86973571777344,-77.74606323242188,-17.20216178894043,-12.458741188049316,6.822327136993408,19.88657569885254,17.738967895507812,-11.565998077392578,14.013739585876465,-2.0328128337860107,2.1165904998779297,-5.572015285491943,-12.459012985229492,1.977522611618042,14.572598457336426,3.040592908859253,11.740029335021973,-5.197174072265625,7.037627220153809,-0.4589888751506805,-0.281505823135376,-0.9584874510765076,5.013570785522461,0.6458061337471008,8.116132736206055,-1.975545883178711,2.9122352600097656,-0.1588426232337951,2.623740196228028,-0.8272227644920349,0.5681037902832031,-0.3553017973899841,5.23030424118042,-2.380641222000122,2.7426884174346924,-3.199488401412964,4.126742362976074,1.7944269180297852,-1.3447765111923218
10,-83.13066864013672,109.15213012695312,-90.34933471679688,-15.796951293945312,-22.702617645263672,9.721613883972168,23.87645721435547,24.685693740844727,-11.425312995910645,14.911150932312012,1.807964324951172,4.002053260803223,-6.217146873474121,-17.256223678588867,3.222274780273437,16.42275047302246,2.949878215789795,13.83620262145996,-5.155554294586182,8.08838939666748,-1.1297591924667358,-3.2686927318573,-3.744860410690308,3.654531478881836,0.493509978055954,8.290621757507324,-2.452021837234497,2.4225244522094727,0.4782504141330719,2.6773698329925537,-2.019587993621826,-1.1232138872146606,-0.9718389511108398,5.274919509887695,-2.208552122116089,2.3640401363372803,-2.7991716861724854,4.619087219238281,3.2223520278930664,-1.5286309719085691
10,-101.02489471435548,102.38978576660156,-80.774169921875,-14.06553840637207,-22.230661392211918,3.8292837142944336,19.862564086914062,29.912487030029297,-4.318674564361572,15.043527603149414,-2.1532371044158936,1.143161654472351,-2.4118425846099854,-12.73792552947998,3.106299877166748,14.554442405700684,1.4446187019348145,12.95987033843994,-1.6162601709365845,5.923797607421875,-3.3610126972198486,-1.898999571800232,-2.0654847621917725,1.537489652633667,-0.3823234140872955,5.293121337890625,-1.6647933721542358,1.2916820049285889,0.0631589069962501,1.2092691659927368,-2.883835792541504,-1.3862144947052002,-1.930763363838196,2.893417835235596,-2.403911590576172,0.3688625395298004,-2.06653380393982,2.333105564117432,2.230630397796631,-1.0681133270263672
10,-125.16514587402344,87.48660278320312,-61.92061996459961,-17.054777145385742,-12.5010404586792,8.914833068847656,14.572288513183594,16.617698669433594,-12.756647109985352,13.184959411621094,-1.4986519813537598,3.820405960083008,-2.5738725662231445,-4.699576377868652,4.899170875549316,10.098220825195312,1.143462061882019,9.705936431884766,-4.813531398773193,6.023829936981201,0.7957760095596313,-0.5865600109100342,-1.0224391222000122,0.8152252435684204,-3.1194779872894287,4.0397138595581055,-3.3709988594055176,1.6113324165344238,-1.184125304222107,1.6461656093597412,-2.3745687007904053,-0.7273255586624146,-2.8323843479156494,1.8704618215560915,-3.3778913021087646,0.3782344162464142,-2.0345849990844727,1.0366780757904053,1.4241167306900024,0.865755558013916
10,-123.15979766845705,90.86955261230467,-58.09899520874024,-24.019466400146484,-12.365227699279783,2.54043197631836,7.63253927230835,9.02443504333496,-8.848750114440918,17.833724975585938,-3.993650197982788,-1.381149411201477,-7.816715240478516,-4.171894073486328,5.248327732086182,8.399455070495605,2.0335841178894043,8.878549575805664,-6.265151500701904,3.2123613357543945,2.591038703918457,-1.687917709350586,-3.324401617050171,-0.451250284910202,-3.183220386505127,3.67026686668396,-4.359069347381592,1.4778506755828855,-1.9050874710083008,0.8858980536460876,-3.104706287384033,-2.097938060760498,-2.5250205993652344,0.857722282409668,-2.789759397506714,0.2164075523614883,-2.2277753353118896,0.8597636818885803,-0.123165413737297,0.7638111710548401
10,-138.918212890625,104.1308135986328,-29.27353286743164,-2.005384922027588,4.295161724090576,7.600356578826904,9.17581558227539,6.3103508949279785,-14.474724769592283,15.338266372680664,-4.9067206382751465,2.7303338050842285,5.741134643554688,0.1729706823825836,-1.398071050643921,5.795691013336182,-3.716351270675659,8.337845802307129,-4.051206588745117,4.257864952087402,-4.58052921295166,2.5565104484558105,-3.247605562210083,2.783864736557007,-0.0746789425611496,3.3440968990325928,-4.044244289398193,2.782923698425293,-3.99745774269104,0.1039505004882812,-3.410372495651245,1.486843228340149,-2.368139266967773,2.807547092437744,-1.3571654558181765,2.4864234924316406,-3.088053703308105,3.503248929977417,-0.2977505028247833,1.3364077806472778
10,-142.19212341308594,103.57056427001952,-30.900094985961918,-1.3732696771621704,-0.6385032534599304,4.595199108123779,8.583551406860352,6.529312610626221,-11.32430934906006,15.340569496154783,-3.268157720565796,3.1294891834259038,4.50515604019165,-0.2808932363986969,-0.5628060102462769,5.81079626083374,-3.923825025558472,7.925487518310547,-3.4770896434783936,4.870105266571045,-4.786006450653076,2.630408525466919,-1.843579649925232,3.519278049468994,0.0470667332410812,2.751892328262329,-4.001241683959961,3.537755012512207,-3.1806750297546387,1.3550162315368652,-3.4091155529022217,0.8669220209121704,-2.5103020668029785,1.957483530044556,-2.231639623641968,2.2307448387146,-2.6653084754943848,3.640366792678833,-1.5273922681808472,1.511124849319458
10,-135.73324584960938,106.10968780517578,-32.760986328125,-2.343040943145752,-1.530178189277649,5.0222907066345215,8.623213768005371,6.665327072143555,-9.562753677368164,16.723737716674805,-1.7459886074066162,4.165441036224365,2.430109977722168,0.7333723306655884,-0.6777622699737549,7.059823036193848,-2.7696568965911865,6.936480522155762,-4.524820327758789,5.328662395477295,-3.806672334671021,2.4108428955078125,-2.027132511138916,3.387043237686157,0.0379267558455467,3.4829609394073486,-3.442390918731689,2.201200008392334,-3.4352548122406006,2.059166431427002,-2.6578617095947266,1.193122625350952,-2.538557529449463,1.939138412475586,-2.276571989059448,2.0902321338653564,-2.826904535293579,1.8385182619094849,-2.5487289428710938,1.3291884660720823
10,-139.69839477539062,107.8891143798828,-32.96370315551758,2.362268447875977,3.040086269378662,11.927443504333496,10.377884864807127,5.584256172180176,-8.875601768493652,16.15195655822754,0.7430704832077026,7.244927883148193,2.2166643142700195,2.1384286880493164,-1.473472237586975,6.604458808898926,-3.062782287597656,6.037380218505859,-3.68562126159668,6.444325923919678,-1.6044747829437256,3.193650007247925,-2.2420337200164795,3.063067674636841,0.470509797334671,3.740798234939575,-2.19980263710022,1.9333006143569944,-1.834567070007324,2.9697024822235107,-1.142887830734253,2.929002523422241,-2.398122549057007,2.7903199195861816,-0.9812691807746888,3.213294267654419,-1.8393279314041135,2.569082498550415,-1.3864564895629885,1.7824620008468628
10,-152.97914123535156,107.58431243896484,-34.5950927734375,2.7120237350463867,4.353436470031738,15.825098991394045,11.634927749633787,4.190852642059326,-11.747690200805664,12.815353393554688,2.1713500022888184,9.582208633422852,1.064231514930725,1.112393140792847,-2.701496362686157,8.011615753173828,-2.829042196273804,5.738818168640137,-4.805938720703125,6.838158130645752,-0.9067713618278505,4.50067663192749,-1.7034982442855835,3.2063024044036865,0.2783019542694092,2.6394081115722656,-2.6303884983062744,1.6445289850234983,-0.8507306575775146,2.6850616931915283,-1.0441521406173706,3.1826093196868896,-1.4275397062301636,5.138361930847168,-0.2698147296905517,3.455363273620605,-1.306747317314148,3.728102207183838,-1.3579503297805786,1.6390026807785034
10,-163.04452514648438,107.3411102294922,-37.266021728515625,-1.297504425048828,3.229799032211304,14.460591316223145,11.262789726257324,4.262405872344971,-13.201335906982422,10.670254707336426,0.637868344783783,7.446274757385254,-0.6542507410049438,-1.1116307973861694,-2.507843255996704,9.310830116271973,-1.7489569187164309,5.208561897277832,-6.425260543823242,5.214232921600342,-1.5729846954345703,3.9898407459259033,-1.4178553819656372,3.3336164951324463,0.5039828419685364,2.827946901321411,-2.374324321746826,0.6673455834388733,-2.3403215408325195,0.8196457028388977,-2.2980411052703857,1.8563202619552608,-0.7888604402542114,5.780553340911865,-0.7022414803504944,1.4522347450256348,-2.621896982192993,2.222057819366455,-2.086463451385498,0.9085612893104552
10,-158.83590698242188,101.41747283935548,-35.64590835571289,-2.3521595001220703,6.008841514587402,13.883533477783203,9.72830295562744,4.036437511444092,-13.97878360748291,10.81690502166748,-0.990671694278717,5.564352512359619,-0.4230534136295318,-0.9937037825584412,-0.8066792488098145,9.126383781433104,-1.572313904762268,5.311201572418213,-5.750608921051025,4.333253860473633,-0.6441217064857483,2.607879638671875,-0.6496939063072205,3.757102012634277,2.155329942703247,3.878278970718384,-0.6912634968757629,2.14744234085083,-0.7963297367095947,0.4527727365493774,-2.1663312911987305,1.891676902770996,-0.1773198843002319,4.721408843994141,-1.001758694648743,0.2059946209192276,-2.929839372634888,1.7587357759475708,-1.300533413887024,1.555787205696106
10,-148.0046844482422,100.24126434326172,-40.43782806396485,-0.2640238106250763,6.112575054168701,13.534918785095217,10.583614349365234,3.1309735774993896,-12.647743225097656,12.438980102539062,-2.641488790512085,5.403936386108398,-1.6181340217590332,-0.0685101747512817,0.2053179442882537,10.269346237182615,-1.200587272644043,5.560832500457764,-5.586637496948242,4.128764629364014,-1.9184478521347048,1.6969372034072876,-0.4044342339038849,4.256556034088135,2.249147653579712,3.967275381088257,-0.9255498051643372,3.1758644580841064,-0.131428450345993,1.2705329656600952,-1.7977700233459473,2.3063855171203613,-0.0737330242991447,4.210231781005859,-1.1153442859649658,0.8724686503410339,-2.2097294330596924,2.9594528675079346,-1.3322230577468872,2.5512073040008545
9,-98.74400329589844,95.43975830078124,-7.900917053222656,12.322076797485352,-23.549379348754883,-1.8222663402557373,-12.796127319335938,9.205174446105955,3.642202854156494,13.414053916931152,-0.4527518153190613,1.8486394882202148,-16.37107276916504,-4.539918422698975,-11.895487785339355,2.4736461639404297,-6.4291605949401855,-0.5077453851699829,-3.213533401489258,2.748952627182007,-1.4273316860198977,1.9022216796875,-1.4525070190429688,2.884211778640747,-1.2145204544067385,-0.0004979392979294,-5.840037822723389,0.6925482749938965,-3.442420244216919,6.838216781616211,-1.0787049531936646,-3.8738820552825928,-7.338759899139404,0.2434988766908645,-2.151615858078003,1.041347622871399,-1.428743600845337,1.7172678709030151,-3.1146106719970703,2.189414978027344
9,-49.19841766357422,106.0976791381836,-5.813238143920898,15.626896858215332,-22.50427627563477,-2.01685094833374,-14.569600105285645,9.160562515258787,-0.0924469158053398,13.203980445861816,-6.230393886566162,-2.4393625259399414,-14.99742317199707,3.164961099624634,-12.144645690917969,2.6011159420013428,-4.443142890930176,-1.913668394088745,-7.848747730255127,-0.3777602612972259,1.9824806451797483,0.7810245752334595,-1.3285201787948608,1.41150164604187,-4.503074169158936,-1.5125651359558103,-4.408714771270752,3.5254547595977783,-5.634725570678711,0.374028593301773,0.4712728261947632,-0.7444724440574646,-9.488654136657717,-1.7647171020507812,-4.053687572479248,1.4757630825042725,-0.5757285356521606,1.857545495033264,1.8695495128631592,4.799435138702393
9,-47.1496696472168,103.96762084960938,-9.68962574005127,18.203044891357425,-18.78878593444824,2.8630988597869877,-13.705470085144045,10.8779935836792,3.748805046081543,13.845550537109377,-4.6736907958984375,5.56210994720459,-10.624700546264648,4.538451194763184,-15.105157852172852,1.2911489009857178,-5.33696985244751,-5.343864440917969,-8.322144508361816,0.10877525806427,-0.2695899605751037,1.5481553077697754,-1.061382532119751,2.908102512359619,-1.241830825805664,-2.9953339099884038,-4.511737823486328,3.135004758834839,-5.633970260620117,0.0026557790115475,-2.195919990539551,0.0426634214818477,-7.259620189666748,-0.4803597331047058,-2.9112415313720703,3.5640926361083984,1.7232993841171265,3.276359796524048,3.7348616123199454,7.037153244018555
9,-49.08050155639648,109.08496856689452,-3.4279959201812744,19.418458938598636,-22.484838485717773,-0.5512614846229553,-10.876385688781738,8.233240127563477,0.4527208507061004,12.809270858764648,-7.376262187957764,-1.900282621383667,-14.766780853271484,4.602048873901367,-10.610878944396973,2.119706869125366,-2.5683364868164062,-0.0583332702517509,-8.272525787353516,0.2792969346046448,4.881920337677002,5.370547771453857,-5.853644847869873,-2.7279343605041504,-7.148782730102539,-4.635834693908691,-5.0911970138549805,-2.3681480884552,-6.332888603210449,5.262648105621338,-4.056768417358398,-3.073389768600464,-2.2820053100585938,2.427583932876587,-1.0428719520568848,5.70363712310791,1.5991108417510986,2.564685583114624,-3.909130334854126,-1.8944497108459477
9,-52.06167602539063,102.10906219482422,-9.223104476928713,28.306642532348636,-19.394821166992188,4.087221145629883,-7.557390689849853,9.03424835205078,1.6254256963729858,13.223490715026855,-7.739493370056152,2.765469074249268,-11.108724594116213,-0.3051206469535827,-12.267948150634766,-2.3277747631073,-5.404134750366211,-1.9055455923080444,-7.495310306549072,-0.1842710524797439,3.3824448585510254,3.635719537734986,-4.64993143081665,-3.233180522918701,-5.3032097816467285,0.2831055819988251,-5.441229343414307,0.6905219554901123,-5.939461708068848,0.1189060136675834,-4.667169094085693,-1.1664661169052124,-8.994095802307129,-1.7968661785125732,-2.356827735900879,0.944003403186798,-0.7776722311973572,3.666959762573242,0.6911560893058777,3.059415102005005
9,-52.304237365722656,107.14505004882812,-6.347753524780273,24.480127334594727,-18.45969009399414,3.295785903930664,-8.241193771362305,10.656167984008787,1.7303919792175293,15.61471462249756,-6.5227227210998535,4.684676170349121,-9.378801345825195,-0.5802500247955322,-15.370197296142578,0.760554313659668,-2.998889684677124,0.9504701495170592,-5.300017356872559,-0.4843065440654754,2.1729636192321777,5.313361644744873,-2.6200509071350098,-3.0530638694763184,-6.532930850982666,-3.4644885063171387,-7.609915733337402,-0.0100139109417796,-6.054268836975098,2.138784408569336,-1.7352839708328247,-1.2684999704360962,-5.361878871917725,-2.0677194595336914,-3.662585735321045,1.663688898086548,-0.7097670435905457,1.5553934574127195,-5.666036605834961,0.7656404972076416
9,-49.716575622558594,109.81049346923828,-7.961456775665283,15.696632385253906,-23.006893157958984,0.1125812828540802,-13.287603378295898,8.322901725769043,-0.4209379553794861,11.444657325744627,-7.94468879699707,-1.513576626777649,-15.000574111938477,3.962319850921631,-10.601685523986816,4.3276472091674805,-2.599066972732544,-0.2215662598609924,-6.293447971343994,0.4990659356117248,2.479492664337158,0.4525322914123535,-1.935817837715149,0.3485925197601318,-3.7557506561279297,-2.845313549041748,-5.453860759735107,3.386289358139038,-6.196917533874512,-1.813729166984558,0.1664636433124542,3.7984869480133057,-8.0150728225708,-2.4242610931396484,-5.399665832519531,1.015084981918335,1.259953856468201,2.937055826187134,3.570507526397705,5.100289821624756
8,-316.0257263183594,158.0731964111328,51.233184814453125,27.820188522338867,11.196338653564451,16.68875503540039,23.445056915283203,-0.1068005859851837,-9.845699310302734,7.25637149810791,-5.971192836761475,-9.158899307250977,1.5172615051269531,2.462393283843994,-13.3152494430542,6.828472137451172,-1.4236838817596436,-8.367253303527832,-2.751133441925049,-1.359512448310852,-11.697342872619627,2.176935911178589,-3.5040557384490967,-4.45887565612793,-5.322115898132324,-1.2989078760147097,-10.470108032226562,-1.966252088546753,-4.800025463104248,-2.648465871810913,-1.6118417978286743,-0.7781484723091125,-6.730878829956055,0.5675968527793884,-6.360394477844238,-2.180556058883667,-2.892530918121338,-2.49692964553833,-4.715641021728516,-0.9319307804107666
8,-326.4317321777344,135.72171020507812,47.14662170410156,36.3093147277832,3.037100315093994,19.89745712280273,21.585712432861328,-0.3784482777118683,-1.2563225030899048,3.1589062213897705,-3.271944522857666,-5.870439052581787,-5.854877471923828,3.089905023574829,-14.640067100524902,4.988654613494873,-1.6093357801437378,-10.03262710571289,1.9164201021194456,1.802128314971924,-12.395424842834473,1.2681636810302734,-5.674839973449707,-5.111400604248047,-6.064082145690918,-0.982396364212036,-8.548295974731445,-0.4296324253082275,-3.8574378490448,-4.812137126922607,-3.802253246307373,0.3979935050010681,-6.498840808868408,2.0093882083892822,-7.076864242553711,-3.857577085494995,-3.805988550186157,-2.1619133949279785,-3.4818716049194336,0.6782057881355286
8,-310.3329467773437,166.4527130126953,61.24224853515625,33.103763580322266,8.958154678344727,12.232763290405272,15.277017593383787,-5.135424137115479,-11.47344207763672,5.067453861236572,-3.411489963531494,-7.846170425415039,2.173119306564331,3.624182939529419,-16.03212547302246,4.475133419036865,-2.551632165908813,-9.762161254882812,-2.141899585723877,-3.1483097076416016,-12.601771354675291,2.548475980758667,-2.243436813354492,-3.1075072288513184,-5.128569602966309,-0.7357766628265381,-10.533385276794434,-3.145625591278076,-5.322964668273926,-3.1048583984375,-0.6155263781547546,-0.8486725687980652,-9.020357131958008,0.7521985769271851,-4.569602012634277,-0.6822972297668457,-1.6476351022720337,-1.772599220275879,-3.5246477127075195,0.1998578161001205
8,-320.7558288574219,155.4689483642578,60.315391540527344,38.62983703613281,9.363863945007324,11.794570922851562,16.222904205322266,-4.613692760467529,-11.795135498046877,3.731421947479248,-5.219954490661621,-6.716187000274658,3.43034029006958,4.362757205963135,-16.593467712402344,3.880118370056152,-2.8315646648406982,-9.429094314575195,-1.8146439790725708,-1.389008402824402,-12.487801551818848,1.6664714813232422,-3.286133050918579,-2.5562140941619877,-5.009851932525635,-1.3709580898284912,-11.520177841186523,-1.8956873416900637,-3.969994306564331,-3.672975778579712,-1.9781004190444944,-1.206169843673706,-8.541839599609375,2.4126760959625244,-4.848762512207031,-1.5076555013656616,-1.5038087368011477,-1.2198355197906494,-4.166919708251953,0.2226717472076416
8,-92.21907806396484,-1.1113775968551636,-34.882598876953125,-28.271949768066406,-36.806034088134766,-1.731611728668213,7.256641864776611,4.471904754638672,-1.3285915851593018,-5.8503618240356445,-17.620481491088867,-11.988818168640137,-11.770550727844238,6.464405059814453,-0.5803035497665405,1.587929368019104,-6.356555461883545,-3.463268756866455,-9.499577522277832,0.2074797302484512,-2.57570219039917,7.264155864715576,-4.432187557220459,0.5741388201713562,-6.305500507354736,2.828651428222656,1.3062982559204102,2.2955095767974854,1.268235683441162,7.539639472961426,7.3759918212890625,8.436664581298828,5.264505863189697,5.957749843597412,-3.100648164749145,1.9508795738220213,2.1936047077178955,4.761058807373047,2.5413482189178467,1.750811219215393
8,-273.3811950683594,56.65208053588867,-50.64127349853516,-32.24247741699219,-41.31381988525391,-8.271564483642578,0.8816109299659729,4.623614311218262,-4.925837993621826,-7.179133892059326,-12.629682540893556,-5.111765384674072,-5.878777027130127,5.384708404541016,8.380476951599121,3.703600168228149,-2.8466596603393555,0.000333075528033,1.9385986328125,7.545486927032471,3.0451035499572754,5.650257110595703,1.257959485054016,3.304694414138794,1.5678138732910156,7.3439860343933105,4.3092875480651855,0.5492337942123413,-1.6394810676574707,4.457549095153809,2.103743076324463,2.353480339050293,-0.1159084811806678,2.473317146301269,-1.2516037225723269,3.44211220741272,2.528709173202514,5.574650287628174,3.147489309310913,3.259587287902832
8,-440.0804138183594,147.5523223876953,14.476898193359377,2.990906000137329,29.3101806640625,27.64323616027832,18.62709617614746,20.574975967407227,16.648807525634766,7.090893745422363,9.41411590576172,14.27386474609375,9.22464084625244,2.143160820007324,1.773792743682861,7.01722526550293,11.540663719177246,7.368530750274658,-4.434054374694824,-11.183329582214355,-4.882725238800049,9.87698745727539,15.982659339904783,4.625142574310303,-2.3303794860839844,3.061044216156006,3.591793298721313,-3.56718111038208,-4.77921199798584,6.573329448699951,12.513331413269045,5.507123947143555,0.3535851240158081,1.2124061584472656,2.43135404586792,2.879784345626831,3.2452914714813232,2.6640100479125977,1.4082698822021484,-0.4853661060333252
8,-447.7787170410156,152.1671600341797,3.2987656593322754,-3.001583337783813,29.113622665405277,23.780075073242188,17.972854614257812,21.159603118896484,12.98469352722168,4.342769622802734,9.506505966186523,13.829551696777344,9.264185905456545,1.3822298049926758,-0.1017651408910751,7.903457164764404,13.066177368164062,7.674394130706787,-3.640591859817505,-12.530423164367676,-7.270928859710693,10.744269371032717,18.23911666870117,4.487381458282471,-4.031564712524414,2.5730483531951904,3.2451817989349365,-6.068267822265625,-5.777363300323486,8.378059387207031,12.893136978149414,3.5132241249084477,-1.033634901046753,1.0897798538208008,2.632188081741333,3.647707462310791,3.598337173461914,1.9370816946029663,0.9412367343902588,-1.0764070749282837
8,-457.33544921875,156.9120330810547,-3.674834966659546,-6.735839366912842,27.5117130279541,21.36057472229004,18.03321075439453,20.530460357666016,11.196566581726074,3.4214720726013184,9.345660209655762,15.2018461227417,10.05522918701172,1.6522610187530518,1.8823750019073489,10.530194282531738,15.685349464416504,10.180585861206056,-2.9509735107421875,-14.233922958374023,-9.494922637939451,11.008108139038086,20.180444717407227,5.68248462677002,-4.563656330108643,2.487333059310913,4.187404632568359,-7.534270763397217,-8.658944129943848,8.27140998840332,15.204683303833008,4.524003982543945,-1.491613507270813,0.8539410829544067,1.8787710666656492,2.868547201156616,3.347766399383545,1.6481759548187256,1.3107008934020996,-1.454623460769653
8,-478.9067077636719,170.90518188476562,-14.240448951721191,1.8304818868637085,16.006187438964844,21.79109764099121,20.242116928100582,15.889896392822266,10.01836395263672,2.4875988960266118,9.10203742980957,15.766798973083496,9.217188835144045,3.0601181983947754,3.27212142944336,9.583581924438477,15.510645866394045,12.477129936218262,-0.2231724858283996,-13.580963134765623,-10.958866119384766,8.387407302856445,20.76567649841309,7.944580554962158,-2.6755027770996094,2.2068119049072266,3.9424328804016113,-6.550151824951172,-9.444400787353516,7.324941158294678,15.230477333068848,6.337606906890869,-0.7994992733001709,0.6186590194702148,1.4350184202194214,2.689565420150757,4.679564952850342,1.991403341293335,1.328395128250122,-0.0719714760780334
9,-162.64878845214844,115.97034454345705,-31.527177810668945,0.1724634617567062,-15.74321174621582,4.0642266273498535,-14.895451545715332,-3.5765271186828613,-11.129764556884766,-4.292043209075928,-9.444485664367676,3.3363637924194336,-9.664522171020508,-1.4339511394500732,-3.852063179016113,-1.8368600606918333,-7.365097999572754,-2.6663599014282227,-6.330513000488281,-3.7171030044555664,-7.193854808807373,1.276434063911438,-5.609841346740723,-0.0319883301854133,-4.151502132415772,1.383513331413269,-4.702573776245117,1.8280237913131716,-0.3722914457321167,3.771801233291626,-3.1490750312805176,0.1001852601766586,-5.789391994476318,-0.6015141010284424,-4.779091358184815,0.4300521314144134,-2.636881113052368,0.2310604900121688,-3.208756446838379,0.116599902510643
9,-207.74688720703125,112.6151351928711,-30.01313591003418,-0.1015539467334747,-16.097929000854492,3.721645832061768,-10.02669906616211,-1.616863250732422,-11.338635444641112,-6.683156490325928,-10.24467945098877,5.100662708282471,-6.430280208587647,1.0898088216781616,-3.521480798721313,3.0028975009918213,-6.6250834465026855,1.7707382440567017,-2.3816921710968018,-2.367629289627075,-8.085378646850586,2.002774477005005,-3.6267435550689697,-0.0682085081934928,-5.740088939666748,-0.5464544892311096,-5.678637504577637,0.1711619198322296,-3.652111530303955,5.147190570831299,-3.455073833465576,-1.1250654458999634,-5.018166542053223,0.2945349514484405,-4.944359302520752,-0.4522998332977295,-2.421139001846313,3.3323121070861816,-1.816582441329956,-0.2097923010587692
9,-200.2766876220703,97.45050811767578,-20.126707077026367,-0.4966143071651459,-14.108675003051758,3.317021608352661,-9.866022109985352,-4.498276710510254,-9.737308502197266,-3.105140924453736,-8.800500869750977,2.246342897415161,-9.679635047912598,-2.98026704788208,-6.931684970855713,-0.9278879165649414,-7.927752494812012,-1.086591720581055,-6.500931262969971,-1.366471290588379,-6.018391132354736,0.4998965263366699,-5.154387950897217,-0.8499472141265869,-3.948758363723755,2.1894898414611816,-3.1983659267425537,3.806596517562866,-2.2741801738739014,0.7109431624412537,-3.625808715820313,2.0315725803375244,-2.64066743850708,1.187777400016785,-4.706022262573242,0.4463352262973785,-3.527228116989136,1.1905378103256226,-0.9749554991722108,1.1158193349838257
9,-197.7251434326172,108.38665008544922,-24.80004119873047,3.2993760108947754,-14.198848724365234,5.786945343017578,-7.856361865997314,-3.9539120197296143,-6.647734642028809,-2.5376408100128174,-7.864131450653076,1.4319336414337158,-8.661952018737793,-2.165109157562256,-5.881622314453125,0.0893709361553192,-7.2896552085876465,-0.6515588760375977,-5.894608020782471,-0.3666793406009674,-5.017708778381348,2.54003381729126,-4.900413036346436,-0.7413535714149475,-5.243437767028809,1.064510941505432,-2.879384279251098,3.593977451324463,-2.114915370941162,1.3248871564865112,-3.665409564971924,1.8633394241333008,-2.8886969089508057,1.0931293964385986,-3.8369719982147217,1.0061297416687012,-3.306272268295288,2.840702772140503,-0.3622340261936188,1.2711879014968872
9,-181.17784118652344,115.7506332397461,-28.18624687194824,5.075842380523682,-12.2733793258667,4.541005611419678,-14.924477577209473,-3.710427761077881,-5.506021022796631,-0.2094291746616363,-9.24870777130127,-0.4231542646884918,-9.30040454864502,0.1799310743808746,-5.379208087921143,-2.7510673999786377,-6.898244380950928,-0.6038842797279358,-6.210943222045898,-3.6277644634246826,-7.536369800567627,3.3080129623413086,-4.370353698730469,2.5051400661468506,-1.9135193824768064,2.176670551300049,-4.577032566070557,0.4110945761203766,-4.098252773284912,3.0130622386932373,-2.102322816848755,-0.5684900283813477,-7.694056034088135,-0.4016972482204437,-3.654473543167114,3.0584142208099365,-1.8083933591842647,1.638115167617798,-2.64595890045166,0.1467791944742202
9,-207.0389709472656,113.62518310546876,-24.401153564453125,4.248551368713379,-15.978989601135254,3.675327777862549,-13.002996444702148,-5.580345153808594,-5.660429000854492,-2.2199947834014893,-8.19289493560791,0.1308703124523162,-9.879813194274902,0.752691388130188,-4.824124336242676,0.4511819779872894,-6.521531105041504,-1.522907018661499,-4.963915824890137,0.9226903319358826,-5.596776962280273,-0.1497056931257248,-6.308692455291748,1.172090768814087,-3.5507571697235107,2.544327735900879,-3.601517677307129,3.541187524795532,-1.4844691753387451,0.8239084482192993,-3.694737434387207,2.2641520500183105,-3.595632553100586,0.8128893971443176,-5.019525527954102,-0.5172494649887085,-5.4258294105529785,-1.524008870124817,-1.0082324743270874,2.3156051635742188
7,-50.33732223510742,38.30936813354492,-21.18851089477539,32.299705505371094,-10.104923248291016,30.14884376525879,-11.375288963317873,23.083948135375977,-7.359260082244873,15.405718803405762,-8.36776065826416,9.56374454498291,-5.194621562957764,8.20862102508545,-4.083581924438477,6.138318538665772,-2.2850728034973145,1.7269928455352783,-2.665742874145508,0.758865237236023,-4.026060104370117,0.5150675773620605,-1.5143365859985352,2.4097275733947754,-2.6191155910491943,3.6198437213897705,-4.45205020904541,2.457261562347412,-2.361853837966919,1.8750505447387693,-3.388864755630493,0.8258251547813416,-3.677053928375244,-0.0144814141094684,-4.624610424041748,0.8478654026985168,-3.0203232765197754,0.727373480796814,-4.811034202575684,-1.053803563117981
7,-49.22532653808594,39.76506042480469,-19.572813034057617,31.83827781677246,-7.776181221008301,28.272085189819336,-13.709988594055176,21.71807289123535,-8.749170303344727,14.303750038146973,-10.570022583007812,8.48900318145752,-5.594465255737305,9.056583404541016,-3.858180522918701,5.541154384613037,-3.308481454849243,1.2113196849822998,-2.8274567127227783,2.00523042678833,-2.4155991077423096,1.0618840456008911,-2.7339680194854736,1.8915786743164065,-2.713850498199463,1.6889348030090332,-3.543935537338257,2.646862506866455,-0.7691333889961243,1.1577564477920532,-3.5698063373565674,-0.0033146461937576,-5.253026485443115,-2.01879620552063,-6.439355373382568,-1.0009729862213137,-2.544962167739868,2.774123191833496,-4.423713207244873,-1.0925161838531494
7,-46.03981018066406,39.76137924194336,-20.66214942932129,31.943574905395508,-8.969415664672852,28.48136711120605,-16.21643829345703,19.789506912231445,-8.596647262573242,14.874835014343262,-10.0823392868042,9.997210502624512,-3.666628837585449,8.396980285644531,-3.189417600631714,6.055798053741455,-3.1108217239379883,1.6896860599517822,-4.209491729736328,1.0718963146209717,-3.116506576538086,0.7814882397651672,-1.8784525394439695,1.7657495737075806,-5.02329158782959,2.434051036834717,-3.9825501441955566,3.524146795272827,-1.9690314531326292,1.223666429519653,-3.2418830394744877,0.9299713373184204,-4.428402423858643,0.4131442606449127,-3.627394199371338,-0.0386286079883575,-4.354060649871826,0.7150636911392212,-3.9445834159851074,-1.064830660820007
7,-29.7210636138916,37.84180068969727,-18.885154724121094,29.084566116333008,-8.644527435302734,30.455904006958008,-14.978313446044922,19.92012023925781,-9.932201385498049,12.0413179397583,-11.714269638061523,6.8424601554870605,-4.451130390167236,8.516000747680664,-3.745972871780396,5.662234783172607,-0.843298077583313,1.6596635580062866,-3.2077529430389404,-1.5677253007888794,-6.047881603240967,0.6720886826515198,-1.3301656246185305,3.1652870178222656,-3.21225643157959,1.9154250621795652,-5.630360126495361,0.2324556857347488,-2.210456371307373,1.2977451086044312,-2.373921155929565,0.4359646737575531,-5.377584934234619,-1.6053273677825928,-5.399786949157715,-0.0879501029849052,-3.3679747581481934,0.0798946544528007,-3.429710865020752,-0.0989160984754562
7,-21.79084014892578,38.26670455932617,-19.74294662475586,29.51472282409668,-9.001171112060547,30.344078063964844,-16.297998428344727,18.861055374145508,-10.027509689331056,14.150691986083984,-12.601887702941896,7.091017723083496,-5.483217716217041,7.843743324279785,-4.468225479125977,7.149465560913086,-0.7096486687660217,1.2175647020339966,-4.521389484405518,-1.0352237224578855,-4.935013294219971,2.3293886184692383,-0.8187714219093323,4.932504653930664,-3.444645881652832,2.4011495113372803,-6.27473258972168,1.2188338041305542,-2.0542685985565186,1.8958269357681277,-2.1425063610076904,2.349242687225342,-5.093772888183594,-2.531266689300537,-6.104555130004883,-1.8048040866851809,-4.674025058746338,0.6696974635124207,-2.8028550148010254,-0.747377336025238
7,-38.52373123168945,39.01945495605469,-18.55939674377441,29.54081916809082,-6.255197525024414,29.306596755981445,-17.905799865722656,19.568891525268555,-8.800729751586914,13.977245330810549,-12.681563377380373,7.184189796447754,-4.834582805633545,9.00583267211914,-3.0431909561157227,7.38144588470459,-2.390761137008667,-0.1438217908143997,-4.918500900268555,1.4963834285736084,-4.321799278259277,0.5399141907691956,-1.1303781270980835,4.240350723266602,-3.8289973735809326,2.992661952972412,-5.021626949310303,2.0046815872192383,-1.4703625440597534,0.6011115908622742,-4.484941482543945,0.552791178226471,-4.086565971374512,-1.833359241485596,-6.891531467437744,-1.6251474618911743,-3.879107236862183,0.2228826135396957,-4.4380316734313965,-0.5880754590034485
10,-177.20201110839844,59.52214813232422,-15.41692352294922,-16.520591735839844,-36.54649353027344,25.2253475189209,-38.470741271972656,21.534799575805664,10.192503929138184,26.175695419311523,-3.132110357284546,3.050652265548706,-2.368701696395874,6.17750358581543,-5.888652324676514,14.044567108154297,-6.508095264434815,8.568146705627441,-0.2034312635660171,-2.070566415786743,5.844135761260986,10.321423530578612,1.955469846725464,4.736739635467529,0.7515615820884705,4.078169345855713,0.2485570460557937,3.628426551818848,-2.225616455078125,0.6268389821052551,-4.62048864364624,3.074700832366944,0.4571474492549896,2.4999871253967285,2.610646724700928,-1.1902563571929932,3.697244167327881,0.1586047410964965,-0.8467628359794617,3.027876377105713
7,-192.0365753173828,115.18038940429688,-104.39147186279295,5.066249370574951,-27.45099449157715,0.7401110529899597,28.78118705749512,11.476512908935549,-14.395877838134766,6.486591339111328,18.23530578613281,3.157145500183105,-8.829951286315918,-4.215279579162598,3.69209623336792,-3.3178436756134038,-3.5963919162750244,-4.478806495666504,-9.310532569885254,8.874269485473633,-3.8859143257141113,-7.72482967376709,6.931160926818848,-0.6797950267791748,-0.6603152751922607,1.1683474779129028,-6.344326496124268,-1.7185531854629517,1.5516573190689087,5.4746503829956055,-6.878997802734375,0.3121565580368042,4.281746864318848,-0.1490963548421859,0.7026587724685669,0.8309912085533142,0.559350311756134,3.1582462787628174,2.3927788734436035,0.4681631028652191
8,-160.5165557861328,87.77987670898438,-94.53775787353516,-10.97634983062744,-18.13102531433105,56.81382369995117,44.59831237792969,12.385009765625,-8.554611206054688,11.890249252319336,-0.3474667370319366,-10.485885620117188,-7.153273105621338,20.051204681396484,0.4826909005641937,3.4484033584594727,7.462706089019775,1.7491616010665894,0.1570970863103866,5.838359355926514,-9.23305892944336,0.7668632864952087,3.925751209259033,4.423948287963867,6.134708881378174,0.5796076655387878,-7.049912929534912,2.389911413192749,0.1466108560562133,-1.4936100244522097,5.44160795211792,9.79343605041504,-4.706484317779541,-3.544541597366333,2.5829379558563232,3.344827175140381,0.4025681316852569,-0.0378248021006584,1.7264224290847778,2.336687564849853
9,-132.68270874023438,-5.302083015441895,12.116233825683594,20.28118896484375,10.806682586669922,19.173812866210938,6.665595054626465,-1.3378006219863892,7.181231498718262,2.0405538082122803,-4.398716926574707,-9.049431800842283,-12.198829650878906,0.258563369512558,-7.476575374603271,-0.8191467523574829,-14.256847381591797,-11.2724609375,1.6060117483139038,-9.788066864013672,-1.1839194297790527,3.238760709762573,-16.216527938842773,3.971511125564575,-6.5566582679748535,1.8073952198028564,-7.262181758880615,0.7136263847351074,-3.376791477203369,0.502393364906311,-3.9887852668762207,-0.693566083908081,-7.929571151733398,1.8846323490142824,-2.193264961242676,-1.2709629535675049,-0.5272548794746399,-5.949210643768311,-2.91039514541626,-1.2003804445266724
9,-149.2752685546875,-1.8733386993408203,5.930482864379883,20.337329864501957,9.953936576843262,20.217782974243164,7.364872932434082,3.1898722648620605,9.881940841674805,1.748813509941101,-3.2779712677001958,-9.153053283691406,-8.39640998840332,4.334120750427246,-8.267203330993652,-1.2853193283081057,-13.371116638183594,-12.674583435058594,3.043525457382202,-9.565573692321776,-3.257134199142456,2.774029016494751,-15.015419006347656,-0.5643236637115479,-9.207392692565918,3.2141098976135254,-6.812411785125732,-0.827007532119751,-2.137518882751465,-1.6183701753616333,-4.112477779388428,-0.7190157175064087,-7.9088311195373535,2.9771413803100586,-4.290122985839844,-3.549452066421509,-0.3922419548034668,-2.737978935241699,-2.198657274246216,0.899840772151947
9,-120.1745834350586,-8.450518608093262,14.00696849822998,22.37456512451172,2.529883861541748,18.05440330505371,3.492569923400879,-1.060639500617981,9.625874519348145,-1.0988357067108154,-1.231492280960083,-8.11669635772705,-11.286977767944336,5.799405097961426,-9.209342956542969,-3.411583423614502,-12.950957298278809,-12.061386108398438,3.8013761043548575,-12.647934913635254,-2.5183980464935303,2.9240682125091557,-15.722220420837402,1.354370355606079,-8.613548278808594,2.906454563140869,-4.164979457855225,-2.7083165645599365,-2.993563413619995,-0.2591611742973327,-3.768496036529541,1.5290173292160034,-8.325706481933594,2.7641639709472656,-1.957659363746643,-5.738421440124512,1.6866871118545532,-3.79840898513794,-3.819449424743652,1.4187946319580078
9,-104.65260314941406,-9.92874813079834,13.27104663848877,18.22818756103516,-0.072212241590023,13.224885940551758,2.00577712059021,-0.5717509984970093,9.729161262512209,1.5075467824935913,-2.825340747833252,-9.962517738342283,-12.177803993225098,2.5385475158691406,-10.728059768676758,-1.5465394258499146,-11.737175941467283,-13.933375358581545,3.263606309890747,-12.283809661865234,-3.836247682571411,3.7812581062316895,-15.958598136901855,2.251217603683472,-7.569096088409424,3.9893624782562256,-5.438905715942383,-2.0905439853668213,-3.888349056243897,1.1143393516540527,-1.26170551776886,0.906510293483734,-6.313245296478272,2.8157339096069336,-0.9619686603546144,-5.849973201751709,-0.0873713195323944,-5.115414619445801,-3.0470449924468994,1.274438738822937
9,-111.84822082519533,-4.860898494720459,11.432491302490234,14.689311981201172,0.8951959609985352,11.065508842468262,3.364641666412353,1.4619643688201904,8.7267427444458,0.445755660533905,-4.975561141967773,-9.98757553100586,-13.834698677062988,0.181669071316719,-9.29847526550293,-0.4514712393283844,-13.053154945373535,-14.803446769714355,2.963244915008545,-10.832693099975586,-3.5958166122436523,3.8423874378204346,-17.173933029174805,1.7121479511260986,-6.935426712036133,3.541567325592041,-5.729055404663086,-2.038846254348755,-3.77327036857605,1.5469664335250854,-2.730720996856689,1.0290783643722534,-6.869659900665283,3.3404576778411865,-1.6196026802062988,-7.001175403594971,-0.3220255970954895,-6.515386581420898,-3.025947332382202,0.7499465346336365
9,-115.59017944335938,-9.025897979736328,13.313093185424805,17.868383407592773,1.85918927192688,16.746334075927734,5.1000752449035645,2.070322275161743,6.652738094329834,-1.8803919553756716,-4.631282329559326,-9.921966552734377,-13.51183032989502,5.150009632110596,-9.408044815063477,-3.869823694229126,-15.348037719726562,-14.163800239562988,3.9006290435791016,-9.117605209350586,-1.3503646850585938,1.792449116706848,-19.38943099975586,2.69667911529541,-7.816953659057617,3.079174280166626,-4.87523078918457,-1.9411808252334597,-3.1883866786956787,1.7085726261138916,-4.664684295654297,1.0210697650909424,-10.141409873962402,3.5190112590789795,-3.4814348220825195,-7.761822700500488,0.5219500660896301,-7.218033313751221,-3.3141849040985107,0.7675584554672241
9,-103.8074188232422,-16.32415008544922,13.95911693572998,18.017520904541016,2.832573175430298,16.35971450805664,6.012502193450928,1.6931865215301514,1.4578393697738647,-1.2350949048995972,-5.125249862670898,-11.070043563842772,-12.332322120666504,7.82530403137207,-10.983622550964355,-7.88093900680542,-14.545243263244627,-12.257041931152344,3.4838755130767822,-8.414603233337402,-1.7308356761932373,-0.9090015888214112,-18.99979019165039,3.830924034118652,-6.557090759277344,1.1145178079605105,-5.619290351867676,0.9584105610847472,-4.358973979949951,1.405110239982605,-3.5918939113616943,-2.180290699005127,-10.296268463134766,2.613684892654419,-4.610879421234131,-6.56538724899292,-0.4088782668113708,-6.608043670654297,-2.379729986190796,-0.2968125641345978
9,-87.38150024414062,-14.12339973449707,11.371116638183594,11.801387786865234,1.4919408559799194,11.384889602661133,5.664915561676025,2.0695695877075195,-2.1215827465057373,1.2632585763931274,-8.455848693847656,-9.018599510192873,-11.955671310424805,4.619265079498291,-10.64680004119873,-6.254171371459961,-15.279685974121094,-10.056329727172852,4.821310997009277,-9.61890983581543,-5.11551570892334,-1.8392573595047,-15.7791109085083,4.676661968231201,-5.951636791229248,0.2048976719379425,-7.163342952728272,2.783254146575928,-6.6321539878845215,0.9235665798187256,-2.0682857036590576,-4.182609558105469,-6.501981258392334,1.4438124895095823,-5.0290303230285645,-5.952929496765137,-0.8607997894287109,-5.3504319190979,-3.0488147735595703,-1.387750506401062
8,-171.87606811523438,233.8041076660156,-103.36167907714844,4.70303201675415,20.125354766845703,-59.83636474609375,1.802012324333191,-4.623186111450195,-41.14445114135742,5.501055240631104,-7.252510070800781,-24.933351516723636,7.474261283874512,-11.223127365112305,-18.39873313903809,4.978546142578125,-13.413074493408203,-12.037944793701172,4.749272346496582,-10.42466640472412,-3.734188079833984,2.2989022731781006,-14.23735237121582,-0.9178652167320251,5.135902404785156,-10.829081535339355,-1.8142979145050049,0.6387144923210144,-9.63284397125244,-4.013862609863281,-6.210131168365479,-4.192897319793701,9.419925689697266,0.3007763922214508,-5.770930290222168,5.575416088104248,3.0324594974517822,-0.6205006241798401,0.2054833173751831,-3.273275136947632
8,-170.19549560546875,221.48165893554688,-95.53990936279295,1.9159778356552124,15.436861991882324,-57.63322448730469,2.2407920360565186,-1.8350356817245483,-37.00246047973633,3.010462522506714,-11.556998252868652,-28.582612991333008,3.6327133178710938,-11.327951431274414,-17.64612579345703,3.757299423217773,-12.658524513244627,-10.081953048706056,3.378448724746704,-17.08673095703125,-11.283897399902344,3.0491509437561035,-7.411437511444092,1.414109468460083,4.705568313598633,-8.32131576538086,-0.8845260739326477,-3.480806827545166,-12.605112075805664,0.6277917623519897,1.6770204305648804,-2.663752555847168,5.344257354736328,-1.432384967803955,-4.744331359863281,3.877228260040283,-1.7838644981384275,-1.7796638011932373,5.86615514755249,1.066049337387085
8,-170.7849578857422,221.6348419189453,-91.98114013671876,1.3037588596343994,19.79535675048828,-52.384307861328125,-0.2943649291992187,-3.9858531951904297,-36.558631896972656,3.354142189025879,-6.542464733123779,-22.83074760437012,2.8590521812438965,-14.16123867034912,-17.37135887145996,6.599926948547363,-10.919977188110352,-12.471912384033203,2.9333736896514893,-10.622408866882324,-5.108619689941406,3.7701923847198486,-10.1710844039917,-2.752133846282959,2.47857928276062,-7.933573246002197,-0.3925600349903106,-1.812839388847351,-11.081910133361816,-1.584346055984497,-0.6300414800643921,-2.2721283435821533,5.367591857910156,-1.6850004196166992,-4.172336101531982,4.329580783843994,-0.2319783568382263,0.0123592223972082,4.539552688598633,-1.3136093616485596
8,-166.55418395996094,234.8624420166016,-77.81231689453125,-0.6164699792861938,12.77302074432373,-53.04947662353516,3.504594326019287,0.7650411128997803,-36.509986877441406,0.1950099766254425,-6.667886734008789,-20.13666534423828,9.686429977416992,-4.751521110534668,-14.400345802307127,3.596376180648804,-13.632003784179688,-13.713106155395508,3.144385576248169,-12.497459411621094,-9.03480625152588,4.5001983642578125,-8.018087387084961,-4.233241081237793,2.302971363067627,-6.59038782119751,-0.3317039012908935,-1.702184796333313,-11.326148986816406,-0.2807101309299469,1.0130631923675537,-6.8792724609375,-0.1430002599954605,-2.28344202041626,-5.818206310272217,3.731759548187256,3.3507587909698486,0.5341972708702087,3.151473045349121,-1.024796485900879
8,-181.2489318847656,218.7486267089844,-70.94024658203125,2.578744411468506,14.926393508911133,-46.553466796875,3.3985800743103027,-2.9280447959899902,-36.21335983276367,0.9293729662895204,-5.967432498931885,-20.33443260192871,5.111423015594482,-9.635530471801758,-16.068653106689453,3.923346519470215,-10.789124488830566,-10.809057235717772,4.432051181793213,-8.059588432312012,-3.115952014923096,5.168920516967773,-10.636737823486328,-6.088502883911133,1.0805567502975464,-6.44353723526001,0.7130971550941467,-1.5538783073425293,-11.766616821289062,-1.4628660678863523,0.0968086346983909,-5.060700416564941,2.1153781414031982,-2.333425283432007,-6.236292839050293,2.8257815837860107,0.9259086847305298,-0.0961667522788047,4.593086242675781,-1.5294947624206543
8,-216.4657745361328,269.6517333984375,-94.9756851196289,13.83642864227295,28.120424270629883,-54.118011474609375,11.742633819580078,1.501848220825195,-38.93432235717773,8.895851135253906,-6.795756816864014,-23.5834903717041,11.992085456848145,-8.87300968170166,-13.779776573181152,12.64382266998291,-9.045818328857422,-7.54561185836792,9.675682067871094,-9.73038387298584,-3.111786127090454,3.7615811824798575,-16.31376075744629,-5.435185432434082,1.1292458772659302,-10.51087474822998,1.5621984004974363,-0.992569386959076,-12.046781539916992,1.7335312366485596,-0.3055380582809448,-6.542562484741211,3.4404070377349854,-4.16738224029541,-8.449662208557129,1.0277979373931885,-3.9120819568634033,-2.7149901390075684,2.464081048965454,-6.202896595001221
5,-229.18746948242188,120.39879608154295,-67.94344329833984,-49.58580017089844,-68.50701141357422,0.6501126289367676,-38.46873474121094,3.951355218887329,16.66543960571289,11.600322723388672,11.858723640441896,-16.540504455566406,-7.890625953674316,2.3549344539642334,-8.147871971130371,-0.7983703017234802,-12.750373840332031,-0.655558168888092,-8.903328895568848,-7.968512535095215,2.579536437988281,0.0058385352604091,1.5973113775253296,9.844182014465332,0.4505998790264129,1.7758467197418213,-3.046058893203736,1.53767192363739,-0.2651003301143646,-1.2090458869934082,-5.61827278137207,-5.609580039978027,-4.727766036987305,-8.56132698059082,1.628836989402771,-2.922119617462158,1.4470914602279663,-3.0368213653564453,-6.121743679046631,-0.6598548889160156
10,-80.1658706665039,46.83538818359375,-4.020974159240723,-25.92941665649414,-8.77362060546875,-23.280866622924805,-28.54522132873535,-4.995698928833008,-24.201807022094727,8.79479694366455,-26.197479248046875,1.8161360025405884,-19.57946014404297,-3.4998080730438232,-18.7714786529541,-2.2465968132019043,-17.397735595703125,2.455121755599976,-14.276375770568848,-2.96345853805542,-5.118191242218018,-4.378349304199219,-7.439241409301758,-6.270013809204102,-4.812390804290772,-4.714938640594482,-2.5218665599823,-1.740223407745361,-5.784476280212402,1.6601322889328003,-8.071295738220215,0.8123432397842407,-4.887174606323242,-1.6068655252456665,-5.452818393707275,-2.2983338832855225,-3.641422986984253,0.1383693069219589,-1.2382487058639526,-1.3366442918777466
10,-95.4613800048828,49.71645736694336,-5.663331985473633,-21.11997604370117,-6.945284366607666,-22.082674026489254,-30.346355438232425,-6.931177616119385,-25.927471160888672,6.9730634689331055,-26.95848846435547,2.644127368927002,-16.746904373168945,-3.544962167739868,-20.155651092529297,-3.3693935871124268,-17.128978729248047,1.6296972036361694,-14.505359649658203,-3.5823299884796143,-4.521662712097168,-2.699796676635742,-5.4750590324401855,-5.443065166473389,-3.478792667388916,-3.372220516204834,-1.2441222667694092,-1.3537033796310425,-6.512809753417969,1.569442629814148,-8.322505950927734,1.0481762886047363,-5.614410877227783,-0.2003968507051468,-6.0737128257751465,-1.6766071319580078,-3.360635280609131,-0.0559269562363624,-1.62059223651886,-1.6713855266571045
10,-118.11542510986328,40.96864700317383,-13.79922866821289,-13.179219245910645,-3.711657285690308,-20.236989974975582,-28.24081039428711,-4.595841407775879,-23.404865264892575,3.858126401901245,-27.188894271850582,-1.748673439025879,-18.041210174560547,-4.902312755584717,-21.11406517028809,-6.121823310852051,-14.556829452514648,-0.3141644895076751,-11.316876411437988,-5.7943854331970215,-3.356910228729248,-3.016685485839844,-4.075810432434082,-6.171367168426514,-4.066207885742188,-4.103209972381592,-2.598408937454224,-1.5614852905273438,-4.489986896514893,2.8504092693328857,-7.380314826965332,0.613679051399231,-7.123059749603272,0.9401952624320984,-5.979315757751465,1.5855650901794434,-3.2428295612335205,1.134412407875061,-1.0270756483078003,-1.0066475868225098
10,-137.11131286621094,47.79375457763672,-23.60076141357422,-11.612398147583008,-2.8046414852142334,-17.408496856689453,-20.900087356567383,-3.3888425827026367,-13.232904434204102,4.061312675476074,-22.12640953063965,-1.0127346515655518,-14.616687774658203,-1.0504281520843506,-18.273550033569336,-3.2993383407592773,-11.421927452087402,6.385074615478516,-10.738078117370604,-0.197617307305336,-3.791517972946167,2.8109872341156006,-4.614902019500732,-1.8626338243484497,-2.1368274688720703,-2.1435062885284424,-1.749589920043945,-2.407094240188598,-1.5241436958312988,1.9422014951705933,-5.908214569091797,1.2128639221191406,-6.293545722961426,2.9910144805908203,-5.367161750793457,3.325270175933838,-4.217120170593262,1.6062922477722168,-0.7086561918258667,1.5354758501052856
10,-182.70420837402344,29.300228118896484,-40.958194732666016,-6.00849199295044,-3.198512554168701,-14.15394115447998,-15.950407028198242,-1.5912070274353027,-10.459064483642578,1.665616750717163,-16.672365188598633,-2.8915390968322754,-10.627127647399902,-0.8961736559867859,-12.986322402954102,-2.589160442352295,-8.329204559326172,3.610379695892334,-9.563956260681152,-1.8807333707809448,-4.597412586212158,0.1108334511518478,-5.860997200012207,-2.5371735095977783,-4.119160175323486,-2.6081275939941406,-3.0930368900299072,-1.0919370651245115,-1.8021379709243772,2.0266106128692627,-4.628882884979248,0.4674813151359558,-4.832657814025879,2.1036434173583984,-5.80088996887207,2.097240209579468,-5.18799352645874,0.6837120056152344,-1.7766286134719849,0.5186202526092529
10,-141.76290893554688,31.96116828918457,-29.81912612915039,-14.608500480651855,-7.038756847381592,-17.61020851135254,-20.8641357421875,-1.4098684787750244,-16.629281997680664,4.590694904327393,-21.64725685119629,-2.5683093070983887,-15.067818641662598,-2.7164340019226074,-15.559011459350586,-2.0856857299804688,-11.05946159362793,3.43122935295105,-10.297728538513184,-3.2277045249938965,-3.972790002822876,-2.474308013916016,-5.2404327392578125,-3.4225873947143555,-4.854252338409424,-4.506962776184082,-3.104156970977783,-0.3061583936214447,-3.31333327293396,2.188884258270264,-5.622903823852539,0.3060958087444305,-5.694034099578857,0.2073983699083328,-6.022960662841797,1.2304054498672483,-4.328369617462158,0.3740081787109375,-1.2239561080932615,-0.0609759502112865
10,-78.1670913696289,59.19475936889648,-5.014759540557861,-24.20784950256348,-10.09999656677246,-22.508146286010746,-29.95565414428711,-2.37695574760437,-23.14018440246582,8.850168228149414,-27.298173904418945,-0.788110077381134,-17.516435623168945,-3.2138912677764893,-18.709613800048828,-2.791577100753784,-14.583284378051758,4.171077728271484,-14.106624603271484,-5.744955062866211,-5.366006851196289,-3.191170692443848,-4.507241725921631,-6.483068943023682,-5.92316198348999,-5.703121662139893,-2.6620635986328125,-0.4434195160865783,-6.175510406494141,3.62612533569336,-9.306591987609863,0.2367354333400726,-7.431258201599121,-0.672800600528717,-5.236647129058838,0.7794567942619324,-1.928444266319275,-0.6165299415588379,-1.709965705871582,-2.370411872863769
10,-183.20327758789065,41.437286376953125,-3.920621156692505,-12.61713695526123,-5.3401360511779785,-14.094929695129396,-19.76066398620605,1.158791422843933,-21.22524642944336,3.468301296234131,-21.33650779724121,1.455891489982605,-11.450541496276855,-4.7839674949646,-11.92084789276123,1.766134262084961,-11.814249992370604,-1.5303701162338257,-11.641057014465332,-6.270725250244141,-5.666592597961426,-5.686420917510986,-7.120975017547607,-5.15279483795166,-6.811984062194824,-6.329498767852783,-3.7015533447265625,1.2120692729949951,-5.505936145782471,5.135594844818115,-7.993785858154297,-2.1112582683563232,-6.899574279785156,-2.8586673736572266,-5.735845565795898,0.6809823513031006,-2.508372068405152,-0.9005409479141235,-3.6414194107055664,-3.6542227268218994
10,-169.26736450195312,31.11852264404297,-0.6644018888473511,-13.735898971557615,-1.2180010080337524,-11.81374168395996,-21.42180061340332,2.406371831893921,-21.0853214263916,6.193711280822754,-18.55388069152832,3.232195377349853,-11.702106475830078,-4.978246688842773,-12.685507774353027,2.088259220123291,-14.878435134887695,-1.09431254863739,-13.80221176147461,-4.222884178161621,-7.428710460662842,-6.714871883392334,-8.61452865600586,-4.83927583694458,-4.955185413360596,-5.171902656555176,-4.719766139984131,-2.9690191745758057,-8.805014610290527,1.0145171880722046,-10.077519416809082,-2.181674003601074,-6.005366802215576,-3.9217097759246826,-5.477819919586182,-2.6078152656555176,-3.0253169536590576,-2.145641565322876,-2.7826404571533203,-5.309839248657227
10,-131.9860076904297,30.220014572143555,5.558953285217285,-23.942325592041016,-2.857388734817505,-16.558837890625,-24.352052688598636,4.432096004486084,-23.815452575683597,10.101914405822754,-19.793779373168945,3.842632293701172,-11.779277801513672,-2.367684841156006,-11.043062210083008,4.309724807739258,-14.757060050964355,-0.908419132232666,-13.567514419555664,-3.546550750732422,-7.634532928466797,-7.837820053100586,-10.421040534973145,-3.5713815689086914,-4.077124118804932,-3.778924226760864,-3.5487427711486816,-3.3933937549591064,-9.501500129699709,0.4828391671180725,-8.818883895874023,-2.394227743148804,-4.063217639923096,-5.016623973846436,-4.4476637840271,-3.756603479385376,-3.121718168258667,-2.614874839782715,-3.020923376083374,-6.1052350997924805
10,-168.30665588378906,29.3940372467041,-2.194509983062744,-16.50901985168457,-2.134601831436157,-13.31258773803711,-19.325084686279297,3.456686496734619,-19.141530990600582,7.677754878997803,-17.914920806884766,3.6273610591888423,-11.697931289672852,-2.884376049041748,-12.201860427856444,3.512802600860596,-11.591198921203612,-0.0066099222749471,-10.080767631530762,-2.956644296646118,-4.127486705780029,-5.268089771270752,-6.959532737731934,-2.574514627456665,-3.862548112869263,-2.670020818710327,-3.781865358352661,-1.8596783876419067,-8.498906135559082,1.067759990692139,-8.964613914489746,-2.0083160400390625,-4.852293014526367,-3.431370258331299,-5.929101943969727,-2.552950620651245,-3.0757153034210205,-2.0377066135406494,-3.775104761123657,-4.376713752746582
10,-129.151123046875,33.34771728515625,-20.9844970703125,-15.12629508972168,-3.578497648239136,-17.22478485107422,-24.380216598510746,-6.194615840911865,-21.139137268066406,2.207054615020752,-25.950035095214844,-3.076076030731201,-15.765949249267578,-3.145831346511841,-16.51754379272461,-4.275766849517822,-13.697508811950684,0.7673497796058655,-14.358749389648438,-5.117361545562744,-5.265676021575928,-1.7815089225769043,-4.963029384613037,-5.719182014465332,-4.451058387756348,-4.8755202293396,-2.493616104125977,-2.739229679107666,-6.184834957122803,1.113835096359253,-8.266324996948242,0.368674099445343,-7.152068614959717,1.3265377283096311,-6.756198883056641,0.702207088470459,-4.668716430664063,-0.4277752041816711,-1.2545228004455566,-0.876665472984314
10,-109.2016372680664,30.39750099182129,0.919568657875061,-25.886558532714844,-12.02676486968994,-23.565093994140625,-27.29645538330078,3.796149015426636,-26.376953125,7.243855476379394,-24.30441665649414,1.5640416145324707,-14.762971878051758,-4.754654407501221,-15.304610252380373,0.0056652114726603,-18.75279426574707,-2.0863757133483887,-14.37510871887207,-3.2326676845550537,-2.7497236728668213,-7.342400074005127,-8.4419584274292,-3.735926628112793,-7.086845397949219,-5.002373695373535,-5.241633415222168,-2.109379291534424,-11.215560913085938,3.161576986312866,-11.159302711486816,-3.1111271381378174,-3.588779926300049,-3.741600513458252,-3.355616331100464,-2.9771080017089844,-2.096412181854248,-1.8149694204330444,-2.026935577392578,-4.576314449310303
10,-134.8913116455078,35.39398193359375,-19.194448471069336,-10.712573051452637,-3.515701532363892,-18.04842758178711,-21.261873245239254,-3.525660514831543,-17.743350982666016,3.785228967666626,-20.102338790893555,-0.3620112538337707,-14.780617713928224,-3.605276107788086,-20.9642276763916,-3.982332229614258,-13.506929397583008,5.065142631530762,-9.349538803100586,0.0518056377768516,-2.9844837188720703,0.6580172181129456,-3.816998243331909,-4.047987937927246,-2.24361252784729,-2.891930103302002,-2.3672902584075928,-1.3055065870285034,-4.592702388763428,2.462333917617798,-6.813129425048828,0.7299048900604248,-5.97830057144165,1.871556282043457,-6.638979434967041,1.322133183479309,-5.240281105041504,-1.1040172576904297,-2.2775301933288574,0.252850592136383
10,-147.88638305664062,33.82764434814453,-22.687833786010746,-8.146016120910645,0.1987277418375015,-15.974908828735352,-19.47621726989746,-3.7114992141723633,-15.937593460083008,3.4657061100006104,-18.90571975708008,0.3902219533920288,-13.85067367553711,-2.4819583892822266,-19.024150848388672,-2.535706758499145,-11.389548301696776,3.200421094894409,-9.885194778442385,-0.856354832649231,-2.607091188430786,-0.4295216798782348,-5.480139255523682,-3.669291019439697,-3.2288317680358887,-2.039982318878174,-2.6639928817749023,-1.0200783014297483,-2.6455416679382324,2.6028199195861816,-5.886033058166504,-0.7274079918861389,-6.933565616607666,1.3846983909606934,-7.676834106445312,1.2968283891677856,-6.304800510406494,0.2567348480224609,-1.9850571155548096,0.2385539710521698
10,-100.13238525390624,32.775535583496094,0.4909500777721405,-19.88739776611328,-3.935635805130005,-22.968616485595703,-28.834667205810547,-3.457549810409546,-26.896411895751957,4.552858352661133,-28.447025299072266,-0.3943966925144195,-19.22060775756836,-4.872021675109863,-18.724409103393555,-4.34312915802002,-14.727680206298828,-0.7098748683929443,-10.516846656799316,-3.246690273284912,-1.812207579612732,-4.959348201751709,-8.295104026794434,-6.284385681152344,-6.649209976196289,-4.26807975769043,-6.403677463531494,-1.2258473634719849,-6.778942584991455,4.309779167175293,-10.14071273803711,-0.4755465686321258,-8.217103958129883,-2.977870464324951,-7.110739707946777,-0.5960219502449036,-6.284683704376221,-1.5649402141571045,-1.9608491659164429,-0.1821359992027282
10,-121.56812286376952,35.15409851074219,-12.927745819091797,-13.120072364807127,-3.6438372135162354,-19.527442932128903,-24.257028579711918,-4.068068504333496,-24.489734649658203,1.3669379949569702,-24.01060104370117,-0.4376229047775268,-17.93512725830078,-4.027730464935303,-19.146034240722656,-4.150356769561768,-12.910165786743164,0.3705845773220062,-10.404020309448242,-3.682533264160156,-3.312584400177002,-3.222066640853882,-6.058352470397949,-7.192191123962402,-5.902015209197998,-4.994115829467773,-3.811736106872559,-0.506800651550293,-3.722851037979126,4.33035135269165,-7.774539470672607,-0.2917867302894592,-7.95268964767456,-1.6957613229751587,-6.792349338531494,-1.0771422386169434,-5.299832820892334,-0.8021057844161987,-0.6515691876411438,-0.179360345005989
10,-124.82981872558594,32.91081237792969,-13.443974494934082,-13.363981246948242,-2.198489189147949,-18.07059669494629,-22.27758407592773,-3.789175033569336,-23.94145965576172,1.6563283205032349,-24.57613182067871,-0.8901095390319824,-18.146242141723636,-3.4631810188293457,-19.74405860900879,-6.027404308319092,-12.237945556640623,0.4316182732582092,-8.631067276000977,-4.887983798980713,-4.723782539367676,-3.963451623916626,-6.30118989944458,-7.16426420211792,-5.764833927154541,-4.109683990478516,-3.970593452453613,-1.1398944854736328,-4.376447677612305,4.395150184631348,-6.612566947937012,1.6622480154037476,-7.875598907470703,0.2267065495252609,-7.884424686431885,0.1922702193260193,-4.666690349578857,-0.1015795692801475,-0.9880210757255554,-1.0822032690048218
10,-106.42977905273438,54.56132125854492,-14.340529441833496,-21.731273651123047,-10.459699630737305,-23.367944717407227,-24.03023910522461,-5.7202467918396,-20.357139587402344,4.744179248809815,-22.611915588378903,1.3691210746765137,-13.997350692749023,-2.5539121627807617,-19.86897087097168,-5.871581554412842,-16.412111282348633,3.9584157466888423,-13.207536697387695,-1.4393177032470703,-4.966821670532227,0.8679217100143433,-6.983116149902344,-6.27403736114502,-4.494935989379883,-2.2734580039978027,-0.0731977224349975,-1.1123244762420654,-1.312473177909851,3.927536725997925,-4.326716899871826,4.285555839538574,-6.220066070556641,0.6388105154037476,-7.827287673950195,1.0887980461120603,-2.5225887298583984,0.9575302004814148,-3.284277439117432,-2.456087589263916
10,-143.1174774169922,17.3909854888916,-21.06694221496582,-14.25455379486084,-6.112662315368652,-20.329111099243164,-23.451229095458984,-1.855140328407288,-21.470600128173828,4.067094802856445,-21.33179473876953,-2.5651485919952397,-18.109769821166992,-5.615421295166016,-17.834854125976562,-4.685850143432617,-14.821829795837402,1.1017779111862185,-14.010653495788574,-2.029470205307007,-3.006397008895874,-2.3024699687957764,-6.908166408538818,-4.537981033325195,-4.185795783996582,-4.133152961730957,-4.234158515930176,-2.7850375175476074,-8.871275901794434,1.2946633100509644,-8.201116561889648,-0.576123833656311,-6.975777626037598,1.1407244205474854,-5.261036396026611,-0.5907554030418396,-5.764611721038818,-1.635361909866333,-1.4968795776367188,-0.8245787620544434
10,-90.26539611816406,21.71348762512207,1.5724471807479858,-26.96986198425293,-8.000505447387695,-24.02749252319336,-30.785314559936523,-2.123744487762451,-31.75465202331543,6.907583713531494,-27.75327682495117,-1.324437141418457,-20.404346466064453,-6.35891580581665,-18.013578414916992,-3.729714393615722,-18.79355812072754,-2.815725326538086,-13.590267181396484,-3.0164597034454346,2.017547845840454,-4.533752918243408,-6.492321491241455,-8.923286437988281,-5.979936599731445,-6.742404937744141,-6.857959747314453,-2.3315422534942627,-10.770368576049805,3.021549940109253,-10.773036003112791,-2.935605049133301,-6.232729434967041,-1.663434982299805,-4.321044445037842,-2.848590850830078,-6.402909755706787,-3.7158572673797607,-2.384453296661377,-0.7664932608604431
10,-93.01091766357422,23.672691345214844,5.851568698883057,-33.1920051574707,-9.021307945251465,-23.887954711914062,-30.18062973022461,0.1999954879283905,-33.0908317565918,7.341153144836426,-27.60977554321289,-1.6389836072921753,-19.68234634399414,-7.319365501403809,-17.56861686706543,-3.431503772735596,-17.37163543701172,-4.580249786376953,-12.643510818481444,-3.3539721965789795,2.76662826538086,-4.304439067840576,-5.848995208740234,-8.630789756774902,-6.145525932312012,-6.590950012207031,-6.585109233856201,-1.162543773651123,-10.687973976135254,2.273942708969116,-10.15302276611328,-4.055012226104736,-5.106180191040039,-3.1427009105682373,-4.127311706542969,-1.6911754608154297,-5.816356658935547,-3.5370705127716064,-4.439035415649414,0.2827367484569549
10,-141.49850463867188,32.404014587402344,-11.112469673156738,-7.600106239318848,-1.6057778596878052,-16.15966033935547,-22.352266311645508,-2.146901845932007,-21.82512664794922,3.128617763519287,-23.099851608276367,-1.066159963607788,-16.602148056030273,-5.291762351989746,-18.72966766357422,-2.74372935295105,-15.129658699035645,0.2477816492319107,-10.38046169281006,-3.1673946380615234,-1.5469690561294556,-2.407231330871582,-4.851430416107178,-5.85807991027832,-4.006702423095703,-4.336594104766846,-4.699530601501465,-1.659273386001587,-6.822004318237305,4.364015102386475,-7.523897647857666,0.1321994960308075,-6.717226028442383,0.0683648884296417,-5.439955711364746,-0.3830241858959198,-4.9033403396606445,-1.2432096004486084,-2.2456769943237305,-1.0894449949264526
10,-107.10770416259766,49.099266052246094,-6.514342784881592,-16.6856689453125,-6.230642318725586,-21.025903701782227,-25.48076820373535,-5.084485530853272,-24.615253448486328,4.956797122955322,-25.014095306396484,0.9415040612220764,-17.004993438720703,-2.5318260192871094,-20.3907527923584,-4.26539421081543,-18.171253204345703,-0.531369686126709,-13.269062995910645,-2.6868226528167725,-2.072188377380371,-0.4693304598331451,-5.905186653137207,-7.923812389373779,-4.189332485198975,-4.238394737243652,-1.70363450050354,-1.8889718055725095,-5.1871418952941895,4.147366523742676,-6.230230331420898,2.304011821746826,-6.877746105194092,1.2217307090759275,-6.347860813140869,0.1208256930112838,-4.533835411071777,-0.3156134188175201,-3.0601093769073486,-1.994136929512024
10,-109.95491027832033,56.27465057373047,-12.370213508605955,-18.84955596923828,-9.510662078857422,-24.376359939575195,-26.84015655517578,-7.530634880065918,-22.65447998046875,4.791507244110107,-22.848533630371094,1.6725666522979736,-15.215567588806152,-0.9249495267868042,-18.995227813720703,-4.859279155731201,-17.437088012695312,-0.779687225818634,-14.26838207244873,-1.3144773244857788,-2.398473024368286,1.1563820838928225,-7.096385955810547,-6.645486831665039,-4.745352745056152,-3.645652532577514,-1.1122307777404783,-0.5953969359397888,-2.620180368423462,4.23171329498291,-4.624914169311523,2.9204776287078857,-6.0846757888793945,2.7401232719421387,-6.530082702636719,0.8066428899765015,-4.077332019805908,0.3585022389888763,-3.517433881759644,-2.0298352241516118
10,-124.26659393310548,48.910736083984375,-18.605567932128903,-17.545164108276367,-9.564330101013184,-23.94068145751953,-26.695199966430664,-7.637633800506592,-20.22995948791504,5.225337505340576,-21.62952423095703,0.5212235450744629,-14.62678337097168,-1.7480816841125488,-17.571340560913086,-4.680574417114258,-16.169626235961914,-0.2393767237663269,-13.74674129486084,-1.3015975952148438,-2.9042365550994877,0.7995147705078125,-6.510933876037598,-5.431519031524658,-3.5787410736083984,-2.696449279785156,-0.7438572645187378,-0.0999814271926879,-2.058033227920532,4.498162269592285,-3.859678506851196,3.515255928039551,-5.179365158081055,2.947455883026123,-5.275403499603272,0.9999402165412904,-3.744718551635742,0.6506720781326294,-2.9970943927764893,-1.962019920349121
10,-132.45883178710938,33.87553787231445,-18.66533470153809,-13.888006210327148,-6.446681499481201,-20.21060562133789,-26.10801124572754,-3.916177988052368,-22.207489013671875,2.720515727996826,-26.104398727416992,-4.187014579772949,-18.58563995361328,-5.563079357147217,-16.720844268798828,-3.0320065021514893,-13.975756645202637,-0.9268603920936584,-13.34477710723877,-3.58132004737854,-4.111192226409912,-4.641156196594238,-7.459900379180908,-6.493142127990723,-6.934025764465332,-5.4603447914123535,-4.949996471405029,-0.2659249603748321,-6.666252136230469,1.9453989267349243,-7.386695384979248,0.1799605637788772,-5.9221954345703125,-1.9121397733688357,-5.903258323669434,-0.7624310851097107,-3.5849342346191406,-0.0496840737760067,-1.3344810009002686,-0.1303401738405227
9,-362.4019470214844,91.09442901611328,-18.262283325195312,37.11411285400391,19.245080947875977,19.765079498291016,23.151784896850582,15.262162208557127,4.389678001403809,12.812573432922363,4.214859485626221,14.764275550842283,1.2501822710037231,8.055610656738281,0.1774841696023941,6.765504837036133,0.2228048741817474,3.3520522117614746,-1.3335176706314087,6.79916524887085,0.8864222168922424,8.66184139251709,-3.7448651790618896,3.877128839492798,-0.8353728652000427,6.702942848205566,0.6216759085655212,3.1719329357147217,-1.6610523462295532,2.2890946865081787,0.9005157947540283,4.29193925857544,-0.9922817945480348,1.6615968942642212,-2.5082712173461914,2.1017606258392334,-0.3691776692867279,1.896693229675293,-3.281707286834717,2.2258620262146
9,-378.07757568359375,117.43464660644533,-24.25529289245605,50.422630310058594,20.273874282836918,30.245868682861328,19.5513916015625,5.952789783477783,1.5577226877212524,8.270171165466309,-0.2613955736160278,10.057618141174316,-1.7812824249267578,-0.3056034445762634,0.2890876531600952,4.865775108337402,0.0256546325981616,1.7423584461212158,-1.7124748229980469,5.193870067596436,-3.698352575302124,1.3042875528335571,-5.778646469116211,0.433301717042923,-4.233473777770996,1.67244553565979,-1.6608426570892334,-1.7540360689163208,-6.689303398132324,1.3883942365646362,1.7389014959335327,2.6623880863189697,-4.42870044708252,-1.765087366104126,-1.6243430376052856,4.270926475524902,-0.2973785102367401,-1.3995524644851685,-5.544345855712891,-0.3366028368473053
9,-345.67730712890625,86.69966125488281,-19.365955352783203,38.39530944824219,21.540605545043945,19.99121856689453,23.186403274536133,11.93150520324707,4.837193489074707,12.540369033813477,7.333662033081055,13.959148406982422,1.5808409452438354,6.887079238891602,1.3179550170898438,8.678263664245605,1.6326812505722046,3.7381207942962646,-0.4443835616111755,7.907740116119385,1.8299604654312132,9.015918731689451,-3.760629892349243,6.389932155609131,-0.6071137189865112,7.321935176849365,0.2543556094169616,5.048063278198242,0.0525326579809188,2.7889292240142822,-0.1179301515221595,4.025049209594727,-1.608345866203308,2.8992764949798584,-1.549130082130432,1.3934502601623535,-1.4546732902526855,1.1439839601516724,-3.596585750579834,2.377528667449951
9,-348.5896301269531,96.0903549194336,-39.03595733642578,48.40443420410156,4.904427528381348,10.531404495239258,10.983851432800291,2.5484697818756104,12.00596809387207,3.753872394561768,4.464132308959961,11.876053810119627,3.167795419692993,6.725396633148193,4.456298828125,2.302851438522339,-3.4047956466674805,4.418795108795166,2.1538329124450684,7.0786614418029785,-6.97984504699707,5.594500541687012,-1.7233062982559204,4.246981620788574,-0.622832715511322,2.901496648788452,-1.311671495437622,-1.971133589744568,-4.241785049438477,2.5372307300567627,-0.242252767086029,0.6798524856567383,-3.936382293701172,0.5983940958976746,-3.527360677719116,4.14705228805542,-0.8317516446113586,1.7118312120437622,-3.3821420669555664,1.937385320663452
9,-365.33935546875,109.7905502319336,-42.04253387451172,42.79392623901367,12.054694175720217,21.01734733581543,12.029667854309082,-2.8234312534332275,7.845500469207764,9.394733428955078,-1.7531808614730835,11.067380905151367,3.683182716369629,7.553868293762207,1.240343689918518,7.815938949584961,1.5407541990280151,4.825704574584961,-4.255608081817627,1.230599284172058,-2.605243444442749,3.1571502685546875,-6.785539627075195,0.453730046749115,-2.3238370418548584,2.6853246688842773,-0.7702503800392151,3.968302011489868,-0.8206847906112671,3.187285900115967,-3.2937917709350586,0.4005820751190185,-4.04999303817749,0.2923400402069092,-3.526587724685669,-0.2829343974590301,-2.424928903579712,2.1761579513549805,-3.2833378314971924,2.1705660820007324
9,-335.2540588378906,103.55179595947266,-52.94699478149414,53.30820846557617,4.199435234069824,15.730409622192385,9.778193473815918,-6.25965690612793,9.485795974731444,0.8582994937896729,2.4443607330322266,20.476163864135746,7.574330806732178,4.668139457702637,-1.3337332010269165,4.77030611038208,-0.1910711675882339,5.161863327026367,-5.097766876220703,4.694319725036621,-6.246407508850098,6.207120895385742,0.4809852540493011,3.003662347793579,-2.622093439102173,-0.92999529838562,0.1123518720269203,0.2658270299434662,-3.0329349040985107,2.1813790798187256,-0.0282000936567783,2.4250688552856445,-3.7319998741149902,1.5014609098434448,-3.720893383026123,2.456104040145874,-2.4699530601501465,0.2995645999908447,-2.5158302783966064,-0.6074114441871643
9,-343.94415283203125,104.12539672851562,-47.26164245605469,53.359375,3.8189520835876474,15.444440841674805,10.775993347167969,-0.1994184404611587,12.130928993225098,7.291468620300293,3.731382608413696,11.763592720031738,0.0510724894702434,4.436310291290283,0.3299221992492676,5.964107036590576,-4.804348945617676,2.0490047931671143,-1.4705039262771606,3.9093596935272217,-5.0815253257751465,3.969099283218384,-3.1641862392425537,3.5317671298980717,-3.993211030960083,1.3806086778640747,-1.647978663444519,1.8776918649673464,-0.5104784369468689,3.7427706718444815,-3.197725772857666,3.0431697368621826,-2.253115177154541,3.109989643096924,-1.3566737174987793,2.912338733673096,-1.3443362712860107,1.4289757013320925,-2.4097228050231934,1.0554829835891724
9,-378.4319763183594,112.40652465820312,-43.03308868408203,50.92919158935547,2.629981517791748,12.23202133178711,5.808411121368408,4.379064083099365,10.305068969726562,9.857569694519045,2.316887855529785,11.446002960205078,3.175807476043701,3.844992637634277,-0.8755772709846497,6.921977996826172,-1.4902291297912598,8.053394317626953,3.1677284240722656,6.5437774658203125,-6.965362548828125,5.440410137176514,-2.736964225769043,4.689415454864502,-1.4817321300506592,2.6386680603027344,0.3415465652942657,-0.248439610004425,-0.8443577885627747,-0.8101415634155273,-2.920353412628174,2.9245316982269287,-2.2466495037078857,1.4826674461364746,-3.4786782264709477,3.0320029258728027,-2.8647103309631348,3.741864681243897,-3.731712818145752,2.3539297580718994
7,-344.9903869628906,99.17012786865234,-31.11026763916016,35.08670425415039,4.4693803787231445,-3.0345590114593506,11.643540382385254,5.097723484039307,-1.0396472215652466,1.337315559387207,2.664942502975464,-0.1354063153266906,-3.7294654846191406,3.425009250640869,-1.0990195274353027,5.186583518981934,6.324740886688232,14.600969314575195,5.953768730163574,4.146223068237305,-6.736281394958496,1.1053292751312256,-8.032276153564453,5.503576755523682,-2.671388864517212,-0.7118933200836182,-6.658030033111572,1.274067759513855,1.1203625202178955,0.6588296890258789,-7.799024105072021,-3.1615145206451416,2.327538251876831,11.069418907165527,3.766348838806152,6.651761054992676,-0.4611192047595978,-3.030484676361084,-9.50834846496582,-0.1246188804507255
7,-340.6546325683594,109.19278717041016,-38.47785568237305,25.68726348876953,-0.9628520011901855,1.2587077617645264,15.917657852172852,2.884029626846313,-2.713950157165528,1.543299913406372,-2.085218667984009,1.6087085008621216,-5.802923679351807,4.584203243255615,-1.1044529676437378,8.574676513671875,5.976242065429688,11.248212814331056,4.141593933105469,9.18783950805664,-2.3338191509246826,0.8357448577880859,-7.73167610168457,3.604801177978516,-1.341882824897766,-0.0612576864659786,-6.271966934204102,0.4022369384765625,3.152837038040161,5.081206321716309,-6.661410331726074,-7.036086082458496,-0.6414855122566223,9.2835111618042,2.888301372528076,7.658081531524658,2.0373334884643555,-4.230229377746582,-13.348834991455078,1.0388332605361938
7,-351.9349365234375,88.4687728881836,-40.25419235229492,39.92173004150391,4.295495510101318,-7.370358467102051,26.84279060363769,3.122849702835083,-8.601615905761719,1.3275655508041382,2.239780902862549,-2.4894039630889893,-2.9483208656311035,5.135421276092529,-4.300295829772949,5.473773002624512,-1.522313117980957,8.641424179077148,1.5180234909057615,12.568404197692873,-0.7815147638320923,7.613883972167969,-4.235406398773193,1.0718353986740112,1.6241352558135986,1.4763239622116089,-3.462250232696533,0.808860182762146,-0.5705543756484985,1.9022536277771,-3.869375705718994,-2.8831796646118164,-6.351865291595459,0.9506199955940248,0.3983510732650757,7.107929706573486,-2.120044231414795,-1.5385149717330933,-2.675644874572754,3.585439443588257
7,-355.2920837402344,103.4173355102539,-33.10633850097656,34.995784759521484,1.815590262413025,3.788621425628662,5.862906455993652,-0.3568480312824249,-3.886723041534424,-0.9135844707489014,-3.5588936805725098,-0.0541905649006366,-7.35633659362793,7.723145961761475,4.057243347167969,11.29763412475586,9.0201997756958,9.999338150024414,-1.4615358114242554,-2.4585723876953125,-13.75368309020996,-0.2970552444458008,-7.206888675689697,0.4145048260688782,-10.2597074508667,-3.677354097366333,-5.0192484855651855,3.056583404541016,-1.3973830938339231,0.6919726729393005,-3.216064214706421,5.999629497528076,4.637398719787598,3.161410093307495,-4.146656513214111,2.2738168239593506,-8.606856346130371,-8.767603874206543,-9.028365135192873,4.972657203674316
7,-391.7195129394531,126.24983978271484,-41.5320930480957,26.81688690185547,0.8452063798904419,6.44766902923584,15.969918251037598,8.738737106323242,2.640669345855713,-3.69220757484436,1.8812841176986692,1.0228073596954346,-5.700489521026611,4.614171504974365,2.370737314224243,1.5605766773223877,-6.533934116363525,4.908872604370117,-2.7926597595214844,-2.187630653381348,-3.637162685394287,5.675326347351074,-7.812261581420898,1.9336210489273071,1.216838002204895,-0.3889777958393097,-7.565027713775635,7.139753341674805,7.070789337158203,-0.3540380895137787,-9.215694427490234,3.4734857082366943,3.094916343688965,4.133304119110107,-1.4466090202331543,2.947401762008667,-5.951248645782471,-5.489826679229736,-4.128011226654053,5.722592830657959
7,-339.43975830078125,77.22773742675781,-36.13903045654297,42.84421920776367,-23.77608108520508,-12.7810640335083,27.081764221191406,-8.41567325592041,-6.435046672821045,13.79623317718506,-9.740191459655762,-0.6114559173583984,-1.1221367120742798,1.587717890739441,6.821033000946045,6.6359968185424805,-0.0470040068030357,6.64719820022583,2.036247730255127,-0.2517532706260681,-0.341889888048172,7.171667098999023,-8.529609680175781,3.9935460090637207,-5.130098342895508,-1.966050148010254,-3.5538034439086914,1.8545507192611692,-2.408141613006592,2.2426791191101074,3.615058183670044,3.702763080596924,-0.6237444877624512,7.282270431518555,3.5261318683624268,1.7854691743850708,-2.7970919609069824,3.8462862968444815,-3.4571261405944824,-1.5799463987350464
7,-297.7458190917969,102.95336151123048,-37.63008499145508,27.692737579345703,-1.129825472831726,4.800621509552002,10.268011093139648,2.765873908996582,-0.1130683347582817,-0.9574705958366394,-2.419572353363037,-3.9228947162628174,-9.955801010131836,5.250557899475098,-1.1518962383270264,5.280120849609375,-4.090706825256348,4.3274431228637695,-6.794466972351074,1.7900032997131348,-8.69593620300293,1.9866409301757808,-8.157785415649414,2.2927095890045166,-4.78499698638916,-0.8182422518730164,-2.51453185081482,2.7453885078430176,-3.970998525619507,-4.154879570007324,-7.572999477386475,1.1935323476791382,2.74781346321106,7.984667778015137,1.7994295358657837,3.550969123840332,-5.40524435043335,-1.2970929145812988,0.965811014175415,9.41966152191162
7,-337.209716796875,116.19126892089844,-45.74678421020508,25.86445426940918,-10.779693603515623,-1.2860444784164429,21.816556930541992,1.0790271759033203,-0.97822368144989,11.041008949279783,-3.603327512741089,-6.148478031158447,-1.2967146635055542,6.708109855651856,0.4471973776817322,10.563602447509766,2.569423198699951,2.6577742099761963,-2.627280712127685,1.858114242553711,-6.599155426025391,2.3353779315948486,-9.691858291625977,3.942315340042114,1.4248154163360596,2.891886949539185,-4.752574443817139,4.434215068817139,1.0105613470077517,-1.5358797311782837,-9.179689407348633,3.2086026668548584,5.005290508270264,7.040064334869385,0.4177625179290771,4.177521705627441,-5.709551811218262,-6.44186544418335,-3.1681771278381348,7.247989654541016
7,-307.7366638183594,84.12918090820312,-26.636987686157227,36.31327819824219,3.5220701694488525,-0.044557586312294,8.204052925109863,9.101096153259276,-2.802197933197021,-1.1021385192871094,0.4483917653560638,3.517493486404419,-8.222014427185059,-3.573382377624512,-5.552834510803223,0.3824529945850372,-0.0890182107686996,15.805399894714355,4.063432216644287,1.9677573442459104,-8.004436492919922,-0.3274815678596496,-7.378796577453613,5.938118934631348,3.795743942260742,0.8117310404777527,-13.349020957946776,-0.0032106314320117,4.619720935821533,2.460202217102051,-11.756048202514648,-3.310994863510132,3.81611704826355,9.065332412719728,0.6892445683479309,3.518076181411743,2.053429126739502,1.147224187850952,-12.070664405822754,-5.3266448974609375
